MODE 0
BALL 50
STARS 0/1980/2800
ADDLINE 0,0,0 1,70,1 0,0,0 1,70,1 0,0,0 1,70,1 0,0,0 1,70,1 12,0,2
ADDLINE 0,0,0 1,142,1 12,0,2 1,142,1 8,0,2 1,142,1 0,0,0 1,142,1 1,142,1
ADDLINE 0,0,0 1,72,1 12,0,2 1,72,1 0,0,0 1,72,1 0,0,0 1,72,1 0,0,0
ADDLINE 0,0,0 1,80,1 0,0,0 1,80,1 0,0,0 1,80,1 12,0,2 1,80,1 0,0,0
ADDLINE 0,0,0 0,0,0 12,0,2 1,81,1 0,0,0 1,81,1 0,0,0 0,0,0 0,0,0
ADDLINE 0,0,0 1,89,1 1,89,1 1,89,1 12,0,2 1,89,1 0,0,0 1,89,1 1,89,1
ADDLINE 0,0,0 0,0,0 12,0,2 1,119,1 0,0,0 1,119,1 0,0,0 1,119,1 0,0,0
ADDLINE 1,242,1 1,242,1 0,0,0 1,242,1 12,0,2 1,242,1 8,0,2 1,242,1 1,242,1
ADDLINE 0,0,0 11,0,2 0,0,0 1,123,1 0,0,0 1,123,1 12,0,2 0,0,0 0,0,0
1,124,1 1,124,1 0,0,0 1,124,1 0,0,0 12,0,2 8,0,2 1,124,1 1,124,1
0,0,0 0,0,0 1,61,1 1,61,1 1,61,1 1,61,1 12,0,2 0,0,0 0,0,0
1,60,1 0,0,0 0,0,0 0,0,0 0,0,0 0,0,0 0,0,0 12,0,2 0,0,0
1,54,1 6,54,1 1,54,1 12,0,2 1,54,1 1,54,1 1,54,1 1,54,1 1,54,1
1,56,1 1,56,1 1,56,1 12,0,2 1,112,1 0,0,0 1,112,1 1,56,1 1,56,1
1,110,1 1,110,1 1,110,1 12,0,2 1,110,1 10,0,2 1,110,1 1,110,1 1,110,1
0,0,0 0,0,0 0,0,0 0,0,0 0,0,0 0,0,0 0,0,0 0,0,0 0,0,0
0,0,0 0,0,0 0,0,0 0,0,0 0,0,0 0,0,0 0,0,0 0,0,0 0,0,0
0,0,0 0,0,0 0,0,0 0,0,0 0,0,0 0,0,0 0,0,0 0,0,0 0,0,0