MODE 0
BALL 50
STARS 0/1480/2080
ADDLINE 0,0,0 0,0,0 0,0,0 1,70,1 0,0,0 0,0,0 12,0,2 0,0,0 0,0,0
ADDLINE 1,67,1 1,67,1 12,0,2 1,67,1 1,67,1 1,67,1 1,67,1 1,67,1 0,0,0
ADDLINE 0,0,0 0,0,0 0,0,0 1,72,1 0,0,0 0,0,0 0,0,0 0,0,0 12,0,2
ADDLINE 0,0,0 1,76,1 1,76,1 1,76,1 1,76,1 1,76,1 12,0,2 1,76,1 1,76,1
ADDLINE 0,0,0 0,0,0 0,0,0 12,0,2 0,0,0 1,81,1 0,0,0 0,0,0 0,0,0
ADDLINE 0,0,0 1,89,1 1,89,1 1,89,1 0,0,0 1,89,1 1,89,1 1,89,1 12,0,2
ADDLINE 0,0,0 1,119,1 0,0,0 1,119,1 0,0,0 12,0,2 0,0,0 1,119,1 0,0,0
ADDLINE 0,0,0 1,121,1 0,0,0 1,121,1 1,121,1 1,121,1 12,0,2 1,121,1 0,0,0
ADDLINE 0,0,0 12,0,2 0,0,0 1,123,1 0,0,0 1,123,1 0,0,0 1,123,1 0,0,0
0,0,0 0,0,0 0,0,0 0,0,0 12,0,2 0,0,0 0,0,0 0,0,0 1,62,1
1,61,1 12,0,2 0,0,0 0,0,0 1,61,1 1,61,1 1,61,1 0,0,0 1,61,1
1,60,1 1,60,1 1,60,1 0,0,0 1,60,1 1,60,1 1,60,1 12,0,2 0,0,0
1,59,1 1,59,1 6,59,1 0,0,0 1,59,1 1,59,1 1,59,1 12,0,2 0,0,0
1,58,1 1,58,1 1,58,1 0,0,0 0,0,0 12,0,2 0,0,0 0,0,0 1,58,1
1,55,1 1,55,1 1,55,1 12,0,2 1,55,1 1,55,1 1,55,1 0,0,0 1,55,1
0,0,0 0,0,0 0,0,0 0,0,0 0,0,0 0,0,0 0,0,0 0,0,0 0,0,0
0,0,0 0,0,0 0,0,0 0,0,0 0,0,0 0,0,0 0,0,0 0,0,0 0,0,0
0,0,0 0,0,0 0,0,0 0,0,0 0,0,0 0,0,0 0,0,0 0,0,0 0,0,0