MODE 0
BALL 50
STARS 0/2400/3450
ADDLINE 1,138,1 1,138,1 12,0,2 1,138,1 1,138,1 1,138,1 1,138,1 0,0,0 16,69,1
ADDLINE 1,140,1 1,140,1 12,0,2 1,140,1 1,140,1 1,140,1 1,140,1 16,70,1 0,0,0
ADDLINE 1,71,1 0,0,0 12,0,2 0,0,0 0,0,0 0,0,0 1,71,1 1,71,1 0,0,0
ADDLINE 1,75,1 1,150,1 1,150,1 1,150,1 1,75,1 1,75,1 12,0,2 1,75,1 0,0,0
ADDLINE 1,80,1 1,160,1 17,80,1 0,0,0 0,0,0 12,0,2 0,0,0 1,80,1 0,0,0
ADDLINE 1,88,1 1,176,1 1,176,1 1,176,1 1,176,1 1,176,1 0,0,0 12,0,2 0,0,0
ADDLINE 1,236,1 1,236,1 1,236,1 1,236,1 1,236,1 19,118,1 1,236,1 12,0,2 0,0,0
ADDLINE 1,119,1 0,0,0 0,0,0 12,0,2 1,238,1 1,238,1 1,238,1 0,0,0 1,119,1
ADDLINE 1,121,1 0,0,0 12,0,2 1,121,1 1,121,1 1,121,1 0,0,0 1,121,1 1,121,1
1,104,1 1,104,1 1,52,1 1,52,1 1,52,1 1,52,1 1,52,1 1,52,1 1,52,1
7,0,2 1,122,1 12,0,2 1,61,1 6,61,1 0,0,0 1,61,1 0,0,0 1,61,1
0,0,0 1,120,1 0,0,0 1,60,1 1,60,1 0,0,0 1,60,1 12,0,2 0,0,0
0,0,0 0,0,0 1,59,1 1,59,1 1,59,1 1,59,1 1,59,1 0,0,0 12,0,2
0,0,0 1,58,1 1,58,1 0,0,0 12,0,2 0,0,0 1,58,1 1,58,1 0,0,0
0,0,0 1,57,1 1,57,1 0,0,0 12,0,2 0,0,0 1,57,1 1,57,1 0,0,0
0,0,0 0,0,0 0,0,0 0,0,0 0,0,0 0,0,0 0,0,0 0,0,0 0,0,0
0,0,0 0,0,0 0,0,0 0,0,0 0,0,0 0,0,0 0,0,0 0,0,0 0,0,0
0,0,0 0,0,0 0,0,0 0,0,0 0,0,0 0,0,0 0,0,0 0,0,0 0,0,0