MODE 0
BALL 50
STARS 0/1850/2620
ADDLINE 1,66,1 1,66,1 12,0,2 1,66,1 0,0,0 1,66,1 1,66,1 2,66,1 1,66,1
ADDLINE 0,0,0 0,0,0 0,0,0 1,71,1 0,0,0 0,0,0 12,0,2 0,0,0 0,0,0
ADDLINE 0,0,0 1,68,1 5,68,1 1,68,1 1,68,1 4,68,1 4,68,1 1,68,1 12,0,2
ADDLINE 0,0,0 5,80,1 12,0,2 0,0,0 0,0,0 1,80,1 0,0,0 0,0,0 0,0,0
ADDLINE 0,0,0 3,81,1 12,0,2 1,81,1 2,81,1 1,81,1 0,0,0 1,81,1 1,81,1
ADDLINE 0,0,0 1,89,1 0,0,0 12,0,2 0,0,0 1,89,1 0,0,0 1,89,1 0,0,0
ADDLINE 0,0,0 1,119,1 12,0,2 2,119,1 0,0,0 1,119,1 0,0,0 1,119,1 0,0,0
ADDLINE 0,0,0 1,121,1 0,0,0 1,121,1 0,0,0 1,121,1 12,0,2 1,121,1 0,0,0
ADDLINE 0,0,0 3,123,1 1,123,1 4,123,1 0,0,0 1,123,1 0,0,0 1,123,1 12,0,2
1,62,1 1,62,1 1,62,1 4,62,1 12,0,2 0,0,0 0,0,0 0,0,0 0,0,0
1,61,1 1,61,1 3,61,1 0,0,0 12,0,2 1,61,1 1,61,1 0,0,0 0,0,0
1,57,1 1,57,1 2,57,1 1,57,1 12,0,2 6,57,1 4,57,1 1,57,1 0,0,0
1,59,1 1,59,1 1,59,1 5,59,1 12,0,2 0,0,0 0,0,0 0,0,0 0,0,0
1,58,1 5,58,1 1,58,1 0,0,0 12,0,2 3,58,1 1,58,1 0,0,0 2,58,1
1,57,1 1,57,1 1,57,1 0,0,0 1,57,1 0,0,0 12,0,2 0,0,0 1,57,1
0,0,0 0,0,0 0,0,0 0,0,0 0,0,0 0,0,0 0,0,0 0,0,0 0,0,0
0,0,0 0,0,0 0,0,0 0,0,0 0,0,0 0,0,0 0,0,0 0,0,0 0,0,0
0,0,0 0,0,0 0,0,0 0,0,0 0,0,0 0,0,0 0,0,0 0,0,0 0,0,0