MODE 0
BALL 50
STARS 0/1500/2300
ADDLINE 0,0,0 10,0,2 0,0,0 0,0,0 12,0,2 1,140,1 0,0,0 0,0,0 0,0,0
ADDLINE 0,0,0 1,134,1 1,134,1 1,67,1 12,0,2 1,67,1 1,67,1 2,67,1 1,67,1
ADDLINE 0,0,0 0,0,0 0,0,0 5,72,1 0,0,0 1,72,1 12,0,2 0,0,0 0,0,0
ADDLINE 3,80,1 5,80,1 0,0,0 1,80,1 12,0,2 1,80,1 0,0,0 1,80,1 1,80,1
ADDLINE 0,0,0 1,81,1 0,0,0 1,162,1 1,162,1 0,0,0 12,0,2 1,162,1 0,0,0
ADDLINE 0,0,0 1,89,1 12,0,2 1,178,1 20,89,1 1,178,1 1,178,1 17,89,1 0,0,0
ADDLINE 0,0,0 0,0,0 0,0,0 1,238,1 1,238,1 12,0,2 0,0,0 1,238,1 0,0,0
ADDLINE 0,0,0 1,121,1 1,121,1 2,121,1 1,121,1 1,121,1 0,0,0 4,121,1 12,0,2
ADDLINE 0,0,0 0,0,0 0,0,0 0,0,0 12,0,2 0,0,0 0,0,0 1,123,1 0,0,0
0,0,0 0,0,0 7,0,2 1,124,1 1,62,1 1,124,1 7,0,2 12,0,2 0,0,0
10,0,2 12,0,2 1,122,1 8,0,2 1,122,1 1,122,1 1,122,1 1,122,1 0,0,0
1,120,1 1,120,1 0,0,0 1,60,1 6,60,1 3,60,1 12,0,2 0,0,0 1,60,1
9,0,2 1,118,1 12,0,2 0,0,0 5,59,1 0,0,0 0,0,0 0,0,0 1,59,1
1,116,1 0,0,0 0,0,0 0,0,0 1,116,1 1,116,1 12,0,2 0,0,0 1,116,1
0,0,0 0,0,0 1,57,1 1,114,1 9,0,2 1,114,1 1,57,1 12,0,2 7,0,2
0,0,0 0,0,0 0,0,0 0,0,0 0,0,0 0,0,0 0,0,0 0,0,0 0,0,0
0,0,0 0,0,0 0,0,0 0,0,0 0,0,0 0,0,0 0,0,0 0,0,0 0,0,0
0,0,0 0,0,0 0,0,0 0,0,0 0,0,0 0,0,0 0,0,0 0,0,0 0,0,0