MODE 0
BALL 50
STARS 0/1200/1700
1,40,1 1,40,1 1,40,1 12,0,2 0,0,0 0,0,0 5,40,1 1,40,1 0,0,0
5,35,1 6,35,1 4,35,1 1,35,1 1,35,1 2,35,1 12,0,2 0,0,0 1,35,1
12,0,2 0,0,0 0,0,0 5,38,1 1,38,1 1,38,1 0,0,0 0,0,0 5,38,1
1,34,1 1,34,1 2,34,1 0,0,0 5,34,1 1,34,1 1,34,1 2,34,1 12,0,2
1,37,1 1,37,1 1,37,1 12,0,2 0,0,0 0,0,0 1,37,1 1,37,1 0,0,0
12,0,2 0,0,0 0,0,0 1,36,1 4,36,1 3,36,1 0,0,0 0,0,0 0,0,0
0,0,0 0,0,0 0,0,0 0,0,0 0,0,0 0,0,0 0,0,0 0,0,0 0,0,0
0,0,0 0,0,0 0,0,0 0,0,0 0,0,0 0,0,0 0,0,0 0,0,0 0,0,0
0,0,0 0,0,0 0,0,0 0,0,0 0,0,0 0,0,0 0,0,0 0,0,0 0,0,0