MODE 0
BALL 60
STARS 0/1800/2650
ADDLINE 1,70,1 1,70,1 1,70,1 12,0,2 0,0,0 0,0,0 0,0,0 0,0,0 0,0,0
ADDLINE 1,71,1 1,71,1 0,0,0 12,0,2 1,71,1 1,71,1 1,71,1 1,71,1 0,0,0
ADDLINE 1,68,1 1,68,1 1,68,1 1,68,1 1,68,1 12,0,2 1,136,1 1,136,1 0,0,0
ADDLINE 1,80,1 12,0,2 0,0,0 0,0,0 0,0,0 0,0,0 0,0,0 7,0,2 0,0,0
ADDLINE 0,0,0 12,0,2 1,81,1 1,81,1 1,81,1 1,81,1 0,0,0 1,162,1 1,81,1
ADDLINE 0,0,0 0,0,0 0,0,0 12,0,2 0,0,0 0,0,0 0,0,0 1,89,1 1,89,1
ADDLINE 1,113,1 1,113,1 1,226,1 12,0,2 1,226,1 0,0,0 1,113,1 1,113,1 1,113,1
ADDLINE 1,242,1 1,242,1 12,0,2 10,0,2 1,242,1 0,0,0 1,242,1 1,242,1 1,242,1
ADDLINE 1,234,1 1,234,1 12,0,2 1,234,1 1,234,1 8,0,2 1,234,1 1,234,1 1,234,1
0,0,0 0,0,0 0,0,0 1,62,1 0,0,0 0,0,0 0,0,0 1,62,1 12,0,2
6,61,1 1,61,1 0,0,0 1,61,1 12,0,2 1,61,1 0,0,0 1,122,1 1,61,1
0,0,0 12,0,2 0,0,0 1,60,1 0,0,0 1,60,1 0,0,0 7,0,2 0,0,0
0,0,0 1,59,1 1,59,1 1,59,1 0,0,0 1,59,1 1,118,1 1,118,1 12,0,2
0,0,0 0,0,0 0,0,0 1,58,1 0,0,0 1,116,1 0,0,0 12,0,2 0,0,0
1,55,1 1,55,1 12,0,2 1,55,1 1,55,1 1,110,1 11,0,2 1,110,1 1,55,1
0,0,0 0,0,0 0,0,0 0,0,0 0,0,0 0,0,0 0,0,0 0,0,0 0,0,0
0,0,0 0,0,0 0,0,0 0,0,0 0,0,0 0,0,0 0,0,0 0,0,0 0,0,0
0,0,0 0,0,0 0,0,0 0,0,0 0,0,0 0,0,0 0,0,0 0,0,0 0,0,0