MODE 0
BALL 60
STARS 0/1950/2850
ADDLINE 0,0,0 1,66,1 1,66,1 1,66,1 1,66,1 1,66,1 1,66,1 1,66,1 12,0,2
ADDLINE 0,0,0 0,0,0 0,0,0 1,71,1 0,0,0 0,0,0 12,0,2 0,0,0 0,0,0
ADDLINE 0,0,0 1,68,1 12,0,2 1,68,1 1,68,1 1,68,1 1,68,1 1,68,1 1,68,1
ADDLINE 0,0,0 1,80,1 0,0,0 12,0,2 0,0,0 1,80,1 0,0,0 0,0,0 0,0,0
ADDLINE 1,81,1 1,81,1 1,81,1 1,81,1 0,0,0 1,81,1 12,0,2 1,81,1 0,0,0
ADDLINE 0,0,0 0,0,0 0,0,0 1,89,1 0,0,0 1,89,1 0,0,0 1,89,1 12,0,2
ADDLINE 0,0,0 1,119,1 0,0,0 1,119,1 0,0,0 1,119,1 0,0,0 1,119,1 12,0,2
ADDLINE 0,0,0 1,121,1 0,0,0 1,121,1 0,0,0 0,0,0 12,0,2 1,121,1 0,0,0
ADDLINE 0,0,0 1,123,1 12,0,2 1,123,1 0,0,0 1,123,1 1,123,1 1,123,1 1,123,1
1,59,1 12,0,2 1,59,1 1,59,1 1,59,1 1,59,1 1,59,1 1,59,1 0,0,0
1,61,1 0,0,0 12,0,2 0,0,0 1,61,1 1,61,1 1,61,1 0,0,0 0,0,0
1,60,1 1,60,1 12,0,2 0,0,0 1,60,1 6,60,1 1,60,1 0,0,0 1,60,1
1,59,1 1,59,1 0,0,0 0,0,0 1,59,1 12,0,2 0,0,0 0,0,0 1,59,1
1,58,1 12,0,2 0,0,0 0,0,0 1,58,1 0,0,0 1,58,1 1,58,1 1,58,1
1,57,1 0,0,0 1,57,1 1,57,1 1,57,1 12,0,2 0,0,0 1,57,1 1,57,1
0,0,0 0,0,0 0,0,0 0,0,0 0,0,0 0,0,0 0,0,0 0,0,0 0,0,0
0,0,0 0,0,0 0,0,0 0,0,0 0,0,0 0,0,0 0,0,0 0,0,0 0,0,0
0,0,0 0,0,0 0,0,0 0,0,0 0,0,0 0,0,0 0,0,0 0,0,0 0,0,0