MODE 0
BALL 60
STARS 0/2300/3300
ADDLINE 0,0,0 1,140,1 1,140,1 0,0,0 0,0,0 1,140,1 17,70,1 1,140,1 12,0,2
ADDLINE 0,0,0 1,71,1 1,71,1 1,71,1 0,0,0 1,142,1 1,142,1 1,142,1 12,0,2
ADDLINE 0,0,0 1,144,1 1,144,1 1,144,1 1,144,1 1,144,1 1,144,1 16,72,1 12,0,2
ADDLINE 0,0,0 1,160,1 1,160,1 1,160,1 1,160,1 1,160,1 12,0,2 1,160,1 19,80,1
ADDLINE 0,0,0 0,0,0 0,0,0 1,81,1 0,0,0 12,0,2 0,0,0 0,0,0 1,162,1
ADDLINE 0,0,0 1,89,1 0,0,0 1,89,1 1,89,1 1,89,1 1,89,1 1,89,1 12,0,2
ADDLINE 0,0,0 1,119,1 0,0,0 0,0,0 0,0,0 12,0,2 0,0,0 1,119,1 0,0,0
ADDLINE 0,0,0 1,115,1 1,115,1 1,115,1 1,115,1 1,115,1 12,0,2 1,115,1 1,115,1
ADDLINE 0,0,0 0,0,0 0,0,0 0,0,0 0,0,0 1,123,1 0,0,0 1,123,1 12,0,2
1,124,1 10,0,2 1,124,1 1,124,1 12,0,2 1,124,1 1,124,1 1,124,1 0,0,0
1,61,1 1,122,1 1,122,1 6,61,1 0,0,0 1,61,1 1,61,1 12,0,2 0,0,0
1,60,1 0,0,0 12,0,2 0,0,0 0,0,0 1,60,1 1,60,1 0,0,0 0,0,0
1,59,1 12,0,2 1,59,1 1,59,1 0,0,0 0,0,0 1,118,1 1,118,1 1,59,1
0,0,0 1,58,1 1,58,1 0,0,0 12,0,2 1,58,1 1,116,1 7,0,2 1,58,1
12,0,2 1,52,1 1,52,1 1,52,1 1,52,1 1,52,1 1,104,1 1,104,1 1,52,1
0,0,0 0,0,0 0,0,0 0,0,0 0,0,0 0,0,0 0,0,0 0,0,0 0,0,0
0,0,0 0,0,0 0,0,0 0,0,0 0,0,0 0,0,0 0,0,0 0,0,0 0,0,0
0,0,0 0,0,0 0,0,0 0,0,0 0,0,0 0,0,0 0,0,0 0,0,0 0,0,0