MODE 0
BALL 60
STARS 0/1790/2570
ADDLINE 1,70,1 1,70,1 1,70,1 1,70,1 12,0,2 0,0,0 0,0,0 1,70,1 0,0,0
ADDLINE 1,71,1 1,71,1 1,71,1 1,71,1 0,0,0 1,71,1 1,71,1 12,0,2 0,0,0
ADDLINE 1,72,1 0,0,0 12,0,2 0,0,0 1,72,1 1,72,1 1,72,1 0,0,0 1,72,1
ADDLINE 1,80,1 12,0,2 1,80,1 1,80,1 1,80,1 1,80,1 0,0,0 0,0,0 1,80,1
ADDLINE 1,81,1 12,0,2 1,81,1 0,0,0 0,0,0 0,0,0 1,81,1 1,81,1 1,81,1
ADDLINE 1,85,1 12,0,2 1,85,1 0,0,0 1,85,1 1,85,1 1,85,1 1,85,1 1,85,1
ADDLINE 0,0,0 0,0,0 1,119,1 0,0,0 12,0,2 0,0,0 0,0,0 0,0,0 1,119,1
ADDLINE 0,0,0 1,115,1 12,0,2 1,115,1 1,115,1 1,115,1 1,115,1 1,115,1 1,115,1
ADDLINE 0,0,0 12,0,2 0,0,0 0,0,0 1,123,1 1,123,1 1,123,1 1,123,1 1,123,1
0,0,0 1,59,1 1,59,1 1,59,1 1,59,1 1,59,1 1,59,1 1,59,1 12,0,2
0,0,0 0,0,0 1,61,1 1,61,1 0,0,0 1,61,1 12,0,2 0,0,0 0,0,0
0,0,0 0,0,0 0,0,0 0,0,0 6,60,1 0,0,0 12,0,2 0,0,0 0,0,0
0,0,0 12,0,2 0,0,0 1,59,1 1,59,1 1,59,1 0,0,0 0,0,0 0,0,0
0,0,0 1,58,1 1,58,1 12,0,2 1,58,1 0,0,0 1,58,1 1,58,1 0,0,0
1,55,1 1,55,1 12,0,2 1,55,1 0,0,0 1,55,1 1,55,1 1,55,1 1,55,1
0,0,0 0,0,0 0,0,0 0,0,0 0,0,0 0,0,0 0,0,0 0,0,0 0,0,0
0,0,0 0,0,0 0,0,0 0,0,0 0,0,0 0,0,0 0,0,0 0,0,0 0,0,0
0,0,0 0,0,0 0,0,0 0,0,0 0,0,0 0,0,0 0,0,0 0,0,0 0,0,0