MODE 0
BALL 60
STARS 0/1600/2270
ADDLINE 0,0,0 0,0,0 12,0,2 4,70,1 1,70,1 1,70,1 1,70,1 1,70,1 1,70,1
ADDLINE 0,0,0 1,67,1 1,67,1 12,0,2 1,67,1 1,67,1 1,67,1 1,67,1 2,67,1
ADDLINE 0,0,0 0,0,0 12,0,2 0,0,0 1,72,1 1,72,1 2,72,1 3,72,1 1,72,1
ADDLINE 0,0,0 12,0,2 0,0,0 0,0,0 0,0,0 0,0,0 0,0,0 5,80,1 1,80,1
ADDLINE 0,0,0 1,81,1 1,81,1 1,81,1 12,0,2 1,81,1 0,0,0 1,81,1 4,81,1
ADDLINE 0,0,0 0,0,0 1,89,1 3,89,1 0,0,0 12,0,2 0,0,0 0,0,0 1,89,1
ADDLINE 1,119,1 0,0,0 12,0,2 0,0,0 1,119,1 1,119,1 1,119,1 0,0,0 0,0,0
ADDLINE 4,121,1 1,121,1 1,121,1 12,0,2 4,121,1 1,121,1 0,0,0 0,0,0 0,0,0
ADDLINE 1,123,1 3,123,1 1,123,1 0,0,0 5,123,1 12,0,2 0,0,0 1,123,1 1,123,1
1,59,1 12,0,2 1,59,1 1,59,1 1,59,1 1,59,1 5,59,1 0,0,0 1,59,1
0,0,0 0,0,0 2,61,1 12,0,2 0,0,0 0,0,0 1,61,1 0,0,0 0,0,0
1,57,1 6,57,1 1,57,1 12,0,2 1,57,1 0,0,0 4,57,1 1,57,1 5,57,1
2,59,1 0,0,0 0,0,0 0,0,0 1,59,1 12,0,2 0,0,0 0,0,0 1,59,1
1,53,1 12,0,2 4,53,1 1,53,1 1,53,1 1,53,1 1,53,1 1,53,1 1,53,1
0,0,0 12,0,2 5,57,1 0,0,0 0,0,0 0,0,0 0,0,0 0,0,0 0,0,0
0,0,0 0,0,0 0,0,0 0,0,0 0,0,0 0,0,0 0,0,0 0,0,0 0,0,0
0,0,0 0,0,0 0,0,0 0,0,0 0,0,0 0,0,0 0,0,0 0,0,0 0,0,0
0,0,0 0,0,0 0,0,0 0,0,0 0,0,0 0,0,0 0,0,0 0,0,0 0,0,0