MODE 0
BALL 60
STARS 0/1240/1940
ADDLINE 0,0,0 1,70,1 0,0,0 1,70,1 0,0,0 0,0,0 0,0,0 1,70,1 12,0,2
ADDLINE 0,0,0 3,71,1 0,0,0 1,71,1 12,0,2 1,71,1 0,0,0 1,71,1 1,71,1
ADDLINE 0,0,0 1,72,1 0,0,0 0,0,0 0,0,0 4,72,1 12,0,2 0,0,0 0,0,0
ADDLINE 12,0,2 1,72,1 5,72,1 2,72,1 1,72,1 1,72,1 1,72,1 4,72,1 1,72,1
ADDLINE 0,0,0 0,0,0 0,0,0 1,81,1 12,0,2 0,0,0 0,0,0 0,0,0 0,0,0
ADDLINE 0,0,0 1,89,1 0,0,0 1,89,1 12,0,2 5,89,1 1,89,1 1,89,1 0,0,0
ADDLINE 0,0,0 5,119,1 0,0,0 0,0,0 0,0,0 1,119,1 12,0,2 1,119,1 0,0,0
ADDLINE 0,0,0 1,121,1 1,121,1 1,121,1 1,121,1 1,121,1 12,0,2 1,121,1 0,0,0
ADDLINE 0,0,0 12,0,2 0,0,0 0,0,0 0,0,0 0,0,0 0,0,0 4,123,1 0,0,0
1,56,1 1,56,1 1,56,1 2,56,1 12,0,2 1,56,1 5,56,1 1,56,1 1,56,1
0,0,0 1,61,1 0,0,0 1,61,1 1,61,1 3,61,1 0,0,0 1,61,1 12,0,2
0,0,0 0,0,0 1,60,1 4,60,1 1,60,1 1,60,1 1,60,1 0,0,0 12,0,2
0,0,0 6,59,1 0,0,0 0,0,0 0,0,0 0,0,0 0,0,0 2,59,1 12,0,2
0,0,0 1,58,1 12,0,2 1,58,1 0,0,0 1,58,1 0,0,0 1,58,1 0,0,0
0,0,0 1,57,1 0,0,0 0,0,0 0,0,0 0,0,0 12,0,2 4,57,1 0,0,0
0,0,0 0,0,0 0,0,0 0,0,0 0,0,0 0,0,0 0,0,0 0,0,0 0,0,0
0,0,0 0,0,0 0,0,0 0,0,0 0,0,0 0,0,0 0,0,0 0,0,0 0,0,0
0,0,0 0,0,0 0,0,0 0,0,0 0,0,0 0,0,0 0,0,0 0,0,0 0,0,0