MODE 0
BALL 50
STARS 0/1200/1700
0,0,0 1,40,1 0,0,0 12,0,2 0,0,0 1,40,1 0,0,0 1,40,1 0,0,0
1,33,1 1,33,1 1,33,1 1,33,1 1,33,1 1,33,1 12,0,2 1,33,1 1,33,1
1,38,1 6,38,1 12,0,2 0,0,0 0,0,0 0,0,0 0,0,0 1,38,1 0,0,0
1,34,1 1,34,1 0,0,0 1,34,1 1,34,1 1,34,1 1,34,1 1,34,1 12,0,2
0,0,0 1,37,1 12,0,2 1,37,1 0,0,0 0,0,0 0,0,0 0,0,0 0,0,0
0,0,0 1,34,1 0,0,0 1,34,1 1,34,1 1,34,1 1,34,1 1,34,1 12,0,2
0,0,0 0,0,0 0,0,0 0,0,0 0,0,0 0,0,0 0,0,0 0,0,0 0,0,0
0,0,0 0,0,0 0,0,0 0,0,0 0,0,0 0,0,0 0,0,0 0,0,0 0,0,0
0,0,0 0,0,0 0,0,0 0,0,0 0,0,0 0,0,0 0,0,0 0,0,0 0,0,0