MODE 0
BALL 60
STARS 0/2450/3500
ADDLINE 1,71,1 1,71,1 0,0,0 1,71,1 1,71,1 0,0,0 0,0,0 12,0,2 0,0,0
ADDLINE 1,72,1 1,72,1 12,0,2 0,0,0 1,72,1 1,72,1 0,0,0 0,0,0 0,0,0
ADDLINE 1,73,1 1,73,1 1,73,1 0,0,0 12,0,2 0,0,0 0,0,0 1,73,1 1,73,1
ADDLINE 1,77,1 1,77,1 1,77,1 12,0,2 1,77,1 1,77,1 1,77,1 0,0,0 1,77,1
ADDLINE 1,82,1 0,0,0 12,0,2 0,0,0 1,82,1 1,82,1 1,82,1 0,0,0 0,0,0
ADDLINE 1,90,1 12,0,2 1,90,1 0,0,0 1,90,1 1,90,1 1,90,1 1,90,1 0,0,0
ADDLINE 1,98,1 1,98,1 12,0,2 0,0,0 1,98,1 1,98,1 1,98,1 1,98,1 0,0,0
ADDLINE 1,107,1 1,107,1 0,0,0 12,0,2 0,0,0 1,107,1 1,107,1 1,107,1 0,0,0
ADDLINE 1,86,1 1,86,1 1,86,1 1,86,1 0,0,0 1,86,1 1,86,1 12,0,2 0,0,0
ADDLINE 1,125,1 0,0,0 0,0,0 12,0,2 1,125,1 0,0,0 1,125,1 0,0,0 1,125,1
ADDLINE 1,127,1 0,0,0 1,127,1 1,127,1 1,127,1 12,0,2 1,127,1 0,0,0 1,127,1
ADDLINE 0,0,0 12,0,2 0,0,0 0,0,0 1,128,1 0,0,0 1,128,1 0,0,0 1,128,1
0,0,0 1,63,1 12,0,2 0,0,0 15,0,2 1,63,1 0,0,0 1,63,1 1,63,1
1,59,1 1,59,1 12,0,2 1,59,1 1,59,1 1,59,1 0,0,0 1,59,1 1,59,1
0,0,0 1,61,1 0,0,0 1,61,1 0,0,0 12,0,2 0,0,0 1,61,1 1,61,1
1,57,1 1,57,1 12,0,2 1,57,1 0,0,0 1,57,1 1,57,1 1,57,1 1,57,1
14,0,2 1,59,1 0,0,0 1,59,1 12,0,2 0,0,0 0,0,0 0,0,0 0,0,0
0,0,0 1,56,1 12,0,2 1,56,1 1,56,1 1,56,1 1,56,1 1,56,1 1,56,1
0,0,0 0,0,0 0,0,0 0,0,0 0,0,0 0,0,0 0,0,0 0,0,0 0,0,0
0,0,0 0,0,0 0,0,0 0,0,0 0,0,0 0,0,0 0,0,0 0,0,0 0,0,0
0,0,0 0,0,0 0,0,0 0,0,0 0,0,0 0,0,0 0,0,0 0,0,0 0,0,0