MODE 0
BALL 60
STARS 0/2300/3150
ADDLINE 0,0,0 12,0,2 0,0,0 0,0,0 1,71,1 0,0,0 1,71,1 1,71,1 1,71,1
ADDLINE 1,65,1 1,65,1 1,65,1 1,65,1 1,65,1 12,0,2 1,65,1 1,65,1 1,65,1
ADDLINE 1,73,1 0,0,0 1,73,1 0,0,0 0,0,0 12,0,2 0,0,0 0,0,0 0,0,0
ADDLINE 1,77,1 12,0,2 1,77,1 0,0,0 1,77,1 1,77,1 1,77,1 1,77,1 1,77,1
ADDLINE 1,82,1 0,0,0 1,82,1 0,0,0 1,82,1 12,0,2 1,82,1 0,0,0 0,0,0
ADDLINE 1,90,1 12,0,2 1,90,1 0,0,0 1,90,1 0,0,0 1,90,1 1,90,1 1,90,1
ADDLINE 1,98,1 0,0,0 1,98,1 12,0,2 1,98,1 0,0,0 1,98,1 1,98,1 1,98,1
ADDLINE 1,102,1 12,0,2 1,102,1 0,0,0 1,102,1 1,102,1 1,102,1 1,102,1 1,102,1
ADDLINE 1,86,1 0,0,0 0,0,0 0,0,0 1,86,1 12,0,2 0,0,0 0,0,0 1,86,1
ADDLINE 1,125,1 1,125,1 1,125,1 0,0,0 0,0,0 12,0,2 0,0,0 0,0,0 0,0,0
ADDLINE 1,121,1 1,121,1 1,121,1 12,0,2 1,121,1 1,121,1 1,121,1 1,121,1 0,0,0
ADDLINE 1,128,1 1,128,1 1,128,1 1,128,1 0,0,0 0,0,0 0,0,0 12,0,2 0,0,0
0,0,0 1,63,1 1,63,1 1,63,1 0,0,0 1,63,1 1,63,1 1,63,1 12,0,2
0,0,0 1,62,1 0,0,0 0,0,0 1,62,1 0,0,0 15,0,2 1,62,1 12,0,2
0,0,0 0,0,0 1,61,1 1,61,1 1,61,1 1,61,1 1,61,1 12,0,2 0,0,0
0,0,0 1,60,1 0,0,0 1,60,1 1,60,1 1,60,1 0,0,0 1,60,1 12,0,2
0,0,0 0,0,0 1,59,1 0,0,0 1,59,1 0,0,0 1,59,1 12,0,2 0,0,0
0,0,0 1,58,1 14,0,2 1,58,1 1,58,1 1,58,1 12,0,2 1,58,1 0,0,0
0,0,0 0,0,0 0,0,0 0,0,0 0,0,0 0,0,0 0,0,0 0,0,0 0,0,0
0,0,0 0,0,0 0,0,0 0,0,0 0,0,0 0,0,0 0,0,0 0,0,0 0,0,0
0,0,0 0,0,0 0,0,0 0,0,0 0,0,0 0,0,0 0,0,0 0,0,0 0,0,0