MODE 0
BALL 60
STARS 0/2700/3820
ADDLINE 0,0,0 0,0,0 0,0,0 1,142,1 1,142,1 0,0,0 0,0,0 12,0,2 7,0,2
ADDLINE 0,0,0 1,72,1 1,144,1 17,72,1 1,144,1 1,72,1 12,0,2 0,0,0 0,0,0
ADDLINE 0,0,0 1,146,1 1,146,1 1,146,1 1,146,1 0,0,0 12,0,2 1,146,1 1,73,1
ADDLINE 7,0,2 1,162,1 1,81,1 1,162,1 1,162,1 12,0,2 17,81,1 1,162,1 1,81,1
ADDLINE 1,164,1 0,0,0 12,0,2 1,164,1 20,82,1 10,0,2 1,164,1 1,164,1 1,164,1
ADDLINE 1,86,1 1,86,1 1,86,1 12,0,2 1,172,1 1,172,1 0,0,0 1,172,1 1,86,1
ADDLINE 1,188,1 1,188,1 1,188,1 12,0,2 1,188,1 1,188,1 10,0,2 1,188,1 1,188,1
ADDLINE 1,107,1 0,0,0 0,0,0 12,0,2 1,107,1 0,0,0 1,214,1 1,214,1 1,107,1
ADDLINE 1,172,1 16,86,1 12,0,2 1,172,1 1,172,1 1,172,1 0,0,0 1,172,1 1,172,1
ADDLINE 1,125,1 1,125,1 0,0,0 1,125,1 1,125,1 1,125,1 12,0,2 1,250,1 0,0,0
ADDLINE 0,0,0 0,0,0 0,0,0 12,0,2 0,0,0 0,0,0 0,0,0 20,127,1 11,0,2
ADDLINE 0,0,0 1,122,1 1,122,1 1,122,1 12,0,2 1,122,1 1,122,1 1,122,1 1,122,1
0,0,0 0,0,0 0,0,0 8,0,2 0,0,0 1,126,1 12,0,2 1,126,1 15,0,2
0,0,0 1,59,1 1,59,1 1,59,1 1,59,1 1,59,1 12,0,2 1,59,1 1,59,1
0,0,0 1,122,1 1,122,1 1,122,1 1,122,1 8,0,2 1,122,1 12,0,2 1,122,1
1,57,1 1,57,1 1,57,1 1,57,1 12,0,2 1,57,1 0,0,0 1,57,1 1,57,1
0,0,0 1,59,1 14,0,2 12,0,2 0,0,0 1,59,1 0,0,0 0,0,0 0,0,0
0,0,0 1,56,1 12,0,2 1,56,1 1,56,1 1,56,1 1,56,1 1,56,1 1,56,1
0,0,0 0,0,0 0,0,0 0,0,0 0,0,0 0,0,0 0,0,0 0,0,0 0,0,0
0,0,0 0,0,0 0,0,0 0,0,0 0,0,0 0,0,0 0,0,0 0,0,0 0,0,0
0,0,0 0,0,0 0,0,0 0,0,0 0,0,0 0,0,0 0,0,0 0,0,0 0,0,0