MODE 0
BALL 60
STARS 0/2500/3600
ADDLINE 1,64,1 1,64,1 12,0,2 1,64,1 1,64,1 1,64,1 1,64,1 1,64,1 1,64,1
ADDLINE 0,0,0 1,72,1 0,0,0 0,0,0 0,0,0 1,72,1 0,0,0 0,0,0 12,0,2
ADDLINE 0,0,0 1,69,1 1,69,1 1,69,1 12,0,2 1,69,1 1,69,1 1,69,1 1,69,1
ADDLINE 0,0,0 12,0,2 0,0,0 1,81,1 0,0,0 1,81,1 1,81,1 1,81,1 1,81,1
ADDLINE 1,74,1 1,74,1 1,74,1 1,74,1 12,0,2 1,74,1 1,74,1 1,74,1 1,74,1
ADDLINE 0,0,0 1,90,1 1,90,1 1,90,1 0,0,0 0,0,0 12,0,2 0,0,0 0,0,0
ADDLINE 0,0,0 1,94,1 1,94,1 1,94,1 12,0,2 1,94,1 1,94,1 1,94,1 1,94,1
ADDLINE 0,0,0 0,0,0 0,0,0 0,0,0 12,0,2 1,107,1 0,0,0 0,0,0 0,0,0
ADDLINE 0,0,0 1,86,1 12,0,2 1,86,1 1,86,1 1,86,1 0,0,0 1,86,1 1,86,1
ADDLINE 1,125,1 1,125,1 1,125,1 1,125,1 12,0,2 0,0,0 0,0,0 1,125,1 1,125,1
ADDLINE 1,127,1 1,127,1 1,127,1 1,127,1 1,127,1 0,0,0 12,0,2 0,0,0 1,127,1
ADDLINE 1,128,1 1,128,1 1,128,1 12,0,2 0,0,0 0,0,0 1,128,1 0,0,0 0,0,0
0,0,0 0,0,0 1,63,1 1,63,1 1,63,1 1,63,1 1,63,1 0,0,0 12,0,2
0,0,0 12,0,2 0,0,0 0,0,0 1,62,1 1,62,1 1,62,1 1,62,1 15,0,2
1,61,1 1,61,1 1,61,1 0,0,0 1,61,1 1,61,1 1,61,1 12,0,2 0,0,0
0,0,0 0,0,0 1,60,1 1,60,1 1,60,1 1,60,1 0,0,0 12,0,2 1,60,1
1,59,1 14,0,2 0,0,0 12,0,2 0,0,0 0,0,0 0,0,0 1,59,1 1,59,1
0,0,0 1,56,1 1,56,1 1,56,1 1,56,1 12,0,2 1,56,1 1,56,1 1,56,1
0,0,0 0,0,0 0,0,0 0,0,0 0,0,0 0,0,0 0,0,0 0,0,0 0,0,0
0,0,0 0,0,0 0,0,0 0,0,0 0,0,0 0,0,0 0,0,0 0,0,0 0,0,0
0,0,0 0,0,0 0,0,0 0,0,0 0,0,0 0,0,0 0,0,0 0,0,0 0,0,0