MODE 0
BALL 60
STARS 0/2200/3200
ADDLINE 1,71,1 1,71,1 1,71,1 0,0,0 0,0,0 0,0,0 12,0,2 0,0,0 0,0,0
ADDLINE 1,72,1 1,72,1 1,72,1 0,0,0 0,0,0 12,0,2 0,0,0 0,0,0 0,0,0
ADDLINE 1,69,1 1,69,1 12,0,2 0,0,0 1,69,1 1,69,1 1,69,1 1,69,1 1,69,1
ADDLINE 1,81,1 1,81,1 0,0,0 0,0,0 0,0,0 0,0,0 0,0,0 12,0,2 0,0,0
ADDLINE 1,78,1 1,78,1 1,78,1 1,78,1 1,78,1 12,0,2 1,78,1 1,78,1 0,0,0
ADDLINE 1,90,1 1,90,1 1,90,1 1,90,1 1,90,1 0,0,0 1,90,1 12,0,2 0,0,0
ADDLINE 1,98,1 1,98,1 1,98,1 0,0,0 12,0,2 0,0,0 1,98,1 1,98,1 0,0,0
ADDLINE 1,107,1 1,107,1 1,107,1 0,0,0 12,0,2 1,107,1 0,0,0 0,0,0 0,0,0
ADDLINE 1,86,1 1,86,1 1,86,1 1,86,1 12,0,2 0,0,0 0,0,0 1,86,1 1,86,1
ADDLINE 0,0,0 12,0,2 1,125,1 0,0,0 1,125,1 0,0,0 1,125,1 1,125,1 1,125,1
ADDLINE 1,114,1 1,114,1 1,114,1 1,114,1 1,114,1 12,0,2 1,114,1 1,114,1 1,114,1
ADDLINE 1,128,1 0,0,0 0,0,0 0,0,0 12,0,2 0,0,0 1,128,1 1,128,1 1,128,1
1,60,1 1,60,1 12,0,2 1,60,1 1,60,1 1,60,1 1,60,1 1,60,1 0,0,0
15,0,2 0,0,0 0,0,0 0,0,0 0,0,0 1,62,1 0,0,0 0,0,0 12,0,2
1,58,1 1,58,1 12,0,2 1,58,1 1,58,1 1,58,1 1,58,1 1,58,1 0,0,0
1,60,1 1,60,1 0,0,0 0,0,0 0,0,0 0,0,0 12,0,2 0,0,0 0,0,0
1,54,1 1,54,1 12,0,2 1,54,1 1,54,1 1,54,1 1,54,1 1,54,1 1,54,1
1,58,1 1,58,1 0,0,0 1,58,1 14,0,2 12,0,2 0,0,0 0,0,0 0,0,0
0,0,0 0,0,0 0,0,0 0,0,0 0,0,0 0,0,0 0,0,0 0,0,0 0,0,0
0,0,0 0,0,0 0,0,0 0,0,0 0,0,0 0,0,0 0,0,0 0,0,0 0,0,0
0,0,0 0,0,0 0,0,0 0,0,0 0,0,0 0,0,0 0,0,0 0,0,0 0,0,0