MODE 0
BALL 60
STARS 0/2500/3500
ADDLINE 1,67,1 1,67,1 1,134,1 12,0,2 1,134,1 1,67,1 1,134,1 11,0,2 1,67,1
ADDLINE 0,0,0 0,0,0 0,0,0 7,0,2 1,144,1 5,72,1 0,0,0 0,0,0 12,0,2
ADDLINE 1,66,1 12,0,2 1,132,1 1,132,1 1,132,1 1,66,1 1,66,1 1,66,1 3,66,1
ADDLINE 1,162,1 10,0,2 1,162,1 1,162,1 1,162,1 0,0,0 1,162,1 12,0,2 0,0,0
ADDLINE 1,78,1 12,0,2 1,156,1 1,78,1 1,78,1 0,0,0 3,78,1 2,78,1 1,78,1
ADDLINE 0,0,0 0,0,0 12,0,2 0,0,0 0,0,0 0,0,0 0,0,0 0,0,0 1,90,1
ADDLINE 1,89,1 1,89,1 1,89,1 12,0,2 1,89,1 3,89,1 1,89,1 1,89,1 1,89,1
ADDLINE 1,107,1 1,107,1 1,107,1 0,0,0 1,107,1 0,0,0 12,0,2 0,0,0 0,0,0
ADDLINE 1,78,1 2,78,1 1,78,1 12,0,2 1,78,1 1,78,1 2,78,1 5,78,1 5,78,1
ADDLINE 1,113,1 1,113,1 2,113,1 1,113,1 1,113,1 1,113,1 2,113,1 1,113,1 12,0,2
ADDLINE 5,127,1 0,0,0 0,0,0 0,0,0 0,0,0 0,0,0 0,0,0 12,0,2 0,0,0
ADDLINE 0,0,0 12,0,2 1,122,1 1,122,1 1,122,1 3,122,1 1,122,1 1,122,1 1,122,1
0,0,0 1,60,1 1,60,1 1,60,1 1,60,1 1,120,1 1,120,1 1,120,1 12,0,2
1,124,1 1,124,1 0,0,0 1,124,1 1,124,1 12,0,2 10,0,2 15,0,2 0,0,0
0,0,0 1,58,1 1,58,1 3,58,1 2,58,1 1,116,1 1,116,1 1,116,1 12,0,2
0,0,0 12,0,2 0,0,0 0,0,0 1,60,1 0,0,0 0,0,0 0,0,0 0,0,0
8,0,2 1,114,1 1,114,1 1,114,1 1,114,1 1,114,1 1,114,1 1,114,1 12,0,2
14,0,2 0,0,0 12,0,2 0,0,0 1,58,1 1,58,1 0,0,0 3,58,1 1,58,1
0,0,0 0,0,0 0,0,0 0,0,0 0,0,0 0,0,0 0,0,0 0,0,0 0,0,0
0,0,0 0,0,0 0,0,0 0,0,0 0,0,0 0,0,0 0,0,0 0,0,0 0,0,0
0,0,0 0,0,0 0,0,0 0,0,0 0,0,0 0,0,0 0,0,0 0,0,0 0,0,0