MODE 0
BALL 60
STARS 0/2000/2750
ADDLINE 1,67,1 4,67,1 1,67,1 12,0,2 3,67,1 0,0,0 1,67,1 5,67,1 1,67,1
ADDLINE 0,0,0 0,0,0 0,0,0 0,0,0 1,72,1 0,0,0 0,0,0 0,0,0 12,0,2
ADDLINE 1,66,1 1,66,1 1,66,1 1,66,1 4,66,1 1,66,1 1,66,1 12,0,2 1,66,1
ADDLINE 0,0,0 12,0,2 0,0,0 0,0,0 0,0,0 0,0,0 4,81,1 0,0,0 1,81,1
ADDLINE 4,74,1 1,74,1 1,74,1 2,74,1 1,74,1 1,74,1 1,74,1 12,0,2 1,74,1
ADDLINE 1,90,1 0,0,0 0,0,0 12,0,2 3,90,1 1,90,1 1,90,1 0,0,0 1,90,1
ADDLINE 1,94,1 12,0,2 1,94,1 1,94,1 1,94,1 1,94,1 1,94,1 0,0,0 1,94,1
ADDLINE 4,107,1 0,0,0 1,107,1 0,0,0 0,0,0 0,0,0 12,0,2 0,0,0 1,107,1
ADDLINE 1,82,1 12,0,2 5,82,1 0,0,0 1,82,1 1,82,1 4,82,1 1,82,1 2,82,1
ADDLINE 1,125,1 0,0,0 12,0,2 0,0,0 0,0,0 0,0,0 1,125,1 1,125,1 5,125,1
ADDLINE 1,127,1 0,0,0 1,127,1 4,127,1 1,127,1 12,0,2 0,0,0 0,0,0 0,0,0
ADDLINE 2,128,1 0,0,0 0,0,0 0,0,0 12,0,2 1,128,1 0,0,0 1,128,1 0,0,0
0,0,0 12,0,2 0,0,0 0,0,0 0,0,0 0,0,0 1,63,1 1,63,1 4,63,1
0,0,0 1,59,1 1,59,1 1,59,1 1,59,1 12,0,2 1,59,1 1,59,1 2,59,1
15,0,2 12,0,2 0,0,0 1,61,1 3,61,1 0,0,0 0,0,0 0,0,0 0,0,0
1,60,1 1,60,1 0,0,0 0,0,0 12,0,2 1,60,1 2,60,1 4,60,1 14,0,2
1,57,1 1,57,1 12,0,2 1,57,1 4,57,1 1,57,1 3,57,1 1,57,1 0,0,0
1,58,1 1,58,1 0,0,0 1,58,1 12,0,2 0,0,0 1,58,1 1,58,1 0,0,0
0,0,0 0,0,0 0,0,0 0,0,0 0,0,0 0,0,0 0,0,0 0,0,0 0,0,0
0,0,0 0,0,0 0,0,0 0,0,0 0,0,0 0,0,0 0,0,0 0,0,0 0,0,0
0,0,0 0,0,0 0,0,0 0,0,0 0,0,0 0,0,0 0,0,0 0,0,0 0,0,0