MODE 0
BALL 60
STARS 0/2500/3700
ADDLINE 0,0,0 1,142,1 1,142,1 1,142,1 1,142,1 12,0,2 1,142,1 19,71,1 1,142,1
ADDLINE 0,0,0 1,72,1 1,72,1 3,72,1 12,0,2 0,0,0 1,144,1 1,144,1 1,72,1
ADDLINE 0,0,0 0,0,0 0,0,0 12,0,2 0,0,0 1,73,1 1,73,1 1,73,1 4,73,1
ADDLINE 0,0,0 0,0,0 0,0,0 12,0,2 1,81,1 1,81,1 1,81,1 2,81,1 1,81,1
ADDLINE 0,0,0 1,164,1 16,82,1 1,164,1 12,0,2 1,164,1 1,164,1 1,164,1 1,164,1
ADDLINE 19,90,1 1,180,1 1,180,1 1,180,1 1,180,1 1,180,1 1,180,1 12,0,2 0,0,0
ADDLINE 1,196,1 1,196,1 12,0,2 0,0,0 0,0,0 2,98,1 0,0,0 1,196,1 17,98,1
ADDLINE 1,97,1 4,97,1 1,97,1 1,97,1 1,97,1 12,0,2 1,97,1 1,194,1 1,194,1
ADDLINE 1,86,1 1,86,1 1,86,1 0,0,0 0,0,0 12,0,2 0,0,0 1,172,1 20,86,1
ADDLINE 0,0,0 1,125,1 0,0,0 0,0,0 1,125,1 1,125,1 12,0,2 0,0,0 1,250,1
ADDLINE 0,0,0 2,121,1 1,121,1 1,121,1 1,121,1 1,121,1 12,0,2 3,121,1 1,121,1
ADDLINE 0,0,0 5,128,1 12,0,2 1,128,1 1,128,1 1,128,1 0,0,0 5,128,1 1,128,1
1,63,1 0,0,0 1,63,1 15,0,2 0,0,0 12,0,2 1,126,1 0,0,0 0,0,0
3,59,1 12,0,2 1,59,1 4,59,1 1,59,1 0,0,0 1,59,1 1,59,1 1,59,1
1,122,1 1,122,1 1,61,1 0,0,0 0,0,0 12,0,2 5,61,1 0,0,0 1,61,1
10,0,2 12,0,2 1,60,1 1,60,1 1,60,1 1,60,1 1,60,1 0,0,0 1,60,1
1,118,1 14,0,2 0,0,0 12,0,2 0,0,0 0,0,0 0,0,0 0,0,0 1,59,1
5,56,1 1,56,1 4,56,1 12,0,2 4,56,1 1,56,1 3,56,1 0,0,0 1,56,1
0,0,0 0,0,0 0,0,0 0,0,0 0,0,0 0,0,0 0,0,0 0,0,0 0,0,0
0,0,0 0,0,0 0,0,0 0,0,0 0,0,0 0,0,0 0,0,0 0,0,0 0,0,0
0,0,0 0,0,0 0,0,0 0,0,0 0,0,0 0,0,0 0,0,0 0,0,0 0,0,0