MODE 0
BALL 50
STARS 0/1200/1500
0,0,0 1,39,1 12,0,2 1,39,1 1,39,1 1,39,1 0,0,0 1,39,1 0,0,0
2,38,1 0,0,0 1,38,1 0,0,0 1,38,1 0,0,0 1,38,1 12,0,2 3,38,1
1,36,1 0,0,0 1,36,1 1,36,1 1,36,1 1,36,1 12,0,2 0,0,0 1,36,1
4,35,1 12,0,2 1,35,1 0,0,0 1,35,1 1,35,1 1,35,1 0,0,0 5,35,1
0,0,0 1,36,1 0,0,0 12,0,2 1,36,1 6,36,1 1,36,1 1,36,1 0,0,0
0,0,0 0,0,0 0,0,0 0,0,0 0,0,0 0,0,0 0,0,0 0,0,0 0,0,0
0,0,0 0,0,0 0,0,0 0,0,0 0,0,0 0,0,0 0,0,0 0,0,0 0,0,0
0,0,0 0,0,0 0,0,0 0,0,0 0,0,0 0,0,0 0,0,0 0,0,0 0,0,0
0,0,0 0,0,0 0,0,0 0,0,0 0,0,0 0,0,0 0,0,0 0,0,0 0,0,0