MODE 0
BALL 60
STARS 0/2000/2850
ADDLINE 1,71,1 1,71,1 12,0,2 0,0,0 0,0,0 1,71,1 1,71,1 1,71,1 1,71,1
ADDLINE 1,68,1 1,68,1 12,0,2 1,68,1 0,0,0 1,68,1 1,68,1 1,68,1 1,68,1
ADDLINE 1,73,1 12,0,2 0,0,0 1,73,1 0,0,0 1,73,1 1,73,1 1,73,1 1,73,1
ADDLINE 1,77,1 12,0,2 1,77,1 1,77,1 0,0,0 1,77,1 1,77,1 1,77,1 1,77,1
ADDLINE 1,82,1 0,0,0 12,0,2 1,82,1 0,0,0 1,82,1 1,82,1 1,82,1 1,82,1
ADDLINE 1,90,1 1,90,1 0,0,0 1,90,1 0,0,0 0,0,0 12,0,2 0,0,0 0,0,0
ADDLINE 1,98,1 1,98,1 0,0,0 0,0,0 12,0,2 1,98,1 1,98,1 1,98,1 0,0,0
ADDLINE 1,107,1 1,107,1 1,107,1 1,107,1 12,0,2 0,0,0 0,0,0 0,0,0 0,0,0
ADDLINE 0,0,0 1,82,1 1,82,1 1,82,1 1,82,1 12,0,2 1,82,1 1,82,1 1,82,1
ADDLINE 1,125,1 0,0,0 1,125,1 1,125,1 1,125,1 0,0,0 12,0,2 0,0,0 1,125,1
ADDLINE 1,121,1 12,0,2 1,121,1 1,121,1 1,121,1 1,121,1 1,121,1 0,0,0 1,121,1
ADDLINE 0,0,0 1,128,1 0,0,0 0,0,0 12,0,2 1,128,1 1,128,1 0,0,0 1,128,1
0,0,0 0,0,0 0,0,0 1,63,1 15,0,2 1,63,1 0,0,0 0,0,0 12,0,2
0,0,0 1,62,1 1,62,1 1,62,1 12,0,2 1,62,1 0,0,0 1,62,1 1,62,1
0,0,0 0,0,0 0,0,0 1,61,1 0,0,0 1,61,1 12,0,2 0,0,0 0,0,0
0,0,0 1,60,1 0,0,0 1,60,1 0,0,0 1,60,1 1,60,1 1,60,1 12,0,2
0,0,0 1,59,1 0,0,0 12,0,2 0,0,0 1,59,1 14,0,2 0,0,0 0,0,0
0,0,0 1,56,1 1,56,1 1,56,1 1,56,1 1,56,1 12,0,2 1,56,1 1,56,1
0,0,0 0,0,0 0,0,0 0,0,0 0,0,0 0,0,0 0,0,0 0,0,0 0,0,0
0,0,0 0,0,0 0,0,0 0,0,0 0,0,0 0,0,0 0,0,0 0,0,0 0,0,0
0,0,0 0,0,0 0,0,0 0,0,0 0,0,0 0,0,0 0,0,0 0,0,0 0,0,0