MODE 0
BALL 60
STARS 0/2250/3150
ADDLINE 0,0,0 1,71,1 1,71,1 1,71,1 0,0,0 1,71,1 1,71,1 1,71,1 12,0,2
ADDLINE 0,0,0 1,72,1 0,0,0 0,0,0 0,0,0 1,72,1 12,0,2 0,0,0 0,0,0
ADDLINE 8,0,2 1,138,1 1,138,1 1,138,1 1,138,1 1,138,1 12,0,2 1,138,1 1,138,1
ADDLINE 0,0,0 1,81,1 1,81,1 1,81,1 0,0,0 12,0,2 0,0,0 1,81,1 0,0,0
ADDLINE 8,0,2 1,156,1 1,156,1 1,156,1 1,156,1 1,156,1 12,0,2 1,156,1 1,156,1
ADDLINE 0,0,0 1,90,1 1,90,1 1,90,1 12,0,2 1,90,1 0,0,0 0,0,0 0,0,0
ADDLINE 0,0,0 1,94,1 1,94,1 1,94,1 12,0,2 1,94,1 1,94,1 1,94,1 1,94,1
ADDLINE 0,0,0 0,0,0 0,0,0 0,0,0 12,0,2 1,107,1 0,0,0 1,107,1 0,0,0
ADDLINE 10,0,2 1,172,1 1,172,1 1,172,1 1,172,1 1,172,1 0,0,0 1,172,1 12,0,2
ADDLINE 1,226,1 1,226,1 1,113,1 1,113,1 12,0,2 1,113,1 1,113,1 1,113,1 1,113,1
ADDLINE 1,127,1 1,127,1 1,127,1 1,127,1 12,0,2 11,0,2 0,0,0 1,127,1 1,127,1
ADDLINE 1,116,1 1,116,1 1,116,1 1,116,1 1,116,1 1,116,1 12,0,2 1,116,1 1,116,1
1,63,1 15,0,2 0,0,0 0,0,0 12,0,2 1,63,1 0,0,0 0,0,0 1,63,1
1,62,1 1,62,1 1,62,1 1,62,1 0,0,0 12,0,2 1,124,1 11,0,2 1,62,1
1,61,1 1,61,1 1,61,1 1,61,1 1,61,1 0,0,0 1,61,1 12,0,2 0,0,0
1,60,1 1,60,1 1,60,1 1,60,1 1,60,1 0,0,0 0,0,0 12,0,2 14,0,2
0,0,0 12,0,2 0,0,0 0,0,0 0,0,0 0,0,0 0,0,0 1,59,1 1,59,1
0,0,0 1,58,1 1,58,1 1,58,1 1,58,1 12,0,2 0,0,0 1,58,1 1,58,1
0,0,0 0,0,0 0,0,0 0,0,0 0,0,0 0,0,0 0,0,0 0,0,0 0,0,0
0,0,0 0,0,0 0,0,0 0,0,0 0,0,0 0,0,0 0,0,0 0,0,0 0,0,0
0,0,0 0,0,0 0,0,0 0,0,0 0,0,0 0,0,0 0,0,0 0,0,0 0,0,0