MODE 0
BALL 60
STARS 0/2600/3550
ADDLINE 1,67,1 1,67,1 12,0,2 1,67,1 1,67,1 1,67,1 0,0,0 1,67,1 1,67,1
ADDLINE 1,72,1 0,0,0 12,0,2 1,72,1 1,72,1 1,72,1 0,0,0 1,72,1 1,72,1
ADDLINE 1,69,1 12,0,2 1,69,1 1,69,1 1,69,1 1,69,1 0,0,0 1,69,1 1,69,1
ADDLINE 0,0,0 0,0,0 1,81,1 1,81,1 1,81,1 1,81,1 12,0,2 1,81,1 1,81,1
ADDLINE 0,0,0 12,0,2 0,0,0 0,0,0 0,0,0 0,0,0 0,0,0 1,82,1 1,82,1
ADDLINE 1,90,1 1,90,1 12,0,2 0,0,0 0,0,0 0,0,0 1,90,1 1,90,1 1,90,1
ADDLINE 1,98,1 1,98,1 0,0,0 1,98,1 1,98,1 12,0,2 0,0,0 0,0,0 0,0,0
ADDLINE 0,0,0 0,0,0 12,0,2 1,107,1 1,107,1 1,107,1 1,107,1 1,107,1 0,0,0
ADDLINE 0,0,0 1,82,1 1,82,1 1,82,1 1,82,1 1,82,1 1,82,1 1,82,1 12,0,2
ADDLINE 0,0,0 1,119,1 1,119,1 1,119,1 12,0,2 1,119,1 1,119,1 1,119,1 1,119,1
ADDLINE 0,0,0 1,127,1 12,0,2 0,0,0 0,0,0 1,127,1 1,127,1 1,127,1 0,0,0
ADDLINE 0,0,0 1,128,1 1,128,1 1,128,1 0,0,0 1,128,1 1,128,1 1,128,1 12,0,2
0,0,0 12,0,2 0,0,0 15,0,2 0,0,0 1,63,1 0,0,0 1,63,1 1,63,1
0,0,0 1,62,1 1,62,1 1,62,1 0,0,0 1,62,1 12,0,2 1,62,1 1,62,1
0,0,0 1,61,1 1,61,1 1,61,1 0,0,0 1,61,1 0,0,0 0,0,0 12,0,2
1,55,1 1,55,1 1,55,1 1,55,1 12,0,2 1,55,1 1,55,1 1,55,1 1,55,1
14,0,2 1,59,1 1,59,1 1,59,1 0,0,0 1,59,1 0,0,0 0,0,0 12,0,2
0,0,0 1,58,1 1,58,1 1,58,1 12,0,2 1,58,1 0,0,0 1,58,1 0,0,0
0,0,0 0,0,0 0,0,0 0,0,0 0,0,0 0,0,0 0,0,0 0,0,0 0,0,0
0,0,0 0,0,0 0,0,0 0,0,0 0,0,0 0,0,0 0,0,0 0,0,0 0,0,0
0,0,0 0,0,0 0,0,0 0,0,0 0,0,0 0,0,0 0,0,0 0,0,0 0,0,0