MODE 0
BALL 60
STARS 0/2200/3200
ADDLINE 1,64,1 1,64,1 1,64,1 12,0,2 1,64,1 1,64,1 1,64,1 1,64,1 1,64,1
ADDLINE 0,0,0 0,0,0 12,0,2 0,0,0 1,72,1 0,0,0 1,72,1 1,72,1 1,72,1
ADDLINE 1,69,1 12,0,2 1,69,1 1,69,1 1,69,1 0,0,0 1,69,1 1,69,1 1,69,1
ADDLINE 1,81,1 0,0,0 1,81,1 0,0,0 1,81,1 0,0,0 0,0,0 12,0,2 0,0,0
ADDLINE 1,74,1 1,74,1 1,74,1 12,0,2 1,74,1 1,74,1 1,74,1 1,74,1 1,74,1
ADDLINE 1,90,1 0,0,0 0,0,0 0,0,0 12,0,2 0,0,0 0,0,0 0,0,0 0,0,0
ADDLINE 1,98,1 0,0,0 1,98,1 1,98,1 1,98,1 12,0,2 1,98,1 0,0,0 1,98,1
ADDLINE 1,107,1 12,0,2 1,107,1 1,107,1 1,107,1 0,0,0 1,107,1 0,0,0 1,107,1
ADDLINE 1,78,1 1,78,1 1,78,1 1,78,1 1,78,1 12,0,2 1,78,1 1,78,1 1,78,1
ADDLINE 1,125,1 12,0,2 0,0,0 1,125,1 1,125,1 1,125,1 1,125,1 0,0,0 0,0,0
ADDLINE 1,127,1 1,127,1 0,0,0 0,0,0 12,0,2 0,0,0 0,0,0 0,0,0 1,127,1
ADDLINE 1,128,1 1,128,1 1,128,1 0,0,0 12,0,2 0,0,0 1,128,1 1,128,1 1,128,1
0,0,0 0,0,0 0,0,0 1,63,1 12,0,2 1,63,1 1,63,1 0,0,0 0,0,0
0,0,0 12,0,2 1,62,1 1,62,1 1,62,1 1,62,1 0,0,0 1,62,1 15,0,2
0,0,0 1,58,1 1,58,1 12,0,2 1,58,1 1,58,1 1,58,1 1,58,1 1,58,1
0,0,0 0,0,0 1,60,1 1,60,1 1,60,1 0,0,0 1,60,1 1,60,1 12,0,2
0,0,0 0,0,0 0,0,0 14,0,2 1,59,1 1,59,1 0,0,0 0,0,0 12,0,2
0,0,0 12,0,2 1,58,1 1,58,1 1,58,1 1,58,1 1,58,1 1,58,1 0,0,0
0,0,0 0,0,0 0,0,0 0,0,0 0,0,0 0,0,0 0,0,0 0,0,0 0,0,0
0,0,0 0,0,0 0,0,0 0,0,0 0,0,0 0,0,0 0,0,0 0,0,0 0,0,0
0,0,0 0,0,0 0,0,0 0,0,0 0,0,0 0,0,0 0,0,0 0,0,0 0,0,0