MODE 0
BALL 60
STARS 0/2650/4450
ADDLINE 0,0,0 20,71,1 1,142,1 0,0,0 12,0,2 1,142,1 1,142,1 0,0,0 1,71,1
ADDLINE 0,0,0 1,136,1 1,136,1 12,0,2 1,68,1 1,68,1 1,68,1 1,68,1 1,68,1
ADDLINE 0,0,0 0,0,0 12,0,2 1,73,1 1,73,1 1,73,1 1,73,1 1,73,1 1,73,1
ADDLINE 0,0,0 0,0,0 1,81,1 1,81,1 12,0,2 1,81,1 1,81,1 1,81,1 1,81,1
ADDLINE 1,82,1 0,0,0 1,82,1 1,82,1 12,0,2 0,0,0 0,0,0 1,164,1 1,164,1
ADDLINE 0,0,0 1,180,1 1,180,1 1,180,1 1,180,1 1,180,1 12,0,2 1,180,1 19,90,1
ADDLINE 0,0,0 1,98,1 1,98,1 1,98,1 1,98,1 1,98,1 0,0,0 12,0,2 0,0,0
ADDLINE 0,0,0 1,107,1 1,214,1 1,214,1 1,214,1 1,107,1 0,0,0 0,0,0 12,0,2
ADDLINE 0,0,0 1,172,1 1,172,1 19,86,1 1,172,1 12,0,2 1,172,1 1,172,1 1,172,1
ADDLINE 0,0,0 12,0,2 1,250,1 0,0,0 1,250,1 0,0,0 1,125,1 1,125,1 1,125,1
ADDLINE 1,121,1 1,121,1 1,121,1 12,0,2 1,121,1 0,0,0 1,121,1 1,121,1 1,121,1
ADDLINE 1,128,1 0,0,0 12,0,2 0,0,0 0,0,0 0,0,0 0,0,0 0,0,0 0,0,0
0,0,0 1,126,1 0,0,0 1,63,1 1,126,1 7,0,2 15,0,2 1,63,1 12,0,2
1,62,1 1,62,1 0,0,0 1,124,1 12,0,2 1,124,1 1,124,1 1,62,1 0,0,0
0,0,0 1,122,1 1,122,1 10,0,2 1,122,1 1,122,1 12,0,2 1,122,1 1,122,1
0,0,0 10,0,2 1,120,1 1,120,1 1,120,1 1,60,1 12,0,2 1,60,1 1,60,1
0,0,0 14,0,2 12,0,2 1,59,1 0,0,0 0,0,0 0,0,0 1,59,1 0,0,0
0,0,0 1,58,1 0,0,0 1,58,1 1,58,1 1,58,1 0,0,0 1,58,1 12,0,2
0,0,0 0,0,0 0,0,0 0,0,0 0,0,0 0,0,0 0,0,0 0,0,0 0,0,0
0,0,0 0,0,0 0,0,0 0,0,0 0,0,0 0,0,0 0,0,0 0,0,0 0,0,0
0,0,0 0,0,0 0,0,0 0,0,0 0,0,0 0,0,0 0,0,0 0,0,0 0,0,0