MODE 0
BALL 60
STARS 0/2450/3450
ADDLINE 0,0,0 3,71,1 0,0,0 1,71,1 1,71,1 1,71,1 12,0,2 1,71,1 1,71,1
ADDLINE 0,0,0 12,0,2 0,0,0 0,0,0 0,0,0 1,72,1 0,0,0 4,72,1 0,0,0
ADDLINE 0,0,0 1,73,1 1,73,1 1,73,1 0,0,0 5,73,1 12,0,2 1,73,1 0,0,0
ADDLINE 0,0,0 1,81,1 0,0,0 2,81,1 0,0,0 5,81,1 12,0,2 1,81,1 0,0,0
ADDLINE 0,0,0 1,82,1 0,0,0 1,82,1 1,82,1 1,82,1 12,0,2 1,82,1 0,0,0
ADDLINE 0,0,0 1,90,1 0,0,0 0,0,0 12,0,2 4,90,1 0,0,0 1,90,1 0,0,0
ADDLINE 1,94,1 1,94,1 12,0,2 1,94,1 1,94,1 1,94,1 5,94,1 1,94,1 0,0,0
ADDLINE 0,0,0 0,0,0 12,0,2 1,107,1 1,107,1 1,107,1 2,107,1 1,107,1 0,0,0
ADDLINE 4,78,1 1,78,1 1,78,1 1,78,1 4,78,1 2,78,1 1,78,1 1,78,1 12,0,2
ADDLINE 1,125,1 0,0,0 12,0,2 1,125,1 4,125,1 1,125,1 0,0,0 1,125,1 1,125,1
ADDLINE 1,127,1 0,0,0 12,0,2 1,127,1 1,127,1 1,127,1 0,0,0 0,0,0 0,0,0
ADDLINE 1,122,1 1,122,1 3,122,1 2,122,1 2,122,1 12,0,2 1,122,1 1,122,1 0,0,0
1,60,1 1,60,1 12,0,2 1,60,1 1,60,1 1,60,1 1,60,1 4,60,1 0,0,0
2,62,1 12,0,2 0,0,0 1,62,1 1,62,1 2,62,1 1,62,1 0,0,0 0,0,0
0,0,0 15,0,2 1,61,1 1,61,1 1,61,1 1,61,1 0,0,0 12,0,2 3,61,1
0,0,0 12,0,2 0,0,0 1,60,1 1,60,1 1,60,1 1,60,1 14,0,2 0,0,0
1,59,1 2,59,1 0,0,0 1,59,1 0,0,0 0,0,0 12,0,2 1,59,1 0,0,0
4,58,1 1,58,1 0,0,0 1,58,1 12,0,2 1,58,1 3,58,1 0,0,0 0,0,0
0,0,0 0,0,0 0,0,0 0,0,0 0,0,0 0,0,0 0,0,0 0,0,0 0,0,0
0,0,0 0,0,0 0,0,0 0,0,0 0,0,0 0,0,0 0,0,0 0,0,0 0,0,0
0,0,0 0,0,0 0,0,0 0,0,0 0,0,0 0,0,0 0,0,0 0,0,0 0,0,0