MODE 0
BALL 60
STARS 0/2750/4050
ADDLINE 1,64,1 1,128,1 1,128,1 1,128,1 1,64,1 1,64,1 12,0,2 1,64,1 3,64,1
ADDLINE 0,0,0 0,0,0 0,0,0 12,0,2 0,0,0 0,0,0 0,0,0 1,72,1 0,0,0
ADDLINE 1,69,1 5,69,1 12,0,2 1,69,1 1,138,1 1,138,1 1,138,1 1,69,1 0,0,0
ADDLINE 3,81,1 1,81,1 0,0,0 1,81,1 0,0,0 7,0,2 0,0,0 12,0,2 0,0,0
ADDLINE 1,74,1 1,148,1 12,0,2 1,74,1 1,148,1 1,148,1 1,148,1 5,74,1 1,74,1
ADDLINE 1,180,1 19,90,1 1,180,1 1,180,1 1,180,1 1,180,1 12,0,2 1,180,1 0,0,0
ADDLINE 4,89,1 1,178,1 1,178,1 1,89,1 1,89,1 3,89,1 12,0,2 1,89,1 1,89,1
ADDLINE 0,0,0 0,0,0 0,0,0 0,0,0 12,0,2 1,107,1 0,0,0 0,0,0 0,0,0
ADDLINE 1,172,1 1,172,1 12,0,2 1,172,1 1,172,1 1,172,1 16,86,1 1,172,1 0,0,0
ADDLINE 1,125,1 1,125,1 0,0,0 1,250,1 1,250,1 0,0,0 12,0,2 0,0,0 0,0,0
ADDLINE 1,254,1 1,254,1 12,0,2 1,254,1 20,127,1 1,254,1 1,254,1 1,254,1 8,0,2
ADDLINE 1,256,1 1,256,1 0,0,0 1,256,1 8,0,2 12,0,2 1,256,1 1,256,1 0,0,0
0,0,0 0,0,0 10,0,2 12,0,2 15,0,2 0,0,0 1,126,1 1,126,1 1,126,1
1,59,1 1,118,1 1,118,1 12,0,2 0,0,0 1,59,1 4,59,1 1,59,1 1,59,1
1,58,1 1,58,1 1,58,1 1,116,1 12,0,2 1,116,1 2,58,1 0,0,0 1,58,1
1,120,1 12,0,2 1,120,1 1,120,1 10,0,2 1,120,1 1,120,1 1,120,1 8,0,2
10,0,2 1,118,1 1,118,1 1,118,1 12,0,2 14,0,2 1,118,1 1,118,1 1,118,1
7,0,2 1,116,1 1,58,1 12,0,2 0,0,0 0,0,0 0,0,0 0,0,0 0,0,0
0,0,0 0,0,0 0,0,0 0,0,0 0,0,0 0,0,0 0,0,0 0,0,0 0,0,0
0,0,0 0,0,0 0,0,0 0,0,0 0,0,0 0,0,0 0,0,0 0,0,0 0,0,0
0,0,0 0,0,0 0,0,0 0,0,0 0,0,0 0,0,0 0,0,0 0,0,0 0,0,0