MODE 0
BALL 50
STARS 0/1400/1900
1,36,1 1,36,1 1,36,1 0,0,0 1,36,1 12,0,2 1,36,1 1,36,1 1,36,1
1,35,1 6,35,1 0,0,0 12,0,2 3,35,1 1,35,1 1,35,1 1,35,1 1,35,1
0,0,0 0,0,0 0,0,0 12,0,2 5,38,1 1,38,1 0,0,0 0,0,0 0,0,0
2,34,1 5,34,1 4,34,1 12,0,2 0,0,0 5,34,1 1,34,1 1,34,1 1,34,1
0,0,0 0,0,0 0,0,0 3,37,1 2,37,1 0,0,0 0,0,0 0,0,0 12,0,2
1,31,1 2,31,1 5,31,1 1,31,1 1,31,1 1,31,1 2,31,1 12,0,2 1,31,1
0,0,0 0,0,0 0,0,0 0,0,0 0,0,0 0,0,0 0,0,0 0,0,0 0,0,0
0,0,0 0,0,0 0,0,0 0,0,0 0,0,0 0,0,0 0,0,0 0,0,0 0,0,0
0,0,0 0,0,0 0,0,0 0,0,0 0,0,0 0,0,0 0,0,0 0,0,0 0,0,0