MODE 0
BALL 60
STARS 0/2650/4050
ADDLINE 1,71,1 12,0,2 0,0,0 0,0,0 0,0,0 1,71,1 1,142,1 1,142,1 1,71,1
ADDLINE 1,72,1 0,0,0 1,72,1 1,72,1 0,0,0 12,0,2 0,0,0 0,0,0 1,72,1
ADDLINE 1,73,1 1,73,1 12,0,2 0,0,0 1,73,1 1,73,1 1,73,1 0,0,0 0,0,0
ADDLINE 8,0,2 12,0,2 0,0,0 1,162,1 1,162,1 1,162,1 1,162,1 0,0,0 1,162,1
ADDLINE 0,0,0 1,82,1 1,82,1 1,82,1 0,0,0 0,0,0 0,0,0 12,0,2 1,82,1
ADDLINE 0,0,0 1,90,1 1,90,1 12,0,2 0,0,0 1,90,1 1,90,1 1,90,1 1,90,1
ADDLINE 0,0,0 12,0,2 1,98,1 0,0,0 1,98,1 1,98,1 1,98,1 1,98,1 1,98,1
ADDLINE 1,204,1 1,204,1 1,204,1 12,0,2 8,0,2 1,204,1 1,204,1 1,204,1 1,204,1
ADDLINE 1,82,1 1,82,1 1,82,1 12,0,2 0,0,0 1,82,1 1,82,1 1,82,1 1,82,1
ADDLINE 1,95,1 12,0,2 0,0,0 0,0,0 0,0,0 0,0,0 1,95,1 0,0,0 1,95,1
ADDLINE 1,99,1 12,0,2 1,99,1 1,99,1 1,99,1 0,0,0 1,99,1 1,99,1 1,99,1
ADDLINE 1,113,1 0,0,0 1,113,1 1,113,1 1,113,1 12,0,2 1,113,1 0,0,0 1,113,1
ADDLINE 1,130,1 12,0,2 1,130,1 1,130,1 1,130,1 0,0,0 1,130,1 0,0,0 1,130,1
ADDLINE 1,132,1 0,0,0 1,132,1 1,132,1 1,132,1 12,0,2 0,0,0 0,0,0 0,0,0
ADDLINE 1,120,1 12,0,2 1,120,1 1,120,1 1,120,1 1,120,1 1,120,1 1,120,1 1,120,1
1,120,1 12,0,2 1,120,1 1,120,1 1,120,1 1,120,1 1,120,1 19,60,1 1,120,1
1,124,1 12,0,2 1,124,1 0,0,0 0,0,0 0,0,0 1,124,1 19,60,1 1,124,1
1,61,1 12,0,2 1,61,1 0,0,0 1,61,1 1,122,1 1,122,1 0,0,0 1,61,1
0,0,0 0,0,0 1,120,1 16,60,1 1,120,1 12,0,2 17,60,1 0,0,0 1,120,1
1,59,1 0,0,0 1,59,1 12,0,2 1,59,1 0,0,0 1,118,1 0,0,0 1,59,1
0,0,0 16,58,1 1,116,1 0,0,0 1,116,1 12,0,2 1,116,1 0,0,0 1,116,1
0,0,0 0,0,0 0,0,0 0,0,0 0,0,0 0,0,0 0,0,0 0,0,0 0,0,0
0,0,0 0,0,0 0,0,0 0,0,0 0,0,0 0,0,0 0,0,0 0,0,0 0,0,0
0,0,0 0,0,0 0,0,0 0,0,0 0,0,0 0,0,0 0,0,0 0,0,0 0,0,0