MODE 0
BALL 60
STARS 0/3200/4500
ADDLINE 0,0,0 1,67,1 1,67,1 1,67,1 1,67,1 1,67,1 1,67,1 1,134,1 12,0,2
ADDLINE 0,0,0 1,72,1 0,0,0 0,0,0 0,0,0 0,0,0 12,0,2 0,0,0 0,0,0
ADDLINE 12,0,2 16,69,1 1,138,1 1,138,1 1,138,1 1,138,1 1,138,1 1,138,1 1,138,1
ADDLINE 0,0,0 1,81,1 1,81,1 1,162,1 17,81,1 1,162,1 0,0,0 1,81,1 12,0,2
ADDLINE 1,78,1 1,78,1 1,78,1 1,156,1 1,156,1 1,156,1 12,0,2 1,78,1 0,0,0
ADDLINE 0,0,0 0,0,0 0,0,0 0,0,0 0,0,0 0,0,0 0,0,0 1,90,1 12,0,2
ADDLINE 1,94,1 1,94,1 12,0,2 1,94,1 1,94,1 1,94,1 1,94,1 1,94,1 0,0,0
ADDLINE 0,0,0 1,107,1 0,0,0 1,107,1 12,0,2 0,0,0 0,0,0 1,107,1 0,0,0
ADDLINE 0,0,0 1,172,1 0,0,0 1,172,1 12,0,2 1,86,1 1,86,1 1,86,1 1,86,1
ADDLINE 0,0,0 1,190,1 19,95,1 1,190,1 1,190,1 12,0,2 1,190,1 1,190,1 1,190,1
ADDLINE 0,0,0 12,0,2 1,208,1 1,208,1 0,0,0 1,104,1 1,104,1 1,104,1 1,104,1
ADDLINE 1,226,1 12,0,2 1,226,1 1,226,1 0,0,0 16,113,1 1,226,1 1,226,1 1,226,1
ADDLINE 1,130,1 0,0,0 1,130,1 12,0,2 1,130,1 1,130,1 1,130,1 1,130,1 0,0,0
ADDLINE 1,264,1 12,0,2 1,132,1 0,0,0 1,132,1 1,132,1 1,132,1 1,132,1 0,0,0
ADDLINE 20,133,1 0,0,0 0,0,0 0,0,0 0,0,0 12,0,2 1,133,1 1,133,1 0,0,0
0,0,0 1,126,1 1,126,1 1,126,1 1,126,1 1,126,1 1,126,1 12,0,2 19,63,1
0,0,0 1,124,1 1,124,1 1,124,1 1,62,1 1,62,1 1,62,1 12,0,2 0,0,0
0,0,0 1,122,1 19,61,1 1,122,1 1,122,1 1,122,1 1,122,1 1,122,1 12,0,2
1,57,1 12,0,2 1,114,1 0,0,0 1,57,1 1,57,1 1,57,1 1,57,1 1,57,1
1,59,1 0,0,0 12,0,2 0,0,0 0,0,0 0,0,0 1,59,1 1,59,1 1,59,1
1,58,1 1,58,1 1,116,1 1,58,1 0,0,0 0,0,0 12,0,2 0,0,0 1,58,1
0,0,0 0,0,0 0,0,0 0,0,0 0,0,0 0,0,0 0,0,0 0,0,0 0,0,0
0,0,0 0,0,0 0,0,0 0,0,0 0,0,0 0,0,0 0,0,0 0,0,0 0,0,0
0,0,0 0,0,0 0,0,0 0,0,0 0,0,0 0,0,0 0,0,0 0,0,0 0,0,0