MODE 0
BALL 60
STARS 0/2900/3900
ADDLINE 0,0,0 0,0,0 12,0,2 1,71,1 1,71,1 1,71,1 1,71,1 1,71,1 1,71,1
ADDLINE 0,0,0 1,72,1 1,72,1 12,0,2 0,0,0 0,0,0 1,72,1 1,72,1 0,0,0
ADDLINE 1,73,1 0,0,0 0,0,0 0,0,0 1,73,1 12,0,2 0,0,0 0,0,0 0,0,0
ADDLINE 1,77,1 1,77,1 1,77,1 12,0,2 1,77,1 1,77,1 1,77,1 1,77,1 0,0,0
ADDLINE 1,82,1 0,0,0 0,0,0 0,0,0 12,0,2 0,0,0 0,0,0 0,0,0 0,0,0
ADDLINE 0,0,0 12,0,2 1,86,1 1,86,1 1,86,1 1,86,1 1,86,1 1,86,1 1,86,1
ADDLINE 0,0,0 0,0,0 1,98,1 1,98,1 1,98,1 1,98,1 1,98,1 1,98,1 12,0,2
ADDLINE 0,0,0 0,0,0 1,107,1 1,107,1 1,107,1 1,107,1 1,107,1 1,107,1 12,0,2
ADDLINE 0,0,0 12,0,2 1,86,1 1,86,1 1,86,1 1,86,1 1,86,1 1,86,1 0,0,0
ADDLINE 0,0,0 12,0,2 0,0,0 0,0,0 1,95,1 0,0,0 0,0,0 0,0,0 0,0,0
ADDLINE 1,94,1 12,0,2 1,94,1 1,94,1 1,94,1 1,94,1 1,94,1 1,94,1 1,94,1
ADDLINE 1,107,1 12,0,2 1,107,1 1,107,1 1,107,1 1,107,1 1,107,1 0,0,0 1,107,1
ADDLINE 1,117,1 1,117,1 1,117,1 1,117,1 1,117,1 1,117,1 1,117,1 12,0,2 1,117,1
ADDLINE 1,132,1 0,0,0 0,0,0 0,0,0 0,0,0 0,0,0 0,0,0 12,0,2 0,0,0
ADDLINE 1,120,1 1,120,1 1,120,1 1,120,1 1,120,1 1,120,1 1,120,1 12,0,2 1,120,1
1,57,1 1,57,1 1,57,1 1,57,1 1,57,1 12,0,2 1,57,1 1,57,1 1,57,1
0,0,0 0,0,0 12,0,2 0,0,0 0,0,0 0,0,0 1,62,1 0,0,0 0,0,0
1,55,1 1,55,1 1,55,1 1,55,1 1,55,1 12,0,2 1,55,1 1,55,1 1,55,1
0,0,0 0,0,0 0,0,0 12,0,2 1,60,1 0,0,0 0,0,0 0,0,0 0,0,0
1,54,1 1,54,1 1,54,1 1,54,1 1,54,1 12,0,2 1,54,1 1,54,1 1,54,1
1,58,1 0,0,0 0,0,0 0,0,0 12,0,2 0,0,0 1,58,1 1,58,1 1,58,1
0,0,0 0,0,0 0,0,0 0,0,0 0,0,0 0,0,0 0,0,0 0,0,0 0,0,0
0,0,0 0,0,0 0,0,0 0,0,0 0,0,0 0,0,0 0,0,0 0,0,0 0,0,0
0,0,0 0,0,0 0,0,0 0,0,0 0,0,0 0,0,0 0,0,0 0,0,0 0,0,0