MODE 0
BALL 60
STARS 0/2600/3600
ADDLINE 0,0,0 1,71,1 12,0,2 1,71,1 1,71,1 3,71,1 0,0,0 1,71,1 0,0,0
ADDLINE 0,0,0 1,68,1 12,0,2 5,68,1 1,68,1 1,68,1 1,68,1 1,68,1 1,68,1
ADDLINE 0,0,0 4,73,1 0,0,0 0,0,0 0,0,0 0,0,0 0,0,0 0,0,0 12,0,2
ADDLINE 1,77,1 1,77,1 12,0,2 1,77,1 0,0,0 1,77,1 1,77,1 1,77,1 1,77,1
ADDLINE 0,0,0 1,82,1 12,0,2 3,82,1 0,0,0 1,82,1 4,82,1 5,82,1 1,82,1
ADDLINE 0,0,0 1,86,1 12,0,2 3,86,1 1,86,1 5,86,1 1,86,1 1,86,1 1,86,1
ADDLINE 0,0,0 2,98,1 0,0,0 0,0,0 0,0,0 1,98,1 12,0,2 3,98,1 0,0,0
ADDLINE 0,0,0 5,107,1 1,107,1 1,107,1 1,107,1 2,107,1 0,0,0 1,107,1 12,0,2
ADDLINE 0,0,0 1,86,1 1,86,1 1,86,1 1,86,1 1,86,1 12,0,2 1,86,1 0,0,0
ADDLINE 1,95,1 4,95,1 0,0,0 0,0,0 0,0,0 12,0,2 0,0,0 0,0,0 1,95,1
ADDLINE 3,99,1 1,99,1 12,0,2 1,99,1 5,99,1 1,99,1 1,99,1 0,0,0 1,99,1
ADDLINE 1,113,1 4,113,1 1,113,1 12,0,2 0,0,0 0,0,0 0,0,0 0,0,0 1,113,1
ADDLINE 1,130,1 4,130,1 12,0,2 1,130,1 1,130,1 5,130,1 0,0,0 3,130,1 0,0,0
ADDLINE 0,0,0 0,0,0 0,0,0 1,132,1 1,132,1 1,132,1 0,0,0 0,0,0 12,0,2
ADDLINE 0,0,0 12,0,2 1,133,1 1,133,1 4,133,1 1,133,1 1,133,1 1,133,1 0,0,0
1,60,1 12,0,2 1,60,1 1,60,1 1,60,1 3,60,1 5,60,1 0,0,0 1,60,1
0,0,0 1,59,1 1,59,1 1,59,1 1,59,1 1,59,1 5,59,1 1,59,1 12,0,2
0,0,0 12,0,2 1,61,1 0,0,0 0,0,0 0,0,0 4,61,1 0,0,0 0,0,0
0,0,0 0,0,0 1,60,1 4,60,1 12,0,2 2,60,1 1,60,1 0,0,0 0,0,0
0,0,0 0,0,0 0,0,0 0,0,0 1,59,1 0,0,0 0,0,0 0,0,0 12,0,2
0,0,0 1,58,1 1,58,1 1,58,1 12,0,2 1,58,1 1,58,1 5,58,1 0,0,0
0,0,0 0,0,0 0,0,0 0,0,0 0,0,0 0,0,0 0,0,0 0,0,0 0,0,0
0,0,0 0,0,0 0,0,0 0,0,0 0,0,0 0,0,0 0,0,0 0,0,0 0,0,0
0,0,0 0,0,0 0,0,0 0,0,0 0,0,0 0,0,0 0,0,0 0,0,0 0,0,0