MODE 0
BALL 60
STARS 0/2300/3300
ADDLINE 2,71,1 0,0,0 1,71,1 12,0,2 11,0,2 1,142,1 5,71,1 1,71,1 1,71,1
ADDLINE 1,72,1 0,0,0 5,72,1 12,0,2 0,0,0 1,144,1 1,72,1 1,72,1 1,72,1
ADDLINE 1,73,1 12,0,2 0,0,0 0,0,0 1,73,1 1,73,1 1,73,1 1,73,1 4,73,1
ADDLINE 0,0,0 5,81,1 1,81,1 0,0,0 0,0,0 0,0,0 0,0,0 12,0,2 0,0,0
ADDLINE 0,0,0 1,78,1 1,78,1 1,78,1 1,78,1 1,78,1 2,78,1 1,78,1 12,0,2
ADDLINE 0,0,0 1,90,1 4,90,1 1,90,1 1,90,1 1,180,1 1,180,1 0,0,0 12,0,2
ADDLINE 0,0,0 1,98,1 1,98,1 4,98,1 1,98,1 0,0,0 7,0,2 12,0,2 1,98,1
ADDLINE 0,0,0 0,0,0 1,107,1 4,107,1 1,107,1 12,0,2 1,214,1 1,214,1 1,107,1
ADDLINE 1,86,1 0,0,0 5,86,1 1,86,1 1,86,1 12,0,2 0,0,0 2,86,1 1,86,1
ADDLINE 12,0,2 5,86,1 1,86,1 1,86,1 1,86,1 4,86,1 1,86,1 1,86,1 1,86,1
ADDLINE 0,0,0 0,0,0 0,0,0 12,0,2 0,0,0 1,104,1 4,104,1 2,104,1 0,0,0
ADDLINE 1,107,1 1,107,1 1,107,1 1,107,1 12,0,2 1,107,1 1,107,1 1,107,1 0,0,0
ADDLINE 0,0,0 0,0,0 0,0,0 0,0,0 0,0,0 0,0,0 12,0,2 1,130,1 0,0,0
ADDLINE 10,0,2 1,250,1 1,250,1 1,250,1 1,250,1 1,250,1 12,0,2 1,250,1 1,250,1
ADDLINE 11,0,2 1,266,1 1,133,1 4,133,1 1,133,1 5,133,1 0,0,0 1,133,1 12,0,2
0,0,0 1,63,1 0,0,0 2,63,1 1,126,1 1,126,1 0,0,0 1,63,1 12,0,2
0,0,0 0,0,0 12,0,2 1,124,1 0,0,0 19,62,1 0,0,0 1,124,1 0,0,0
16,58,1 1,116,1 1,116,1 1,116,1 12,0,2 1,116,1 1,116,1 1,116,1 1,116,1
0,0,0 0,0,0 0,0,0 1,60,1 0,0,0 0,0,0 12,0,2 11,0,2 0,0,0
5,57,1 1,57,1 12,0,2 1,57,1 1,57,1 2,114,1 1,57,1 1,57,1 0,0,0
0,0,0 12,0,2 0,0,0 1,58,1 0,0,0 0,0,0 0,0,0 1,58,1 0,0,0
0,0,0 0,0,0 0,0,0 0,0,0 0,0,0 0,0,0 0,0,0 0,0,0 0,0,0
0,0,0 0,0,0 0,0,0 0,0,0 0,0,0 0,0,0 0,0,0 0,0,0 0,0,0
0,0,0 0,0,0 0,0,0 0,0,0 0,0,0 0,0,0 0,0,0 0,0,0 0,0,0