MODE 0
BALL 60
STARS 0/2800/4000
ADDLINE 1,64,1 1,64,1 1,64,1 1,64,1 12,0,2 1,64,1 1,64,1 3,64,1 1,64,1
ADDLINE 0,0,0 0,0,0 0,0,0 1,72,1 0,0,0 2,72,1 0,0,0 0,0,0 12,0,2
ADDLINE 0,0,0 1,69,1 2,69,1 1,69,1 12,0,2 1,69,1 1,69,1 4,69,1 1,69,1
ADDLINE 0,0,0 1,81,1 1,81,1 2,81,1 0,0,0 12,0,2 0,0,0 0,0,0 0,0,0
ADDLINE 12,0,2 1,74,1 1,74,1 1,74,1 1,74,1 2,74,1 5,74,1 1,74,1 1,74,1
ADDLINE 0,0,0 3,90,1 1,90,1 1,90,1 0,0,0 0,0,0 0,0,0 0,0,0 12,0,2
ADDLINE 0,0,0 1,94,1 1,94,1 1,94,1 12,0,2 2,94,1 1,94,1 3,94,1 1,94,1
ADDLINE 0,0,0 0,0,0 12,0,2 0,0,0 0,0,0 0,0,0 0,0,0 1,107,1 0,0,0
ADDLINE 1,78,1 12,0,2 1,78,1 1,78,1 1,78,1 1,78,1 5,78,1 5,78,1 1,78,1
ADDLINE 1,95,1 5,95,1 0,0,0 12,0,2 0,0,0 0,0,0 1,95,1 1,95,1 0,0,0
ADDLINE 1,104,1 1,104,1 1,104,1 4,104,1 12,0,2 1,104,1 3,104,1 0,0,0 0,0,0
ADDLINE 1,113,1 1,113,1 0,0,0 1,113,1 0,0,0 1,113,1 4,113,1 12,0,2 0,0,0
ADDLINE 4,130,1 1,130,1 0,0,0 1,130,1 1,130,1 12,0,2 0,0,0 3,130,1 0,0,0
ADDLINE 1,125,1 1,125,1 12,0,2 1,125,1 1,125,1 1,125,1 1,125,1 1,125,1 0,0,0
ADDLINE 2,133,1 1,133,1 0,0,0 0,0,0 0,0,0 12,0,2 3,133,1 1,133,1 0,0,0
1,63,1 0,0,0 12,0,2 0,0,0 0,0,0 0,0,0 1,63,1 5,63,1 1,63,1
1,59,1 12,0,2 2,59,1 0,0,0 1,59,1 1,59,1 1,59,1 1,59,1 1,59,1
1,61,1 0,0,0 1,61,1 4,61,1 1,61,1 5,61,1 12,0,2 0,0,0 0,0,0
0,0,0 1,60,1 1,60,1 1,60,1 0,0,0 12,0,2 0,0,0 1,60,1 5,60,1
0,0,0 0,0,0 0,0,0 12,0,2 0,0,0 1,59,1 5,59,1 1,59,1 3,59,1
1,58,1 4,58,1 0,0,0 0,0,0 12,0,2 0,0,0 1,58,1 1,58,1 1,58,1
0,0,0 0,0,0 0,0,0 0,0,0 0,0,0 0,0,0 0,0,0 0,0,0 0,0,0
0,0,0 0,0,0 0,0,0 0,0,0 0,0,0 0,0,0 0,0,0 0,0,0 0,0,0
0,0,0 0,0,0 0,0,0 0,0,0 0,0,0 0,0,0 0,0,0 0,0,0 0,0,0