MODE 0
BALL 60
STARS 0/2800/4100
ADDLINE 1,71,1 12,0,2 0,0,0 0,0,0 0,0,0 0,0,0 0,0,0 0,0,0 0,0,0
ADDLINE 1,65,1 2,65,1 4,65,1 1,65,1 1,65,1 1,65,1 1,65,1 12,0,2 1,65,1
ADDLINE 0,0,0 0,0,0 0,0,0 0,0,0 0,0,0 1,73,1 5,73,1 12,0,2 1,73,1
ADDLINE 0,0,0 0,0,0 1,81,1 1,81,1 0,0,0 12,0,2 0,0,0 0,0,0 1,81,1
ADDLINE 1,78,1 12,0,2 1,78,1 4,78,1 0,0,0 2,78,1 1,78,1 1,78,1 3,78,1
ADDLINE 0,0,0 12,0,2 1,90,1 4,90,1 0,0,0 1,90,1 1,90,1 1,90,1 1,90,1
ADDLINE 0,0,0 1,94,1 4,94,1 1,94,1 12,0,2 1,94,1 1,94,1 2,94,1 1,94,1
ADDLINE 0,0,0 1,102,1 2,102,1 4,102,1 12,0,2 1,102,1 1,102,1 5,102,1 1,102,1
ADDLINE 1,86,1 1,86,1 1,86,1 1,86,1 12,0,2 0,0,0 0,0,0 0,0,0 1,86,1
ADDLINE 5,90,1 1,90,1 1,90,1 12,0,2 5,90,1 1,90,1 1,90,1 0,0,0 1,90,1
ADDLINE 2,94,1 1,94,1 1,94,1 1,94,1 1,94,1 1,94,1 1,94,1 12,0,2 1,94,1
ADDLINE 3,113,1 12,0,2 0,0,0 0,0,0 0,0,0 0,0,0 1,113,1 0,0,0 1,113,1
ADDLINE 1,117,1 3,117,1 1,117,1 1,117,1 2,117,1 1,117,1 1,117,1 12,0,2 1,117,1
ADDLINE 0,0,0 0,0,0 12,0,2 0,0,0 5,132,1 0,0,0 0,0,0 0,0,0 0,0,0
ADDLINE 1,120,1 12,0,2 1,120,1 2,120,1 1,120,1 1,120,1 1,120,1 1,120,1 1,120,1
1,63,1 0,0,0 1,63,1 1,63,1 2,63,1 12,0,2 5,63,1 0,0,0 0,0,0
1,62,1 0,0,0 1,62,1 4,62,1 1,62,1 12,0,2 1,62,1 0,0,0 1,62,1
0,0,0 0,0,0 1,61,1 0,0,0 0,0,0 12,0,2 1,61,1 0,0,0 4,61,1
5,57,1 5,57,1 1,57,1 12,0,2 1,57,1 1,57,1 1,57,1 0,0,0 1,57,1
0,0,0 0,0,0 0,0,0 0,0,0 1,59,1 0,0,0 12,0,2 0,0,0 0,0,0
1,53,1 1,53,1 1,53,1 2,53,1 1,53,1 12,0,2 1,53,1 4,53,1 1,53,1
0,0,0 0,0,0 0,0,0 0,0,0 0,0,0 0,0,0 0,0,0 0,0,0 0,0,0
0,0,0 0,0,0 0,0,0 0,0,0 0,0,0 0,0,0 0,0,0 0,0,0 0,0,0
0,0,0 0,0,0 0,0,0 0,0,0 0,0,0 0,0,0 0,0,0 0,0,0 0,0,0