MODE 0
BALL 50
STARS 0/800/1200
0,0,0 0,0,0 1,40,1 1,40,1 1,40,1 1,40,1 1,40,1 12,0,2 0,0,0
0,0,0 1,35,1 1,35,1 1,35,1 6,35,1 1,35,1 1,35,1 1,35,1 12,0,2
1,38,1 1,38,1 0,0,0 0,0,0 0,0,0 12,0,2 0,0,0 1,38,1 1,38,1
0,0,0 1,38,1 1,38,1 0,0,0 12,0,2 1,38,1 1,38,1 1,38,1 0,0,0
0,0,0 0,0,0 0,0,0 12,0,2 1,37,1 1,37,1 0,0,0 0,0,0 0,0,0
0,0,0 0,0,0 0,0,0 12,0,2 1,36,1 1,36,1 0,0,0 0,0,0 0,0,0
0,0,0 0,0,0 0,0,0 0,0,0 0,0,0 0,0,0 0,0,0 0,0,0 0,0,0
0,0,0 0,0,0 0,0,0 0,0,0 0,0,0 0,0,0 0,0,0 0,0,0 0,0,0
0,0,0 0,0,0 0,0,0 0,0,0 0,0,0 0,0,0 0,0,0 0,0,0 0,0,0