MODE 0
BALL 60
STARS 0/2400/3400
ADDLINE 0,0,0 1,71,1 0,0,0 1,71,1 1,71,1 1,71,1 12,0,2 0,0,0 0,0,0
ADDLINE 1,65,1 1,65,1 12,0,2 1,65,1 1,65,1 1,65,1 1,65,1 1,65,1 1,65,1
ADDLINE 0,0,0 1,73,1 0,0,0 1,73,1 0,0,0 0,0,0 0,0,0 12,0,2 0,0,0
ADDLINE 1,73,1 1,73,1 1,73,1 1,73,1 12,0,2 1,73,1 1,73,1 1,73,1 1,73,1
ADDLINE 0,0,0 0,0,0 0,0,0 1,82,1 0,0,0 12,0,2 0,0,0 1,82,1 0,0,0
ADDLINE 12,0,2 1,81,1 1,81,1 1,81,1 1,81,1 1,81,1 1,81,1 1,81,1 1,81,1
ADDLINE 0,0,0 12,0,2 0,0,0 0,0,0 0,0,0 0,0,0 0,0,0 1,98,1 0,0,0
ADDLINE 1,102,1 1,102,1 1,102,1 1,102,1 12,0,2 1,102,1 1,102,1 1,102,1 0,0,0
ADDLINE 1,86,1 1,86,1 1,86,1 1,86,1 0,0,0 0,0,0 12,0,2 0,0,0 0,0,0
ADDLINE 1,95,1 1,95,1 1,95,1 0,0,0 1,95,1 1,95,1 1,95,1 12,0,2 0,0,0
ADDLINE 1,104,1 1,104,1 1,104,1 0,0,0 0,0,0 12,0,2 1,104,1 0,0,0 1,104,1
ADDLINE 1,113,1 1,113,1 0,0,0 0,0,0 12,0,2 0,0,0 0,0,0 0,0,0 1,113,1
ADDLINE 1,130,1 1,130,1 0,0,0 12,0,2 1,130,1 1,130,1 0,0,0 0,0,0 1,130,1
ADDLINE 1,132,1 1,132,1 0,0,0 12,0,2 1,132,1 1,132,1 1,132,1 0,0,0 1,132,1
ADDLINE 1,133,1 1,133,1 12,0,2 1,133,1 1,133,1 0,0,0 0,0,0 0,0,0 1,133,1
0,0,0 0,0,0 12,0,2 1,63,1 1,63,1 1,63,1 1,63,1 1,63,1 1,63,1
0,0,0 1,59,1 12,0,2 1,59,1 1,59,1 1,59,1 1,59,1 1,59,1 1,59,1
12,0,2 1,55,1 1,55,1 1,55,1 1,55,1 1,55,1 1,55,1 1,55,1 1,55,1
0,0,0 0,0,0 12,0,2 0,0,0 0,0,0 0,0,0 0,0,0 0,0,0 1,60,1
0,0,0 0,0,0 1,59,1 1,59,1 1,59,1 1,59,1 12,0,2 0,0,0 1,59,1
1,58,1 0,0,0 1,58,1 1,58,1 1,58,1 1,58,1 12,0,2 1,58,1 0,0,0
0,0,0 0,0,0 0,0,0 0,0,0 0,0,0 0,0,0 0,0,0 0,0,0 0,0,0
0,0,0 0,0,0 0,0,0 0,0,0 0,0,0 0,0,0 0,0,0 0,0,0 0,0,0
0,0,0 0,0,0 0,0,0 0,0,0 0,0,0 0,0,0 0,0,0 0,0,0 0,0,0