MODE 0
BALL 60
STARS 0/2600/3800
ADDLINE 1,142,1 12,0,2 0,0,0 1,142,1 1,142,1 1,142,1 1,142,1 10,0,2 1,142,1
ADDLINE 1,72,1 12,0,2 1,72,1 0,0,0 1,72,1 1,72,1 1,144,1 0,0,0 1,144,1
ADDLINE 1,73,1 12,0,2 0,0,0 0,0,0 1,73,1 1,73,1 1,73,1 1,146,1 20,73,1
ADDLINE 0,0,0 1,162,1 1,162,1 1,162,1 16,81,1 1,162,1 1,162,1 12,0,2 1,162,1
ADDLINE 0,0,0 0,0,0 7,0,2 0,0,0 12,0,2 1,82,1 0,0,0 0,0,0 1,82,1
ADDLINE 1,90,1 1,180,1 1,180,1 1,180,1 11,0,2 0,0,0 0,0,0 12,0,2 0,0,0
ADDLINE 1,196,1 19,98,1 1,196,1 1,196,1 1,196,1 0,0,0 1,196,1 12,0,2 7,0,2
ADDLINE 17,107,1 1,214,1 1,214,1 1,107,1 1,107,1 12,0,2 1,107,1 0,0,0 1,214,1
ADDLINE 1,172,1 1,172,1 1,86,1 1,86,1 1,86,1 12,0,2 0,0,0 0,0,0 1,86,1
ADDLINE 1,95,1 0,0,0 1,95,1 12,0,2 1,95,1 1,95,1 1,95,1 0,0,0 1,95,1
ADDLINE 1,104,1 0,0,0 1,104,1 12,0,2 1,104,1 1,104,1 1,104,1 0,0,0 1,104,1
ADDLINE 1,113,1 12,0,2 1,113,1 0,0,0 1,113,1 1,226,1 1,226,1 0,0,0 1,113,1
ADDLINE 1,130,1 0,0,0 1,130,1 0,0,0 0,0,0 12,0,2 17,130,1 1,260,1 1,130,1
ADDLINE 1,119,1 12,0,2 1,238,1 1,238,1 1,238,1 1,238,1 1,238,1 1,238,1 1,119,1
ADDLINE 1,266,1 12,0,2 1,266,1 19,133,1 1,266,1 1,266,1 1,266,1 11,0,2 1,266,1
1,63,1 0,0,0 1,63,1 12,0,2 1,63,1 0,0,0 1,126,1 11,0,2 1,63,1
1,62,1 0,0,0 1,62,1 0,0,0 1,62,1 1,124,1 17,62,1 12,0,2 0,0,0
1,58,1 0,0,0 1,58,1 12,0,2 1,58,1 1,116,1 1,116,1 1,116,1 1,58,1
1,60,1 12,0,2 1,60,1 0,0,0 1,60,1 0,0,0 0,0,0 0,0,0 0,0,0
1,54,1 1,54,1 1,54,1 1,54,1 1,54,1 12,0,2 1,108,1 1,108,1 1,54,1
0,0,0 0,0,0 0,0,0 12,0,2 0,0,0 0,0,0 0,0,0 19,58,1 1,116,1
0,0,0 0,0,0 0,0,0 0,0,0 0,0,0 0,0,0 0,0,0 0,0,0 0,0,0
0,0,0 0,0,0 0,0,0 0,0,0 0,0,0 0,0,0 0,0,0 0,0,0 0,0,0
0,0,0 0,0,0 0,0,0 0,0,0 0,0,0 0,0,0 0,0,0 0,0,0 0,0,0