MODE 0
BALL 60
STARS 0/2300/3300
ADDLINE 0,0,0 1,71,1 12,0,2 0,0,0 0,0,0 0,0,0 11,0,2 1,142,1 1,71,1
ADDLINE 0,0,0 1,144,1 0,0,0 1,144,1 1,72,1 1,144,1 12,0,2 1,144,1 5,72,1
ADDLINE 0,0,0 1,146,1 10,0,2 1,146,1 1,146,1 1,146,1 12,0,2 0,0,0 0,0,0
ADDLINE 0,0,0 1,162,1 12,0,2 1,162,1 1,81,1 1,81,1 0,0,0 5,81,1 1,81,1
ADDLINE 0,0,0 1,82,1 0,0,0 12,0,2 0,0,0 2,82,1 0,0,0 3,82,1 1,82,1
ADDLINE 0,0,0 3,86,1 1,86,1 1,86,1 1,86,1 1,86,1 12,0,2 1,86,1 1,86,1
ADDLINE 0,0,0 2,98,1 12,0,2 0,0,0 0,0,0 0,0,0 0,0,0 1,98,1 0,0,0
ADDLINE 1,204,1 1,204,1 12,0,2 1,204,1 1,204,1 1,204,1 8,0,2 1,204,1 1,204,1
ADDLINE 0,0,0 0,0,0 0,0,0 1,172,1 1,172,1 1,86,1 0,0,0 1,86,1 12,0,2
ADDLINE 1,95,1 0,0,0 0,0,0 7,0,2 0,0,0 0,0,0 0,0,0 12,0,2 0,0,0
ADDLINE 0,0,0 0,0,0 1,208,1 1,208,1 0,0,0 0,0,0 0,0,0 12,0,2 0,0,0
ADDLINE 0,0,0 3,113,1 12,0,2 0,0,0 0,0,0 1,113,1 2,113,1 1,113,1 1,113,1
ADDLINE 1,130,1 1,130,1 12,0,2 0,0,0 0,0,0 0,0,0 0,0,0 1,260,1 1,260,1
ADDLINE 1,264,1 1,264,1 1,264,1 1,264,1 0,0,0 0,0,0 0,0,0 12,0,2 10,0,2
ADDLINE 1,254,1 1,254,1 1,254,1 1,254,1 1,254,1 12,0,2 1,254,1 1,254,1 10,0,2
1,60,1 1,60,1 1,60,1 3,60,1 1,60,1 1,60,1 12,0,2 0,0,0 1,60,1
1,62,1 0,0,0 0,0,0 12,0,2 1,62,1 1,62,1 0,0,0 0,0,0 1,62,1
4,61,1 3,61,1 5,61,1 0,0,0 12,0,2 1,61,1 1,61,1 0,0,0 0,0,0
1,60,1 1,60,1 1,60,1 1,120,1 0,0,0 12,0,2 0,0,0 0,0,0 0,0,0
3,59,1 0,0,0 0,0,0 1,118,1 11,0,2 12,0,2 0,0,0 0,0,0 1,59,1
2,56,1 1,56,1 12,0,2 1,56,1 0,0,0 1,56,1 1,56,1 1,56,1 5,56,1
0,0,0 0,0,0 0,0,0 0,0,0 0,0,0 0,0,0 0,0,0 0,0,0 0,0,0
0,0,0 0,0,0 0,0,0 0,0,0 0,0,0 0,0,0 0,0,0 0,0,0 0,0,0
0,0,0 0,0,0 0,0,0 0,0,0 0,0,0 0,0,0 0,0,0 0,0,0 0,0,0