MODE 0
BALL 60
STARS 0/2700/3800
ADDLINE 0,0,0 0,0,0 0,0,0 0,0,0 12,0,2 0,0,0 4,71,1 1,71,1 1,71,1
ADDLINE 0,0,0 1,68,1 1,68,1 5,68,1 1,68,1 12,0,2 1,68,1 1,68,1 3,68,1
ADDLINE 0,0,0 1,69,1 1,69,1 1,69,1 1,69,1 12,0,2 5,69,1 1,69,1 1,69,1
ADDLINE 0,0,0 12,0,2 0,0,0 0,0,0 1,81,1 3,81,1 0,0,0 1,81,1 0,0,0
ADDLINE 1,82,1 5,82,1 1,82,1 0,0,0 12,0,2 1,82,1 1,82,1 1,82,1 0,0,0
ADDLINE 1,86,1 1,86,1 1,86,1 1,86,1 5,86,1 12,0,2 4,86,1 1,86,1 0,0,0
ADDLINE 5,94,1 1,94,1 1,94,1 1,94,1 1,94,1 12,0,2 4,94,1 1,94,1 0,0,0
ADDLINE 1,107,1 2,107,1 0,0,0 0,0,0 0,0,0 1,107,1 0,0,0 12,0,2 0,0,0
ADDLINE 1,86,1 1,86,1 0,0,0 0,0,0 0,0,0 12,0,2 0,0,0 2,86,1 1,86,1
ADDLINE 1,95,1 12,0,2 0,0,0 0,0,0 1,95,1 0,0,0 1,95,1 0,0,0 0,0,0
ADDLINE 1,99,1 1,99,1 1,99,1 1,99,1 4,99,1 12,0,2 5,99,1 0,0,0 1,99,1
ADDLINE 1,113,1 0,0,0 0,0,0 12,0,2 0,0,0 0,0,0 2,113,1 0,0,0 0,0,0
ADDLINE 1,124,1 1,124,1 1,124,1 1,124,1 1,124,1 12,0,2 1,124,1 0,0,0 1,124,1
ADDLINE 0,0,0 0,0,0 3,132,1 4,132,1 1,132,1 0,0,0 5,132,1 12,0,2 1,132,1
ADDLINE 1,120,1 1,120,1 1,120,1 1,120,1 1,120,1 5,120,1 3,120,1 12,0,2 1,120,1
0,0,0 4,63,1 4,63,1 1,63,1 1,63,1 1,63,1 0,0,0 1,63,1 12,0,2
0,0,0 0,0,0 12,0,2 2,62,1 0,0,0 0,0,0 0,0,0 1,62,1 0,0,0
1,55,1 1,55,1 3,55,1 1,55,1 1,55,1 1,55,1 1,55,1 1,55,1 12,0,2
0,0,0 1,60,1 0,0,0 0,0,0 12,0,2 0,0,0 0,0,0 0,0,0 0,0,0
0,0,0 1,57,1 12,0,2 1,57,1 4,57,1 1,57,1 1,57,1 1,57,1 5,57,1
0,0,0 1,58,1 12,0,2 2,58,1 1,58,1 1,58,1 0,0,0 1,58,1 0,0,0
0,0,0 0,0,0 0,0,0 0,0,0 0,0,0 0,0,0 0,0,0 0,0,0 0,0,0
0,0,0 0,0,0 0,0,0 0,0,0 0,0,0 0,0,0 0,0,0 0,0,0 0,0,0
0,0,0 0,0,0 0,0,0 0,0,0 0,0,0 0,0,0 0,0,0 0,0,0 0,0,0