MODE 0
BALL 60
STARS 0/2500/3600
ADDLINE 0,0,0 1,71,1 0,0,0 0,0,0 0,0,0 1,71,1 0,0,0 0,0,0 12,0,2
ADDLINE 5,68,1 4,68,1 12,0,2 4,68,1 1,68,1 1,68,1 1,68,1 1,68,1 0,0,0
ADDLINE 0,0,0 1,73,1 12,0,2 1,73,1 3,73,1 1,73,1 1,73,1 1,73,1 0,0,0
ADDLINE 0,0,0 1,81,1 12,0,2 3,81,1 1,81,1 3,81,1 4,81,1 1,81,1 0,0,0
ADDLINE 0,0,0 0,0,0 0,0,0 0,0,0 0,0,0 2,82,1 12,0,2 1,82,1 0,0,0
ADDLINE 1,86,1 1,86,1 12,0,2 1,86,1 1,86,1 1,86,1 1,86,1 1,86,1 0,0,0
ADDLINE 0,0,0 1,98,1 12,0,2 1,98,1 0,0,0 0,0,0 0,0,0 0,0,0 0,0,0
ADDLINE 1,102,1 2,102,1 12,0,2 1,102,1 5,102,1 5,102,1 1,102,1 1,102,1 0,0,0
ADDLINE 0,0,0 1,86,1 0,0,0 1,86,1 1,86,1 4,86,1 1,86,1 1,86,1 12,0,2
ADDLINE 5,95,1 0,0,0 1,95,1 1,95,1 1,95,1 1,95,1 2,95,1 12,0,2 0,0,0
ADDLINE 1,104,1 0,0,0 0,0,0 0,0,0 12,0,2 2,104,1 1,104,1 3,104,1 0,0,0
ADDLINE 1,113,1 1,113,1 1,113,1 1,113,1 0,0,0 0,0,0 0,0,0 12,0,2 0,0,0
ADDLINE 1,124,1 1,124,1 1,124,1 4,124,1 1,124,1 4,124,1 12,0,2 0,0,0 1,124,1
ADDLINE 1,125,1 1,125,1 2,125,1 1,125,1 1,125,1 1,125,1 12,0,2 0,0,0 1,125,1
ADDLINE 2,133,1 1,133,1 1,133,1 1,133,1 5,133,1 12,0,2 0,0,0 0,0,0 0,0,0
0,0,0 0,0,0 0,0,0 0,0,0 1,63,1 1,63,1 5,63,1 0,0,0 12,0,2
0,0,0 4,62,1 1,62,1 1,62,1 0,0,0 12,0,2 0,0,0 1,62,1 0,0,0
0,0,0 0,0,0 12,0,2 1,61,1 1,61,1 1,61,1 1,61,1 2,61,1 0,0,0
0,0,0 12,0,2 1,60,1 1,60,1 3,60,1 1,60,1 1,60,1 1,60,1 0,0,0
0,0,0 1,59,1 0,0,0 1,59,1 5,59,1 12,0,2 1,59,1 0,0,0 1,59,1
0,0,0 5,58,1 1,58,1 0,0,0 0,0,0 1,58,1 12,0,2 2,58,1 1,58,1
0,0,0 0,0,0 0,0,0 0,0,0 0,0,0 0,0,0 0,0,0 0,0,0 0,0,0
0,0,0 0,0,0 0,0,0 0,0,0 0,0,0 0,0,0 0,0,0 0,0,0 0,0,0
0,0,0 0,0,0 0,0,0 0,0,0 0,0,0 0,0,0 0,0,0 0,0,0 0,0,0