MODE 0
BALL 60
STARS 0/3500/5000
ADDLINE 0,0,0 12,0,2 0,0,0 0,0,0 0,0,0 0,0,0 0,0,0 1,142,1 1,142,1
ADDLINE 0,0,0 2,68,1 1,68,1 1,68,1 1,68,1 4,68,1 12,0,2 1,68,1 1,68,1
ADDLINE 0,0,0 12,0,2 0,0,0 0,0,0 0,0,0 0,0,0 0,0,0 1,73,1 1,73,1
ADDLINE 0,0,0 1,81,1 0,0,0 12,0,2 0,0,0 0,0,0 1,81,1 2,81,1 1,81,1
ADDLINE 0,0,0 12,0,2 1,82,1 3,82,1 0,0,0 1,82,1 1,82,1 1,82,1 5,82,1
ADDLINE 1,81,1 12,0,2 1,81,1 1,81,1 1,162,1 1,162,1 1,162,1 3,81,1 1,81,1
ADDLINE 0,0,0 12,0,2 1,98,1 1,98,1 1,196,1 17,98,1 1,196,1 1,98,1 1,98,1
ADDLINE 0,0,0 0,0,0 0,0,0 12,0,2 0,0,0 1,214,1 1,214,1 3,107,1 1,107,1
ADDLINE 1,86,1 1,86,1 0,0,0 12,0,2 0,0,0 2,86,1 1,86,1 5,86,1 1,86,1
ADDLINE 5,95,1 2,95,1 0,0,0 12,0,2 1,95,1 1,95,1 1,95,1 1,95,1 0,0,0
ADDLINE 1,94,1 1,94,1 12,0,2 1,94,1 4,94,1 1,94,1 1,94,1 1,94,1 4,94,1
ADDLINE 0,0,0 12,0,2 0,0,0 0,0,0 0,0,0 0,0,0 1,226,1 1,226,1 0,0,0
ADDLINE 1,248,1 1,248,1 1,248,1 1,248,1 1,248,1 1,248,1 12,0,2 19,124,1 1,248,1
ADDLINE 0,0,0 12,0,2 1,264,1 1,264,1 0,0,0 0,0,0 0,0,0 1,264,1 1,132,1
ADDLINE 1,254,1 1,254,1 12,0,2 19,127,1 1,254,1 1,254,1 1,254,1 1,254,1 1,254,1
1,120,1 1,120,1 1,60,1 5,60,1 1,122,1 12,0,2 1,60,1 1,120,1 17,60,1
19,62,1 1,124,1 1,124,1 12,0,2 1,124,1 1,124,1 1,124,1 1,124,1 0,0,0
1,122,1 0,0,0 1,61,1 12,0,2 1,122,1 0,0,0 1,61,1 2,61,1 1,122,1
0,0,0 1,120,1 1,120,1 1,120,1 16,60,1 1,120,1 1,120,1 1,120,1 12,0,2
1,54,1 3,54,1 1,54,1 12,0,2 1,108,1 1,108,1 5,54,1 1,54,1 1,108,1
0,0,0 0,0,0 1,58,1 1,116,1 17,58,1 0,0,0 12,0,2 0,0,0 0,0,0
0,0,0 0,0,0 0,0,0 0,0,0 0,0,0 0,0,0 0,0,0 0,0,0 0,0,0
0,0,0 0,0,0 0,0,0 0,0,0 0,0,0 0,0,0 0,0,0 0,0,0 0,0,0
0,0,0 0,0,0 0,0,0 0,0,0 0,0,0 0,0,0 0,0,0 0,0,0 0,0,0