MODE 0
BALL 50
STARS 0/1300/2100
0,0,0 0,0,0 12,0,2 1,41,1 1,41,1 1,41,1 0,0,0 1,41,1 1,41,1
1,38,1 1,38,1 0,0,0 5,38,1 3,38,1 1,38,1 12,0,2 1,38,1 1,38,1
1,39,1 1,39,1 0,0,0 2,39,1 0,0,0 12,0,2 0,0,0 6,39,1 1,39,1
1,37,1 0,0,0 3,37,1 3,37,1 12,0,2 1,37,1 1,37,1 1,37,1 1,37,1
0,0,0 3,38,1 0,0,0 0,0,0 0,0,0 0,0,0 5,38,1 12,0,2 0,0,0
0,0,0 1,37,1 2,37,1 5,37,1 1,37,1 2,37,1 0,0,0 1,37,1 12,0,2
0,0,0 0,0,0 0,0,0 0,0,0 0,0,0 0,0,0 0,0,0 0,0,0 0,0,0
0,0,0 0,0,0 0,0,0 0,0,0 0,0,0 0,0,0 0,0,0 0,0,0 0,0,0
0,0,0 0,0,0 0,0,0 0,0,0 0,0,0 0,0,0 0,0,0 0,0,0 0,0,0