MODE 0
BALL 60
STARS 0/2800/4000
ADDLINE 0,0,0 1,70,1 0,0,0 0,0,0 0,0,0 1,140,1 12,0,2 1,140,1 1,70,1
ADDLINE 0,0,0 1,142,1 1,142,1 1,142,1 12,0,2 1,142,1 10,0,2 1,142,1 1,142,1
ADDLINE 0,0,0 0,0,0 12,0,2 1,72,1 0,0,0 1,144,1 0,0,0 0,0,0 0,0,0
ADDLINE 1,76,1 1,76,1 1,76,1 1,76,1 12,0,2 1,152,1 11,0,2 1,152,1 1,76,1
ADDLINE 0,0,0 12,0,2 0,0,0 0,0,0 0,0,0 1,162,1 0,0,0 1,162,1 1,81,1
ADDLINE 1,80,1 1,80,1 1,80,1 1,80,1 1,80,1 1,80,1 12,0,2 1,80,1 1,80,1
ADDLINE 1,97,1 1,97,1 1,97,1 1,97,1 12,0,2 0,0,0 0,0,0 1,97,1 0,0,0
ADDLINE 1,95,1 1,95,1 1,95,1 1,190,1 1,190,1 1,190,1 1,95,1 1,95,1 12,0,2
ADDLINE 1,85,1 1,85,1 1,85,1 1,170,1 7,0,2 12,0,2 0,0,0 0,0,0 0,0,0
ADDLINE 1,89,1 1,89,1 12,0,2 1,178,1 1,178,1 1,178,1 1,178,1 7,0,2 1,89,1
ADDLINE 1,102,1 1,102,1 12,0,2 1,102,1 1,102,1 1,102,1 0,0,0 0,0,0 1,102,1
ADDLINE 1,111,1 1,111,1 0,0,0 12,0,2 1,111,1 1,111,1 0,0,0 1,111,1 0,0,0
ADDLINE 1,128,1 1,128,1 1,128,1 0,0,0 0,0,0 12,0,2 0,0,0 0,0,0 0,0,0
ADDLINE 1,117,1 1,117,1 1,117,1 12,0,2 1,117,1 1,117,1 1,117,1 1,117,1 1,117,1
ADDLINE 1,132,1 1,132,1 0,0,0 0,0,0 0,0,0 0,0,0 12,0,2 0,0,0 0,0,0
1,56,1 1,112,1 1,112,1 1,56,1 12,0,2 1,56,1 1,56,1 1,56,1 1,56,1
1,61,1 17,61,1 0,0,0 1,61,1 12,0,2 1,61,1 0,0,0 0,0,0 1,61,1
0,0,0 1,120,1 0,0,0 0,0,0 1,60,1 0,0,0 12,0,2 1,60,1 0,0,0
1,51,1 1,102,1 1,51,1 1,51,1 1,51,1 1,51,1 1,51,1 1,51,1 1,51,1
0,0,0 1,118,1 0,0,0 0,0,0 1,59,1 0,0,0 0,0,0 1,59,1 12,0,2
1,58,1 12,0,2 0,0,0 1,58,1 0,0,0 1,58,1 0,0,0 0,0,0 1,58,1
0,0,0 0,0,0 0,0,0 0,0,0 0,0,0 0,0,0 0,0,0 0,0,0 0,0,0
0,0,0 0,0,0 0,0,0 0,0,0 0,0,0 0,0,0 0,0,0 0,0,0 0,0,0
0,0,0 0,0,0 0,0,0 0,0,0 0,0,0 0,0,0 0,0,0 0,0,0 0,0,0