MODE 0
BALL 60
STARS 0/2300/3400
ADDLINE 1,71,1 1,71,1 0,0,0 0,0,0 12,0,2 0,0,0 0,0,0 0,0,0 0,0,0
ADDLINE 1,68,1 1,68,1 12,0,2 1,68,1 1,68,1 1,68,1 1,68,1 1,68,1 0,0,0
ADDLINE 1,73,1 1,73,1 0,0,0 12,0,2 0,0,0 1,73,1 1,73,1 1,73,1 0,0,0
ADDLINE 1,81,1 1,81,1 12,0,2 1,81,1 0,0,0 1,81,1 1,81,1 1,81,1 0,0,0
ADDLINE 1,82,1 1,82,1 12,0,2 0,0,0 0,0,0 1,82,1 1,82,1 0,0,0 0,0,0
ADDLINE 1,90,1 1,90,1 1,90,1 1,90,1 0,0,0 12,0,2 0,0,0 0,0,0 1,90,1
ADDLINE 1,94,1 1,94,1 1,94,1 1,94,1 12,0,2 1,94,1 1,94,1 0,0,0 1,94,1
ADDLINE 1,102,1 1,102,1 1,102,1 1,102,1 1,102,1 12,0,2 1,102,1 0,0,0 1,102,1
ADDLINE 1,86,1 1,86,1 1,86,1 1,86,1 1,86,1 12,0,2 0,0,0 0,0,0 0,0,0
ADDLINE 0,0,0 12,0,2 0,0,0 0,0,0 0,0,0 0,0,0 1,95,1 0,0,0 1,95,1
ADDLINE 1,94,1 1,94,1 1,94,1 1,94,1 1,94,1 1,94,1 1,94,1 12,0,2 1,94,1
ADDLINE 0,0,0 0,0,0 12,0,2 0,0,0 1,113,1 0,0,0 0,0,0 0,0,0 1,113,1
ADDLINE 1,124,1 12,0,2 1,124,1 1,124,1 1,124,1 0,0,0 1,124,1 1,124,1 1,124,1
ADDLINE 1,125,1 12,0,2 1,125,1 1,125,1 1,125,1 0,0,0 1,125,1 1,125,1 1,125,1
ADDLINE 1,127,1 12,0,2 1,127,1 1,127,1 1,127,1 0,0,0 1,127,1 1,127,1 1,127,1
0,0,0 1,63,1 0,0,0 1,63,1 12,0,2 1,63,1 0,0,0 0,0,0 0,0,0
0,0,0 1,62,1 12,0,2 1,62,1 0,0,0 1,62,1 0,0,0 1,62,1 0,0,0
0,0,0 1,61,1 12,0,2 1,61,1 0,0,0 0,0,0 0,0,0 1,61,1 0,0,0
0,0,0 1,57,1 1,57,1 1,57,1 1,57,1 1,57,1 1,57,1 1,57,1 12,0,2
0,0,0 1,59,1 0,0,0 0,0,0 0,0,0 0,0,0 0,0,0 1,59,1 12,0,2
0,0,0 1,58,1 12,0,2 1,58,1 1,58,1 1,58,1 0,0,0 1,58,1 0,0,0
0,0,0 0,0,0 0,0,0 0,0,0 0,0,0 0,0,0 0,0,0 0,0,0 0,0,0
0,0,0 0,0,0 0,0,0 0,0,0 0,0,0 0,0,0 0,0,0 0,0,0 0,0,0
0,0,0 0,0,0 0,0,0 0,0,0 0,0,0 0,0,0 0,0,0 0,0,0 0,0,0