MODE 0
BALL 60
STARS 0/2800/4000
ADDLINE 1,67,1 1,67,1 12,0,2 1,67,1 1,67,1 1,67,1 1,67,1 1,67,1 0,0,0
ADDLINE 1,65,1 1,65,1 12,0,2 1,65,1 1,65,1 1,65,1 1,65,1 1,65,1 1,65,1
ADDLINE 0,0,0 0,0,0 0,0,0 0,0,0 0,0,0 1,73,1 12,0,2 1,73,1 0,0,0
ADDLINE 0,0,0 1,81,1 1,81,1 1,81,1 12,0,2 1,81,1 0,0,0 1,81,1 0,0,0
ADDLINE 0,0,0 1,82,1 0,0,0 1,82,1 12,0,2 1,82,1 0,0,0 0,0,0 0,0,0
ADDLINE 1,90,1 1,90,1 0,0,0 1,90,1 12,0,2 1,90,1 1,90,1 1,90,1 0,0,0
ADDLINE 1,98,1 1,98,1 0,0,0 1,98,1 0,0,0 0,0,0 12,0,2 1,98,1 0,0,0
ADDLINE 1,102,1 1,102,1 12,0,2 1,102,1 1,102,1 1,102,1 0,0,0 1,102,1 1,102,1
ADDLINE 1,86,1 1,86,1 0,0,0 0,0,0 0,0,0 1,86,1 0,0,0 12,0,2 0,0,0
ADDLINE 1,90,1 1,90,1 1,90,1 12,0,2 1,90,1 0,0,0 1,90,1 1,90,1 1,90,1
ADDLINE 1,104,1 1,104,1 0,0,0 12,0,2 1,104,1 0,0,0 1,104,1 1,104,1 1,104,1
ADDLINE 1,113,1 1,113,1 0,0,0 12,0,2 1,113,1 0,0,0 0,0,0 0,0,0 0,0,0
ADDLINE 1,130,1 1,130,1 1,130,1 0,0,0 1,130,1 12,0,2 1,130,1 1,130,1 0,0,0
ADDLINE 1,132,1 1,132,1 1,132,1 0,0,0 0,0,0 12,0,2 1,132,1 1,132,1 0,0,0
ADDLINE 1,133,1 1,133,1 0,0,0 0,0,0 1,133,1 1,133,1 0,0,0 12,0,2 0,0,0
0,0,0 12,0,2 1,63,1 1,63,1 1,63,1 1,63,1 1,63,1 0,0,0 0,0,0
0,0,0 1,62,1 1,62,1 1,62,1 1,62,1 1,62,1 1,62,1 0,0,0 12,0,2
0,0,0 12,0,2 1,61,1 1,61,1 1,61,1 1,61,1 1,61,1 0,0,0 1,61,1
1,60,1 1,60,1 1,60,1 1,60,1 0,0,0 0,0,0 12,0,2 0,0,0 1,60,1
1,59,1 1,59,1 12,0,2 0,0,0 1,59,1 1,59,1 0,0,0 0,0,0 1,59,1
1,58,1 0,0,0 12,0,2 0,0,0 1,58,1 1,58,1 0,0,0 0,0,0 1,58,1
0,0,0 0,0,0 0,0,0 0,0,0 0,0,0 0,0,0 0,0,0 0,0,0 0,0,0
0,0,0 0,0,0 0,0,0 0,0,0 0,0,0 0,0,0 0,0,0 0,0,0 0,0,0
0,0,0 0,0,0 0,0,0 0,0,0 0,0,0 0,0,0 0,0,0 0,0,0 0,0,0