MODE 0
BALL 60
STARS 0/3100/4500
ADDLINE 1,67,1 12,0,2 1,67,1 1,67,1 1,67,1 0,0,0 1,67,1 1,67,1 1,67,1
ADDLINE 1,72,1 0,0,0 0,0,0 0,0,0 12,0,2 0,0,0 1,72,1 1,144,1 1,144,1
ADDLINE 1,73,1 1,73,1 12,0,2 1,146,1 0,0,0 1,73,1 1,73,1 1,146,1 20,73,1
ADDLINE 1,162,1 1,162,1 1,162,1 19,81,1 1,162,1 12,0,2 0,0,0 1,162,1 1,162,1
ADDLINE 0,0,0 0,0,0 1,164,1 1,164,1 1,164,1 1,164,1 12,0,2 1,82,1 1,82,1
ADDLINE 0,0,0 1,180,1 1,180,1 12,0,2 1,180,1 19,90,1 1,180,1 1,180,1 1,180,1
ADDLINE 1,98,1 1,98,1 1,98,1 0,0,0 12,0,2 1,196,1 1,196,1 0,0,0 1,98,1
ADDLINE 1,204,1 1,204,1 1,204,1 1,204,1 12,0,2 1,204,1 19,102,1 1,204,1 1,204,1
ADDLINE 17,86,1 1,172,1 1,86,1 0,0,0 0,0,0 12,0,2 1,172,1 1,172,1 1,86,1
ADDLINE 1,180,1 1,180,1 1,90,1 12,0,2 1,90,1 1,90,1 1,90,1 0,0,0 1,90,1
ADDLINE 1,99,1 1,99,1 1,99,1 12,0,2 1,99,1 1,99,1 1,99,1 0,0,0 1,99,1
ADDLINE 1,113,1 1,113,1 1,113,1 0,0,0 1,113,1 12,0,2 1,113,1 0,0,0 1,113,1
ADDLINE 1,124,1 1,124,1 1,124,1 1,248,1 1,248,1 12,0,2 1,124,1 0,0,0 1,124,1
ADDLINE 0,0,0 0,0,0 1,132,1 0,0,0 17,132,1 1,264,1 1,132,1 12,0,2 0,0,0
ADDLINE 1,120,1 1,120,1 1,120,1 1,120,1 1,120,1 12,0,2 1,120,1 1,120,1 1,120,1
0,0,0 1,126,1 0,0,0 1,63,1 12,0,2 1,63,1 1,63,1 1,63,1 1,63,1
0,0,0 1,124,1 12,0,2 1,62,1 0,0,0 0,0,0 0,0,0 1,62,1 0,0,0
1,58,1 1,116,1 12,0,2 1,58,1 1,58,1 1,58,1 1,58,1 1,58,1 0,0,0
1,60,1 1,120,1 0,0,0 1,60,1 12,0,2 0,0,0 0,0,0 1,60,1 0,0,0
1,59,1 1,118,1 12,0,2 1,59,1 0,0,0 1,59,1 1,59,1 1,59,1 0,0,0
0,0,0 17,58,1 0,0,0 1,58,1 0,0,0 12,0,2 0,0,0 0,0,0 0,0,0
0,0,0 0,0,0 0,0,0 0,0,0 0,0,0 0,0,0 0,0,0 0,0,0 0,0,0
0,0,0 0,0,0 0,0,0 0,0,0 0,0,0 0,0,0 0,0,0 0,0,0 0,0,0
0,0,0 0,0,0 0,0,0 0,0,0 0,0,0 0,0,0 0,0,0 0,0,0 0,0,0