MODE 0
BALL 60
STARS 0/2700/3800
ADDLINE 1,71,1 0,0,0 1,71,1 4,71,1 5,71,1 12,0,2 1,71,1 0,0,0 1,71,1
ADDLINE 1,72,1 0,0,0 0,0,0 12,0,2 1,72,1 0,0,0 1,72,1 0,0,0 1,72,1
ADDLINE 2,69,1 12,0,2 1,69,1 1,69,1 1,69,1 0,0,0 1,69,1 1,69,1 5,69,1
ADDLINE 0,0,0 0,0,0 1,81,1 0,0,0 1,81,1 0,0,0 1,81,1 12,0,2 0,0,0
ADDLINE 1,78,1 12,0,2 1,78,1 1,78,1 5,78,1 1,78,1 1,78,1 0,0,0 4,78,1
ADDLINE 1,86,1 12,0,2 4,86,1 1,86,1 1,86,1 2,86,1 1,86,1 0,0,0 1,86,1
ADDLINE 1,94,1 12,0,2 1,94,1 3,94,1 1,94,1 4,94,1 1,94,1 0,0,0 2,94,1
ADDLINE 1,107,1 0,0,0 0,0,0 0,0,0 0,0,0 0,0,0 0,0,0 12,0,2 0,0,0
ADDLINE 1,82,1 12,0,2 1,82,1 1,82,1 1,82,1 3,82,1 1,82,1 0,0,0 1,82,1
ADDLINE 0,0,0 12,0,2 0,0,0 0,0,0 0,0,0 1,95,1 1,95,1 1,95,1 1,95,1
ADDLINE 12,0,2 1,94,1 1,94,1 2,94,1 1,94,1 1,94,1 1,94,1 2,94,1 3,94,1
ADDLINE 0,0,0 5,113,1 0,0,0 0,0,0 12,0,2 0,0,0 0,0,0 1,113,1 1,113,1
ADDLINE 0,0,0 0,0,0 0,0,0 1,130,1 1,130,1 0,0,0 12,0,2 0,0,0 0,0,0
ADDLINE 0,0,0 1,125,1 1,125,1 1,125,1 12,0,2 1,125,1 1,125,1 1,125,1 1,125,1
ADDLINE 0,0,0 2,127,1 5,127,1 5,127,1 12,0,2 1,127,1 1,127,1 1,127,1 4,127,1
4,63,1 0,0,0 0,0,0 0,0,0 1,63,1 0,0,0 12,0,2 0,0,0 1,63,1
1,59,1 1,59,1 12,0,2 1,59,1 5,59,1 3,59,1 0,0,0 1,59,1 1,59,1
4,58,1 12,0,2 1,58,1 1,58,1 1,58,1 0,0,0 1,58,1 1,58,1 1,58,1
0,0,0 0,0,0 1,60,1 1,60,1 12,0,2 1,60,1 3,60,1 1,60,1 0,0,0
0,0,0 5,59,1 0,0,0 1,59,1 0,0,0 1,59,1 12,0,2 1,59,1 0,0,0
1,58,1 12,0,2 0,0,0 0,0,0 1,58,1 0,0,0 0,0,0 0,0,0 4,58,1
0,0,0 0,0,0 0,0,0 0,0,0 0,0,0 0,0,0 0,0,0 0,0,0 0,0,0
0,0,0 0,0,0 0,0,0 0,0,0 0,0,0 0,0,0 0,0,0 0,0,0 0,0,0
0,0,0 0,0,0 0,0,0 0,0,0 0,0,0 0,0,0 0,0,0 0,0,0 0,0,0