MODE 0
BALL 60
STARS 0/2400/3500
ADDLINE 0,0,0 1,67,1 1,67,1 1,67,1 1,67,1 1,67,1 1,67,1 3,67,1 12,0,2
ADDLINE 0,0,0 12,0,2 0,0,0 0,0,0 1,72,1 5,72,1 1,72,1 5,72,1 0,0,0
ADDLINE 4,73,1 1,73,1 12,0,2 0,0,0 1,73,1 1,73,1 1,73,1 1,73,1 0,0,0
ADDLINE 1,81,1 1,81,1 0,0,0 3,81,1 1,81,1 1,81,1 4,81,1 12,0,2 0,0,0
ADDLINE 1,82,1 1,82,1 0,0,0 1,82,1 2,82,1 1,82,1 1,82,1 12,0,2 0,0,0
ADDLINE 0,0,0 0,0,0 12,0,2 0,0,0 1,90,1 1,90,1 0,0,0 0,0,0 2,90,1
ADDLINE 0,0,0 1,98,1 5,98,1 1,98,1 1,98,1 1,98,1 1,98,1 0,0,0 12,0,2
ADDLINE 0,0,0 1,107,1 3,107,1 1,107,1 3,107,1 1,107,1 1,107,1 12,0,2 0,0,0
ADDLINE 0,0,0 0,0,0 0,0,0 12,0,2 1,86,1 1,86,1 2,86,1 0,0,0 0,0,0
ADDLINE 3,90,1 1,90,1 1,90,1 2,90,1 1,90,1 12,0,2 1,90,1 0,0,0 5,90,1
ADDLINE 1,104,1 1,104,1 3,104,1 1,104,1 1,104,1 0,0,0 12,0,2 0,0,0 0,0,0
ADDLINE 1,102,1 2,102,1 1,102,1 1,102,1 1,102,1 12,0,2 1,102,1 1,102,1 1,102,1
ADDLINE 0,0,0 0,0,0 0,0,0 0,0,0 0,0,0 0,0,0 1,130,1 12,0,2 0,0,0
ADDLINE 1,125,1 12,0,2 1,125,1 3,125,1 4,125,1 1,125,1 1,125,1 0,0,0 1,125,1
ADDLINE 5,133,1 0,0,0 1,133,1 12,0,2 0,0,0 0,0,0 0,0,0 0,0,0 1,133,1
0,0,0 1,60,1 1,60,1 1,60,1 12,0,2 1,60,1 1,60,1 4,60,1 4,60,1
0,0,0 0,0,0 0,0,0 1,62,1 12,0,2 5,62,1 0,0,0 0,0,0 0,0,0
1,61,1 1,61,1 0,0,0 1,61,1 1,61,1 1,61,1 12,0,2 2,61,1 0,0,0
0,0,0 0,0,0 12,0,2 1,60,1 0,0,0 0,0,0 0,0,0 1,60,1 0,0,0
0,0,0 1,59,1 4,59,1 1,59,1 0,0,0 1,59,1 2,59,1 1,59,1 12,0,2
0,0,0 0,0,0 12,0,2 1,58,1 0,0,0 1,58,1 0,0,0 0,0,0 0,0,0
0,0,0 0,0,0 0,0,0 0,0,0 0,0,0 0,0,0 0,0,0 0,0,0 0,0,0
0,0,0 0,0,0 0,0,0 0,0,0 0,0,0 0,0,0 0,0,0 0,0,0 0,0,0
0,0,0 0,0,0 0,0,0 0,0,0 0,0,0 0,0,0 0,0,0 0,0,0 0,0,0