MODE 0
BALL 60
STARS 0/3200/4500
ADDLINE 0,0,0 3,71,1 0,0,0 0,0,0 12,0,2 1,71,1 4,71,1 1,71,1 0,0,0
ADDLINE 0,0,0 1,72,1 12,0,2 1,72,1 0,0,0 1,144,1 1,144,1 1,144,1 0,0,0
ADDLINE 0,0,0 1,146,1 0,0,0 1,146,1 0,0,0 1,146,1 10,0,2 12,0,2 0,0,0
ADDLINE 0,0,0 1,81,1 0,0,0 1,81,1 12,0,2 1,162,1 1,162,1 1,162,1 0,0,0
ADDLINE 0,0,0 1,164,1 0,0,0 1,82,1 0,0,0 4,82,1 12,0,2 0,0,0 0,0,0
ADDLINE 1,90,1 7,0,2 12,0,2 1,90,1 1,90,1 5,90,1 1,180,1 20,90,1 1,90,1
ADDLINE 0,0,0 1,196,1 0,0,0 12,0,2 0,0,0 1,98,1 1,196,1 1,196,1 0,0,0
ADDLINE 0,0,0 5,107,1 1,107,1 3,107,1 0,0,0 1,214,1 1,214,1 1,214,1 12,0,2
ADDLINE 0,0,0 1,86,1 1,86,1 1,172,1 0,0,0 1,172,1 20,86,1 1,172,1 12,0,2
ADDLINE 16,95,1 1,190,1 1,190,1 1,190,1 7,0,2 1,190,1 1,190,1 12,0,2 0,0,0
ADDLINE 1,94,1 5,94,1 12,0,2 1,188,1 1,188,1 1,188,1 1,94,1 3,94,1 1,94,1
ADDLINE 1,113,1 1,226,1 0,0,0 1,113,1 1,113,1 1,113,1 0,0,0 12,0,2 0,0,0
ADDLINE 0,0,0 7,0,2 12,0,2 1,130,1 1,130,1 1,130,1 1,130,1 1,130,1 1,130,1
ADDLINE 3,132,1 1,264,1 0,0,0 0,0,0 1,132,1 1,132,1 12,0,2 0,0,0 2,132,1
ADDLINE 1,266,1 19,133,1 1,266,1 1,266,1 1,266,1 1,266,1 12,0,2 1,266,1 0,0,0
1,63,1 1,126,1 12,0,2 17,63,1 0,0,0 1,126,1 1,126,1 5,63,1 1,63,1
1,124,1 17,62,1 1,124,1 0,0,0 12,0,2 19,62,1 1,124,1 1,124,1 1,124,1
1,61,1 1,122,1 0,0,0 0,0,0 1,122,1 0,0,0 12,0,2 0,0,0 0,0,0
1,57,1 1,114,1 12,0,2 2,114,1 1,114,1 1,114,1 1,114,1 1,57,1 0,0,0
0,0,0 12,0,2 1,118,1 1,118,1 1,118,1 19,59,1 1,118,1 1,118,1 1,118,1
0,0,0 1,116,1 1,116,1 1,116,1 1,116,1 19,58,1 12,0,2 1,116,1 20,58,1
0,0,0 0,0,0 0,0,0 0,0,0 0,0,0 0,0,0 0,0,0 0,0,0 0,0,0
0,0,0 0,0,0 0,0,0 0,0,0 0,0,0 0,0,0 0,0,0 0,0,0 0,0,0
0,0,0 0,0,0 0,0,0 0,0,0 0,0,0 0,0,0 0,0,0 0,0,0 0,0,0