MODE 0
BALL 60
STARS 0/2300/3300
ADDLINE 2,71,1 1,71,1 1,71,1 0,0,0 0,0,0 0,0,0 0,0,0 12,0,2 0,0,0
ADDLINE 1,68,1 1,68,1 1,68,1 1,68,1 1,68,1 12,0,2 1,68,1 3,68,1 0,0,0
ADDLINE 3,69,1 5,69,1 1,69,1 1,69,1 1,69,1 12,0,2 1,69,1 1,69,1 0,0,0
ADDLINE 4,81,1 1,81,1 1,81,1 1,81,1 0,0,0 12,0,2 1,81,1 1,81,1 0,0,0
ADDLINE 3,82,1 12,0,2 0,0,0 0,0,0 0,0,0 2,82,1 0,0,0 1,82,1 0,0,0
ADDLINE 0,0,0 1,90,1 1,90,1 1,90,1 0,0,0 1,90,1 0,0,0 12,0,2 0,0,0
ADDLINE 0,0,0 1,98,1 1,98,1 1,98,1 4,98,1 12,0,2 0,0,0 3,98,1 1,98,1
ADDLINE 0,0,0 1,107,1 12,0,2 0,0,0 0,0,0 0,0,0 4,107,1 1,107,1 1,107,1
ADDLINE 0,0,0 0,0,0 1,86,1 1,86,1 1,86,1 2,86,1 1,86,1 12,0,2 1,86,1
ADDLINE 1,95,1 5,95,1 0,0,0 1,95,1 12,0,2 1,95,1 0,0,0 0,0,0 0,0,0
ADDLINE 1,104,1 1,104,1 0,0,0 4,104,1 12,0,2 1,104,1 0,0,0 1,104,1 1,104,1
ADDLINE 0,0,0 0,0,0 0,0,0 1,113,1 12,0,2 0,0,0 0,0,0 3,113,1 0,0,0
ADDLINE 0,0,0 4,130,1 2,130,1 1,130,1 0,0,0 1,130,1 5,130,1 1,130,1 12,0,2
ADDLINE 0,0,0 1,132,1 0,0,0 0,0,0 12,0,2 1,132,1 1,132,1 1,132,1 0,0,0
ADDLINE 0,0,0 2,133,1 1,133,1 1,133,1 12,0,2 1,133,1 1,133,1 1,133,1 0,0,0
1,63,1 0,0,0 12,0,2 0,0,0 1,63,1 0,0,0 0,0,0 0,0,0 1,63,1
1,59,1 12,0,2 2,59,1 1,59,1 1,59,1 1,59,1 1,59,1 0,0,0 1,59,1
0,0,0 0,0,0 1,61,1 4,61,1 2,61,1 1,61,1 3,61,1 0,0,0 12,0,2
1,57,1 12,0,2 4,57,1 5,57,1 1,57,1 1,57,1 1,57,1 0,0,0 5,57,1
0,0,0 0,0,0 0,0,0 0,0,0 0,0,0 0,0,0 12,0,2 0,0,0 1,59,1
1,53,1 12,0,2 1,53,1 1,53,1 1,53,1 2,53,1 1,53,1 1,53,1 1,53,1
0,0,0 0,0,0 0,0,0 0,0,0 0,0,0 0,0,0 0,0,0 0,0,0 0,0,0
0,0,0 0,0,0 0,0,0 0,0,0 0,0,0 0,0,0 0,0,0 0,0,0 0,0,0
0,0,0 0,0,0 0,0,0 0,0,0 0,0,0 0,0,0 0,0,0 0,0,0 0,0,0