MODE 0
BALL 50
STARS 0/1200/1700
0,0,0 0,0,0 5,41,1 1,41,1 1,41,1 1,41,1 4,41,1 12,0,2 0,0,0
0,0,0 1,40,1 2,40,1 5,40,1 0,0,0 1,40,1 1,40,1 1,40,1 12,0,2
0,0,0 1,39,1 6,39,1 2,39,1 12,0,2 1,39,1 1,39,1 1,39,1 0,0,0
1,39,1 1,39,1 0,0,0 1,39,1 12,0,2 1,39,1 0,0,0 4,39,1 0,0,0
1,38,1 1,38,1 0,0,0 5,38,1 12,0,2 1,38,1 0,0,0 3,38,1 1,38,1
1,37,1 0,0,0 12,0,2 0,0,0 0,0,0 0,0,0 0,0,0 1,37,1 1,37,1
0,0,0 0,0,0 0,0,0 0,0,0 0,0,0 0,0,0 0,0,0 0,0,0 0,0,0
0,0,0 0,0,0 0,0,0 0,0,0 0,0,0 0,0,0 0,0,0 0,0,0 0,0,0
0,0,0 0,0,0 0,0,0 0,0,0 0,0,0 0,0,0 0,0,0 0,0,0 0,0,0