MODE 0
BALL 60
STARS 0/2500/3500
ADDLINE 0,0,0 7,0,2 12,0,2 1,71,1 0,0,0 1,71,1 1,71,1 1,71,1 1,71,1
ADDLINE 1,72,1 1,144,1 1,144,1 12,0,2 0,0,0 1,72,1 1,72,1 0,0,0 1,72,1
ADDLINE 1,73,1 1,73,1 1,73,1 0,0,0 1,73,1 0,0,0 12,0,2 0,0,0 1,73,1
ADDLINE 1,77,1 1,77,1 1,77,1 12,0,2 1,77,1 0,0,0 1,77,1 1,77,1 1,77,1
ADDLINE 0,0,0 12,0,2 0,0,0 0,0,0 0,0,0 0,0,0 1,82,1 1,82,1 1,82,1
ADDLINE 0,0,0 1,90,1 1,90,1 1,90,1 1,90,1 0,0,0 11,0,2 12,0,2 1,90,1
ADDLINE 8,0,2 1,188,1 1,188,1 1,188,1 1,188,1 1,188,1 1,188,1 12,0,2 1,188,1
ADDLINE 0,0,0 1,214,1 1,214,1 1,214,1 1,214,1 1,214,1 1,214,1 12,0,2 8,0,2
ADDLINE 0,0,0 0,0,0 1,86,1 1,86,1 1,86,1 1,86,1 1,86,1 1,86,1 12,0,2
ADDLINE 0,0,0 1,95,1 0,0,0 0,0,0 0,0,0 1,95,1 0,0,0 12,0,2 0,0,0
ADDLINE 0,0,0 1,104,1 12,0,2 1,104,1 1,104,1 1,104,1 1,104,1 1,104,1 0,0,0
ADDLINE 0,0,0 1,113,1 12,0,2 1,113,1 1,113,1 1,113,1 1,113,1 1,226,1 11,0,2
ADDLINE 1,124,1 1,124,1 12,0,2 1,124,1 1,124,1 1,124,1 1,124,1 1,248,1 0,0,0
ADDLINE 0,0,0 1,132,1 12,0,2 0,0,0 0,0,0 0,0,0 0,0,0 1,132,1 0,0,0
ADDLINE 11,0,2 1,266,1 0,0,0 1,133,1 1,133,1 1,133,1 12,0,2 1,133,1 1,133,1
0,0,0 12,0,2 0,0,0 1,126,1 0,0,0 16,63,1 0,0,0 1,126,1 0,0,0
0,0,0 1,62,1 1,62,1 1,62,1 12,0,2 1,62,1 0,0,0 1,62,1 1,62,1
0,0,0 1,61,1 12,0,2 0,0,0 0,0,0 1,61,1 0,0,0 1,61,1 0,0,0
0,0,0 1,60,1 12,0,2 1,60,1 1,60,1 1,60,1 1,60,1 1,60,1 0,0,0
0,0,0 1,59,1 0,0,0 1,59,1 0,0,0 0,0,0 12,0,2 0,0,0 0,0,0
0,0,0 1,58,1 12,0,2 1,58,1 0,0,0 1,58,1 1,58,1 1,58,1 1,58,1
0,0,0 0,0,0 0,0,0 0,0,0 0,0,0 0,0,0 0,0,0 0,0,0 0,0,0
0,0,0 0,0,0 0,0,0 0,0,0 0,0,0 0,0,0 0,0,0 0,0,0 0,0,0
0,0,0 0,0,0 0,0,0 0,0,0 0,0,0 0,0,0 0,0,0 0,0,0 0,0,0