MODE 0
BALL 60
STARS 0/2800/4000
ADDLINE 1,64,1 1,64,1 12,0,2 1,64,1 1,64,1 1,64,1 1,64,1 1,64,1 1,64,1
ADDLINE 1,72,1 12,0,2 0,0,0 0,0,0 0,0,0 1,72,1 0,0,0 0,0,0 0,0,0
ADDLINE 1,66,1 1,66,1 1,66,1 1,66,1 12,0,2 1,66,1 1,66,1 1,66,1 1,66,1
ADDLINE 0,0,0 0,0,0 0,0,0 1,81,1 0,0,0 0,0,0 12,0,2 0,0,0 0,0,0
ADDLINE 0,0,0 1,82,1 12,0,2 1,82,1 0,0,0 1,82,1 1,82,1 1,82,1 0,0,0
ADDLINE 0,0,0 1,90,1 0,0,0 1,90,1 12,0,2 1,90,1 1,90,1 1,90,1 0,0,0
ADDLINE 0,0,0 1,98,1 1,98,1 1,98,1 0,0,0 1,98,1 1,98,1 1,98,1 12,0,2
ADDLINE 0,0,0 1,107,1 0,0,0 12,0,2 0,0,0 1,107,1 1,107,1 1,107,1 0,0,0
ADDLINE 0,0,0 1,82,1 1,82,1 1,82,1 12,0,2 1,82,1 1,82,1 1,82,1 1,82,1
ADDLINE 1,90,1 1,90,1 1,90,1 1,90,1 12,0,2 1,90,1 1,90,1 1,90,1 0,0,0
ADDLINE 1,104,1 1,104,1 1,104,1 1,104,1 12,0,2 1,104,1 1,104,1 0,0,0 0,0,0
ADDLINE 1,113,1 1,113,1 1,113,1 1,113,1 0,0,0 0,0,0 0,0,0 12,0,2 0,0,0
ADDLINE 0,0,0 1,124,1 1,124,1 1,124,1 1,124,1 1,124,1 1,124,1 1,124,1 12,0,2
ADDLINE 0,0,0 12,0,2 0,0,0 0,0,0 0,0,0 0,0,0 0,0,0 1,132,1 0,0,0
ADDLINE 1,133,1 1,133,1 1,133,1 1,133,1 1,133,1 12,0,2 0,0,0 1,133,1 0,0,0
0,0,0 0,0,0 0,0,0 1,63,1 1,63,1 0,0,0 12,0,2 1,63,1 1,63,1
0,0,0 1,62,1 12,0,2 1,62,1 1,62,1 0,0,0 0,0,0 1,62,1 1,62,1
0,0,0 0,0,0 0,0,0 1,61,1 1,61,1 0,0,0 1,61,1 12,0,2 0,0,0
1,60,1 0,0,0 1,60,1 0,0,0 12,0,2 1,60,1 1,60,1 1,60,1 0,0,0
1,59,1 0,0,0 1,59,1 0,0,0 1,59,1 1,59,1 1,59,1 12,0,2 0,0,0
12,0,2 1,53,1 1,53,1 1,53,1 1,53,1 1,53,1 1,53,1 1,53,1 1,53,1
0,0,0 0,0,0 0,0,0 0,0,0 0,0,0 0,0,0 0,0,0 0,0,0 0,0,0
0,0,0 0,0,0 0,0,0 0,0,0 0,0,0 0,0,0 0,0,0 0,0,0 0,0,0
0,0,0 0,0,0 0,0,0 0,0,0 0,0,0 0,0,0 0,0,0 0,0,0 0,0,0