MODE 0
BALL 60
STARS 0/2500/3600
ADDLINE 1,71,1 12,0,2 0,0,0 1,71,1 1,71,1 1,71,1 1,71,1 0,0,0 1,71,1
ADDLINE 1,72,1 12,0,2 0,0,0 0,0,0 0,0,0 1,72,1 0,0,0 0,0,0 1,72,1
ADDLINE 1,73,1 0,0,0 1,73,1 1,73,1 1,73,1 12,0,2 0,0,0 1,73,1 1,73,1
ADDLINE 1,81,1 0,0,0 0,0,0 12,0,2 0,0,0 1,81,1 1,81,1 0,0,0 1,81,1
ADDLINE 1,82,1 1,82,1 1,82,1 1,82,1 0,0,0 1,82,1 12,0,2 0,0,0 1,82,1
ADDLINE 1,86,1 1,86,1 1,86,1 1,86,1 12,0,2 1,86,1 0,0,0 1,86,1 1,86,1
ADDLINE 1,98,1 1,98,1 1,98,1 12,0,2 0,0,0 1,98,1 0,0,0 0,0,0 0,0,0
ADDLINE 1,107,1 1,107,1 1,107,1 0,0,0 12,0,2 0,0,0 0,0,0 0,0,0 1,107,1
ADDLINE 1,82,1 1,82,1 1,82,1 1,82,1 1,82,1 1,82,1 12,0,2 0,0,0 1,82,1
ADDLINE 1,95,1 0,0,0 0,0,0 12,0,2 1,95,1 1,95,1 1,95,1 0,0,0 1,95,1
ADDLINE 1,94,1 1,94,1 1,94,1 1,94,1 1,94,1 1,94,1 1,94,1 12,0,2 1,94,1
ADDLINE 1,113,1 1,113,1 1,113,1 0,0,0 0,0,0 0,0,0 12,0,2 0,0,0 1,113,1
ADDLINE 1,124,1 1,124,1 1,124,1 12,0,2 1,124,1 0,0,0 1,124,1 1,124,1 1,124,1
ADDLINE 0,0,0 0,0,0 1,132,1 0,0,0 1,132,1 0,0,0 1,132,1 12,0,2 1,132,1
ADDLINE 1,127,1 1,127,1 1,127,1 1,127,1 1,127,1 12,0,2 1,127,1 0,0,0 1,127,1
1,60,1 1,60,1 12,0,2 1,60,1 1,60,1 1,60,1 0,0,0 1,60,1 1,60,1
0,0,0 1,62,1 0,0,0 0,0,0 0,0,0 12,0,2 0,0,0 0,0,0 0,0,0
0,0,0 1,58,1 1,58,1 1,58,1 1,58,1 1,58,1 1,58,1 1,58,1 12,0,2
0,0,0 1,60,1 1,60,1 1,60,1 1,60,1 1,60,1 12,0,2 1,60,1 0,0,0
0,0,0 1,59,1 1,59,1 1,59,1 1,59,1 1,59,1 12,0,2 1,59,1 0,0,0
0,0,0 0,0,0 0,0,0 0,0,0 0,0,0 0,0,0 12,0,2 1,58,1 0,0,0
0,0,0 0,0,0 0,0,0 0,0,0 0,0,0 0,0,0 0,0,0 0,0,0 0,0,0
0,0,0 0,0,0 0,0,0 0,0,0 0,0,0 0,0,0 0,0,0 0,0,0 0,0,0
0,0,0 0,0,0 0,0,0 0,0,0 0,0,0 0,0,0 0,0,0 0,0,0 0,0,0