MODE 0
BALL 60
STARS 0/3000/4300
ADDLINE 0,0,0 1,71,1 1,142,1 1,142,1 0,0,0 1,71,1 1,71,1 1,71,1 12,0,2
ADDLINE 0,0,0 1,144,1 1,144,1 19,72,1 1,144,1 1,144,1 1,144,1 1,144,1 12,0,2
ADDLINE 0,0,0 1,69,1 1,138,1 1,138,1 1,138,1 1,69,1 1,69,1 1,69,1 12,0,2
ADDLINE 0,0,0 1,81,1 0,0,0 0,0,0 0,0,0 1,81,1 0,0,0 12,0,2 0,0,0
ADDLINE 1,156,1 1,156,1 12,0,2 16,78,1 1,156,1 1,156,1 1,156,1 1,156,1 1,156,1
ADDLINE 0,0,0 0,0,0 0,0,0 1,90,1 0,0,0 0,0,0 12,0,2 0,0,0 0,0,0
ADDLINE 0,0,0 1,94,1 1,94,1 1,94,1 1,94,1 1,94,1 12,0,2 1,188,1 1,94,1
ADDLINE 0,0,0 1,214,1 1,214,1 1,214,1 1,214,1 1,214,1 12,0,2 19,107,1 1,214,1
ADDLINE 1,164,1 1,164,1 16,82,1 1,164,1 1,164,1 1,164,1 12,0,2 1,164,1 1,164,1
ADDLINE 19,95,1 1,190,1 1,190,1 12,0,2 1,190,1 1,190,1 0,0,0 1,190,1 1,190,1
ADDLINE 0,0,0 1,208,1 1,104,1 1,104,1 0,0,0 12,0,2 0,0,0 1,104,1 1,104,1
ADDLINE 0,0,0 1,226,1 1,226,1 1,226,1 12,0,2 16,113,1 1,226,1 1,226,1 1,226,1
ADDLINE 0,0,0 0,0,0 1,130,1 1,130,1 12,0,2 0,0,0 0,0,0 0,0,0 0,0,0
ADDLINE 1,132,1 0,0,0 0,0,0 12,0,2 0,0,0 1,132,1 1,132,1 1,132,1 0,0,0
ADDLINE 1,133,1 1,133,1 1,133,1 1,133,1 12,0,2 0,0,0 1,133,1 1,133,1 0,0,0
1,63,1 1,63,1 0,0,0 1,126,1 1,63,1 12,0,2 0,0,0 0,0,0 1,63,1
1,62,1 0,0,0 1,62,1 12,0,2 1,62,1 0,0,0 1,62,1 0,0,0 1,62,1
1,61,1 0,0,0 1,122,1 0,0,0 1,122,1 12,0,2 1,61,1 0,0,0 1,61,1
0,0,0 1,120,1 1,120,1 19,60,1 12,0,2 1,120,1 1,120,1 1,120,1 1,120,1
1,59,1 0,0,0 1,118,1 12,0,2 1,118,1 1,59,1 0,0,0 1,59,1 1,59,1
0,0,0 1,58,1 0,0,0 1,116,1 0,0,0 1,58,1 1,58,1 1,58,1 12,0,2
0,0,0 0,0,0 0,0,0 0,0,0 0,0,0 0,0,0 0,0,0 0,0,0 0,0,0
0,0,0 0,0,0 0,0,0 0,0,0 0,0,0 0,0,0 0,0,0 0,0,0 0,0,0
0,0,0 0,0,0 0,0,0 0,0,0 0,0,0 0,0,0 0,0,0 0,0,0 0,0,0