MODE 0
BALL 60
STARS 0/2500/3600
ADDLINE 1,67,1 1,67,1 12,0,2 0,0,0 1,67,1 1,67,1 1,67,1 1,67,1 1,67,1
ADDLINE 0,0,0 0,0,0 1,72,1 1,72,1 0,0,0 0,0,0 12,0,2 1,72,1 1,72,1
ADDLINE 0,0,0 0,0,0 0,0,0 12,0,2 1,73,1 1,73,1 0,0,0 1,73,1 1,73,1
ADDLINE 1,73,1 1,73,1 1,73,1 1,73,1 1,73,1 1,73,1 12,0,2 1,73,1 1,73,1
ADDLINE 1,82,1 12,0,2 0,0,0 0,0,0 0,0,0 1,82,1 0,0,0 1,82,1 1,82,1
ADDLINE 0,0,0 0,0,0 1,90,1 1,90,1 0,0,0 12,0,2 1,90,1 1,90,1 1,90,1
ADDLINE 0,0,0 1,98,1 12,0,2 0,0,0 0,0,0 1,98,1 1,98,1 1,98,1 1,98,1
ADDLINE 0,0,0 1,102,1 12,0,2 1,102,1 1,102,1 1,102,1 1,102,1 1,102,1 1,102,1
ADDLINE 0,0,0 12,0,2 0,0,0 1,86,1 1,86,1 1,86,1 1,86,1 1,86,1 1,86,1
ADDLINE 1,86,1 1,86,1 1,86,1 1,86,1 1,86,1 1,86,1 12,0,2 1,86,1 1,86,1
ADDLINE 0,0,0 0,0,0 0,0,0 0,0,0 0,0,0 0,0,0 12,0,2 1,104,1 0,0,0
ADDLINE 1,107,1 1,107,1 1,107,1 1,107,1 12,0,2 1,107,1 1,107,1 1,107,1 0,0,0
ADDLINE 1,130,1 1,130,1 0,0,0 12,0,2 0,0,0 1,130,1 0,0,0 0,0,0 0,0,0
ADDLINE 1,125,1 1,125,1 12,0,2 1,125,1 1,125,1 1,125,1 1,125,1 1,125,1 0,0,0
ADDLINE 1,133,1 1,133,1 0,0,0 1,133,1 0,0,0 12,0,2 0,0,0 0,0,0 0,0,0
1,63,1 0,0,0 0,0,0 12,0,2 0,0,0 0,0,0 1,63,1 0,0,0 0,0,0
1,56,1 1,56,1 1,56,1 1,56,1 1,56,1 1,56,1 1,56,1 12,0,2 1,56,1
0,0,0 0,0,0 12,0,2 0,0,0 0,0,0 0,0,0 1,61,1 0,0,0 1,61,1
1,57,1 1,57,1 1,57,1 1,57,1 1,57,1 12,0,2 1,57,1 0,0,0 1,57,1
0,0,0 0,0,0 0,0,0 12,0,2 1,59,1 0,0,0 1,59,1 0,0,0 1,59,1
1,58,1 0,0,0 1,58,1 0,0,0 1,58,1 12,0,2 1,58,1 0,0,0 1,58,1
0,0,0 0,0,0 0,0,0 0,0,0 0,0,0 0,0,0 0,0,0 0,0,0 0,0,0
0,0,0 0,0,0 0,0,0 0,0,0 0,0,0 0,0,0 0,0,0 0,0,0 0,0,0
0,0,0 0,0,0 0,0,0 0,0,0 0,0,0 0,0,0 0,0,0 0,0,0 0,0,0