MODE 0
BALL 50
STARS 0/2500/3700
1,37,1 8,0,2 1,37,1 1,37,1 0,0,0 1,37,1 1,37,1 8,0,2 1,37,1
1,33,1 1,33,1 1,33,1 1,33,1 8,0,2 1,33,1 1,33,1 1,33,1 1,33,1
1,37,1 8,0,2 1,37,1 1,37,1 0,0,0 6,37,1 1,37,1 8,0,2 1,37,1
1,33,1 1,33,1 1,33,1 1,33,1 8,0,2 1,33,1 1,33,1 1,33,1 1,33,1
1,37,1 8,0,2 1,37,1 6,37,1 0,0,0 1,37,1 1,37,1 8,0,2 1,37,1
1,33,1 1,33,1 1,33,1 1,33,1 8,0,2 1,33,1 1,33,1 1,33,1 1,33,1
0,0,0 0,0,0 0,0,0 0,0,0 0,0,0 0,0,0 0,0,0 0,0,0 0,0,0
0,0,0 0,0,0 0,0,0 0,0,0 0,0,0 0,0,0 0,0,0 0,0,0 0,0,0
0,0,0 0,0,0 0,0,0 0,0,0 0,0,0 0,0,0 0,0,0 0,0,0 0,0,0