MODE 0
BALL 60
STARS 0/3300/4600
ADDLINE 1,134,1 1,134,1 1,134,1 1,134,1 12,0,2 1,134,1 8,0,2 1,134,1 1,134,1
ADDLINE 1,72,1 1,144,1 17,72,1 0,0,0 12,0,2 1,72,1 0,0,0 0,0,0 0,0,0
ADDLINE 1,73,1 1,146,1 1,146,1 1,146,1 1,73,1 0,0,0 12,0,2 0,0,0 0,0,0
ADDLINE 1,77,1 1,77,1 1,77,1 12,0,2 1,77,1 0,0,0 1,77,1 1,77,1 1,77,1
ADDLINE 1,82,1 1,82,1 1,82,1 0,0,0 12,0,2 0,0,0 1,82,1 1,82,1 1,82,1
ADDLINE 1,90,1 1,90,1 1,90,1 1,90,1 0,0,0 0,0,0 12,0,2 0,0,0 0,0,0
ADDLINE 1,196,1 1,196,1 1,196,1 0,0,0 8,0,2 1,196,1 1,196,1 12,0,2 0,0,0
ADDLINE 1,107,1 20,107,1 1,214,1 0,0,0 0,0,0 0,0,0 12,0,2 0,0,0 1,107,1
ADDLINE 1,172,1 1,172,1 0,0,0 12,0,2 1,172,1 1,172,1 10,0,2 1,172,1 1,172,1
ADDLINE 1,86,1 1,86,1 1,86,1 1,86,1 1,86,1 1,172,1 1,172,1 12,0,2 1,172,1
ADDLINE 0,0,0 0,0,0 0,0,0 12,0,2 1,104,1 1,104,1 1,104,1 0,0,0 17,104,1
ADDLINE 1,113,1 12,0,2 1,226,1 0,0,0 1,113,1 1,113,1 1,226,1 11,0,2 1,226,1
ADDLINE 1,90,1 12,0,2 17,90,1 1,180,1 1,90,1 1,90,1 1,180,1 11,0,2 1,90,1
ADDLINE 1,190,1 12,0,2 1,190,1 1,190,1 1,190,1 1,190,1 1,190,1 16,95,1 1,190,1
ADDLINE 0,0,0 0,0,0 0,0,0 0,0,0 12,0,2 0,0,0 1,109,1 0,0,0 0,0,0
ADDLINE 1,135,1 12,0,2 1,135,1 1,135,1 1,135,1 0,0,0 1,135,1 0,0,0 1,135,1
ADDLINE 1,136,1 12,0,2 1,136,1 0,0,0 1,136,1 0,0,0 1,136,1 0,0,0 1,136,1
ADDLINE 1,131,1 1,131,1 1,131,1 12,0,2 1,131,1 0,0,0 1,131,1 1,131,1 1,131,1
0,0,0 1,126,1 20,63,1 1,126,1 1,63,1 1,126,1 12,0,2 1,63,1 0,0,0
0,0,0 1,124,1 0,0,0 12,0,2 0,0,0 0,0,0 0,0,0 1,62,1 0,0,0
1,55,1 1,55,1 1,55,1 1,55,1 1,110,1 1,110,1 1,110,1 1,55,1 12,0,2
0,0,0 12,0,2 1,120,1 1,120,1 1,120,1 19,60,1 1,120,1 1,120,1 1,120,1
1,57,1 1,57,1 12,0,2 1,57,1 1,114,1 1,114,1 0,0,0 1,114,1 1,57,1
0,0,0 0,0,0 0,0,0 1,116,1 12,0,2 1,116,1 19,58,1 0,0,0 0,0,0
0,0,0 0,0,0 0,0,0 0,0,0 0,0,0 0,0,0 0,0,0 0,0,0 0,0,0
0,0,0 0,0,0 0,0,0 0,0,0 0,0,0 0,0,0 0,0,0 0,0,0 0,0,0
0,0,0 0,0,0 0,0,0 0,0,0 0,0,0 0,0,0 0,0,0 0,0,0 0,0,0