MODE 0
BALL 60
STARS 0/3200/4500
ADDLINE 1,64,1 1,64,1 1,64,1 1,64,1 1,64,1 1,64,1 12,0,2 1,64,1 1,64,1
ADDLINE 0,0,0 0,0,0 12,0,2 0,0,0 0,0,0 0,0,0 0,0,0 1,72,1 1,72,1
ADDLINE 12,0,2 1,66,1 1,66,1 1,66,1 1,66,1 1,66,1 1,66,1 1,66,1 1,66,1
ADDLINE 0,0,0 12,0,2 1,77,1 1,77,1 1,77,1 1,77,1 1,77,1 1,77,1 1,77,1
ADDLINE 1,82,1 0,0,0 0,0,0 0,0,0 12,0,2 0,0,0 0,0,0 0,0,0 1,82,1
ADDLINE 1,86,1 1,86,1 1,86,1 1,86,1 1,86,1 1,86,1 1,86,1 12,0,2 0,0,0
ADDLINE 1,98,1 1,98,1 12,0,2 0,0,0 0,0,0 0,0,0 0,0,0 0,0,0 0,0,0
ADDLINE 1,102,1 1,102,1 12,0,2 0,0,0 1,102,1 1,102,1 1,102,1 1,102,1 1,102,1
ADDLINE 1,78,1 1,78,1 1,78,1 12,0,2 1,78,1 1,78,1 1,78,1 1,78,1 1,78,1
ADDLINE 1,95,1 0,0,0 1,95,1 0,0,0 1,95,1 1,95,1 1,95,1 12,0,2 0,0,0
ADDLINE 1,99,1 12,0,2 1,99,1 0,0,0 1,99,1 1,99,1 1,99,1 1,99,1 1,99,1
ADDLINE 1,113,1 0,0,0 0,0,0 0,0,0 0,0,0 0,0,0 0,0,0 12,0,2 0,0,0
ADDLINE 1,82,1 1,82,1 1,82,1 1,82,1 1,82,1 1,82,1 1,82,1 12,0,2 1,82,1
ADDLINE 1,95,1 1,95,1 1,95,1 1,95,1 1,95,1 12,0,2 1,95,1 0,0,0 1,95,1
ADDLINE 1,98,1 1,98,1 1,98,1 1,98,1 1,98,1 12,0,2 1,98,1 1,98,1 1,98,1
ADDLINE 0,0,0 0,0,0 0,0,0 0,0,0 0,0,0 0,0,0 1,135,1 12,0,2 1,135,1
ADDLINE 1,136,1 12,0,2 1,136,1 1,136,1 1,136,1 0,0,0 1,136,1 0,0,0 1,136,1
ADDLINE 1,138,1 0,0,0 1,138,1 0,0,0 1,138,1 0,0,0 1,138,1 12,0,2 0,0,0
1,63,1 1,63,1 12,0,2 1,63,1 0,0,0 1,63,1 1,63,1 1,63,1 0,0,0
1,62,1 1,62,1 12,0,2 1,62,1 0,0,0 0,0,0 0,0,0 0,0,0 0,0,0
1,58,1 1,58,1 12,0,2 1,58,1 0,0,0 1,58,1 1,58,1 1,58,1 1,58,1
1,60,1 1,60,1 0,0,0 1,60,1 0,0,0 12,0,2 0,0,0 1,60,1 1,60,1
1,57,1 1,57,1 12,0,2 1,57,1 1,57,1 1,57,1 0,0,0 1,57,1 1,57,1
0,0,0 1,58,1 0,0,0 0,0,0 0,0,0 1,58,1 12,0,2 0,0,0 0,0,0
0,0,0 0,0,0 0,0,0 0,0,0 0,0,0 0,0,0 0,0,0 0,0,0 0,0,0
0,0,0 0,0,0 0,0,0 0,0,0 0,0,0 0,0,0 0,0,0 0,0,0 0,0,0
0,0,0 0,0,0 0,0,0 0,0,0 0,0,0 0,0,0 0,0,0 0,0,0 0,0,0