MODE 0
BALL 60
STARS 0/3300/4600
ADDLINE 0,0,0 7,0,2 0,0,0 1,71,1 0,0,0 1,71,1 1,71,1 1,71,1 12,0,2
ADDLINE 0,0,0 1,144,1 0,0,0 1,72,1 12,0,2 1,72,1 1,72,1 4,72,1 0,0,0
ADDLINE 0,0,0 5,73,1 0,0,0 1,73,1 12,0,2 0,0,0 0,0,0 2,73,1 0,0,0
ADDLINE 0,0,0 1,162,1 11,0,2 1,162,1 0,0,0 1,81,1 12,0,2 3,81,1 5,81,1
ADDLINE 8,0,2 1,164,1 0,0,0 1,164,1 0,0,0 1,164,1 12,0,2 1,164,1 1,164,1
ADDLINE 12,0,2 1,81,1 1,81,1 1,162,1 1,162,1 1,162,1 1,81,1 1,81,1 1,81,1
ADDLINE 0,0,0 0,0,0 0,0,0 12,0,2 10,0,2 0,0,0 0,0,0 1,196,1 1,196,1
ADDLINE 1,97,1 2,97,1 1,97,1 1,194,1 1,194,1 12,0,2 3,97,1 1,97,1 1,97,1
ADDLINE 1,86,1 1,86,1 1,86,1 1,86,1 0,0,0 12,0,2 0,0,0 0,0,0 0,0,0
ADDLINE 1,180,1 1,180,1 12,0,2 1,180,1 1,180,1 8,0,2 1,180,1 1,180,1 1,180,1
ADDLINE 1,104,1 1,104,1 0,0,0 0,0,0 0,0,0 0,0,0 0,0,0 12,0,2 0,0,0
ADDLINE 1,113,1 5,113,1 12,0,2 3,113,1 1,113,1 1,113,1 0,0,0 0,0,0 0,0,0
ADDLINE 3,86,1 1,86,1 12,0,2 1,86,1 2,86,1 1,86,1 0,0,0 1,86,1 4,86,1
ADDLINE 3,100,1 12,0,2 0,0,0 0,0,0 0,0,0 0,0,0 0,0,0 0,0,0 0,0,0
ADDLINE 1,109,1 0,0,0 12,0,2 1,109,1 1,109,1 1,109,1 1,109,1 1,109,1 0,0,0
ADDLINE 1,135,1 1,135,1 1,135,1 1,135,1 1,135,1 1,135,1 0,0,0 12,0,2 0,0,0
ADDLINE 4,130,1 1,130,1 1,130,1 1,130,1 1,130,1 12,0,2 1,130,1 2,130,1 0,0,0
ADDLINE 1,138,1 1,138,1 4,138,1 1,138,1 3,138,1 0,0,0 0,0,0 12,0,2 0,0,0
0,0,0 12,0,2 1,126,1 0,0,0 4,63,1 0,0,0 1,63,1 0,0,0 1,63,1
0,0,0 0,0,0 1,124,1 1,62,1 1,62,1 5,62,1 1,62,1 12,0,2 1,62,1
0,0,0 19,61,1 0,0,0 1,122,1 1,122,1 1,122,1 12,0,2 0,0,0 1,122,1
0,0,0 12,0,2 1,120,1 1,60,1 1,60,1 1,60,1 3,60,1 0,0,0 1,60,1
12,0,2 2,108,1 1,54,1 1,54,1 1,54,1 1,54,1 1,54,1 5,54,1 1,54,1
16,58,1 1,116,1 0,0,0 1,116,1 1,116,1 1,116,1 0,0,0 1,116,1 12,0,2
0,0,0 0,0,0 0,0,0 0,0,0 0,0,0 0,0,0 0,0,0 0,0,0 0,0,0
0,0,0 0,0,0 0,0,0 0,0,0 0,0,0 0,0,0 0,0,0 0,0,0 0,0,0
0,0,0 0,0,0 0,0,0 0,0,0 0,0,0 0,0,0 0,0,0 0,0,0 0,0,0