MODE 0
BALL 60
STARS 0/3000/4100
ADDLINE 0,0,0 3,71,1 1,71,1 1,71,1 0,0,0 1,71,1 12,0,2 1,71,1 1,71,1
ADDLINE 0,0,0 0,0,0 0,0,0 0,0,0 0,0,0 1,72,1 0,0,0 0,0,0 12,0,2
ADDLINE 0,0,0 1,69,1 2,69,1 3,69,1 5,69,1 1,69,1 1,69,1 1,69,1 12,0,2
ADDLINE 0,0,0 1,81,1 12,0,2 1,81,1 1,81,1 2,81,1 1,81,1 1,81,1 0,0,0
ADDLINE 0,0,0 4,82,1 0,0,0 1,82,1 1,82,1 1,82,1 3,82,1 1,82,1 12,0,2
ADDLINE 0,0,0 1,90,1 0,0,0 0,0,0 0,0,0 0,0,0 12,0,2 0,0,0 0,0,0
ADDLINE 1,94,1 1,94,1 12,0,2 1,94,1 1,94,1 1,94,1 0,0,0 1,94,1 1,94,1
ADDLINE 0,0,0 12,0,2 0,0,0 0,0,0 0,0,0 1,107,1 0,0,0 3,107,1 4,107,1
ADDLINE 1,78,1 1,78,1 12,0,2 2,78,1 1,78,1 3,78,1 1,78,1 1,78,1 1,78,1
ADDLINE 0,0,0 12,0,2 0,0,0 5,95,1 1,95,1 1,95,1 1,95,1 1,95,1 1,95,1
ADDLINE 0,0,0 12,0,2 0,0,0 0,0,0 3,104,1 4,104,1 1,104,1 1,104,1 1,104,1
ADDLINE 0,0,0 1,113,1 1,113,1 0,0,0 0,0,0 0,0,0 0,0,0 0,0,0 12,0,2
ADDLINE 0,0,0 0,0,0 5,90,1 1,90,1 1,90,1 1,90,1 1,90,1 1,90,1 12,0,2
ADDLINE 1,100,1 12,0,2 1,100,1 2,100,1 2,100,1 4,100,1 0,0,0 0,0,0 1,100,1
ADDLINE 1,109,1 0,0,0 12,0,2 0,0,0 0,0,0 1,109,1 1,109,1 0,0,0 1,109,1
ADDLINE 1,128,1 1,128,1 4,128,1 1,128,1 12,0,2 1,128,1 1,128,1 0,0,0 1,128,1
ADDLINE 3,130,1 1,130,1 3,130,1 1,130,1 12,0,2 5,130,1 1,130,1 0,0,0 1,130,1
ADDLINE 1,131,1 1,131,1 1,131,1 1,131,1 12,0,2 5,131,1 1,131,1 0,0,0 1,131,1
1,63,1 0,0,0 12,0,2 0,0,0 0,0,0 1,63,1 1,63,1 1,63,1 1,63,1
1,59,1 4,59,1 12,0,2 5,59,1 1,59,1 0,0,0 1,59,1 4,59,1 1,59,1
1,61,1 1,61,1 12,0,2 0,0,0 0,0,0 0,0,0 1,61,1 2,61,1 1,61,1
1,60,1 12,0,2 0,0,0 1,60,1 1,60,1 0,0,0 0,0,0 0,0,0 0,0,0
0,0,0 0,0,0 1,59,1 1,59,1 12,0,2 0,0,0 1,59,1 0,0,0 0,0,0
0,0,0 12,0,2 1,58,1 1,58,1 0,0,0 5,58,1 2,58,1 0,0,0 3,58,1
0,0,0 0,0,0 0,0,0 0,0,0 0,0,0 0,0,0 0,0,0 0,0,0 0,0,0
0,0,0 0,0,0 0,0,0 0,0,0 0,0,0 0,0,0 0,0,0 0,0,0 0,0,0
0,0,0 0,0,0 0,0,0 0,0,0 0,0,0 0,0,0 0,0,0 0,0,0 0,0,0