MODE 0
BALL 60
STARS 0/3600/5000
ADDLINE 5,67,1 1,67,1 2,67,1 1,67,1 12,0,2 1,67,1 0,0,0 1,134,1 1,134,1
ADDLINE 0,0,0 1,144,1 1,144,1 1,144,1 12,0,2 1,144,1 1,144,1 1,144,1 19,72,1
ADDLINE 12,0,2 1,69,1 1,69,1 1,69,1 1,138,1 17,69,1 1,138,1 1,138,1 1,138,1
ADDLINE 1,146,1 1,146,1 1,73,1 12,0,2 1,146,1 1,146,1 1,146,1 1,73,1 1,73,1
ADDLINE 20,82,1 1,164,1 1,82,1 0,0,0 0,0,0 0,0,0 12,0,2 0,0,0 0,0,0
ADDLINE 1,180,1 1,180,1 1,90,1 5,90,1 2,90,1 0,0,0 1,90,1 12,0,2 0,0,0
ADDLINE 1,98,1 1,98,1 1,98,1 12,0,2 0,0,0 0,0,0 1,98,1 0,0,0 4,98,1
ADDLINE 5,107,1 3,107,1 0,0,0 12,0,2 1,107,1 1,107,1 1,107,1 0,0,0 1,107,1
ADDLINE 16,86,1 1,172,1 1,172,1 1,172,1 1,172,1 1,172,1 1,172,1 12,0,2 0,0,0
ADDLINE 0,0,0 1,95,1 1,190,1 12,0,2 1,190,1 0,0,0 0,0,0 0,0,0 0,0,0
ADDLINE 1,198,1 1,198,1 1,198,1 19,99,1 1,198,1 1,198,1 1,198,1 1,198,1 12,0,2
ADDLINE 0,0,0 12,0,2 0,0,0 1,226,1 1,226,1 0,0,0 0,0,0 1,113,1 0,0,0
ADDLINE 1,86,1 2,86,1 12,0,2 1,86,1 1,86,1 1,86,1 0,0,0 1,86,1 1,86,1
ADDLINE 4,100,1 1,100,1 0,0,0 1,100,1 0,0,0 0,0,0 0,0,0 12,0,2 0,0,0
ADDLINE 1,104,1 5,104,1 12,0,2 1,104,1 0,0,0 1,104,1 1,104,1 1,104,1 4,104,1
ADDLINE 0,0,0 12,0,2 0,0,0 4,135,1 0,0,0 1,135,1 1,135,1 1,135,1 1,135,1
ADDLINE 3,130,1 5,130,1 12,0,2 1,130,1 0,0,0 1,130,1 1,130,1 1,130,1 1,130,1
ADDLINE 1,138,1 3,138,1 0,0,0 1,138,1 12,0,2 0,0,0 0,0,0 1,138,1 0,0,0
16,63,1 1,126,1 1,126,1 12,0,2 1,126,1 1,126,1 1,126,1 0,0,0 1,126,1
0,0,0 1,124,1 1,124,1 1,124,1 1,124,1 1,124,1 16,62,1 12,0,2 1,124,1
1,58,1 1,58,1 4,58,1 12,0,2 1,58,1 1,58,1 3,58,1 0,0,0 1,58,1
0,0,0 0,0,0 0,0,0 12,0,2 0,0,0 0,0,0 1,60,1 0,0,0 0,0,0
1,54,1 2,54,1 1,54,1 1,54,1 1,54,1 12,0,2 5,54,1 1,54,1 1,54,1
1,58,1 12,0,2 0,0,0 0,0,0 4,58,1 0,0,0 2,58,1 1,58,1 1,58,1
0,0,0 0,0,0 0,0,0 0,0,0 0,0,0 0,0,0 0,0,0 0,0,0 0,0,0
0,0,0 0,0,0 0,0,0 0,0,0 0,0,0 0,0,0 0,0,0 0,0,0 0,0,0
0,0,0 0,0,0 0,0,0 0,0,0 0,0,0 0,0,0 0,0,0 0,0,0 0,0,0