MODE 0
BALL 50
STARS 0/1500/2500
10,0,2 1,35,1 1,35,1 1,35,1 1,35,1 1,35,1 1,35,1 1,35,1 10,0,2
1,37,1 10,0,2 0,0,0 1,37,1 1,37,1 1,37,1 0,0,0 10,0,2 1,37,1
1,37,1 1,37,1 10,0,2 0,0,0 1,37,1 0,0,0 10,0,2 1,37,1 1,37,1
1,35,1 1,35,1 1,35,1 10,0,2 1,35,1 10,0,2 1,35,1 1,35,1 1,35,1
1,31,1 1,31,1 1,31,1 1,31,1 1,31,1 1,31,1 1,31,1 1,31,1 1,31,1
0,0,0 0,0,0 0,0,0 0,0,0 6,74,1 0,0,0 0,0,0 0,0,0 0,0,0
0,0,0 0,0,0 0,0,0 0,0,0 7,0,2 0,0,0 0,0,0 0,0,0 0,0,0
0,0,0 0,0,0 0,0,0 0,0,0 0,0,0 0,0,0 0,0,0 0,0,0 0,0,0
0,0,0 0,0,0 0,0,0 0,0,0 0,0,0 0,0,0 0,0,0 0,0,0 0,0,0