MODE 0
BALL 60
STARS 0/2500/3700
ADDLINE 1,68,1 1,68,1 1,68,1 1,68,1 12,0,2 1,68,1 1,68,1 0,0,0 1,68,1
ADDLINE 1,73,1 0,0,0 0,0,0 0,0,0 0,0,0 1,73,1 1,73,1 12,0,2 0,0,0
ADDLINE 0,0,0 0,0,0 1,74,1 1,74,1 1,74,1 1,74,1 1,74,1 0,0,0 12,0,2
ADDLINE 0,0,0 0,0,0 0,0,0 12,0,2 0,0,0 1,82,1 1,82,1 0,0,0 0,0,0
ADDLINE 1,83,1 1,83,1 1,83,1 1,83,1 0,0,0 12,0,2 0,0,0 1,83,1 0,0,0
ADDLINE 1,87,1 1,87,1 1,87,1 1,87,1 1,87,1 12,0,2 1,87,1 1,87,1 0,0,0
ADDLINE 1,99,1 1,99,1 1,99,1 1,99,1 1,99,1 0,0,0 12,0,2 1,99,1 0,0,0
ADDLINE 1,108,1 1,108,1 1,108,1 1,108,1 1,108,1 1,108,1 12,0,2 0,0,0 0,0,0
ADDLINE 1,83,1 1,83,1 1,83,1 1,83,1 1,83,1 1,83,1 1,83,1 12,0,2 0,0,0
ADDLINE 1,87,1 1,87,1 1,87,1 1,87,1 1,87,1 12,0,2 1,87,1 1,87,1 1,87,1
ADDLINE 1,105,1 0,0,0 0,0,0 12,0,2 0,0,0 0,0,0 0,0,0 0,0,0 0,0,0
ADDLINE 1,114,1 0,0,0 1,114,1 1,114,1 1,114,1 12,0,2 1,114,1 0,0,0 1,114,1
ADDLINE 0,0,0 12,0,2 1,91,1 1,91,1 1,91,1 0,0,0 1,91,1 0,0,0 1,91,1
ADDLINE 1,96,1 12,0,2 1,96,1 1,96,1 1,96,1 1,96,1 1,96,1 0,0,0 1,96,1
ADDLINE 1,110,1 12,0,2 1,110,1 1,110,1 1,110,1 0,0,0 1,110,1 0,0,0 1,110,1
ADDLINE 1,136,1 12,0,2 1,136,1 1,136,1 1,136,1 0,0,0 1,136,1 0,0,0 1,136,1
ADDLINE 1,137,1 0,0,0 1,137,1 0,0,0 0,0,0 12,0,2 0,0,0 0,0,0 1,137,1
ADDLINE 1,125,1 1,125,1 1,125,1 12,0,2 1,125,1 1,125,1 1,125,1 1,125,1 1,125,1
0,0,0 1,64,1 12,0,2 0,0,0 0,0,0 0,0,0 0,0,0 1,64,1 0,0,0
0,0,0 1,63,1 0,0,0 1,63,1 12,0,2 1,63,1 0,0,0 1,63,1 0,0,0
0,0,0 1,62,1 0,0,0 1,62,1 0,0,0 1,62,1 0,0,0 12,0,2 0,0,0
0,0,0 1,61,1 12,0,2 1,61,1 0,0,0 1,61,1 1,61,1 1,61,1 0,0,0
0,0,0 1,60,1 0,0,0 1,60,1 0,0,0 0,0,0 0,0,0 1,60,1 12,0,2
0,0,0 1,59,1 12,0,2 1,59,1 1,59,1 1,59,1 0,0,0 1,59,1 1,59,1
0,0,0 0,0,0 0,0,0 0,0,0 0,0,0 0,0,0 0,0,0 0,0,0 0,0,0
0,0,0 0,0,0 0,0,0 0,0,0 0,0,0 0,0,0 0,0,0 0,0,0 0,0,0
0,0,0 0,0,0 0,0,0 0,0,0 0,0,0 0,0,0 0,0,0 0,0,0 0,0,0