MODE 0
BALL 60
STARS 0/2900/4000
ADDLINE 1,65,1 1,130,1 1,130,1 1,65,1 1,65,1 1,65,1 1,65,1 12,0,2 1,65,1
ADDLINE 0,0,0 0,0,0 0,0,0 1,73,1 1,73,1 1,73,1 12,0,2 0,0,0 1,73,1
ADDLINE 1,67,1 1,67,1 1,67,1 1,67,1 1,67,1 1,67,1 12,0,2 1,67,1 1,67,1
ADDLINE 0,0,0 0,0,0 0,0,0 0,0,0 12,0,2 0,0,0 0,0,0 1,82,1 1,82,1
ADDLINE 1,79,1 1,79,1 1,79,1 1,79,1 12,0,2 1,79,1 0,0,0 1,79,1 1,79,1
ADDLINE 0,0,0 0,0,0 0,0,0 1,91,1 0,0,0 1,91,1 0,0,0 0,0,0 12,0,2
ADDLINE 1,95,1 1,95,1 12,0,2 1,95,1 0,0,0 1,95,1 1,95,1 1,95,1 1,95,1
ADDLINE 1,108,1 1,108,1 0,0,0 1,108,1 0,0,0 0,0,0 12,0,2 0,0,0 0,0,0
ADDLINE 1,83,1 1,83,1 12,0,2 1,83,1 1,83,1 1,83,1 1,83,1 1,83,1 0,0,0
ADDLINE 1,87,1 1,87,1 12,0,2 1,87,1 1,87,1 1,87,1 1,87,1 1,87,1 1,87,1
ADDLINE 1,105,1 1,105,1 0,0,0 0,0,0 12,0,2 0,0,0 0,0,0 0,0,0 0,0,0
ADDLINE 1,114,1 1,114,1 1,114,1 1,114,1 1,114,1 0,0,0 12,0,2 0,0,0 0,0,0
ADDLINE 1,91,1 12,0,2 0,0,0 11,0,2 0,0,0 0,0,0 1,91,1 1,91,1 1,91,1
ADDLINE 1,91,1 12,0,2 1,182,1 1,182,1 1,182,1 1,91,1 1,91,1 1,91,1 1,91,1
ADDLINE 1,110,1 0,0,0 0,0,0 12,0,2 0,0,0 0,0,0 1,220,1 1,110,1 1,110,1
ADDLINE 1,272,1 1,272,1 1,272,1 1,272,1 1,272,1 10,0,2 0,0,0 12,0,2 0,0,0
ADDLINE 1,131,1 1,131,1 1,131,1 1,131,1 1,262,1 1,262,1 1,262,1 12,0,2 0,0,0
ADDLINE 1,139,1 1,139,1 1,139,1 1,139,1 1,278,1 11,0,2 12,0,2 0,0,0 1,139,1
0,0,0 17,64,1 0,0,0 0,0,0 0,0,0 0,0,0 0,0,0 12,0,2 1,64,1
0,0,0 1,120,1 1,120,1 1,60,1 1,60,1 1,60,1 1,60,1 12,0,2 1,60,1
0,0,0 1,118,1 1,59,1 1,59,1 1,59,1 1,59,1 1,59,1 12,0,2 1,59,1
11,0,2 12,0,2 0,0,0 0,0,0 0,0,0 1,61,1 1,61,1 0,0,0 1,61,1
1,60,1 1,120,1 1,60,1 1,60,1 0,0,0 1,60,1 1,60,1 12,0,2 0,0,0
1,59,1 1,118,1 1,59,1 1,59,1 12,0,2 0,0,0 0,0,0 0,0,0 0,0,0
0,0,0 0,0,0 0,0,0 0,0,0 0,0,0 0,0,0 0,0,0 0,0,0 0,0,0
0,0,0 0,0,0 0,0,0 0,0,0 0,0,0 0,0,0 0,0,0 0,0,0 0,0,0
0,0,0 0,0,0 0,0,0 0,0,0 0,0,0 0,0,0 0,0,0 0,0,0 0,0,0