MODE 0
BALL 60
STARS 0/2600/3700
ADDLINE 1,72,1 1,72,1 1,72,1 0,0,0 0,0,0 0,0,0 12,0,2 0,0,0 0,0,0
ADDLINE 0,0,0 0,0,0 0,0,0 12,0,2 1,73,1 1,73,1 1,73,1 1,73,1 0,0,0
ADDLINE 0,0,0 1,74,1 1,74,1 1,74,1 1,74,1 1,74,1 12,0,2 0,0,0 0,0,0
ADDLINE 0,0,0 0,0,0 0,0,0 0,0,0 1,82,1 1,82,1 1,82,1 1,82,1 12,0,2
ADDLINE 1,83,1 1,83,1 1,83,1 0,0,0 12,0,2 1,83,1 1,83,1 1,83,1 0,0,0
ADDLINE 1,91,1 1,91,1 1,91,1 1,91,1 1,91,1 0,0,0 0,0,0 12,0,2 0,0,0
ADDLINE 1,95,1 1,95,1 1,95,1 12,0,2 1,95,1 0,0,0 1,95,1 1,95,1 1,95,1
ADDLINE 1,108,1 1,108,1 1,108,1 0,0,0 1,108,1 12,0,2 0,0,0 1,108,1 1,108,1
ADDLINE 1,87,1 1,87,1 1,87,1 0,0,0 0,0,0 12,0,2 0,0,0 1,87,1 1,87,1
ADDLINE 0,0,0 0,0,0 0,0,0 1,96,1 0,0,0 1,96,1 1,96,1 1,96,1 12,0,2
ADDLINE 1,105,1 1,105,1 0,0,0 1,105,1 12,0,2 1,105,1 1,105,1 1,105,1 0,0,0
ADDLINE 1,114,1 1,114,1 0,0,0 1,114,1 0,0,0 0,0,0 12,0,2 1,114,1 0,0,0
ADDLINE 1,87,1 1,87,1 1,87,1 1,87,1 12,0,2 1,87,1 0,0,0 1,87,1 1,87,1
ADDLINE 0,0,0 0,0,0 0,0,0 1,101,1 0,0,0 1,101,1 12,0,2 1,101,1 1,101,1
ADDLINE 0,0,0 1,110,1 12,0,2 1,110,1 0,0,0 1,110,1 0,0,0 1,110,1 1,110,1
ADDLINE 0,0,0 1,136,1 0,0,0 1,136,1 0,0,0 1,136,1 12,0,2 1,136,1 1,136,1
ADDLINE 12,0,2 1,124,1 1,124,1 1,124,1 1,124,1 1,124,1 1,124,1 1,124,1 1,124,1
ADDLINE 0,0,0 0,0,0 0,0,0 12,0,2 0,0,0 1,139,1 0,0,0 0,0,0 0,0,0
0,0,0 1,64,1 1,64,1 1,64,1 0,0,0 0,0,0 0,0,0 0,0,0 12,0,2
12,0,2 1,57,1 1,57,1 1,57,1 1,57,1 1,57,1 1,57,1 1,57,1 1,57,1
0,0,0 12,0,2 0,0,0 0,0,0 0,0,0 1,62,1 1,62,1 1,62,1 1,62,1
1,56,1 1,56,1 1,56,1 1,56,1 12,0,2 1,56,1 1,56,1 1,56,1 1,56,1
0,0,0 0,0,0 0,0,0 1,60,1 0,0,0 12,0,2 0,0,0 0,0,0 0,0,0
1,54,1 1,54,1 12,0,2 1,54,1 1,54,1 1,54,1 1,54,1 1,54,1 1,54,1
0,0,0 0,0,0 0,0,0 0,0,0 0,0,0 0,0,0 0,0,0 0,0,0 0,0,0
0,0,0 0,0,0 0,0,0 0,0,0 0,0,0 0,0,0 0,0,0 0,0,0 0,0,0
0,0,0 0,0,0 0,0,0 0,0,0 0,0,0 0,0,0 0,0,0 0,0,0 0,0,0