MODE 0
BALL 60
STARS 0/3100/4400
ADDLINE 12,0,2 1,65,1 1,65,1 1,65,1 1,65,1 1,65,1 1,65,1 1,65,1 1,65,1
ADDLINE 0,0,0 0,0,0 0,0,0 12,0,2 1,73,1 1,73,1 0,0,0 0,0,0 0,0,0
ADDLINE 1,67,1 1,67,1 1,67,1 12,0,2 1,67,1 1,67,1 1,67,1 1,67,1 1,67,1
ADDLINE 1,78,1 12,0,2 1,78,1 0,0,0 1,78,1 1,78,1 1,78,1 1,78,1 1,78,1
ADDLINE 1,79,1 12,0,2 1,79,1 0,0,0 1,79,1 1,79,1 1,79,1 1,79,1 1,79,1
ADDLINE 1,91,1 0,0,0 1,91,1 0,0,0 0,0,0 12,0,2 0,0,0 0,0,0 1,91,1
ADDLINE 1,95,1 12,0,2 1,95,1 1,95,1 1,95,1 1,95,1 1,95,1 0,0,0 1,95,1
ADDLINE 1,108,1 0,0,0 0,0,0 12,0,2 0,0,0 0,0,0 1,108,1 0,0,0 1,108,1
ADDLINE 1,83,1 1,83,1 1,83,1 1,83,1 1,83,1 12,0,2 1,83,1 0,0,0 1,83,1
ADDLINE 1,96,1 1,96,1 0,0,0 0,0,0 12,0,2 0,0,0 1,96,1 0,0,0 0,0,0
ADDLINE 1,105,1 1,105,1 0,0,0 1,105,1 0,0,0 12,0,2 0,0,0 0,0,0 0,0,0
ADDLINE 1,114,1 1,114,1 12,0,2 0,0,0 1,114,1 1,114,1 1,114,1 1,114,1 0,0,0
ADDLINE 1,91,1 1,91,1 1,91,1 12,0,2 0,0,0 0,0,0 0,0,0 1,91,1 0,0,0
ADDLINE 1,101,1 1,101,1 1,101,1 12,0,2 0,0,0 0,0,0 1,101,1 1,101,1 0,0,0
ADDLINE 1,110,1 1,110,1 1,110,1 1,110,1 1,110,1 12,0,2 1,110,1 0,0,0 0,0,0
ADDLINE 0,0,0 0,0,0 1,136,1 1,136,1 1,136,1 1,136,1 1,136,1 12,0,2 1,136,1
ADDLINE 0,0,0 0,0,0 0,0,0 1,137,1 1,137,1 1,137,1 1,137,1 0,0,0 12,0,2
ADDLINE 1,139,1 1,139,1 12,0,2 1,139,1 1,139,1 1,139,1 1,139,1 0,0,0 0,0,0
0,0,0 1,64,1 1,64,1 1,64,1 12,0,2 1,64,1 1,64,1 1,64,1 0,0,0
1,63,1 1,63,1 0,0,0 0,0,0 1,63,1 1,63,1 1,63,1 12,0,2 0,0,0
1,62,1 0,0,0 0,0,0 0,0,0 1,62,1 0,0,0 1,62,1 12,0,2 0,0,0
1,56,1 1,56,1 1,56,1 12,0,2 1,56,1 1,56,1 1,56,1 1,56,1 1,56,1
0,0,0 0,0,0 1,60,1 0,0,0 0,0,0 1,60,1 1,60,1 12,0,2 1,60,1
0,0,0 0,0,0 1,59,1 1,59,1 0,0,0 12,0,2 1,59,1 1,59,1 1,59,1
0,0,0 0,0,0 0,0,0 0,0,0 0,0,0 0,0,0 0,0,0 0,0,0 0,0,0
0,0,0 0,0,0 0,0,0 0,0,0 0,0,0 0,0,0 0,0,0 0,0,0 0,0,0
0,0,0 0,0,0 0,0,0 0,0,0 0,0,0 0,0,0 0,0,0 0,0,0 0,0,0