MODE 0
BALL 60
STARS 0/3000/4400
ADDLINE 1,72,1 1,72,1 1,144,1 1,144,1 1,144,1 1,72,1 0,0,0 12,0,2 0,0,0
ADDLINE 1,73,1 1,146,1 1,146,1 1,146,1 12,0,2 0,0,0 0,0,0 0,0,0 1,73,1
ADDLINE 1,74,1 1,148,1 17,74,1 1,148,1 12,0,2 1,74,1 0,0,0 1,74,1 1,74,1
ADDLINE 1,78,1 1,156,1 1,156,1 1,156,1 12,0,2 1,78,1 0,0,0 1,78,1 1,78,1
ADDLINE 16,83,1 12,0,2 1,166,1 1,166,1 1,166,1 0,0,0 1,166,1 1,166,1 1,166,1
ADDLINE 17,91,1 12,0,2 1,91,1 1,91,1 1,91,1 0,0,0 1,91,1 1,91,1 1,91,1
ADDLINE 1,190,1 12,0,2 1,95,1 1,95,1 1,95,1 0,0,0 1,95,1 1,95,1 1,95,1
ADDLINE 0,0,0 0,0,0 1,108,1 1,108,1 1,108,1 12,0,2 0,0,0 0,0,0 1,108,1
ADDLINE 0,0,0 0,0,0 1,87,1 0,0,0 0,0,0 12,0,2 0,0,0 0,0,0 1,87,1
ADDLINE 0,0,0 1,91,1 1,91,1 1,91,1 12,0,2 1,91,1 1,91,1 1,91,1 1,91,1
ADDLINE 0,0,0 1,210,1 12,0,2 1,210,1 1,210,1 1,210,1 1,210,1 16,105,1 1,210,1
ADDLINE 1,108,1 1,108,1 12,0,2 1,108,1 0,0,0 1,108,1 1,108,1 1,108,1 1,108,1
ADDLINE 1,91,1 1,91,1 0,0,0 1,91,1 0,0,0 0,0,0 12,0,2 0,0,0 0,0,0
ADDLINE 1,192,1 1,192,1 1,96,1 1,96,1 12,0,2 1,96,1 0,0,0 1,96,1 1,96,1
ADDLINE 20,110,1 1,220,1 0,0,0 1,110,1 0,0,0 1,110,1 12,0,2 1,110,1 0,0,0
ADDLINE 1,272,1 1,272,1 0,0,0 1,136,1 0,0,0 1,136,1 12,0,2 1,136,1 0,0,0
ADDLINE 0,0,0 0,0,0 0,0,0 1,137,1 12,0,2 1,137,1 0,0,0 1,137,1 0,0,0
ADDLINE 0,0,0 1,139,1 0,0,0 1,139,1 1,139,1 1,139,1 12,0,2 1,139,1 0,0,0
0,0,0 1,128,1 1,128,1 19,64,1 1,128,1 1,128,1 1,128,1 1,128,1 12,0,2
0,0,0 12,0,2 1,126,1 1,126,1 0,0,0 1,63,1 0,0,0 1,126,1 1,126,1
0,0,0 1,62,1 1,62,1 1,124,1 12,0,2 1,62,1 0,0,0 1,127,1 20,62,1
0,0,0 0,0,0 0,0,0 1,122,1 12,0,2 0,0,0 0,0,0 1,122,1 0,0,0
0,0,0 0,0,0 12,0,2 0,0,0 0,0,0 0,0,0 0,0,0 0,0,0 1,60,1
1,54,1 1,54,1 1,54,1 1,108,1 1,54,1 1,54,1 1,54,1 12,0,2 1,54,1
0,0,0 0,0,0 0,0,0 0,0,0 0,0,0 0,0,0 0,0,0 0,0,0 0,0,0
0,0,0 0,0,0 0,0,0 0,0,0 0,0,0 0,0,0 0,0,0 0,0,0 0,0,0
0,0,0 0,0,0 0,0,0 0,0,0 0,0,0 0,0,0 0,0,0 0,0,0 0,0,0