MODE 0
BALL 60
STARS 0/3600/5100
ADDLINE 1,144,1 0,0,0 1,144,1 0,0,0 1,144,1 8,0,2 12,0,2 0,0,0 1,144,1
ADDLINE 1,69,1 12,0,2 4,69,1 1,69,1 1,138,1 17,69,1 1,138,1 1,138,1 1,69,1
ADDLINE 1,148,1 0,0,0 0,0,0 12,0,2 0,0,0 1,148,1 10,0,2 0,0,0 1,148,1
ADDLINE 1,78,1 12,0,2 1,78,1 1,78,1 1,78,1 1,156,1 1,156,1 0,0,0 1,78,1
ADDLINE 1,83,1 0,0,0 1,83,1 5,83,1 1,83,1 1,83,1 1,83,1 12,0,2 0,0,0
ADDLINE 2,82,1 1,82,1 1,82,1 2,82,1 1,82,1 5,82,1 3,82,1 12,0,2 1,82,1
ADDLINE 16,99,1 1,198,1 1,198,1 1,198,1 12,0,2 8,0,2 1,198,1 0,0,0 1,198,1
ADDLINE 1,206,1 1,206,1 2,103,1 12,0,2 5,103,1 1,103,1 1,103,1 0,0,0 1,103,1
ADDLINE 7,0,2 0,0,0 1,174,1 0,0,0 1,87,1 12,0,2 1,87,1 0,0,0 1,87,1
ADDLINE 1,192,1 20,96,1 1,192,1 1,96,1 1,192,1 1,192,1 12,0,2 0,0,0 1,96,1
ADDLINE 11,0,2 1,210,1 1,210,1 1,105,1 1,210,1 20,105,1 1,210,1 12,0,2 2,105,1
ADDLINE 0,0,0 0,0,0 0,0,0 12,0,2 0,0,0 1,228,1 7,0,2 1,228,1 1,114,1
ADDLINE 2,83,1 1,83,1 12,0,2 1,83,1 1,83,1 1,166,1 1,166,1 1,166,1 1,83,1
ADDLINE 1,101,1 1,101,1 0,0,0 12,0,2 0,0,0 0,0,0 1,202,1 17,101,1 3,101,1
ADDLINE 1,110,1 12,0,2 0,0,0 4,110,1 0,0,0 0,0,0 1,220,1 1,220,1 1,110,1
ADDLINE 0,0,0 12,0,2 1,272,1 1,272,1 1,272,1 1,272,1 1,272,1 19,136,1 1,272,1
ADDLINE 0,0,0 0,0,0 0,0,0 0,0,0 12,0,2 0,0,0 1,274,1 1,274,1 2,137,1
ADDLINE 3,139,1 1,139,1 0,0,0 1,139,1 12,0,2 0,0,0 1,139,1 1,139,1 1,139,1
1,61,1 1,61,1 12,0,2 1,122,1 1,61,1 5,61,1 0,0,0 1,61,1 1,61,1
1,60,1 12,0,2 1,120,1 1,120,1 1,120,1 3,60,1 1,60,1 0,0,0 1,60,1
2,62,1 0,0,0 1,124,1 17,62,1 1,124,1 12,0,2 1,124,1 0,0,0 1,124,1
1,116,1 12,0,2 1,116,1 1,116,1 1,116,1 1,116,1 1,116,1 20,58,1 1,116,1
0,0,0 1,60,1 1,60,1 5,120,1 0,0,0 1,60,1 1,120,1 1,120,1 12,0,2
0,0,0 0,0,0 0,0,0 1,118,1 1,59,1 4,59,1 12,0,2 0,0,0 0,0,0
0,0,0 0,0,0 0,0,0 0,0,0 0,0,0 0,0,0 0,0,0 0,0,0 0,0,0
0,0,0 0,0,0 0,0,0 0,0,0 0,0,0 0,0,0 0,0,0 0,0,0 0,0,0
0,0,0 0,0,0 0,0,0 0,0,0 0,0,0 0,0,0 0,0,0 0,0,0 0,0,0