MODE 0
BALL 11
STARS 0/0/0
0,0,0 0,0,0 1,50,1 0,0,0 1,50,1 0,0,0 1,50,1 0,0,0 0,0,0
0,0,0 0,0,0 1,45,1 0,0,0 0,0,0 1,45,1 1,45,1 0,0,0 0,0,0
1,40,1 1,40,1 1,40,1 0,0,0 0,0,0 0,0,0 19,40,1 0,0,0 1,40,1
1,35,1 20,35,1 1,35,1 1,35,1 16,10,1 1,35,1 1,35,1 18,35,1 1,35,1
1,30,1 1,30,1 17,30,1 0,0,0 0,0,0 0,0,0 1,30,1 0,0,0 1,30,1
0,0,0 0,0,0 1,25,1 0,0,0 0,0,0 0,0,0 1,25,1 0,0,0 0,0,0
0,0,0 0,0,0 0,0,0 0,0,0 0,0,0 0,0,0 0,0,0 0,0,0 0,0,0
0,0,0 0,0,0 0,0,0 0,0,0 0,0,0 0,0,0 0,0,0 0,0,0 0,0,0
0,0,0 0,0,0 0,0,0 0,0,0 0,0,0 0,0,0 0,0,0 0,0,0 0,0,0