MODE 0
BALL 60
STARS 0/3400/5000
ADDLINE 1,82,1 0,0,0 1,82,1 0,0,0 1,82,1 12,0,2 1,82,1 0,0,0 1,82,1
ADDLINE 1,83,1 0,0,0 0,0,0 12,0,2 1,83,1 0,0,0 1,83,1 0,0,0 1,83,1
ADDLINE 1,168,1 12,0,2 1,168,1 1,168,1 1,168,1 0,0,0 1,168,1 8,0,2 1,168,1
ADDLINE 1,93,1 0,0,0 1,93,1 12,0,2 0,0,0 0,0,0 1,93,1 0,0,0 1,93,1
ADDLINE 1,188,1 12,0,2 1,188,1 1,188,1 1,188,1 0,0,0 1,188,1 8,0,2 1,188,1
ADDLINE 1,206,1 0,0,0 1,206,1 0,0,0 12,0,2 0,0,0 1,206,1 10,0,2 1,206,1
ADDLINE 1,112,1 0,0,0 1,112,1 12,0,2 1,112,1 1,112,1 1,224,1 0,0,0 1,112,1
ADDLINE 0,0,0 0,0,0 1,244,1 8,0,2 1,244,1 12,0,2 1,244,1 0,0,0 0,0,0
ADDLINE 1,196,1 1,196,1 1,196,1 12,0,2 1,196,1 0,0,0 1,196,1 8,0,2 1,196,1
ADDLINE 1,108,1 0,0,0 1,108,1 12,0,2 0,0,0 0,0,0 0,0,0 0,0,0 0,0,0
ADDLINE 1,112,1 12,0,2 1,112,1 1,112,1 1,112,1 1,112,1 1,112,1 1,112,1 1,112,1
ADDLINE 1,128,1 12,0,2 1,128,1 0,0,0 1,128,1 1,128,1 1,128,1 1,128,1 1,128,1
ADDLINE 1,98,1 12,0,2 1,98,1 1,98,1 1,98,1 1,98,1 1,98,1 1,98,1 1,98,1
ADDLINE 1,113,1 0,0,0 12,0,2 0,0,0 1,113,1 0,0,0 0,0,0 0,0,0 0,0,0
ADDLINE 1,117,1 1,117,1 1,117,1 12,0,2 1,117,1 1,117,1 1,117,1 1,117,1 1,117,1
ADDLINE 0,0,0 0,0,0 1,133,1 0,0,0 1,133,1 12,0,2 0,0,0 0,0,0 0,0,0
ADDLINE 1,107,1 1,107,1 1,107,1 12,0,2 1,107,1 0,0,0 1,107,1 1,107,1 1,107,1
ADDLINE 1,117,1 1,117,1 1,117,1 0,0,0 1,117,1 12,0,2 1,117,1 0,0,0 0,0,0
ADDLINE 0,0,0 0,0,0 1,157,1 1,157,1 12,0,2 1,157,1 1,157,1 1,157,1 1,157,1
ADDLINE 1,158,1 0,0,0 0,0,0 12,0,2 11,0,2 1,316,1 1,158,1 1,158,1 1,158,1
ADDLINE 1,160,1 1,160,1 12,0,2 1,160,1 1,160,1 1,160,1 1,160,1 0,0,0 1,160,1
1,73,1 1,73,1 1,146,1 1,146,1 12,0,2 1,73,1 0,0,0 1,73,1 1,73,1
0,0,0 0,0,0 0,0,0 11,0,2 12,0,2 1,72,1 0,0,0 0,0,0 0,0,0
1,68,1 1,68,1 1,68,1 1,68,1 1,68,1 1,68,1 1,68,1 1,68,1 12,0,2
1,70,1 1,140,1 12,0,2 1,140,1 0,0,0 6,70,1 0,0,0 0,0,0 0,0,0
1,138,1 1,138,1 10,0,2 1,138,1 12,0,2 1,138,1 1,138,1 1,138,1 0,0,0
0,0,0 0,0,0 0,0,0 1,136,1 12,0,2 1,68,1 1,68,1 1,68,1 0,0,0
0,0,0 0,0,0 0,0,0 0,0,0 0,0,0 0,0,0 0,0,0 0,0,0 0,0,0
0,0,0 0,0,0 0,0,0 0,0,0 0,0,0 0,0,0 0,0,0 0,0,0 0,0,0
0,0,0 0,0,0 0,0,0 0,0,0 0,0,0 0,0,0 0,0,0 0,0,0 0,0,0