MODE 0
BALL 60
STARS 0/3600/5000
ADDLINE 1,78,1 1,78,1 1,78,1 12,0,2 1,78,1 1,78,1 1,78,1 1,78,1 1,78,1
ADDLINE 0,0,0 0,0,0 12,0,2 0,0,0 1,83,1 1,83,1 1,83,1 1,83,1 1,83,1
ADDLINE 1,80,1 1,80,1 1,80,1 12,0,2 1,80,1 1,80,1 1,80,1 1,80,1 1,80,1
ADDLINE 1,93,1 1,93,1 1,93,1 0,0,0 1,93,1 0,0,0 12,0,2 0,0,0 0,0,0
ADDLINE 1,89,1 1,89,1 1,89,1 1,89,1 1,89,1 1,89,1 1,89,1 1,89,1 12,0,2
ADDLINE 0,0,0 12,0,2 0,0,0 0,0,0 1,103,1 0,0,0 0,0,0 0,0,0 0,0,0
ADDLINE 1,112,1 1,112,1 1,112,1 12,0,2 1,112,1 0,0,0 1,112,1 1,112,1 1,112,1
ADDLINE 0,0,0 0,0,0 12,0,2 0,0,0 1,122,1 0,0,0 1,122,1 1,122,1 1,122,1
ADDLINE 1,93,1 1,93,1 1,93,1 1,93,1 1,93,1 12,0,2 1,93,1 1,93,1 1,93,1
ADDLINE 1,108,1 1,108,1 1,108,1 0,0,0 0,0,0 12,0,2 1,108,1 0,0,0 1,108,1
ADDLINE 1,118,1 1,118,1 1,118,1 12,0,2 1,118,1 0,0,0 0,0,0 0,0,0 1,118,1
ADDLINE 1,128,1 1,128,1 12,0,2 1,128,1 1,128,1 0,0,0 1,128,1 1,128,1 1,128,1
ADDLINE 1,102,1 1,102,1 12,0,2 0,0,0 1,102,1 0,0,0 1,102,1 1,102,1 1,102,1
ADDLINE 1,113,1 1,113,1 1,113,1 1,113,1 0,0,0 12,0,2 0,0,0 0,0,0 0,0,0
ADDLINE 1,123,1 1,123,1 1,123,1 0,0,0 1,123,1 1,123,1 12,0,2 0,0,0 0,0,0
ADDLINE 1,133,1 1,133,1 1,133,1 12,0,2 1,133,1 1,133,1 0,0,0 1,133,1 1,133,1
ADDLINE 1,107,1 1,107,1 1,107,1 12,0,2 1,107,1 0,0,0 0,0,0 1,107,1 1,107,1
ADDLINE 1,117,1 1,117,1 12,0,2 0,0,0 0,0,0 0,0,0 1,117,1 1,117,1 1,117,1
ADDLINE 1,157,1 1,157,1 1,157,1 1,157,1 1,157,1 12,0,2 1,157,1 0,0,0 1,157,1
ADDLINE 1,158,1 1,158,1 1,158,1 1,158,1 1,158,1 12,0,2 1,158,1 0,0,0 1,158,1
ADDLINE 1,160,1 1,160,1 1,160,1 1,160,1 1,160,1 12,0,2 1,160,1 0,0,0 0,0,0
1,73,1 1,73,1 1,73,1 0,0,0 0,0,0 12,0,2 0,0,0 0,0,0 1,73,1
1,72,1 1,72,1 1,72,1 12,0,2 1,72,1 1,72,1 1,72,1 0,0,0 1,72,1
1,71,1 1,71,1 1,71,1 0,0,0 12,0,2 0,0,0 0,0,0 0,0,0 1,71,1
1,70,1 1,70,1 1,70,1 6,70,1 0,0,0 1,70,1 1,70,1 12,0,2 0,0,0
1,69,1 12,0,2 1,69,1 1,69,1 1,69,1 1,69,1 1,69,1 0,0,0 0,0,0
1,68,1 0,0,0 0,0,0 1,68,1 1,68,1 1,68,1 1,68,1 12,0,2 0,0,0
0,0,0 0,0,0 0,0,0 0,0,0 0,0,0 0,0,0 0,0,0 0,0,0 0,0,0
0,0,0 0,0,0 0,0,0 0,0,0 0,0,0 0,0,0 0,0,0 0,0,0 0,0,0
0,0,0 0,0,0 0,0,0 0,0,0 0,0,0 0,0,0 0,0,0 0,0,0 0,0,0