MODE 0
BALL 60
STARS 0/3400/5000
ADDLINE 1,78,1 1,78,1 1,78,1 1,78,1 1,78,1 1,78,1 1,78,1 12,0,2 1,78,1
ADDLINE 0,0,0 0,0,0 0,0,0 0,0,0 1,83,1 12,0,2 1,83,1 0,0,0 0,0,0
ADDLINE 1,84,1 12,0,2 1,84,1 0,0,0 1,84,1 0,0,0 1,84,1 1,84,1 1,84,1
ADDLINE 1,93,1 0,0,0 1,93,1 12,0,2 0,0,0 0,0,0 1,93,1 0,0,0 1,93,1
ADDLINE 1,94,1 0,0,0 1,94,1 1,94,1 1,94,1 12,0,2 1,94,1 0,0,0 1,94,1
ADDLINE 1,103,1 12,0,2 1,103,1 0,0,0 0,0,0 0,0,0 0,0,0 0,0,0 1,103,1
ADDLINE 1,107,1 12,0,2 1,107,1 1,107,1 1,107,1 1,107,1 1,107,1 1,107,1 1,107,1
ADDLINE 1,122,1 0,0,0 0,0,0 12,0,2 0,0,0 0,0,0 0,0,0 0,0,0 0,0,0
ADDLINE 1,98,1 1,98,1 12,0,2 1,98,1 1,98,1 1,98,1 0,0,0 1,98,1 1,98,1
ADDLINE 1,108,1 1,108,1 1,108,1 1,108,1 1,108,1 12,0,2 1,108,1 0,0,0 1,108,1
ADDLINE 0,0,0 0,0,0 0,0,0 0,0,0 1,118,1 12,0,2 1,118,1 0,0,0 1,118,1
ADDLINE 1,128,1 12,0,2 1,128,1 1,128,1 1,128,1 0,0,0 1,128,1 1,128,1 1,128,1
ADDLINE 1,102,1 0,0,0 1,102,1 0,0,0 0,0,0 12,0,2 0,0,0 0,0,0 1,102,1
ADDLINE 1,107,1 1,107,1 1,107,1 12,0,2 1,107,1 1,107,1 1,107,1 1,107,1 1,107,1
ADDLINE 0,0,0 0,0,0 0,0,0 12,0,2 1,123,1 1,123,1 1,123,1 1,123,1 1,123,1
ADDLINE 1,127,1 1,127,1 1,127,1 12,0,2 1,127,1 1,127,1 1,127,1 1,127,1 1,127,1
ADDLINE 1,107,1 1,107,1 1,107,1 0,0,0 0,0,0 12,0,2 0,0,0 0,0,0 0,0,0
ADDLINE 1,112,1 1,112,1 1,112,1 1,112,1 1,112,1 1,112,1 1,112,1 1,112,1 12,0,2
ADDLINE 1,157,1 1,157,1 1,157,1 1,157,1 1,157,1 12,0,2 1,157,1 0,0,0 1,157,1
ADDLINE 1,158,1 1,158,1 1,158,1 1,158,1 1,158,1 12,0,2 1,158,1 0,0,0 0,0,0
ADDLINE 1,160,1 1,160,1 1,160,1 1,160,1 1,160,1 12,0,2 1,160,1 1,160,1 0,0,0
1,73,1 0,0,0 0,0,0 0,0,0 0,0,0 12,0,2 0,0,0 0,0,0 1,73,1
1,72,1 12,0,2 1,72,1 1,72,1 1,72,1 1,72,1 1,72,1 0,0,0 1,72,1
0,0,0 0,0,0 1,71,1 1,71,1 1,71,1 1,71,1 1,71,1 12,0,2 0,0,0
1,70,1 12,0,2 1,70,1 6,70,1 1,70,1 1,70,1 1,70,1 0,0,0 1,70,1
1,69,1 12,0,2 1,69,1 0,0,0 0,0,0 0,0,0 0,0,0 0,0,0 0,0,0
1,65,1 12,0,2 1,65,1 1,65,1 1,65,1 1,65,1 1,65,1 1,65,1 1,65,1
0,0,0 0,0,0 0,0,0 0,0,0 0,0,0 0,0,0 0,0,0 0,0,0 0,0,0
0,0,0 0,0,0 0,0,0 0,0,0 0,0,0 0,0,0 0,0,0 0,0,0 0,0,0
0,0,0 0,0,0 0,0,0 0,0,0 0,0,0 0,0,0 0,0,0 0,0,0 0,0,0