MODE 0
BALL 60
STARS 0/3700/5300
ADDLINE 1,82,1 12,0,2 0,0,0 1,164,1 1,164,1 0,0,0 1,82,1 0,0,0 0,0,0
ADDLINE 1,79,1 1,79,1 1,79,1 1,79,1 1,79,1 12,0,2 1,79,1 1,79,1 1,79,1
ADDLINE 0,0,0 0,0,0 0,0,0 0,0,0 0,0,0 0,0,0 1,84,1 12,0,2 0,0,0
ADDLINE 1,88,1 1,88,1 1,88,1 1,88,1 1,88,1 12,0,2 1,88,1 1,88,1 1,88,1
ADDLINE 1,89,1 1,89,1 1,89,1 1,89,1 1,89,1 12,0,2 1,89,1 1,89,1 1,89,1
ADDLINE 1,98,1 1,98,1 1,98,1 1,98,1 1,98,1 12,0,2 1,98,1 1,98,1 1,98,1
ADDLINE 0,0,0 0,0,0 0,0,0 0,0,0 0,0,0 0,0,0 12,0,2 0,0,0 1,112,1
ADDLINE 1,116,1 1,116,1 1,116,1 1,116,1 1,116,1 12,0,2 1,116,1 1,116,1 1,116,1
ADDLINE 1,98,1 12,0,2 0,0,0 0,0,0 1,98,1 1,196,1 1,196,1 1,196,1 1,98,1
ADDLINE 1,108,1 1,108,1 1,108,1 12,0,2 1,108,1 1,216,1 20,108,1 1,216,1 1,108,1
ADDLINE 1,118,1 1,118,1 1,118,1 12,0,2 0,0,0 0,0,0 1,236,1 1,236,1 1,118,1
ADDLINE 1,128,1 1,128,1 1,128,1 1,256,1 1,256,1 1,256,1 0,0,0 12,0,2 0,0,0
ADDLINE 0,0,0 0,0,0 0,0,0 1,204,1 20,102,1 1,204,1 12,0,2 0,0,0 0,0,0
ADDLINE 0,0,0 0,0,0 0,0,0 0,0,0 1,226,1 12,0,2 1,113,1 1,113,1 1,113,1
ADDLINE 12,0,2 1,117,1 1,117,1 1,117,1 1,117,1 1,117,1 1,117,1 1,117,1 1,117,1
ADDLINE 0,0,0 12,0,2 0,0,0 0,0,0 0,0,0 1,133,1 1,133,1 1,133,1 1,133,1
ADDLINE 1,214,1 19,107,1 1,214,1 1,214,1 12,0,2 1,214,1 1,214,1 1,214,1 1,214,1
ADDLINE 1,112,1 1,224,1 1,224,1 1,112,1 12,0,2 1,112,1 1,112,1 1,112,1 1,112,1
ADDLINE 0,0,0 1,314,1 1,314,1 1,314,1 1,314,1 1,314,1 1,314,1 16,157,1 12,0,2
ADDLINE 1,158,1 1,158,1 12,0,2 1,158,1 1,158,1 1,158,1 1,316,1 17,158,1 0,0,0
ADDLINE 0,0,0 0,0,0 0,0,0 0,0,0 0,0,0 1,160,1 1,160,1 1,160,1 12,0,2
1,73,1 1,73,1 1,146,1 7,0,2 12,0,2 0,0,0 0,0,0 1,73,1 0,0,0
1,144,1 1,144,1 1,144,1 1,144,1 8,0,2 1,144,1 12,0,2 1,144,1 0,0,0
1,71,1 1,71,1 1,71,1 1,71,1 12,0,2 0,0,0 1,71,1 1,71,1 0,0,0
0,0,0 0,0,0 0,0,0 1,140,1 12,0,2 1,70,1 6,70,1 0,0,0 0,0,0
0,0,0 0,0,0 1,138,1 7,0,2 1,138,1 1,69,1 1,69,1 1,69,1 12,0,2
1,68,1 12,0,2 1,136,1 1,136,1 1,136,1 1,68,1 1,68,1 1,68,1 0,0,0
0,0,0 0,0,0 0,0,0 0,0,0 0,0,0 0,0,0 0,0,0 0,0,0 0,0,0
0,0,0 0,0,0 0,0,0 0,0,0 0,0,0 0,0,0 0,0,0 0,0,0 0,0,0
0,0,0 0,0,0 0,0,0 0,0,0 0,0,0 0,0,0 0,0,0 0,0,0 0,0,0