MODE 0
BALL 60
STARS 0/3400/4900
ADDLINE 1,78,1 1,78,1 1,78,1 12,0,2 1,78,1 1,78,1 1,78,1 1,78,1 1,78,1
ADDLINE 0,0,0 0,0,0 1,83,1 12,0,2 1,83,1 0,0,0 0,0,0 0,0,0 1,83,1
ADDLINE 1,84,1 12,0,2 1,84,1 1,84,1 1,84,1 0,0,0 1,84,1 0,0,0 1,84,1
ADDLINE 1,93,1 12,0,2 1,93,1 0,0,0 0,0,0 0,0,0 1,93,1 0,0,0 1,93,1
ADDLINE 1,94,1 0,0,0 1,94,1 12,0,2 1,94,1 1,94,1 1,94,1 0,0,0 1,94,1
ADDLINE 1,103,1 0,0,0 12,0,2 0,0,0 1,103,1 0,0,0 1,103,1 0,0,0 1,103,1
ADDLINE 1,112,1 1,112,1 1,112,1 12,0,2 1,112,1 0,0,0 1,112,1 0,0,0 1,112,1
ADDLINE 0,0,0 12,0,2 1,122,1 0,0,0 0,0,0 0,0,0 1,122,1 0,0,0 1,122,1
ADDLINE 1,98,1 12,0,2 1,98,1 1,98,1 1,98,1 0,0,0 1,98,1 0,0,0 1,98,1
ADDLINE 0,0,0 1,108,1 1,108,1 1,108,1 1,108,1 1,108,1 1,108,1 1,108,1 12,0,2
ADDLINE 0,0,0 12,0,2 0,0,0 1,118,1 1,118,1 1,118,1 1,118,1 1,118,1 0,0,0
ADDLINE 0,0,0 1,128,1 1,128,1 1,128,1 1,128,1 1,128,1 1,128,1 1,128,1 12,0,2
ADDLINE 0,0,0 1,102,1 0,0,0 1,102,1 0,0,0 0,0,0 0,0,0 1,102,1 12,0,2
ADDLINE 0,0,0 1,113,1 0,0,0 1,113,1 1,113,1 1,113,1 12,0,2 1,113,1 1,113,1
ADDLINE 0,0,0 1,123,1 0,0,0 1,123,1 1,123,1 1,123,1 0,0,0 1,123,1 12,0,2
ADDLINE 0,0,0 1,133,1 12,0,2 1,133,1 1,133,1 1,133,1 0,0,0 1,133,1 0,0,0
ADDLINE 0,0,0 1,107,1 0,0,0 1,107,1 1,107,1 1,107,1 0,0,0 12,0,2 0,0,0
ADDLINE 1,112,1 1,112,1 12,0,2 1,112,1 1,112,1 1,112,1 1,112,1 1,112,1 1,112,1
ADDLINE 1,157,1 1,157,1 12,0,2 0,0,0 1,157,1 1,157,1 1,157,1 1,157,1 0,0,0
ADDLINE 1,158,1 1,158,1 0,0,0 0,0,0 0,0,0 0,0,0 0,0,0 12,0,2 0,0,0
ADDLINE 1,152,1 1,152,1 1,152,1 1,152,1 1,152,1 1,152,1 1,152,1 1,152,1 12,0,2
1,73,1 1,73,1 1,73,1 1,73,1 0,0,0 0,0,0 12,0,2 0,0,0 0,0,0
1,69,1 6,69,1 1,69,1 1,69,1 12,0,2 1,69,1 1,69,1 1,69,1 1,69,1
0,0,0 0,0,0 12,0,2 0,0,0 0,0,0 0,0,0 0,0,0 1,71,1 0,0,0
1,67,1 1,67,1 1,67,1 1,67,1 1,67,1 1,67,1 1,67,1 1,67,1 12,0,2
0,0,0 0,0,0 1,69,1 0,0,0 0,0,0 12,0,2 1,69,1 0,0,0 1,69,1
0,0,0 1,68,1 1,68,1 1,68,1 0,0,0 1,68,1 1,68,1 1,68,1 12,0,2
0,0,0 0,0,0 0,0,0 0,0,0 0,0,0 0,0,0 0,0,0 0,0,0 0,0,0
0,0,0 0,0,0 0,0,0 0,0,0 0,0,0 0,0,0 0,0,0 0,0,0 0,0,0
0,0,0 0,0,0 0,0,0 0,0,0 0,0,0 0,0,0 0,0,0 0,0,0 0,0,0