MODE 0
BALL 60
STARS 0/3700/5300
ADDLINE 1,82,1 1,82,1 1,82,1 1,82,1 1,82,1 12,0,2 1,82,1 0,0,0 0,0,0
ADDLINE 3,83,1 1,83,1 1,83,1 4,83,1 5,83,1 12,0,2 5,83,1 0,0,0 1,83,1
ADDLINE 0,0,0 0,0,0 0,0,0 0,0,0 0,0,0 0,0,0 1,84,1 12,0,2 0,0,0
ADDLINE 1,88,1 12,0,2 1,88,1 4,88,1 3,88,1 1,88,1 1,88,1 1,88,1 1,88,1
ADDLINE 0,0,0 0,0,0 5,94,1 12,0,2 1,94,1 1,94,1 3,94,1 1,94,1 1,94,1
ADDLINE 1,98,1 1,98,1 1,98,1 12,0,2 1,98,1 5,98,1 4,98,1 1,98,1 1,98,1
ADDLINE 0,0,0 0,0,0 12,0,2 0,0,0 1,112,1 0,0,0 0,0,0 0,0,0 2,112,1
ADDLINE 1,116,1 1,116,1 1,116,1 12,0,2 1,116,1 1,116,1 1,116,1 5,116,1 1,116,1
ADDLINE 4,98,1 1,98,1 1,98,1 0,0,0 0,0,0 0,0,0 12,0,2 0,0,0 2,98,1
ADDLINE 0,0,0 0,0,0 12,0,2 0,0,0 1,108,1 1,108,1 1,108,1 1,108,1 1,108,1
ADDLINE 0,0,0 0,0,0 12,0,2 0,0,0 0,0,0 0,0,0 3,118,1 1,118,1 1,118,1
ADDLINE 1,128,1 5,128,1 4,128,1 0,0,0 12,0,2 0,0,0 0,0,0 1,128,1 1,128,1
ADDLINE 1,102,1 12,0,2 1,102,1 1,102,1 1,102,1 4,102,1 0,0,0 1,102,1 4,102,1
ADDLINE 5,113,1 12,0,2 2,113,1 1,113,1 1,113,1 0,0,0 0,0,0 1,113,1 1,113,1
ADDLINE 0,0,0 0,0,0 1,123,1 1,123,1 0,0,0 12,0,2 1,123,1 1,123,1 1,123,1
ADDLINE 0,0,0 1,133,1 0,0,0 12,0,2 0,0,0 3,133,1 1,133,1 1,133,1 1,133,1
ADDLINE 0,0,0 1,107,1 1,107,1 12,0,2 1,107,1 4,107,1 2,107,1 1,107,1 1,107,1
ADDLINE 0,0,0 12,0,2 0,0,0 0,0,0 1,117,1 1,117,1 2,117,1 1,117,1 1,117,1
ADDLINE 0,0,0 3,157,1 12,0,2 1,157,1 1,157,1 1,157,1 4,157,1 2,157,1 0,0,0
ADDLINE 0,0,0 4,158,1 12,0,2 1,158,1 1,158,1 1,158,1 1,158,1 1,158,1 1,158,1
ADDLINE 0,0,0 1,160,1 0,0,0 0,0,0 0,0,0 0,0,0 0,0,0 0,0,0 12,0,2
1,73,1 12,0,2 1,73,1 1,73,1 1,73,1 5,73,1 1,73,1 1,73,1 0,0,0
0,0,0 0,0,0 4,72,1 1,72,1 1,72,1 1,72,1 1,72,1 1,72,1 12,0,2
0,0,0 0,0,0 1,71,1 1,71,1 3,71,1 5,71,1 3,71,1 1,71,1 12,0,2
1,70,1 0,0,0 12,0,2 1,70,1 1,70,1 1,70,1 2,70,1 0,0,0 5,70,1
0,0,0 0,0,0 12,0,2 6,69,1 1,69,1 0,0,0 0,0,0 0,0,0 1,69,1
0,0,0 1,68,1 3,68,1 1,68,1 3,68,1 12,0,2 1,68,1 1,68,1 0,0,0
0,0,0 0,0,0 0,0,0 0,0,0 0,0,0 0,0,0 0,0,0 0,0,0 0,0,0
0,0,0 0,0,0 0,0,0 0,0,0 0,0,0 0,0,0 0,0,0 0,0,0 0,0,0
0,0,0 0,0,0 0,0,0 0,0,0 0,0,0 0,0,0 0,0,0 0,0,0 0,0,0