MODE 0
BALL 60
STARS 0/3400/4800
ADDLINE 4,82,1 0,0,0 12,0,2 0,0,0 1,82,1 0,0,0 0,0,0 0,0,0 2,82,1
ADDLINE 1,83,1 1,166,1 1,166,1 12,0,2 1,83,1 1,83,1 1,83,1 0,0,0 1,83,1
ADDLINE 0,0,0 7,0,2 12,0,2 0,0,0 1,84,1 0,0,0 1,84,1 0,0,0 0,0,0
ADDLINE 1,93,1 1,186,1 1,186,1 12,0,2 1,93,1 0,0,0 4,93,1 1,93,1 1,93,1
ADDLINE 3,94,1 0,0,0 0,0,0 0,0,0 1,94,1 12,0,2 0,0,0 0,0,0 1,94,1
ADDLINE 1,206,1 1,206,1 1,206,1 12,0,2 1,206,1 8,0,2 1,206,1 1,206,1 1,206,1
ADDLINE 0,0,0 0,0,0 5,112,1 0,0,0 0,0,0 0,0,0 1,112,1 12,0,2 0,0,0
ADDLINE 2,122,1 12,0,2 1,122,1 1,122,1 1,122,1 0,0,0 1,122,1 0,0,0 1,122,1
ADDLINE 1,98,1 0,0,0 12,0,2 0,0,0 1,98,1 0,0,0 4,98,1 0,0,0 0,0,0
ADDLINE 1,108,1 3,108,1 1,108,1 12,0,2 1,108,1 0,0,0 1,108,1 0,0,0 2,108,1
ADDLINE 11,0,2 12,0,2 0,0,0 0,0,0 1,118,1 0,0,0 0,0,0 0,0,0 0,0,0
ADDLINE 1,244,1 1,244,1 1,122,1 12,0,2 1,122,1 1,122,1 1,122,1 1,122,1 4,122,1
ADDLINE 3,102,1 1,102,1 1,102,1 0,0,0 0,0,0 12,0,2 11,0,2 0,0,0 1,102,1
ADDLINE 1,113,1 1,113,1 1,113,1 12,0,2 1,113,1 1,226,1 1,226,1 0,0,0 1,113,1
ADDLINE 4,123,1 1,123,1 1,123,1 12,0,2 1,123,1 4,123,1 2,123,1 0,0,0 0,0,0
ADDLINE 1,266,1 1,266,1 1,133,1 12,0,2 1,133,1 1,133,1 1,133,1 0,0,0 2,133,1
ADDLINE 7,0,2 0,0,0 1,107,1 0,0,0 12,0,2 0,0,0 1,107,1 0,0,0 5,107,1
ADDLINE 1,224,1 1,224,1 1,112,1 12,0,2 1,112,1 4,112,1 1,112,1 1,112,1 4,112,1
ADDLINE 1,157,1 1,157,1 3,157,1 1,157,1 2,157,1 1,157,1 1,157,1 12,0,2 0,0,0
ADDLINE 5,158,1 3,158,1 2,158,1 1,158,1 1,158,1 1,158,1 12,0,2 1,158,1 0,0,0
ADDLINE 1,160,1 1,160,1 1,160,1 1,160,1 1,160,1 0,0,0 12,0,2 1,160,1 0,0,0
0,0,0 1,73,1 1,73,1 1,73,1 0,0,0 5,73,1 0,0,0 0,0,0 12,0,2
0,0,0 1,72,1 2,72,1 1,72,1 0,0,0 1,72,1 1,72,1 3,72,1 12,0,2
0,0,0 0,0,0 0,0,0 0,0,0 12,0,2 1,71,1 1,71,1 1,71,1 0,0,0
0,0,0 1,140,1 4,70,1 1,70,1 12,0,2 1,70,1 6,140,1 1,140,1 0,0,0
11,0,2 1,138,1 1,69,1 1,69,1 12,0,2 2,69,1 1,138,1 7,0,2 0,0,0
5,68,1 1,68,1 1,68,1 1,68,1 12,0,2 1,68,1 1,136,1 1,136,1 0,0,0
0,0,0 0,0,0 0,0,0 0,0,0 0,0,0 0,0,0 0,0,0 0,0,0 0,0,0
0,0,0 0,0,0 0,0,0 0,0,0 0,0,0 0,0,0 0,0,0 0,0,0 0,0,0
0,0,0 0,0,0 0,0,0 0,0,0 0,0,0 0,0,0 0,0,0 0,0,0 0,0,0