MODE 0
BALL 50
STARS 0/1300/1800
ADDLINE 1,94,1 1,94,1 1,94,1 1,94,1 1,94,1 12,0,2 8,0,2 0,0,0 1,94,1
ADDLINE 1,47,1 12,0,2 0,0,0 0,0,0 0,0,0 1,47,1 1,47,1 0,0,0 1,47,1
ADDLINE 1,75,1 0,0,0 1,75,1 1,75,1 1,75,1 12,0,2 0,0,0 1,75,1 1,75,1
0,0,0 1,46,1 1,46,1 1,46,1 12,0,2 1,46,1 0,0,0 1,46,1 0,0,0
1,90,1 1,90,1 10,0,2 12,0,2 1,90,1 1,90,1 1,90,1 1,90,1 0,0,0
0,0,0 1,42,1 1,42,1 1,42,1 12,0,2 1,42,1 1,42,1 4,42,1 3,42,1
0,0,0 14,0,2 12,0,2 8,0,2 1,86,1 1,86,1 15,0,2 0,0,0 0,0,0
0,0,0 1,43,1 1,43,1 1,43,1 1,43,1 1,43,1 12,0,2 1,43,1 0,0,0
0,0,0 0,0,0 0,0,0 1,42,1 0,0,0 0,0,0 12,0,2 1,42,1 0,0,0
0,0,0 0,0,0 0,0,0 0,0,0 0,0,0 0,0,0 0,0,0 0,0,0 0,0,0
0,0,0 0,0,0 0,0,0 0,0,0 0,0,0 0,0,0 0,0,0 0,0,0 0,0,0
0,0,0 0,0,0 0,0,0 0,0,0 0,0,0 0,0,0 0,0,0 0,0,0 0,0,0