MODE 0
BALL 60
STARS 0/3600/5200
ADDLINE 0,0,0 12,0,2 0,0,0 0,0,0 0,0,0 0,0,0 0,0,0 1,82,1 0,0,0
ADDLINE 1,79,1 1,79,1 12,0,2 1,79,1 1,79,1 1,79,1 1,79,1 1,79,1 1,79,1
ADDLINE 1,84,1 1,84,1 0,0,0 12,0,2 0,0,0 0,0,0 0,0,0 1,84,1 1,84,1
ADDLINE 1,88,1 1,88,1 12,0,2 1,88,1 1,88,1 1,88,1 1,88,1 1,88,1 1,88,1
ADDLINE 0,0,0 12,0,2 0,0,0 1,94,1 0,0,0 0,0,0 0,0,0 1,94,1 1,94,1
ADDLINE 1,103,1 1,103,1 12,0,2 1,103,1 1,103,1 1,103,1 0,0,0 1,103,1 1,103,1
ADDLINE 0,0,0 0,0,0 0,0,0 1,112,1 1,112,1 1,112,1 12,0,2 0,0,0 0,0,0
ADDLINE 1,122,1 1,122,1 1,122,1 1,122,1 1,122,1 1,122,1 12,0,2 1,122,1 0,0,0
ADDLINE 1,98,1 1,98,1 0,0,0 1,98,1 1,98,1 1,98,1 12,0,2 1,98,1 0,0,0
ADDLINE 1,108,1 1,108,1 0,0,0 0,0,0 12,0,2 0,0,0 0,0,0 0,0,0 0,0,0
ADDLINE 1,118,1 1,118,1 1,118,1 1,118,1 12,0,2 0,0,0 1,118,1 1,118,1 0,0,0
ADDLINE 1,128,1 1,128,1 1,128,1 1,128,1 1,128,1 1,128,1 0,0,0 12,0,2 0,0,0
ADDLINE 1,102,1 1,102,1 12,0,2 1,102,1 1,102,1 1,102,1 0,0,0 1,102,1 1,102,1
ADDLINE 0,0,0 0,0,0 0,0,0 1,113,1 1,113,1 1,113,1 0,0,0 12,0,2 1,113,1
ADDLINE 0,0,0 1,123,1 1,123,1 1,123,1 1,123,1 1,123,1 1,123,1 12,0,2 1,123,1
ADDLINE 0,0,0 1,133,1 1,133,1 1,133,1 1,133,1 1,133,1 1,133,1 0,0,0 12,0,2
ADDLINE 0,0,0 0,0,0 1,107,1 1,107,1 1,107,1 0,0,0 12,0,2 1,107,1 0,0,0
ADDLINE 1,117,1 1,117,1 1,117,1 1,117,1 12,0,2 0,0,0 0,0,0 0,0,0 0,0,0
ADDLINE 1,149,1 1,149,1 1,149,1 1,149,1 1,149,1 1,149,1 12,0,2 1,149,1 1,149,1
ADDLINE 1,158,1 1,158,1 1,158,1 1,158,1 0,0,0 0,0,0 0,0,0 12,0,2 0,0,0
ADDLINE 1,160,1 1,160,1 1,160,1 1,160,1 12,0,2 1,160,1 0,0,0 1,160,1 1,160,1
1,73,1 1,73,1 1,73,1 0,0,0 12,0,2 0,0,0 0,0,0 1,73,1 1,73,1
1,72,1 1,72,1 0,0,0 12,0,2 1,72,1 1,72,1 0,0,0 1,72,1 1,72,1
1,71,1 0,0,0 0,0,0 1,71,1 1,71,1 1,71,1 0,0,0 12,0,2 0,0,0
0,0,0 12,0,2 1,70,1 6,70,1 1,70,1 1,70,1 1,70,1 1,70,1 0,0,0
0,0,0 12,0,2 1,69,1 1,69,1 1,69,1 1,69,1 1,69,1 1,69,1 0,0,0
1,68,1 1,68,1 1,68,1 1,68,1 1,68,1 12,0,2 1,68,1 1,68,1 0,0,0
0,0,0 0,0,0 0,0,0 0,0,0 0,0,0 0,0,0 0,0,0 0,0,0 0,0,0
0,0,0 0,0,0 0,0,0 0,0,0 0,0,0 0,0,0 0,0,0 0,0,0 0,0,0
0,0,0 0,0,0 0,0,0 0,0,0 0,0,0 0,0,0 0,0,0 0,0,0 0,0,0