MODE 0
BALL 60
STARS 0/3500/5000
ADDLINE 0,0,0 12,0,2 1,164,1 0,0,0 1,164,1 0,0,0 0,0,0 0,0,0 10,0,2
ADDLINE 1,83,1 12,0,2 1,83,1 0,0,0 1,83,1 1,83,1 1,83,1 1,166,1 1,166,1
ADDLINE 0,0,0 0,0,0 1,84,1 0,0,0 1,84,1 0,0,0 0,0,0 0,0,0 12,0,2
ADDLINE 1,93,1 1,186,1 1,186,1 12,0,2 1,186,1 0,0,0 1,93,1 1,93,1 1,93,1
ADDLINE 0,0,0 12,0,2 17,94,1 0,0,0 10,0,2 1,188,1 1,188,1 1,188,1 0,0,0
ADDLINE 1,103,1 12,0,2 1,206,1 11,0,2 1,206,1 1,206,1 17,103,1 1,206,1 1,103,1
ADDLINE 0,0,0 0,0,0 1,224,1 0,0,0 1,224,1 0,0,0 12,0,2 1,224,1 0,0,0
ADDLINE 1,122,1 1,122,1 1,122,1 12,0,2 1,122,1 0,0,0 1,122,1 1,122,1 1,122,1
ADDLINE 1,98,1 0,0,0 1,98,1 0,0,0 1,98,1 12,0,2 1,98,1 0,0,0 1,98,1
ADDLINE 0,0,0 12,0,2 1,108,1 0,0,0 1,108,1 0,0,0 11,0,2 0,0,0 0,0,0
ADDLINE 1,112,1 1,112,1 1,112,1 12,0,2 1,112,1 1,224,1 1,224,1 1,224,1 1,112,1
ADDLINE 1,128,1 1,128,1 1,128,1 0,0,0 12,0,2 0,0,0 0,0,0 0,0,0 1,128,1
ADDLINE 1,98,1 1,196,1 1,196,1 1,196,1 1,196,1 1,196,1 1,98,1 12,0,2 1,98,1
ADDLINE 0,0,0 7,0,2 0,0,0 12,0,2 17,113,1 1,226,1 1,113,1 0,0,0 1,113,1
ADDLINE 1,123,1 1,246,1 1,246,1 12,0,2 1,246,1 1,246,1 1,246,1 0,0,0 1,123,1
ADDLINE 0,0,0 1,266,1 19,133,1 1,266,1 1,266,1 1,266,1 17,133,1 12,0,2 1,266,1
ADDLINE 1,102,1 1,204,1 1,204,1 12,0,2 1,102,1 1,204,1 1,204,1 1,204,1 1,102,1
ADDLINE 1,117,1 1,117,1 1,117,1 0,0,0 0,0,0 12,0,2 0,0,0 0,0,0 1,117,1
ADDLINE 0,0,0 1,314,1 12,0,2 1,314,1 1,314,1 1,314,1 1,314,1 1,314,1 16,157,1
ADDLINE 0,0,0 1,316,1 12,0,2 1,316,1 1,316,1 16,158,1 1,316,1 1,316,1 1,316,1
ADDLINE 7,0,2 1,320,1 12,0,2 1,160,1 1,160,1 1,160,1 1,160,1 1,160,1 1,160,1
1,73,1 0,0,0 1,73,1 0,0,0 1,73,1 1,73,1 1,73,1 12,0,2 0,0,0
1,72,1 0,0,0 1,72,1 12,0,2 1,72,1 1,72,1 1,72,1 0,0,0 1,72,1
1,142,1 0,0,0 1,71,1 0,0,0 12,0,2 0,0,0 0,0,0 0,0,0 1,71,1
6,70,1 1,140,1 1,70,1 12,0,2 1,70,1 1,70,1 1,70,1 0,0,0 1,70,1
1,138,1 12,0,2 0,0,0 0,0,0 1,69,1 0,0,0 0,0,0 0,0,0 1,69,1
1,65,1 12,0,2 1,65,1 1,65,1 1,65,1 1,65,1 1,65,1 1,65,1 1,65,1
0,0,0 0,0,0 0,0,0 0,0,0 0,0,0 0,0,0 0,0,0 0,0,0 0,0,0
0,0,0 0,0,0 0,0,0 0,0,0 0,0,0 0,0,0 0,0,0 0,0,0 0,0,0
0,0,0 0,0,0 0,0,0 0,0,0 0,0,0 0,0,0 0,0,0 0,0,0 0,0,0