MODE 0
BALL 60
STARS 0/3500/5000
ADDLINE 1,82,1 1,82,1 1,82,1 12,0,2 1,82,1 0,0,0 1,82,1 1,82,1 1,82,1
ADDLINE 0,0,0 0,0,0 0,0,0 0,0,0 1,83,1 12,0,2 1,83,1 0,0,0 0,0,0
ADDLINE 1,84,1 1,84,1 1,84,1 1,84,1 1,84,1 12,0,2 1,84,1 0,0,0 1,84,1
ADDLINE 1,93,1 0,0,0 12,0,2 0,0,0 0,0,0 0,0,0 1,93,1 0,0,0 1,93,1
ADDLINE 1,89,1 1,89,1 1,89,1 12,0,2 1,89,1 1,89,1 1,89,1 1,89,1 1,89,1
ADDLINE 0,0,0 0,0,0 1,103,1 12,0,2 1,103,1 0,0,0 0,0,0 0,0,0 1,103,1
ADDLINE 1,112,1 12,0,2 1,112,1 0,0,0 1,112,1 0,0,0 1,112,1 0,0,0 1,112,1
ADDLINE 0,0,0 0,0,0 1,122,1 0,0,0 0,0,0 0,0,0 1,122,1 12,0,2 1,122,1
ADDLINE 1,93,1 1,93,1 1,93,1 1,93,1 1,93,1 1,93,1 1,93,1 12,0,2 1,93,1
ADDLINE 1,108,1 1,108,1 1,108,1 1,108,1 1,108,1 12,0,2 1,108,1 0,0,0 1,108,1
ADDLINE 1,118,1 1,118,1 1,118,1 1,118,1 1,118,1 12,0,2 1,118,1 0,0,0 1,118,1
ADDLINE 0,0,0 0,0,0 12,0,2 0,0,0 0,0,0 0,0,0 1,128,1 0,0,0 0,0,0
ADDLINE 1,98,1 12,0,2 1,98,1 1,98,1 1,98,1 1,98,1 1,98,1 1,98,1 1,98,1
ADDLINE 1,113,1 0,0,0 1,113,1 1,113,1 1,113,1 0,0,0 12,0,2 0,0,0 1,113,1
ADDLINE 1,123,1 12,0,2 1,123,1 1,123,1 1,123,1 0,0,0 1,123,1 1,123,1 1,123,1
ADDLINE 1,133,1 0,0,0 1,133,1 12,0,2 0,0,0 0,0,0 1,133,1 1,133,1 1,133,1
ADDLINE 1,107,1 12,0,2 1,107,1 1,107,1 1,107,1 0,0,0 1,107,1 1,107,1 1,107,1
ADDLINE 0,0,0 12,0,2 0,0,0 0,0,0 0,0,0 0,0,0 1,117,1 1,117,1 1,117,1
ADDLINE 1,157,1 1,157,1 1,157,1 1,157,1 12,0,2 0,0,0 0,0,0 0,0,0 0,0,0
ADDLINE 1,158,1 1,158,1 1,158,1 0,0,0 0,0,0 1,158,1 0,0,0 12,0,2 0,0,0
ADDLINE 1,160,1 1,160,1 1,160,1 12,0,2 1,160,1 1,160,1 0,0,0 1,160,1 1,160,1
1,69,1 1,69,1 1,69,1 1,69,1 1,69,1 1,69,1 12,0,2 1,69,1 1,69,1
1,72,1 1,72,1 12,0,2 0,0,0 0,0,0 1,72,1 0,0,0 1,72,1 6,72,1
1,71,1 1,71,1 12,0,2 1,71,1 1,71,1 1,71,1 0,0,0 1,71,1 1,71,1
0,0,0 12,0,2 0,0,0 0,0,0 0,0,0 0,0,0 0,0,0 1,70,1 0,0,0
1,69,1 1,69,1 1,69,1 1,69,1 12,0,2 1,69,1 1,69,1 1,69,1 0,0,0
0,0,0 12,0,2 0,0,0 1,68,1 0,0,0 1,68,1 1,68,1 1,68,1 0,0,0
0,0,0 0,0,0 0,0,0 0,0,0 0,0,0 0,0,0 0,0,0 0,0,0 0,0,0
0,0,0 0,0,0 0,0,0 0,0,0 0,0,0 0,0,0 0,0,0 0,0,0 0,0,0
0,0,0 0,0,0 0,0,0 0,0,0 0,0,0 0,0,0 0,0,0 0,0,0 0,0,0