MODE 0
BALL 60
STARS 0/3500/5000
ADDLINE 0,0,0 1,82,1 0,0,0 4,82,1 12,0,2 0,0,0 0,0,0 0,0,0 0,0,0
ADDLINE 0,0,0 1,83,1 1,83,1 1,83,1 1,83,1 1,83,1 12,0,2 2,83,1 1,83,1
ADDLINE 0,0,0 5,84,1 1,84,1 1,84,1 1,84,1 1,84,1 12,0,2 2,84,1 0,0,0
ADDLINE 0,0,0 1,186,1 1,186,1 1,186,1 1,93,1 1,93,1 12,0,2 1,93,1 1,93,1
ADDLINE 0,0,0 1,188,1 7,0,2 0,0,0 5,94,1 0,0,0 4,94,1 12,0,2 0,0,0
ADDLINE 12,0,2 1,196,1 1,196,1 1,196,1 2,98,1 1,98,1 1,98,1 1,98,1 1,98,1
ADDLINE 0,0,0 0,0,0 0,0,0 12,0,2 0,0,0 1,112,1 0,0,0 0,0,0 0,0,0
ADDLINE 2,116,1 1,116,1 1,116,1 1,116,1 5,116,1 1,116,1 1,116,1 1,116,1 12,0,2
ADDLINE 1,98,1 1,98,1 12,0,2 3,98,1 1,98,1 1,98,1 1,98,1 5,98,1 0,0,0
ADDLINE 1,108,1 1,108,1 1,108,1 1,108,1 2,108,1 2,108,1 0,0,0 12,0,2 0,0,0
ADDLINE 1,118,1 1,118,1 0,0,0 0,0,0 0,0,0 12,0,2 1,118,1 1,118,1 0,0,0
ADDLINE 4,128,1 3,128,1 0,0,0 1,128,1 1,128,1 1,128,1 12,0,2 0,0,0 1,128,1
ADDLINE 1,102,1 1,102,1 12,0,2 1,102,1 1,204,1 0,0,0 1,204,1 2,102,1 3,102,1
ADDLINE 1,226,1 1,226,1 0,0,0 12,0,2 1,226,1 10,0,2 0,0,0 1,226,1 1,226,1
ADDLINE 1,123,1 1,123,1 1,123,1 0,0,0 0,0,0 12,0,2 0,0,0 0,0,0 1,123,1
ADDLINE 5,133,1 1,133,1 1,133,1 2,133,1 1,133,1 12,0,2 1,133,1 0,0,0 1,133,1
ADDLINE 4,107,1 1,107,1 1,107,1 0,0,0 0,0,0 0,0,0 1,107,1 12,0,2 0,0,0
ADDLINE 5,117,1 1,117,1 1,117,1 12,0,2 1,117,1 1,117,1 1,117,1 1,234,1 7,0,2
ADDLINE 0,0,0 0,0,0 0,0,0 12,0,2 3,157,1 1,157,1 1,157,1 0,0,0 1,314,1
ADDLINE 1,158,1 1,158,1 1,158,1 12,0,2 1,158,1 4,158,1 1,158,1 0,0,0 1,158,1
ADDLINE 1,160,1 2,160,1 1,160,1 0,0,0 3,160,1 12,0,2 0,0,0 0,0,0 11,0,2
1,146,1 1,146,1 1,146,1 1,146,1 1,146,1 12,0,2 10,0,2 0,0,0 0,0,0
5,72,1 1,72,1 1,72,1 6,72,1 0,0,0 12,0,2 1,144,1 1,144,1 0,0,0
1,142,1 1,142,1 1,142,1 1,142,1 0,0,0 1,142,1 0,0,0 12,0,2 8,0,2
5,70,1 1,70,1 12,0,2 0,0,0 0,0,0 0,0,0 0,0,0 1,70,1 1,70,1
1,69,1 1,69,1 12,0,2 2,69,1 3,69,1 0,0,0 1,138,1 1,138,1 1,69,1
1,68,1 0,0,0 0,0,0 0,0,0 0,0,0 12,0,2 11,0,2 1,136,1 1,68,1
0,0,0 0,0,0 0,0,0 0,0,0 0,0,0 0,0,0 0,0,0 0,0,0 0,0,0
0,0,0 0,0,0 0,0,0 0,0,0 0,0,0 0,0,0 0,0,0 0,0,0 0,0,0
0,0,0 0,0,0 0,0,0 0,0,0 0,0,0 0,0,0 0,0,0 0,0,0 0,0,0