MODE 0
BALL 60
STARS 0/3500/5000
ADDLINE 1,82,1 0,0,0 1,82,1 12,0,2 4,82,1 0,0,0 1,82,1 1,82,1 1,82,1
ADDLINE 1,83,1 0,0,0 1,83,1 0,0,0 1,83,1 12,0,2 5,83,1 0,0,0 0,0,0
ADDLINE 1,84,1 12,0,2 2,84,1 0,0,0 1,84,1 1,84,1 1,84,1 0,0,0 4,84,1
ADDLINE 5,93,1 0,0,0 1,93,1 0,0,0 0,0,0 12,0,2 4,93,1 0,0,0 0,0,0
ADDLINE 1,94,1 0,0,0 1,94,1 1,94,1 1,94,1 12,0,2 1,94,1 0,0,0 1,94,1
ADDLINE 1,103,1 12,0,2 0,0,0 0,0,0 1,103,1 0,0,0 2,103,1 0,0,0 1,103,1
ADDLINE 1,112,1 1,112,1 1,112,1 12,0,2 1,112,1 0,0,0 2,112,1 3,112,1 4,112,1
ADDLINE 0,0,0 0,0,0 1,122,1 0,0,0 1,122,1 0,0,0 0,0,0 0,0,0 12,0,2
ADDLINE 1,98,1 12,0,2 1,98,1 0,0,0 1,98,1 1,98,1 1,98,1 4,98,1 1,98,1
ADDLINE 1,108,1 1,108,1 1,108,1 12,0,2 1,108,1 0,0,0 3,108,1 1,108,1 1,108,1
ADDLINE 1,118,1 0,0,0 1,118,1 12,0,2 3,118,1 0,0,0 0,0,0 0,0,0 0,0,0
ADDLINE 4,128,1 12,0,2 5,128,1 1,128,1 1,128,1 0,0,0 1,128,1 1,128,1 1,128,1
ADDLINE 4,102,1 0,0,0 0,0,0 0,0,0 12,0,2 0,0,0 1,102,1 1,102,1 1,102,1
ADDLINE 2,107,1 1,107,1 12,0,2 1,107,1 1,107,1 1,107,1 1,107,1 1,107,1 5,107,1
ADDLINE 0,0,0 0,0,0 12,0,2 0,0,0 0,0,0 1,123,1 0,0,0 0,0,0 0,0,0
ADDLINE 4,133,1 12,0,2 3,133,1 0,0,0 1,133,1 1,133,1 1,133,1 3,133,1 1,133,1
ADDLINE 2,107,1 12,0,2 1,107,1 0,0,0 1,107,1 4,107,1 1,107,1 1,107,1 1,107,1
ADDLINE 1,117,1 12,0,2 1,117,1 0,0,0 1,117,1 1,117,1 1,117,1 1,117,1 1,117,1
ADDLINE 3,157,1 2,157,1 12,0,2 1,157,1 1,157,1 1,157,1 1,157,1 1,157,1 0,0,0
ADDLINE 1,158,1 1,158,1 12,0,2 1,158,1 1,158,1 1,158,1 1,158,1 4,158,1 0,0,0
ADDLINE 1,160,1 1,160,1 12,0,2 1,160,1 1,160,1 3,160,1 1,160,1 4,160,1 0,0,0
0,0,0 1,73,1 0,0,0 1,73,1 0,0,0 1,73,1 0,0,0 1,73,1 12,0,2
1,72,1 3,72,1 12,0,2 1,72,1 0,0,0 1,72,1 0,0,0 4,72,1 0,0,0
0,0,0 0,0,0 0,0,0 1,71,1 0,0,0 0,0,0 0,0,0 2,71,1 12,0,2
0,0,0 2,70,1 4,70,1 1,70,1 6,70,1 3,70,1 0,0,0 1,70,1 12,0,2
0,0,0 1,69,1 0,0,0 1,69,1 1,69,1 4,69,1 12,0,2 1,69,1 0,0,0
1,68,1 1,68,1 12,0,2 1,68,1 1,68,1 1,68,1 0,0,0 1,68,1 1,68,1
0,0,0 0,0,0 0,0,0 0,0,0 0,0,0 0,0,0 0,0,0 0,0,0 0,0,0
0,0,0 0,0,0 0,0,0 0,0,0 0,0,0 0,0,0 0,0,0 0,0,0 0,0,0
0,0,0 0,0,0 0,0,0 0,0,0 0,0,0 0,0,0 0,0,0 0,0,0 0,0,0