MODE 0
BALL 60
STARS 0/3500/5000
ADDLINE 1,82,1 1,82,1 2,82,1 12,0,2 1,82,1 4,82,1 1,82,1 0,0,0 1,82,1
ADDLINE 1,79,1 1,79,1 1,79,1 1,79,1 1,79,1 1,79,1 1,79,1 12,0,2 1,79,1
ADDLINE 1,84,1 3,84,1 3,84,1 12,0,2 0,0,0 0,0,0 0,0,0 0,0,0 4,84,1
ADDLINE 1,88,1 4,88,1 1,88,1 4,88,1 1,88,1 1,88,1 1,88,1 12,0,2 1,88,1
ADDLINE 0,0,0 0,0,0 0,0,0 0,0,0 1,94,1 12,0,2 0,0,0 0,0,0 0,0,0
ADDLINE 1,103,1 1,103,1 1,103,1 12,0,2 1,103,1 3,103,1 1,103,1 0,0,0 2,103,1
ADDLINE 0,0,0 0,0,0 1,112,1 12,0,2 1,112,1 1,112,1 3,112,1 0,0,0 1,112,1
ADDLINE 4,122,1 0,0,0 1,122,1 12,0,2 1,122,1 1,122,1 1,122,1 0,0,0 1,122,1
ADDLINE 5,98,1 12,0,2 1,98,1 0,0,0 1,98,1 1,98,1 4,98,1 0,0,0 1,98,1
ADDLINE 1,103,1 1,103,1 1,103,1 12,0,2 1,103,1 4,103,1 1,103,1 5,103,1 1,103,1
ADDLINE 4,118,1 1,118,1 2,118,1 12,0,2 0,0,0 0,0,0 0,0,0 0,0,0 1,118,1
ADDLINE 1,128,1 1,128,1 1,128,1 1,128,1 1,128,1 12,0,2 0,0,0 0,0,0 1,128,1
ADDLINE 1,102,1 1,102,1 0,0,0 0,0,0 12,0,2 0,0,0 1,102,1 1,102,1 2,102,1
ADDLINE 1,113,1 12,0,2 0,0,0 1,113,1 1,113,1 1,113,1 5,113,1 2,113,1 1,113,1
ADDLINE 0,0,0 12,0,2 3,123,1 1,123,1 1,123,1 1,123,1 1,123,1 3,123,1 1,123,1
ADDLINE 0,0,0 0,0,0 0,0,0 12,0,2 2,133,1 1,133,1 1,133,1 1,133,1 3,133,1
ADDLINE 4,107,1 1,107,1 1,107,1 0,0,0 12,0,2 0,0,0 0,0,0 0,0,0 0,0,0
ADDLINE 1,117,1 4,117,1 1,117,1 1,117,1 1,117,1 1,117,1 12,0,2 0,0,0 0,0,0
ADDLINE 0,0,0 1,157,1 0,0,0 1,157,1 1,157,1 1,157,1 0,0,0 1,157,1 12,0,2
ADDLINE 1,158,1 2,158,1 12,0,2 1,158,1 5,158,1 1,158,1 0,0,0 5,158,1 1,158,1
ADDLINE 0,0,0 4,160,1 12,0,2 0,0,0 0,0,0 0,0,0 0,0,0 1,160,1 0,0,0
1,73,1 1,73,1 0,0,0 12,0,2 1,73,1 0,0,0 0,0,0 0,0,0 1,73,1
5,72,1 1,72,1 4,72,1 12,0,2 0,0,0 0,0,0 0,0,0 0,0,0 4,72,1
1,71,1 1,71,1 2,71,1 1,71,1 12,0,2 0,0,0 1,71,1 6,71,1 1,71,1
0,0,0 12,0,2 2,70,1 2,70,1 1,70,1 1,70,1 0,0,0 1,70,1 1,70,1
5,69,1 0,0,0 0,0,0 0,0,0 12,0,2 1,69,1 0,0,0 0,0,0 1,69,1
1,68,1 1,68,1 12,0,2 0,0,0 0,0,0 4,68,1 1,68,1 0,0,0 1,68,1
0,0,0 0,0,0 0,0,0 0,0,0 0,0,0 0,0,0 0,0,0 0,0,0 0,0,0
0,0,0 0,0,0 0,0,0 0,0,0 0,0,0 0,0,0 0,0,0 0,0,0 0,0,0
0,0,0 0,0,0 0,0,0 0,0,0 0,0,0 0,0,0 0,0,0 0,0,0 0,0,0