MODE 0
BALL 60
STARS 0/3500/5000
ADDLINE 0,0,0 0,0,0 0,0,0 12,0,2 20,82,1 1,164,1 0,0,0 0,0,0 1,82,1
ADDLINE 1,79,1 1,79,1 1,79,1 1,158,1 1,158,1 12,0,2 1,79,1 1,79,1 3,79,1
ADDLINE 0,0,0 12,0,2 1,84,1 0,0,0 5,84,1 0,0,0 1,84,1 0,0,0 0,0,0
ADDLINE 4,93,1 0,0,0 1,93,1 0,0,0 1,93,1 12,0,2 5,93,1 0,0,0 1,93,1
ADDLINE 0,0,0 12,0,2 1,94,1 0,0,0 1,94,1 0,0,0 1,94,1 0,0,0 1,94,1
ADDLINE 17,103,1 1,206,1 1,103,1 0,0,0 3,103,1 12,0,2 1,206,1 0,0,0 1,103,1
ADDLINE 1,224,1 1,224,1 0,0,0 0,0,0 0,0,0 12,0,2 17,112,1 1,224,1 4,112,1
ADDLINE 1,116,1 1,116,1 1,116,1 12,0,2 1,116,1 1,232,1 1,232,1 1,232,1 1,232,1
ADDLINE 0,0,0 12,0,2 1,196,1 1,196,1 1,196,1 1,196,1 1,196,1 1,196,1 19,98,1
ADDLINE 0,0,0 0,0,0 0,0,0 0,0,0 4,108,1 12,0,2 2,108,1 0,0,0 1,216,1
ADDLINE 1,112,1 1,112,1 1,112,1 1,112,1 3,112,1 12,0,2 1,112,1 1,112,1 1,112,1
ADDLINE 1,128,1 1,256,1 1,256,1 1,256,1 12,0,2 0,0,0 0,0,0 0,0,0 1,128,1
ADDLINE 1,102,1 1,204,1 17,102,1 12,0,2 1,102,1 1,102,1 1,102,1 3,102,1 1,102,1
ADDLINE 3,113,1 0,0,0 1,226,1 12,0,2 1,226,1 0,0,0 1,113,1 5,113,1 1,113,1
ADDLINE 1,123,1 12,0,2 1,123,1 1,246,1 20,123,1 1,246,1 1,123,1 4,123,1 1,123,1
ADDLINE 0,0,0 0,0,0 5,133,1 12,0,2 1,266,1 1,266,1 0,0,0 0,0,0 0,0,0
ADDLINE 1,107,1 12,0,2 4,107,1 0,0,0 1,107,1 1,107,1 1,107,1 1,107,1 1,107,1
ADDLINE 1,117,1 12,0,2 1,234,1 0,0,0 2,117,1 0,0,0 1,117,1 1,117,1 1,117,1
ADDLINE 1,157,1 20,157,1 0,0,0 0,0,0 12,0,2 0,0,0 0,0,0 0,0,0 0,0,0
ADDLINE 2,158,1 1,316,1 1,316,1 0,0,0 1,158,1 1,158,1 1,158,1 12,0,2 0,0,0
ADDLINE 3,160,1 1,160,1 1,160,1 12,0,2 0,0,0 0,0,0 0,0,0 0,0,0 1,160,1
1,73,1 0,0,0 0,0,0 1,146,1 1,146,1 0,0,0 12,0,2 0,0,0 4,73,1
12,0,2 1,69,1 1,69,1 4,69,1 1,69,1 1,69,1 1,69,1 1,69,1 1,69,1
0,0,0 3,71,1 1,71,1 1,71,1 0,0,0 2,71,1 1,71,1 1,71,1 12,0,2
0,0,0 1,70,1 1,70,1 1,70,1 0,0,0 5,70,1 2,70,1 1,70,1 12,0,2
0,0,0 4,69,1 1,69,1 1,69,1 0,0,0 12,0,2 0,0,0 1,69,1 0,0,0
0,0,0 5,68,1 1,68,1 1,68,1 0,0,0 1,68,1 1,68,1 1,68,1 12,0,2
0,0,0 0,0,0 0,0,0 0,0,0 0,0,0 0,0,0 0,0,0 0,0,0 0,0,0
0,0,0 0,0,0 0,0,0 0,0,0 0,0,0 0,0,0 0,0,0 0,0,0 0,0,0
0,0,0 0,0,0 0,0,0 0,0,0 0,0,0 0,0,0 0,0,0 0,0,0 0,0,0