MODE 0
BALL 50
STARS 0/1200/1800
ADDLINE 0,0,0 1,47,1 0,0,0 1,47,1 12,0,2 0,0,0 0,0,0 1,47,1 1,47,1
ADDLINE 1,45,1 1,45,1 0,0,0 1,45,1 12,0,2 4,45,1 3,45,1 1,45,1 1,45,1
ADDLINE 1,75,1 1,75,1 0,0,0 12,0,2 0,0,0 1,75,1 0,0,0 1,75,1 1,75,1
4,46,1 0,0,0 12,0,2 1,46,1 1,46,1 0,0,0 0,0,0 1,46,1 1,46,1
0,0,0 3,45,1 1,45,1 12,0,2 15,0,2 0,0,0 1,45,1 0,0,0 0,0,0
0,0,0 1,44,1 1,44,1 1,44,1 12,0,2 3,44,1 1,44,1 1,44,1 0,0,0
0,0,0 0,0,0 1,43,1 12,0,2 14,0,2 0,0,0 0,0,0 0,0,0 3,43,1
1,43,1 0,0,0 0,0,0 1,43,1 1,43,1 0,0,0 1,43,1 12,0,2 0,0,0
0,0,0 0,0,0 1,42,1 0,0,0 1,42,1 12,0,2 0,0,0 1,42,1 0,0,0
0,0,0 0,0,0 0,0,0 0,0,0 0,0,0 0,0,0 0,0,0 0,0,0 0,0,0
0,0,0 0,0,0 0,0,0 0,0,0 0,0,0 0,0,0 0,0,0 0,0,0 0,0,0
0,0,0 0,0,0 0,0,0 0,0,0 0,0,0 0,0,0 0,0,0 0,0,0 0,0,0