MODE 0
BALL 70
STARS 0/3500/5000
ADDLINE 1,82,1 0,0,0 1,82,1 12,0,2 1,82,1 1,164,1 1,164,1 0,0,0 1,82,1
ADDLINE 0,0,0 0,0,0 0,0,0 12,0,2 1,83,1 1,83,1 1,83,1 0,0,0 1,83,1
ADDLINE 1,84,1 1,84,1 1,84,1 12,0,2 1,84,1 1,84,1 1,84,1 0,0,0 1,84,1
ADDLINE 1,93,1 1,93,1 1,93,1 0,0,0 1,93,1 1,93,1 1,93,1 12,0,2 0,0,0
ADDLINE 1,89,1 1,89,1 1,89,1 1,89,1 1,89,1 1,89,1 1,89,1 12,0,2 1,89,1
ADDLINE 0,0,0 0,0,0 1,103,1 0,0,0 0,0,0 0,0,0 0,0,0 12,0,2 1,103,1
ADDLINE 1,112,1 12,0,2 1,112,1 1,112,1 1,112,1 1,224,1 7,0,2 1,224,1 1,112,1
ADDLINE 0,0,0 0,0,0 1,122,1 1,122,1 1,122,1 12,0,2 1,244,1 0,0,0 1,122,1
ADDLINE 1,196,1 1,196,1 1,196,1 1,196,1 1,196,1 12,0,2 1,196,1 8,0,2 1,196,1
ADDLINE 1,108,1 1,108,1 12,0,2 0,0,0 0,0,0 0,0,0 1,108,1 1,108,1 1,108,1
ADDLINE 1,118,1 0,0,0 12,0,2 1,118,1 1,118,1 0,0,0 0,0,0 1,118,1 1,118,1
ADDLINE 1,128,1 11,0,2 1,256,1 1,128,1 1,128,1 1,128,1 12,0,2 0,0,0 1,128,1
ADDLINE 1,102,1 12,0,2 0,0,0 1,204,1 1,102,1 1,102,1 1,102,1 0,0,0 1,102,1
ADDLINE 0,0,0 0,0,0 10,0,2 12,0,2 1,226,1 1,226,1 1,226,1 1,226,1 1,226,1
ADDLINE 1,123,1 1,246,1 1,246,1 12,0,2 0,0,0 1,123,1 1,123,1 1,123,1 0,0,0
ADDLINE 1,133,1 1,133,1 1,133,1 1,133,1 12,0,2 1,133,1 1,133,1 0,0,0 0,0,0
ADDLINE 1,107,1 1,107,1 0,0,0 12,0,2 0,0,0 1,107,1 1,107,1 0,0,0 0,0,0
ADDLINE 1,117,1 0,0,0 12,0,2 1,117,1 1,117,1 1,117,1 1,117,1 0,0,0 0,0,0
ADDLINE 0,0,0 1,157,1 1,157,1 1,157,1 0,0,0 1,157,1 0,0,0 1,157,1 12,0,2
ADDLINE 0,0,0 1,158,1 1,158,1 1,158,1 12,0,2 1,158,1 0,0,0 1,158,1 0,0,0
ADDLINE 0,0,0 1,160,1 1,160,1 1,160,1 1,160,1 1,160,1 1,160,1 1,160,1 12,0,2
1,73,1 1,73,1 1,73,1 1,73,1 12,0,2 0,0,0 7,0,2 1,146,1 1,73,1
1,72,1 1,72,1 1,72,1 1,72,1 0,0,0 1,144,1 12,0,2 0,0,0 1,72,1
1,71,1 1,71,1 1,71,1 12,0,2 0,0,0 1,142,1 1,142,1 15,0,2 1,71,1
1,70,1 1,70,1 1,70,1 0,0,0 12,0,2 1,140,1 7,0,2 0,0,0 1,70,1
1,69,1 1,69,1 12,0,2 1,69,1 0,0,0 1,138,1 7,0,2 1,138,1 1,69,1
1,68,1 1,68,1 12,0,2 1,68,1 1,68,1 1,136,1 0,0,0 1,136,1 1,68,1
0,0,0 0,0,0 0,0,0 0,0,0 0,0,0 0,0,0 0,0,0 14,0,2 0,0,0
0,0,0 0,0,0 0,0,0 0,0,0 0,0,0 0,0,0 0,0,0 0,0,0 0,0,0
0,0,0 0,0,0 0,0,0 0,0,0 0,0,0 0,0,0 0,0,0 0,0,0 0,0,0