MODE 0
BALL 70
STARS 0/3500/5000
ADDLINE 1,82,1 0,0,0 1,82,1 12,0,2 1,164,1 1,164,1 1,164,1 0,0,0 1,82,1
ADDLINE 1,83,1 12,0,2 1,83,1 1,166,1 17,83,1 0,0,0 0,0,0 0,0,0 1,83,1
ADDLINE 1,80,1 12,0,2 1,80,1 1,160,1 1,160,1 1,160,1 1,80,1 1,80,1 1,80,1
ADDLINE 1,93,1 0,0,0 12,0,2 0,0,0 0,0,0 0,0,0 1,93,1 0,0,0 1,93,1
ADDLINE 1,89,1 1,89,1 1,89,1 1,89,1 1,89,1 1,89,1 1,89,1 12,0,2 1,89,1
ADDLINE 0,0,0 0,0,0 0,0,0 0,0,0 1,103,1 12,0,2 0,0,0 0,0,0 1,103,1
ADDLINE 1,112,1 0,0,0 1,112,1 0,0,0 1,112,1 12,0,2 1,112,1 0,0,0 1,112,1
ADDLINE 1,122,1 0,0,0 1,122,1 12,0,2 0,0,0 0,0,0 1,122,1 0,0,0 1,122,1
ADDLINE 1,98,1 12,0,2 1,98,1 1,98,1 1,98,1 1,98,1 1,98,1 0,0,0 1,98,1
ADDLINE 1,216,1 16,108,1 1,216,1 1,216,1 12,0,2 1,216,1 1,216,1 1,216,1 0,0,0
ADDLINE 1,236,1 1,236,1 1,236,1 1,236,1 1,236,1 1,236,1 19,118,1 1,236,1 12,0,2
ADDLINE 1,128,1 1,128,1 12,0,2 1,128,1 0,0,0 1,256,1 1,256,1 1,256,1 0,0,0
ADDLINE 1,102,1 1,102,1 12,0,2 1,102,1 0,0,0 1,102,1 1,102,1 1,102,1 0,0,0
ADDLINE 0,0,0 0,0,0 0,0,0 0,0,0 12,0,2 0,0,0 0,0,0 1,113,1 0,0,0
ADDLINE 1,117,1 1,117,1 1,117,1 1,117,1 1,117,1 1,117,1 1,117,1 1,117,1 12,0,2
ADDLINE 0,0,0 1,266,1 1,266,1 1,266,1 1,266,1 1,266,1 16,133,1 1,266,1 12,0,2
ADDLINE 1,107,1 1,107,1 12,0,2 1,107,1 1,107,1 1,107,1 1,107,1 1,107,1 0,0,0
ADDLINE 0,0,0 1,117,1 12,0,2 1,234,1 1,234,1 0,0,0 0,0,0 0,0,0 0,0,0
ADDLINE 0,0,0 12,0,2 1,314,1 19,157,1 1,314,1 1,314,1 1,314,1 1,314,1 1,314,1
ADDLINE 1,158,1 12,0,2 0,0,0 1,316,1 1,316,1 0,0,0 1,158,1 1,158,1 0,0,0
ADDLINE 1,160,1 1,160,1 1,160,1 1,160,1 1,160,1 12,0,2 1,160,1 0,0,0 0,0,0
1,73,1 12,0,2 1,73,1 15,0,2 1,146,1 7,0,2 1,146,1 1,73,1 1,73,1
1,144,1 12,0,2 1,144,1 0,0,0 8,0,2 1,144,1 1,144,1 1,144,1 1,144,1
1,71,1 0,0,0 1,71,1 0,0,0 1,71,1 12,0,2 0,0,0 0,0,0 0,0,0
1,70,1 12,0,2 1,70,1 1,70,1 1,70,1 0,0,0 1,70,1 1,70,1 1,70,1
1,138,1 12,0,2 0,0,0 14,0,2 0,0,0 0,0,0 0,0,0 0,0,0 1,69,1
7,0,2 12,0,2 1,68,1 1,68,1 1,68,1 1,68,1 1,68,1 1,68,1 1,68,1
0,0,0 0,0,0 0,0,0 0,0,0 0,0,0 0,0,0 0,0,0 0,0,0 0,0,0
0,0,0 0,0,0 0,0,0 0,0,0 0,0,0 0,0,0 0,0,0 0,0,0 0,0,0
0,0,0 0,0,0 0,0,0 0,0,0 0,0,0 0,0,0 0,0,0 0,0,0 0,0,0