MODE 0
BALL 70
STARS 0/3700/5250
ADDLINE 0,0,0 0,0,0 12,0,2 1,82,1 0,0,0 1,82,1 1,82,1 1,82,1 0,0,0
ADDLINE 1,79,1 1,79,1 1,79,1 4,79,1 12,0,2 3,79,1 5,79,1 1,79,1 1,79,1
ADDLINE 0,0,0 0,0,0 0,0,0 3,84,1 0,0,0 1,84,1 1,84,1 12,0,2 0,0,0
ADDLINE 3,88,1 1,88,1 1,88,1 3,88,1 12,0,2 4,88,1 1,88,1 1,88,1 1,88,1
ADDLINE 0,0,0 0,0,0 12,0,2 0,0,0 0,0,0 0,0,0 0,0,0 2,94,1 1,94,1
ADDLINE 1,103,1 1,103,1 12,0,2 1,103,1 1,103,1 1,103,1 0,0,0 1,103,1 1,103,1
ADDLINE 3,112,1 1,112,1 12,0,2 1,112,1 4,112,1 1,112,1 0,0,0 1,112,1 1,112,1
ADDLINE 1,116,1 1,116,1 12,0,2 1,116,1 1,116,1 4,116,1 1,116,1 1,116,1 1,116,1
ADDLINE 0,0,0 0,0,0 12,0,2 1,98,1 1,98,1 2,98,1 0,0,0 0,0,0 0,0,0
ADDLINE 1,108,1 3,108,1 1,108,1 2,108,1 1,108,1 1,108,1 1,108,1 12,0,2 0,0,0
ADDLINE 3,118,1 1,118,1 1,118,1 1,118,1 1,118,1 1,118,1 12,0,2 1,118,1 0,0,0
ADDLINE 1,128,1 1,128,1 12,0,2 0,0,0 0,0,0 0,0,0 1,128,1 4,128,1 0,0,0
ADDLINE 1,102,1 4,102,1 12,0,2 1,102,1 1,102,1 1,102,1 1,102,1 0,0,0 1,102,1
ADDLINE 4,113,1 3,113,1 1,113,1 12,0,2 1,113,1 1,113,1 1,113,1 1,113,1 0,0,0
ADDLINE 2,123,1 1,123,1 0,0,0 0,0,0 1,123,1 12,0,2 0,0,0 0,0,0 0,0,0
ADDLINE 0,0,0 0,0,0 0,0,0 1,133,1 1,133,1 12,0,2 1,133,1 1,133,1 1,133,1
ADDLINE 0,0,0 3,107,1 1,107,1 1,107,1 0,0,0 12,0,2 5,107,1 1,107,1 5,107,1
ADDLINE 0,0,0 1,117,1 1,117,1 1,117,1 12,0,2 0,0,0 2,117,1 1,117,1 1,117,1
ADDLINE 1,149,1 12,0,2 1,149,1 1,149,1 1,149,1 5,149,1 4,149,1 1,149,1 1,149,1
ADDLINE 0,0,0 0,0,0 0,0,0 0,0,0 1,158,1 0,0,0 0,0,0 0,0,0 12,0,2
ADDLINE 1,152,1 1,152,1 3,152,1 12,0,2 1,152,1 1,152,1 4,152,1 1,152,1 1,152,1
15,0,2 12,0,2 0,0,0 1,73,1 3,73,1 1,73,1 5,73,1 1,73,1 1,73,1
0,0,0 4,72,1 12,0,2 5,72,1 1,72,1 1,72,1 1,72,1 1,72,1 1,72,1
0,0,0 0,0,0 1,71,1 1,71,1 0,0,0 12,0,2 0,0,0 1,71,1 1,71,1
1,70,1 12,0,2 1,70,1 1,70,1 5,70,1 1,70,1 0,0,0 1,70,1 1,70,1
3,69,1 0,0,0 1,69,1 1,69,1 1,69,1 1,69,1 3,69,1 12,0,2 0,0,0
4,68,1 1,68,1 1,68,1 14,0,2 0,0,0 0,0,0 12,0,2 0,0,0 1,68,1
0,0,0 0,0,0 0,0,0 0,0,0 0,0,0 0,0,0 0,0,0 0,0,0 0,0,0
0,0,0 0,0,0 0,0,0 0,0,0 0,0,0 0,0,0 0,0,0 0,0,0 0,0,0
0,0,0 0,0,0 0,0,0 0,0,0 0,0,0 0,0,0 0,0,0 0,0,0 0,0,0