MODE 0
BALL 70
STARS 0/2800/4000
ADDLINE 4,82,1 0,0,0 12,0,2 0,0,0 5,82,1 0,0,0 1,82,1 0,0,0 1,82,1
ADDLINE 1,83,1 0,0,0 4,83,1 1,83,1 1,83,1 12,0,2 1,83,1 0,0,0 1,83,1
ADDLINE 1,84,1 12,0,2 1,84,1 0,0,0 0,0,0 0,0,0 1,84,1 0,0,0 2,84,1
ADDLINE 1,93,1 12,0,2 1,93,1 0,0,0 1,93,1 1,93,1 1,93,1 0,0,0 5,93,1
ADDLINE 1,94,1 0,0,0 1,94,1 12,0,2 4,94,1 0,0,0 0,0,0 0,0,0 1,94,1
ADDLINE 1,103,1 12,0,2 1,103,1 0,0,0 1,103,1 5,103,1 2,103,1 1,103,1 1,103,1
ADDLINE 0,0,0 0,0,0 1,112,1 0,0,0 0,0,0 0,0,0 0,0,0 12,0,2 1,112,1
ADDLINE 1,116,1 5,116,1 1,116,1 3,116,1 1,116,1 1,116,1 4,116,1 12,0,2 1,116,1
ADDLINE 0,0,0 0,0,0 0,0,0 0,0,0 0,0,0 0,0,0 0,0,0 12,0,2 1,98,1
ADDLINE 0,0,0 1,108,1 0,0,0 0,0,0 12,0,2 0,0,0 0,0,0 0,0,0 0,0,0
ADDLINE 0,0,0 1,118,1 1,118,1 1,118,1 3,118,1 2,118,1 1,118,1 1,118,1 12,0,2
ADDLINE 0,0,0 1,128,1 12,0,2 1,128,1 1,128,1 1,128,1 3,128,1 4,128,1 0,0,0
ADDLINE 0,0,0 3,102,1 12,0,2 1,102,1 1,102,1 5,102,1 1,102,1 1,102,1 4,102,1
ADDLINE 0,0,0 1,113,1 12,0,2 0,0,0 0,0,0 0,0,0 0,0,0 0,0,0 0,0,0
ADDLINE 0,0,0 5,123,1 12,0,2 1,123,1 1,123,1 1,123,1 1,123,1 1,123,1 1,123,1
ADDLINE 0,0,0 4,133,1 12,0,2 1,133,1 1,133,1 1,133,1 0,0,0 1,133,1 0,0,0
ADDLINE 1,107,1 4,107,1 0,0,0 1,107,1 1,107,1 1,107,1 12,0,2 3,107,1 0,0,0
ADDLINE 1,117,1 1,117,1 1,117,1 1,117,1 1,117,1 0,0,0 2,117,1 12,0,2 0,0,0
ADDLINE 1,157,1 1,157,1 1,157,1 0,0,0 12,0,2 0,0,0 1,157,1 1,157,1 1,157,1
ADDLINE 1,158,1 0,0,0 0,0,0 12,0,2 1,158,1 0,0,0 0,0,0 0,0,0 0,0,0
ADDLINE 0,0,0 0,0,0 1,160,1 4,160,1 2,160,1 1,160,1 5,160,1 12,0,2 0,0,0
4,73,1 1,73,1 12,0,2 1,73,1 5,73,1 1,73,1 1,73,1 1,73,1 0,0,0
15,0,2 0,0,0 12,0,2 0,0,0 0,0,0 1,72,1 0,0,0 0,0,0 0,0,0
1,71,1 3,71,1 1,71,1 1,71,1 12,0,2 1,71,1 1,71,1 3,71,1 0,0,0
1,70,1 1,70,1 12,0,2 0,0,0 0,0,0 4,70,1 1,70,1 5,70,1 0,0,0
1,66,1 1,66,1 1,66,1 1,66,1 12,0,2 1,66,1 1,66,1 1,66,1 5,66,1
0,0,0 0,0,0 12,0,2 1,68,1 0,0,0 1,68,1 2,68,1 1,68,1 14,0,2
0,0,0 0,0,0 0,0,0 0,0,0 0,0,0 0,0,0 0,0,0 0,0,0 0,0,0
0,0,0 0,0,0 0,0,0 0,0,0 0,0,0 0,0,0 0,0,0 0,0,0 0,0,0
0,0,0 0,0,0 0,0,0 0,0,0 0,0,0 0,0,0 0,0,0 0,0,0 0,0,0