MODE 0
BALL 70
STARS 0/4000/5500
ADDLINE 0,0,0 12,0,2 17,82,1 0,0,0 1,82,1 1,82,1 4,82,1 3,82,1 1,82,1
ADDLINE 12,0,2 1,158,1 1,158,1 1,158,1 1,79,1 1,79,1 1,79,1 1,79,1 5,79,1
ADDLINE 0,0,0 0,0,0 0,0,0 0,0,0 0,0,0 0,0,0 12,0,2 0,0,0 1,84,1
ADDLINE 1,88,1 1,88,1 1,88,1 12,0,2 1,88,1 3,88,1 2,88,1 1,176,1 1,176,1
ADDLINE 1,188,1 16,94,1 1,188,1 1,188,1 1,188,1 1,188,1 0,0,0 12,0,2 7,0,2
ADDLINE 1,103,1 5,103,1 1,103,1 12,0,2 1,103,1 1,103,1 1,103,1 0,0,0 1,206,1
ADDLINE 1,112,1 1,112,1 1,112,1 0,0,0 0,0,0 12,0,2 1,112,1 0,0,0 1,112,1
ADDLINE 3,122,1 2,122,1 1,122,1 12,0,2 1,122,1 5,122,1 1,122,1 0,0,0 1,122,1
ADDLINE 1,98,1 12,0,2 0,0,0 0,0,0 1,98,1 1,98,1 3,98,1 0,0,0 1,98,1
ADDLINE 0,0,0 0,0,0 12,0,2 0,0,0 0,0,0 1,108,1 2,108,1 3,108,1 1,108,1
ADDLINE 0,0,0 12,0,2 1,118,1 0,0,0 1,118,1 0,0,0 0,0,0 0,0,0 0,0,0
ADDLINE 0,0,0 11,0,2 1,256,1 1,128,1 12,0,2 0,0,0 1,256,1 1,256,1 1,128,1
ADDLINE 0,0,0 11,0,2 0,0,0 12,0,2 0,0,0 1,204,1 20,102,1 1,204,1 3,102,1
ADDLINE 12,0,2 1,226,1 1,226,1 16,113,1 1,226,1 1,226,1 1,226,1 1,226,1 1,226,1
ADDLINE 0,0,0 1,123,1 0,0,0 12,0,2 1,123,1 1,123,1 1,123,1 1,123,1 2,123,1
ADDLINE 0,0,0 1,266,1 1,133,1 12,0,2 0,0,0 1,133,1 1,133,1 1,133,1 1,133,1
ADDLINE 10,0,2 1,214,1 12,0,2 1,214,1 1,214,1 1,214,1 1,214,1 1,214,1 1,214,1
ADDLINE 0,0,0 1,234,1 0,0,0 12,0,2 1,117,1 2,117,1 1,117,1 1,117,1 3,117,1
ADDLINE 0,0,0 1,157,1 1,157,1 1,157,1 0,0,0 0,0,0 12,0,2 0,0,0 0,0,0
ADDLINE 1,316,1 1,316,1 1,316,1 1,316,1 1,316,1 1,316,1 1,316,1 16,158,1 12,0,2
ADDLINE 0,0,0 5,160,1 0,0,0 12,0,2 0,0,0 4,160,1 1,160,1 1,160,1 0,0,0
7,0,2 12,0,2 1,146,1 1,146,1 2,73,1 1,73,1 1,73,1 1,73,1 15,0,2
1,144,1 12,0,2 1,144,1 1,72,1 1,72,1 3,72,1 1,72,1 1,72,1 0,0,0
1,142,1 11,0,2 0,0,0 12,0,2 1,71,1 1,71,1 4,71,1 1,142,1 0,0,0
10,0,2 1,140,1 12,0,2 1,140,1 1,140,1 1,140,1 1,140,1 0,0,0 11,0,2
1,138,1 1,138,1 1,138,1 1,138,1 1,138,1 12,0,2 8,0,2 1,138,1 0,0,0
1,68,1 1,68,1 12,0,2 14,0,2 0,0,0 0,0,0 5,68,1 0,0,0 0,0,0
0,0,0 0,0,0 0,0,0 0,0,0 0,0,0 0,0,0 0,0,0 0,0,0 0,0,0
0,0,0 0,0,0 0,0,0 0,0,0 0,0,0 0,0,0 0,0,0 0,0,0 0,0,0
0,0,0 0,0,0 0,0,0 0,0,0 0,0,0 0,0,0 0,0,0 0,0,0 0,0,0