MODE 0
BALL 70
STARS 0/2800/4100
ADDLINE 1,82,1 0,0,0 1,82,1 12,0,2 1,82,1 0,0,0 0,0,0 0,0,0 4,82,1
ADDLINE 1,83,1 1,83,1 5,83,1 12,0,2 1,83,1 0,0,0 1,83,1 0,0,0 2,83,1
ADDLINE 0,0,0 0,0,0 1,84,1 0,0,0 0,0,0 12,0,2 1,84,1 0,0,0 0,0,0
ADDLINE 1,93,1 12,0,2 4,93,1 0,0,0 3,93,1 1,93,1 1,93,1 1,93,1 1,93,1
ADDLINE 0,0,0 0,0,0 1,94,1 0,0,0 1,94,1 12,0,2 0,0,0 0,0,0 1,94,1
ADDLINE 1,103,1 1,103,1 4,103,1 5,103,1 1,103,1 12,0,2 1,103,1 0,0,0 1,103,1
ADDLINE 1,112,1 0,0,0 0,0,0 12,0,2 1,112,1 0,0,0 2,112,1 0,0,0 0,0,0
ADDLINE 1,122,1 0,0,0 1,122,1 12,0,2 3,122,1 0,0,0 1,122,1 1,122,1 1,122,1
ADDLINE 0,0,0 0,0,0 1,98,1 0,0,0 1,98,1 0,0,0 0,0,0 12,0,2 5,98,1
ADDLINE 0,0,0 1,108,1 1,108,1 1,108,1 12,0,2 1,108,1 1,108,1 1,108,1 1,108,1
ADDLINE 0,0,0 4,118,1 12,0,2 0,0,0 0,0,0 1,118,1 1,118,1 4,118,1 1,118,1
ADDLINE 12,0,2 2,122,1 1,122,1 1,122,1 1,122,1 1,122,1 2,122,1 1,122,1 5,122,1
ADDLINE 12,0,2 1,98,1 1,98,1 1,98,1 1,98,1 1,98,1 1,98,1 1,98,1 1,98,1
ADDLINE 0,0,0 0,0,0 0,0,0 0,0,0 1,113,1 12,0,2 0,0,0 0,0,0 0,0,0
ADDLINE 1,117,1 1,117,1 1,117,1 3,117,1 1,117,1 12,0,2 5,117,1 2,117,1 3,117,1
ADDLINE 1,133,1 0,0,0 0,0,0 12,0,2 0,0,0 0,0,0 1,133,1 0,0,0 0,0,0
ADDLINE 1,102,1 12,0,2 1,102,1 1,102,1 2,102,1 4,102,1 1,102,1 1,102,1 1,102,1
ADDLINE 1,117,1 0,0,0 5,117,1 12,0,2 0,0,0 0,0,0 0,0,0 0,0,0 0,0,0
ADDLINE 1,157,1 1,157,1 12,0,2 0,0,0 1,157,1 5,157,1 1,157,1 2,157,1 0,0,0
ADDLINE 0,0,0 0,0,0 12,0,2 1,158,1 1,158,1 1,158,1 4,158,1 1,158,1 0,0,0
ADDLINE 0,0,0 0,0,0 1,160,1 1,160,1 0,0,0 0,0,0 0,0,0 0,0,0 12,0,2
1,73,1 5,73,1 1,73,1 12,0,2 1,73,1 1,73,1 1,73,1 0,0,0 1,73,1
1,72,1 12,0,2 15,0,2 0,0,0 2,72,1 1,72,1 1,72,1 0,0,0 1,72,1
4,68,1 1,68,1 1,68,1 1,68,1 5,68,1 1,68,1 2,68,1 12,0,2 1,68,1
4,70,1 12,0,2 0,0,0 0,0,0 0,0,0 0,0,0 0,0,0 0,0,0 0,0,0
1,66,1 1,66,1 1,66,1 1,66,1 1,66,1 1,66,1 1,66,1 12,0,2 1,66,1
0,0,0 12,0,2 5,68,1 1,68,1 1,68,1 0,0,0 3,68,1 14,0,2 0,0,0
0,0,0 0,0,0 0,0,0 0,0,0 0,0,0 0,0,0 0,0,0 0,0,0 0,0,0
0,0,0 0,0,0 0,0,0 0,0,0 0,0,0 0,0,0 0,0,0 0,0,0 0,0,0
0,0,0 0,0,0 0,0,0 0,0,0 0,0,0 0,0,0 0,0,0 0,0,0 0,0,0