MODE 0
BALL 50
STARS 0/1200/1700
ADDLINE 0,0,0 1,47,1 0,0,0 1,47,1 4,47,1 0,0,0 12,0,2 0,0,0 0,0,0
ADDLINE 1,46,1 1,46,1 12,0,2 1,46,1 1,46,1 1,46,1 1,46,1 1,46,1 0,0,0
ADDLINE 0,0,0 1,76,1 0,0,0 1,76,1 1,76,1 1,76,1 1,76,1 1,76,1 12,0,2
1,47,1 1,47,1 12,0,2 0,0,0 0,0,0 0,0,0 1,47,1 4,47,1 3,47,1
0,0,0 1,46,1 2,46,1 12,0,2 15,0,2 1,46,1 1,46,1 0,0,0 0,0,0
0,0,0 0,0,0 1,45,1 1,45,1 12,0,2 1,45,1 1,45,1 12,0,2 0,0,0
1,43,1 1,43,1 1,43,1 1,43,1 0,0,0 1,43,1 1,43,1 0,0,0 12,0,2
0,0,0 1,43,1 0,0,0 0,0,0 14,0,2 1,43,1 0,0,0 12,0,2 1,43,1
1,42,1 0,0,0 0,0,0 1,42,1 12,0,2 0,0,0 1,42,1 0,0,0 1,42,1
0,0,0 0,0,0 0,0,0 0,0,0 0,0,0 0,0,0 0,0,0 0,0,0 0,0,0
0,0,0 0,0,0 0,0,0 0,0,0 0,0,0 0,0,0 0,0,0 0,0,0 0,0,0
0,0,0 0,0,0 0,0,0 0,0,0 0,0,0 0,0,0 0,0,0 0,0,0 0,0,0