MODE 0
BALL 70
STARS 0/3600/5100
ADDLINE 1,156,1 1,156,1 1,78,1 12,0,2 1,78,1 1,78,1 1,78,1 1,78,1 1,78,1
ADDLINE 0,0,0 0,0,0 1,83,1 0,0,0 0,0,0 0,0,0 0,0,0 12,0,2 0,0,0
ADDLINE 1,80,1 1,80,1 1,80,1 1,80,1 1,80,1 1,80,1 12,0,2 1,80,1 1,80,1
ADDLINE 0,0,0 0,0,0 0,0,0 0,0,0 0,0,0 0,0,0 0,0,0 12,0,2 1,93,1
ADDLINE 1,89,1 1,89,1 1,89,1 1,89,1 1,89,1 1,89,1 1,89,1 12,0,2 1,89,1
ADDLINE 1,103,1 0,0,0 0,0,0 0,0,0 11,0,2 12,0,2 1,103,1 0,0,0 0,0,0
ADDLINE 1,112,1 12,0,2 1,112,1 1,224,1 1,224,1 0,0,0 1,112,1 1,112,1 1,112,1
ADDLINE 1,122,1 0,0,0 12,0,2 0,0,0 1,122,1 0,0,0 0,0,0 0,0,0 1,122,1
ADDLINE 1,98,1 1,98,1 1,98,1 12,0,2 1,98,1 1,98,1 1,98,1 0,0,0 1,98,1
ADDLINE 0,0,0 1,108,1 0,0,0 1,108,1 1,108,1 1,108,1 1,108,1 1,108,1 12,0,2
ADDLINE 1,236,1 1,236,1 12,0,2 1,236,1 1,236,1 1,236,1 1,236,1 1,236,1 8,0,2
ADDLINE 0,0,0 0,0,0 0,0,0 1,128,1 12,0,2 0,0,0 0,0,0 1,128,1 0,0,0
ADDLINE 0,0,0 1,102,1 1,102,1 1,102,1 12,0,2 1,102,1 1,102,1 1,102,1 1,102,1
ADDLINE 0,0,0 1,113,1 1,113,1 1,113,1 12,0,2 0,0,0 0,0,0 0,0,0 0,0,0
ADDLINE 12,0,2 1,117,1 1,117,1 1,234,1 1,234,1 1,234,1 1,117,1 1,117,1 1,117,1
ADDLINE 0,0,0 0,0,0 1,133,1 0,0,0 7,0,2 1,266,1 0,0,0 1,133,1 12,0,2
ADDLINE 12,0,2 1,102,1 1,102,1 1,204,1 1,204,1 1,204,1 1,102,1 1,102,1 1,102,1
ADDLINE 0,0,0 1,117,1 1,117,1 1,117,1 1,117,1 1,117,1 12,0,2 1,117,1 1,117,1
ADDLINE 0,0,0 1,157,1 1,157,1 1,157,1 1,157,1 1,157,1 12,0,2 1,157,1 1,157,1
ADDLINE 0,0,0 1,316,1 1,316,1 1,158,1 1,158,1 1,158,1 12,0,2 1,158,1 1,158,1
ADDLINE 0,0,0 7,0,2 1,320,1 1,160,1 1,160,1 1,160,1 12,0,2 1,160,1 1,160,1
7,0,2 15,0,2 0,0,0 0,0,0 0,0,0 0,0,0 1,73,1 12,0,2 0,0,0
1,144,1 12,0,2 1,72,1 1,72,1 1,72,1 1,72,1 1,72,1 0,0,0 1,144,1
1,71,1 12,0,2 1,71,1 1,71,1 1,71,1 1,71,1 1,71,1 0,0,0 11,0,2
1,67,1 1,67,1 1,67,1 1,67,1 1,67,1 1,67,1 1,67,1 12,0,2 1,67,1
0,0,0 0,0,0 0,0,0 12,0,2 1,69,1 14,0,2 0,0,0 0,0,0 1,69,1
1,65,1 1,65,1 1,65,1 1,65,1 1,65,1 1,65,1 1,65,1 12,0,2 1,65,1
0,0,0 0,0,0 0,0,0 0,0,0 0,0,0 0,0,0 0,0,0 0,0,0 0,0,0
0,0,0 0,0,0 0,0,0 0,0,0 0,0,0 0,0,0 0,0,0 0,0,0 0,0,0
0,0,0 0,0,0 0,0,0 0,0,0 0,0,0 0,0,0 0,0,0 0,0,0 0,0,0