MODE 0
BALL 70
STARS 0/4450/6450
ADDLINE 1,82,1 1,82,1 1,82,1 1,82,1 12,0,2 1,82,1 0,0,0 1,82,1 1,82,1
ADDLINE 1,83,1 1,83,1 1,83,1 1,83,1 12,0,2 1,83,1 0,0,0 0,0,0 0,0,0
ADDLINE 1,84,1 1,84,1 1,84,1 1,84,1 12,0,2 1,84,1 0,0,0 1,84,1 1,84,1
ADDLINE 0,0,0 1,186,1 1,186,1 16,93,1 12,0,2 1,186,1 1,186,1 1,186,1 1,186,1
ADDLINE 1,94,1 1,94,1 12,0,2 1,94,1 1,188,1 1,188,1 0,0,0 1,94,1 1,94,1
ADDLINE 0,0,0 12,0,2 1,206,1 1,206,1 1,206,1 19,103,1 1,206,1 1,206,1 1,206,1
ADDLINE 1,107,1 1,107,1 12,0,2 1,107,1 1,214,1 1,214,1 1,214,1 1,107,1 1,107,1
ADDLINE 0,0,0 1,122,1 12,0,2 1,122,1 0,0,0 0,0,0 0,0,0 0,0,0 0,0,0
ADDLINE 0,0,0 1,98,1 12,0,2 1,98,1 1,98,1 1,98,1 1,98,1 1,196,1 1,196,1
ADDLINE 1,108,1 1,108,1 12,0,2 1,108,1 1,108,1 1,108,1 1,216,1 1,216,1 17,108,1
ADDLINE 1,118,1 1,118,1 0,0,0 12,0,2 0,0,0 1,118,1 1,236,1 20,118,1 1,236,1
ADDLINE 1,128,1 1,128,1 1,128,1 1,128,1 12,0,2 0,0,0 0,0,0 1,256,1 0,0,0
ADDLINE 1,102,1 1,102,1 1,102,1 1,102,1 1,102,1 1,102,1 12,0,2 0,0,0 0,0,0
ADDLINE 1,113,1 1,113,1 1,113,1 1,113,1 12,0,2 0,0,0 0,0,0 1,113,1 1,113,1
ADDLINE 1,123,1 1,246,1 1,246,1 1,246,1 12,0,2 0,0,0 0,0,0 0,0,0 1,123,1
ADDLINE 1,133,1 1,266,1 17,133,1 1,266,1 0,0,0 1,133,1 1,133,1 12,0,2 0,0,0
ADDLINE 0,0,0 1,214,1 1,214,1 0,0,0 0,0,0 0,0,0 12,0,2 0,0,0 0,0,0
ADDLINE 0,0,0 1,117,1 12,0,2 1,117,1 1,117,1 1,117,1 1,234,1 20,117,1 1,117,1
ADDLINE 1,314,1 1,314,1 16,157,1 1,314,1 1,314,1 12,0,2 1,314,1 1,314,1 0,0,0
ADDLINE 1,158,1 1,158,1 1,158,1 12,0,2 1,158,1 0,0,0 1,158,1 1,158,1 1,158,1
ADDLINE 0,0,0 0,0,0 1,160,1 12,0,2 1,160,1 0,0,0 1,160,1 0,0,0 1,160,1
0,0,0 0,0,0 1,73,1 1,73,1 0,0,0 12,0,2 1,73,1 1,73,1 1,73,1
0,0,0 1,72,1 1,72,1 1,72,1 1,72,1 12,0,2 15,0,2 1,72,1 1,72,1
0,0,0 0,0,0 1,71,1 1,71,1 1,71,1 1,71,1 12,0,2 1,71,1 1,71,1
0,0,0 12,0,2 1,70,1 1,70,1 1,70,1 1,70,1 0,0,0 1,70,1 1,70,1
14,0,2 1,69,1 1,69,1 1,69,1 1,138,1 1,138,1 12,0,2 0,0,0 1,69,1
0,0,0 0,0,0 0,0,0 0,0,0 12,0,2 7,0,2 1,136,1 0,0,0 1,68,1
0,0,0 0,0,0 0,0,0 0,0,0 0,0,0 0,0,0 0,0,0 0,0,0 0,0,0
0,0,0 0,0,0 0,0,0 0,0,0 0,0,0 0,0,0 0,0,0 0,0,0 0,0,0
0,0,0 0,0,0 0,0,0 0,0,0 0,0,0 0,0,0 0,0,0 0,0,0 0,0,0