MODE 0
BALL 70
STARS 0/4250/5250
ADDLINE 1,82,1 12,0,2 1,82,1 0,0,0 1,82,1 1,82,1 1,82,1 0,0,0 1,82,1
ADDLINE 1,83,1 12,0,2 1,83,1 0,0,0 1,83,1 0,0,0 0,0,0 0,0,0 1,83,1
ADDLINE 1,84,1 12,0,2 1,84,1 0,0,0 1,84,1 0,0,0 1,84,1 1,84,1 1,84,1
ADDLINE 1,93,1 0,0,0 1,93,1 0,0,0 0,0,0 12,0,2 0,0,0 0,0,0 1,93,1
ADDLINE 1,94,1 12,0,2 1,94,1 1,94,1 1,94,1 1,94,1 1,94,1 0,0,0 1,94,1
ADDLINE 1,103,1 0,0,0 0,0,0 12,0,2 0,0,0 0,0,0 1,103,1 0,0,0 1,103,1
ADDLINE 1,107,1 1,107,1 1,107,1 1,107,1 1,107,1 12,0,2 1,107,1 1,107,1 1,107,1
ADDLINE 1,122,1 12,0,2 1,122,1 0,0,0 0,0,0 0,0,0 1,122,1 0,0,0 0,0,0
ADDLINE 1,98,1 12,0,2 1,98,1 0,0,0 1,98,1 1,98,1 1,98,1 0,0,0 1,98,1
ADDLINE 0,0,0 1,108,1 1,108,1 1,108,1 12,0,2 0,0,0 0,0,0 0,0,0 0,0,0
ADDLINE 0,0,0 1,118,1 1,118,1 1,118,1 12,0,2 1,118,1 1,118,1 1,118,1 1,118,1
ADDLINE 0,0,0 0,0,0 0,0,0 1,128,1 12,0,2 1,128,1 1,128,1 1,128,1 0,0,0
ADDLINE 1,102,1 1,102,1 1,102,1 1,102,1 12,0,2 1,102,1 1,102,1 1,102,1 0,0,0
ADDLINE 1,113,1 1,113,1 1,113,1 1,113,1 12,0,2 1,113,1 1,113,1 1,113,1 0,0,0
ADDLINE 1,117,1 1,117,1 1,117,1 1,117,1 12,0,2 1,117,1 1,117,1 1,117,1 1,117,1
ADDLINE 0,0,0 0,0,0 0,0,0 1,133,1 0,0,0 0,0,0 0,0,0 0,0,0 12,0,2
ADDLINE 0,0,0 1,107,1 1,107,1 1,107,1 12,0,2 1,107,1 1,107,1 1,107,1 1,107,1
ADDLINE 0,0,0 1,117,1 1,117,1 1,117,1 0,0,0 1,117,1 0,0,0 12,0,2 0,0,0
ADDLINE 1,157,1 0,0,0 0,0,0 0,0,0 0,0,0 12,0,2 0,0,0 0,0,0 0,0,0
ADDLINE 1,158,1 12,0,2 1,158,1 1,158,1 1,158,1 1,158,1 1,158,1 0,0,0 0,0,0
ADDLINE 0,0,0 1,160,1 1,160,1 1,160,1 1,160,1 1,160,1 12,0,2 1,160,1 1,160,1
1,69,1 12,0,2 1,69,1 1,69,1 1,69,1 1,69,1 1,69,1 1,69,1 1,69,1
1,72,1 15,0,2 0,0,0 0,0,0 0,0,0 12,0,2 0,0,0 1,72,1 0,0,0
1,71,1 12,0,2 1,71,1 1,71,1 1,71,1 1,71,1 1,71,1 0,0,0 1,71,1
0,0,0 0,0,0 1,70,1 1,70,1 1,70,1 1,70,1 1,70,1 12,0,2 1,70,1
1,66,1 1,66,1 1,66,1 1,66,1 1,66,1 1,66,1 1,66,1 12,0,2 1,66,1
1,68,1 14,0,2 0,0,0 0,0,0 12,0,2 0,0,0 1,68,1 0,0,0 1,68,1
0,0,0 0,0,0 0,0,0 0,0,0 0,0,0 0,0,0 0,0,0 0,0,0 0,0,0
0,0,0 0,0,0 0,0,0 0,0,0 0,0,0 0,0,0 0,0,0 0,0,0 0,0,0
0,0,0 0,0,0 0,0,0 0,0,0 0,0,0 0,0,0 0,0,0 0,0,0 0,0,0