MODE 0
BALL 70
STARS 0/3500/3900
ADDLINE 1,82,1 0,0,0 1,82,1 0,0,0 0,0,0 0,0,0 12,0,2 0,0,0 0,0,0
ADDLINE 1,83,1 12,0,2 1,83,1 2,83,1 1,83,1 4,83,1 1,83,1 0,0,0 2,83,1
ADDLINE 1,84,1 12,0,2 1,84,1 1,84,1 1,84,1 1,84,1 1,84,1 0,0,0 3,84,1
ADDLINE 1,93,1 12,0,2 3,93,1 1,93,1 1,93,1 1,93,1 1,93,1 0,0,0 1,93,1
ADDLINE 0,0,0 0,0,0 1,94,1 1,94,1 4,94,1 1,94,1 4,94,1 12,0,2 0,0,0
ADDLINE 1,98,1 1,98,1 2,98,1 1,98,1 1,98,1 2,98,1 1,98,1 1,98,1 12,0,2
ADDLINE 4,112,1 0,0,0 0,0,0 0,0,0 12,0,2 0,0,0 0,0,0 0,0,0 0,0,0
ADDLINE 1,116,1 12,0,2 1,116,1 1,116,1 1,116,1 1,116,1 1,116,1 1,116,1 1,116,1
ADDLINE 5,98,1 0,0,0 1,98,1 0,0,0 0,0,0 0,0,0 3,98,1 12,0,2 0,0,0
ADDLINE 1,108,1 4,108,1 1,108,1 12,0,2 1,108,1 1,108,1 1,108,1 1,108,1 0,0,0
ADDLINE 1,118,1 3,118,1 4,118,1 0,0,0 1,118,1 12,0,2 0,0,0 0,0,0 0,0,0
ADDLINE 1,128,1 1,128,1 2,128,1 0,0,0 0,0,0 12,0,2 0,0,0 0,0,0 1,128,1
ADDLINE 1,102,1 1,102,1 1,102,1 3,102,1 12,0,2 1,102,1 1,102,1 0,0,0 1,102,1
ADDLINE 0,0,0 0,0,0 0,0,0 0,0,0 12,0,2 3,113,1 0,0,0 0,0,0 2,113,1
ADDLINE 0,0,0 5,123,1 1,123,1 1,123,1 12,0,2 1,123,1 0,0,0 1,123,1 1,123,1
ADDLINE 0,0,0 1,133,1 5,133,1 0,0,0 12,0,2 1,133,1 1,133,1 1,133,1 3,133,1
ADDLINE 0,0,0 1,107,1 12,0,2 1,107,1 1,107,1 1,107,1 1,107,1 1,107,1 1,107,1
ADDLINE 0,0,0 1,117,1 12,0,2 5,117,1 1,117,1 4,117,1 3,117,1 1,117,1 1,117,1
ADDLINE 1,157,1 0,0,0 1,157,1 3,157,1 1,157,1 0,0,0 1,157,1 12,0,2 0,0,0
ADDLINE 1,158,1 0,0,0 1,158,1 1,158,1 1,158,1 12,0,2 4,158,1 0,0,0 1,158,1
ADDLINE 0,0,0 12,0,2 0,0,0 0,0,0 5,160,1 0,0,0 1,160,1 0,0,0 4,160,1
1,73,1 1,73,1 1,73,1 1,73,1 3,73,1 12,0,2 15,0,2 0,0,0 0,0,0
1,72,1 1,72,1 1,72,1 1,72,1 1,72,1 12,0,2 4,72,1 0,0,0 1,72,1
1,71,1 1,71,1 1,71,1 1,71,1 2,71,1 0,0,0 4,71,1 12,0,2 0,0,0
1,70,1 0,0,0 12,0,2 0,0,0 0,0,0 0,0,0 1,70,1 1,70,1 0,0,0
1,69,1 12,0,2 1,69,1 1,69,1 1,69,1 3,69,1 2,69,1 1,69,1 0,0,0
1,68,1 4,68,1 1,68,1 0,0,0 12,0,2 0,0,0 0,0,0 0,0,0 14,0,2
0,0,0 0,0,0 0,0,0 0,0,0 0,0,0 0,0,0 0,0,0 0,0,0 0,0,0
0,0,0 0,0,0 0,0,0 0,0,0 0,0,0 0,0,0 0,0,0 0,0,0 0,0,0
0,0,0 0,0,0 0,0,0 0,0,0 0,0,0 0,0,0 0,0,0 0,0,0 0,0,0