MODE 0
BALL 70
STARS 0/3600/5100
ADDLINE 1,82,1 0,0,0 1,82,1 12,0,2 2,82,1 0,0,0 0,0,0 0,0,0 3,82,1
ADDLINE 1,83,1 0,0,0 1,83,1 12,0,2 1,166,1 0,0,0 1,166,1 0,0,0 1,83,1
ADDLINE 1,168,1 12,0,2 0,0,0 0,0,0 1,168,1 10,0,2 1,168,1 0,0,0 1,168,1
ADDLINE 1,186,1 1,186,1 1,186,1 1,186,1 1,186,1 12,0,2 1,186,1 8,0,2 1,186,1
ADDLINE 0,0,0 0,0,0 0,0,0 0,0,0 0,0,0 8,0,2 1,188,1 12,0,2 1,188,1
ADDLINE 2,103,1 1,103,1 1,103,1 12,0,2 1,103,1 0,0,0 5,103,1 1,103,1 1,103,1
ADDLINE 1,112,1 0,0,0 0,0,0 12,0,2 1,112,1 0,0,0 1,112,1 0,0,0 0,0,0
ADDLINE 1,122,1 12,0,2 1,122,1 3,122,1 3,122,1 1,122,1 1,122,1 0,0,0 5,122,1
ADDLINE 1,98,1 0,0,0 4,98,1 0,0,0 12,0,2 0,0,0 1,98,1 0,0,0 1,98,1
ADDLINE 0,0,0 1,108,1 12,0,2 1,108,1 5,108,1 1,108,1 0,0,0 3,108,1 4,108,1
ADDLINE 0,0,0 0,0,0 0,0,0 1,118,1 1,118,1 1,118,1 0,0,0 12,0,2 0,0,0
ADDLINE 1,122,1 4,122,1 1,122,1 1,122,1 1,122,1 1,122,1 12,0,2 1,122,1 1,122,1
ADDLINE 1,102,1 1,102,1 0,0,0 0,0,0 0,0,0 12,0,2 0,0,0 0,0,0 0,0,0
ADDLINE 1,107,1 1,107,1 12,0,2 1,107,1 1,107,1 2,107,1 1,107,1 4,107,1 1,107,1
ADDLINE 1,123,1 1,246,1 0,0,0 1,246,1 12,0,2 4,123,1 3,123,1 1,123,1 0,0,0
ADDLINE 1,266,1 1,266,1 10,0,2 1,266,1 12,0,2 1,266,1 1,266,1 1,266,1 0,0,0
ADDLINE 0,0,0 12,0,2 11,0,2 1,214,1 0,0,0 1,107,1 1,107,1 1,107,1 0,0,0
ADDLINE 1,112,1 1,224,1 1,224,1 1,224,1 12,0,2 5,112,1 3,112,1 1,112,1 1,112,1
ADDLINE 0,0,0 0,0,0 7,0,2 0,0,0 12,0,2 0,0,0 1,157,1 5,157,1 1,157,1
ADDLINE 0,0,0 1,316,1 1,316,1 1,316,1 1,158,1 3,158,1 12,0,2 4,158,1 1,158,1
ADDLINE 1,160,1 1,160,1 1,160,1 1,160,1 12,0,2 0,0,0 0,0,0 1,160,1 1,160,1
1,73,1 12,0,2 1,73,1 0,0,0 3,73,1 1,73,1 1,73,1 1,73,1 1,73,1
1,72,1 15,0,2 1,72,1 0,0,0 0,0,0 0,0,0 12,0,2 0,0,0 0,0,0
2,68,1 12,0,2 2,68,1 1,68,1 1,68,1 4,68,1 1,68,1 1,68,1 1,68,1
0,0,0 12,0,2 1,70,1 0,0,0 1,70,1 2,70,1 4,70,1 1,70,1 1,70,1
1,66,1 1,66,1 1,66,1 12,0,2 1,66,1 2,66,1 1,66,1 1,66,1 1,66,1
0,0,0 0,0,0 3,68,1 0,0,0 0,0,0 0,0,0 12,0,2 14,0,2 1,68,1
0,0,0 0,0,0 0,0,0 0,0,0 0,0,0 0,0,0 0,0,0 0,0,0 0,0,0
0,0,0 0,0,0 0,0,0 0,0,0 0,0,0 0,0,0 0,0,0 0,0,0 0,0,0
0,0,0 0,0,0 0,0,0 0,0,0 0,0,0 0,0,0 0,0,0 0,0,0 0,0,0