MODE 0
BALL 70
STARS 0/3600/5200
ADDLINE 0,0,0 1,82,1 1,82,1 5,82,1 12,0,2 4,82,1 1,82,1 1,82,1 0,0,0
ADDLINE 0,0,0 1,83,1 0,0,0 1,83,1 12,0,2 1,83,1 0,0,0 1,83,1 0,0,0
ADDLINE 2,84,1 1,84,1 0,0,0 1,84,1 0,0,0 1,84,1 12,0,2 4,84,1 0,0,0
ADDLINE 1,93,1 1,93,1 0,0,0 1,93,1 0,0,0 12,0,2 0,0,0 1,93,1 0,0,0
ADDLINE 1,94,1 1,94,1 12,0,2 1,94,1 2,94,1 1,94,1 5,94,1 3,94,1 0,0,0
ADDLINE 1,103,1 1,103,1 0,0,0 0,0,0 0,0,0 2,103,1 0,0,0 12,0,2 0,0,0
ADDLINE 1,107,1 1,107,1 12,0,2 1,107,1 3,107,1 1,107,1 2,107,1 1,107,1 4,107,1
ADDLINE 0,0,0 0,0,0 12,0,2 1,122,1 1,122,1 3,122,1 1,122,1 1,122,1 0,0,0
ADDLINE 1,93,1 1,93,1 1,93,1 4,93,1 1,93,1 1,93,1 1,93,1 1,93,1 12,0,2
ADDLINE 0,0,0 12,0,2 0,0,0 0,0,0 5,108,1 1,108,1 1,108,1 1,108,1 1,108,1
ADDLINE 0,0,0 12,0,2 1,118,1 1,118,1 0,0,0 0,0,0 0,0,0 1,118,1 1,118,1
ADDLINE 1,128,1 1,128,1 12,0,2 0,0,0 0,0,0 0,0,0 0,0,0 3,128,1 4,128,1
ADDLINE 1,102,1 1,102,1 12,0,2 1,102,1 4,102,1 1,102,1 0,0,0 1,102,1 1,102,1
ADDLINE 1,113,1 2,113,1 0,0,0 0,0,0 1,113,1 1,113,1 0,0,0 12,0,2 0,0,0
ADDLINE 2,123,1 1,123,1 1,123,1 12,0,2 1,123,1 1,123,1 1,123,1 3,123,1 0,0,0
ADDLINE 1,133,1 1,133,1 1,133,1 12,0,2 1,133,1 1,133,1 1,133,1 5,133,1 0,0,0
ADDLINE 1,107,1 3,107,1 1,107,1 12,0,2 1,107,1 2,107,1 1,107,1 1,107,1 0,0,0
ADDLINE 1,117,1 1,117,1 0,0,0 12,0,2 3,117,1 1,117,1 2,117,1 0,0,0 0,0,0
ADDLINE 0,0,0 1,157,1 12,0,2 0,0,0 1,157,1 1,157,1 0,0,0 0,0,0 0,0,0
ADDLINE 1,150,1 5,150,1 12,0,2 4,150,1 1,150,1 1,150,1 1,150,1 1,150,1 1,150,1
ADDLINE 1,160,1 12,0,2 0,0,0 0,0,0 0,0,0 0,0,0 2,160,1 5,160,1 0,0,0
1,73,1 1,73,1 3,73,1 1,73,1 0,0,0 12,0,2 0,0,0 4,73,1 1,73,1
1,72,1 1,72,1 1,72,1 15,0,2 12,0,2 2,72,1 0,0,0 0,0,0 0,0,0
1,71,1 1,71,1 1,71,1 12,0,2 0,0,0 0,0,0 1,71,1 3,71,1 0,0,0
3,70,1 1,70,1 1,70,1 2,70,1 1,70,1 12,0,2 2,70,1 0,0,0 0,0,0
1,69,1 1,69,1 1,69,1 4,69,1 1,69,1 12,0,2 1,69,1 1,69,1 0,0,0
1,68,1 1,68,1 12,0,2 0,0,0 0,0,0 0,0,0 0,0,0 14,0,2 0,0,0
0,0,0 0,0,0 0,0,0 0,0,0 0,0,0 0,0,0 0,0,0 0,0,0 0,0,0
0,0,0 0,0,0 0,0,0 0,0,0 0,0,0 0,0,0 0,0,0 0,0,0 0,0,0
0,0,0 0,0,0 0,0,0 0,0,0 0,0,0 0,0,0 0,0,0 0,0,0 0,0,0