MODE 0
BALL 70
STARS 0/2800/3800
ADDLINE 3,82,1 0,0,0 1,82,1 12,0,2 1,82,1 0,0,0 2,82,1 0,0,0 0,0,0
ADDLINE 1,83,1 0,0,0 1,83,1 12,0,2 5,83,1 0,0,0 1,83,1 0,0,0 1,83,1
ADDLINE 0,0,0 0,0,0 1,84,1 0,0,0 1,84,1 12,0,2 1,84,1 0,0,0 1,84,1
ADDLINE 3,93,1 1,93,1 4,93,1 1,93,1 1,93,1 12,0,2 1,93,1 0,0,0 1,93,1
ADDLINE 1,94,1 12,0,2 0,0,0 0,0,0 0,0,0 0,0,0 1,94,1 0,0,0 0,0,0
ADDLINE 1,98,1 12,0,2 1,98,1 1,98,1 1,98,1 1,98,1 5,98,1 4,98,1 1,98,1
ADDLINE 0,0,0 12,0,2 4,112,1 0,0,0 0,0,0 0,0,0 0,0,0 0,0,0 1,112,1
ADDLINE 1,122,1 2,122,1 1,122,1 12,0,2 1,122,1 1,122,1 1,122,1 0,0,0 1,122,1
ADDLINE 1,98,1 0,0,0 0,0,0 12,0,2 1,98,1 0,0,0 3,98,1 0,0,0 1,98,1
ADDLINE 0,0,0 0,0,0 0,0,0 3,108,1 0,0,0 0,0,0 0,0,0 0,0,0 12,0,2
ADDLINE 5,118,1 1,118,1 1,118,1 1,118,1 12,0,2 1,118,1 1,118,1 1,118,1 0,0,0
ADDLINE 0,0,0 1,128,1 1,128,1 1,128,1 0,0,0 12,0,2 0,0,0 2,128,1 0,0,0
ADDLINE 0,0,0 1,102,1 1,102,1 2,102,1 0,0,0 1,102,1 1,102,1 1,102,1 12,0,2
ADDLINE 0,0,0 1,113,1 1,113,1 1,113,1 0,0,0 1,113,1 3,113,1 1,113,1 12,0,2
ADDLINE 0,0,0 1,123,1 1,123,1 5,123,1 12,0,2 1,123,1 5,123,1 1,123,1 0,0,0
ADDLINE 0,0,0 0,0,0 12,0,2 5,133,1 0,0,0 1,133,1 1,133,1 3,133,1 0,0,0
ADDLINE 0,0,0 1,107,1 1,107,1 1,107,1 12,0,2 1,107,1 1,107,1 1,107,1 1,107,1
ADDLINE 0,0,0 1,117,1 0,0,0 4,117,1 0,0,0 0,0,0 0,0,0 12,0,2 0,0,0
ADDLINE 5,149,1 1,149,1 1,149,1 2,149,1 1,149,1 1,149,1 1,149,1 1,149,1 12,0,2
ADDLINE 0,0,0 0,0,0 1,158,1 0,0,0 0,0,0 0,0,0 12,0,2 0,0,0 0,0,0
ADDLINE 0,0,0 1,160,1 1,160,1 12,0,2 2,160,1 4,160,1 1,160,1 1,160,1 1,160,1
1,73,1 12,0,2 0,0,0 0,0,0 1,73,1 3,73,1 1,73,1 0,0,0 1,73,1
1,72,1 1,72,1 4,72,1 12,0,2 2,72,1 1,72,1 2,72,1 0,0,0 1,72,1
1,71,1 15,0,2 0,0,0 12,0,2 0,0,0 0,0,0 1,71,1 0,0,0 0,0,0
1,67,1 4,67,1 1,67,1 1,67,1 1,67,1 12,0,2 1,67,1 1,67,1 1,67,1
0,0,0 0,0,0 12,0,2 0,0,0 5,69,1 0,0,0 3,69,1 0,0,0 14,0,2
1,68,1 1,68,1 5,68,1 12,0,2 1,68,1 0,0,0 1,68,1 0,0,0 1,68,1
0,0,0 0,0,0 0,0,0 0,0,0 0,0,0 0,0,0 0,0,0 0,0,0 0,0,0
0,0,0 0,0,0 0,0,0 0,0,0 0,0,0 0,0,0 0,0,0 0,0,0 0,0,0
0,0,0 0,0,0 0,0,0 0,0,0 0,0,0 0,0,0 0,0,0 0,0,0 0,0,0