MODE 0
BALL 50
STARS 0/2200/3200
ADDLINE 12,0,2 1,43,1 1,43,1 1,43,1 1,43,1 1,43,1 1,43,1 1,43,1 0,0,0
ADDLINE 1,92,1 16,46,1 1,92,1 12,0,2 1,92,1 0,0,0 1,46,1 1,92,1 1,92,1
ADDLINE 1,72,1 0,0,0 1,72,1 12,0,2 1,72,1 0,0,0 1,72,1 0,0,0 1,72,1
0,0,0 0,0,0 1,44,1 1,88,1 1,44,1 1,88,1 7,0,2 12,0,2 0,0,0
0,0,0 0,0,0 1,43,1 1,43,1 9,0,2 1,43,1 1,86,1 12,0,2 0,0,0
0,0,0 1,86,1 10,0,2 1,86,1 1,43,1 1,86,1 1,86,1 1,86,1 0,0,0
1,41,1 1,82,1 1,82,1 1,82,1 12,0,2 1,82,1 1,82,1 8,0,2 1,41,1
0,0,0 15,0,2 12,0,2 1,42,1 1,42,1 1,42,1 14,0,2 0,0,0 1,42,1
1,37,1 1,37,1 1,37,1 1,37,1 1,37,1 1,37,1 1,37,1 8,0,2 1,37,1
0,0,0 0,0,0 0,0,0 0,0,0 0,0,0 0,0,0 0,0,0 0,0,0 0,0,0
0,0,0 0,0,0 0,0,0 0,0,0 0,0,0 0,0,0 0,0,0 0,0,0 0,0,0
0,0,0 0,0,0 0,0,0 0,0,0 0,0,0 0,0,0 0,0,0 0,0,0 0,0,0