MODE 0
BALL 70
STARS 0/4000/5700
ADDLINE 1,83,1 12,0,2 1,166,1 11,0,2 1,166,1 1,166,1 1,166,1 1,83,1 1,83,1
ADDLINE 1,84,1 0,0,0 1,168,1 0,0,0 1,168,1 12,0,2 1,168,1 1,168,1 0,0,0
ADDLINE 1,85,1 0,0,0 1,85,1 12,0,2 1,85,1 1,170,1 17,85,1 1,170,1 1,170,1
ADDLINE 1,94,1 12,0,2 1,188,1 1,188,1 1,94,1 0,0,0 1,188,1 1,188,1 7,0,2
ADDLINE 1,95,1 1,190,1 17,95,1 12,0,2 1,95,1 0,0,0 1,95,1 1,190,1 1,190,1
ADDLINE 1,104,1 0,0,0 1,208,1 12,0,2 1,104,1 0,0,0 0,0,0 1,208,1 20,104,1
ADDLINE 1,113,1 1,113,1 1,113,1 0,0,0 1,113,1 12,0,2 1,113,1 0,0,0 1,226,1
ADDLINE 0,0,0 0,0,0 1,123,1 12,0,2 1,123,1 0,0,0 1,123,1 0,0,0 1,123,1
ADDLINE 1,99,1 0,0,0 1,99,1 0,0,0 1,99,1 12,0,2 1,99,1 0,0,0 1,99,1
ADDLINE 1,104,1 1,104,1 1,104,1 1,104,1 1,104,1 1,104,1 1,104,1 12,0,2 1,104,1
ADDLINE 0,0,0 0,0,0 1,119,1 1,119,1 1,119,1 1,238,1 1,238,1 12,0,2 1,119,1
ADDLINE 1,258,1 12,0,2 1,258,1 1,258,1 1,258,1 1,258,1 19,129,1 8,0,2 1,258,1
ADDLINE 0,0,0 0,0,0 0,0,0 0,0,0 1,103,1 12,0,2 1,206,1 1,206,1 1,103,1
ADDLINE 1,228,1 12,0,2 1,228,1 1,228,1 1,228,1 1,228,1 19,114,1 1,228,1 1,228,1
ADDLINE 17,124,1 1,248,1 12,0,2 0,0,0 0,0,0 0,0,0 1,248,1 1,248,1 0,0,0
ADDLINE 19,134,1 12,0,2 1,268,1 1,268,1 1,268,1 1,268,1 1,268,1 8,0,2 1,268,1
ADDLINE 0,0,0 12,0,2 1,108,1 1,108,1 1,108,1 1,108,1 1,108,1 0,0,0 1,108,1
ADDLINE 0,0,0 12,0,2 1,118,1 1,118,1 1,118,1 1,118,1 1,118,1 1,118,1 1,118,1
ADDLINE 1,129,1 1,129,1 1,129,1 1,129,1 1,129,1 1,129,1 12,0,2 1,129,1 0,0,0
ADDLINE 1,140,1 1,140,1 1,140,1 1,140,1 12,0,2 11,0,2 0,0,0 1,140,1 0,0,0
ADDLINE 1,112,1 1,224,1 0,0,0 12,0,2 0,0,0 1,224,1 1,224,1 1,112,1 0,0,0
ADDLINE 1,162,1 7,0,2 0,0,0 1,162,1 1,162,1 1,162,1 1,162,1 12,0,2 0,0,0
ADDLINE 1,164,1 0,0,0 12,0,2 0,0,0 0,0,0 1,164,1 1,164,1 0,0,0 0,0,0
ADDLINE 1,332,1 1,332,1 1,332,1 1,332,1 1,332,1 1,332,1 12,0,2 1,332,1 10,0,2
0,0,0 1,148,1 12,0,2 1,148,1 19,74,1 19,74,1 1,148,1 1,148,1 1,148,1
1,73,1 1,146,1 12,0,2 1,146,1 0,0,0 1,146,1 1,146,1 1,146,1 1,73,1
1,72,1 1,144,1 0,0,0 1,72,1 0,0,0 12,0,2 17,72,1 0,0,0 0,0,0
1,71,1 1,142,1 12,0,2 1,71,1 0,0,0 1,142,1 1,142,1 1,142,1 1,71,1
1,70,1 17,70,1 0,0,0 1,70,1 0,0,0 12,0,2 0,0,0 0,0,0 0,0,0
1,66,1 1,132,1 12,0,2 1,66,1 1,132,1 1,132,1 1,132,1 1,66,1 1,66,1
0,0,0 0,0,0 0,0,0 0,0,0 0,0,0 0,0,0 0,0,0 0,0,0 0,0,0
0,0,0 0,0,0 0,0,0 0,0,0 0,0,0 0,0,0 0,0,0 0,0,0 0,0,0
0,0,0 0,0,0 0,0,0 0,0,0 0,0,0 0,0,0 0,0,0 0,0,0 0,0,0