MODE 0
BALL 70
STARS 0/4000/5700
ADDLINE 1,79,1 1,79,1 1,79,1 1,79,1 1,79,1 1,79,1 1,79,1 12,0,2 1,79,1
ADDLINE 0,0,0 0,0,0 0,0,0 0,0,0 12,0,2 0,0,0 1,84,1 0,0,0 1,84,1
ADDLINE 1,85,1 1,85,1 1,85,1 1,85,1 1,85,1 12,0,2 1,85,1 0,0,0 1,85,1
ADDLINE 1,94,1 12,0,2 0,0,0 0,0,0 1,94,1 0,0,0 1,94,1 0,0,0 1,94,1
ADDLINE 1,95,1 12,0,2 1,95,1 0,0,0 1,95,1 0,0,0 1,95,1 1,95,1 1,95,1
ADDLINE 1,104,1 0,0,0 1,104,1 0,0,0 1,104,1 0,0,0 1,104,1 12,0,2 0,0,0
ADDLINE 1,113,1 0,0,0 1,113,1 1,113,1 1,113,1 12,0,2 1,113,1 0,0,0 1,113,1
ADDLINE 1,123,1 0,0,0 0,0,0 0,0,0 0,0,0 12,0,2 1,123,1 0,0,0 1,123,1
ADDLINE 1,99,1 12,0,2 1,99,1 1,99,1 1,99,1 1,99,1 1,99,1 0,0,0 1,99,1
ADDLINE 0,0,0 1,109,1 1,109,1 1,109,1 0,0,0 1,109,1 12,0,2 1,109,1 1,109,1
ADDLINE 0,0,0 0,0,0 0,0,0 1,119,1 0,0,0 0,0,0 12,0,2 1,119,1 0,0,0
ADDLINE 1,123,1 1,123,1 1,123,1 1,123,1 1,123,1 1,123,1 1,123,1 1,123,1 12,0,2
ADDLINE 0,0,0 0,0,0 0,0,0 1,103,1 0,0,0 0,0,0 0,0,0 0,0,0 12,0,2
ADDLINE 1,108,1 1,108,1 1,108,1 1,108,1 12,0,2 1,108,1 1,108,1 1,108,1 1,108,1
ADDLINE 1,124,1 1,124,1 1,124,1 1,124,1 12,0,2 0,0,0 0,0,0 0,0,0 0,0,0
ADDLINE 1,128,1 1,128,1 1,128,1 1,128,1 1,128,1 1,128,1 1,128,1 1,128,1 12,0,2
ADDLINE 1,108,1 1,108,1 1,108,1 1,108,1 12,0,2 0,0,0 0,0,0 0,0,0 0,0,0
ADDLINE 1,113,1 1,113,1 1,113,1 1,113,1 12,0,2 1,113,1 1,113,1 1,113,1 1,113,1
ADDLINE 0,0,0 0,0,0 0,0,0 1,129,1 1,129,1 0,0,0 12,0,2 0,0,0 0,0,0
ADDLINE 0,0,0 1,140,1 1,140,1 0,0,0 1,140,1 1,140,1 0,0,0 12,0,2 0,0,0
ADDLINE 0,0,0 1,112,1 1,112,1 1,112,1 0,0,0 0,0,0 12,0,2 1,112,1 1,112,1
ADDLINE 0,0,0 1,162,1 1,162,1 1,162,1 1,162,1 12,0,2 1,162,1 1,162,1 1,162,1
ADDLINE 1,164,1 0,0,0 12,0,2 1,164,1 1,164,1 0,0,0 1,164,1 1,164,1 1,164,1
ADDLINE 1,166,1 1,166,1 1,166,1 12,0,2 1,166,1 1,166,1 0,0,0 1,166,1 1,166,1
0,0,0 1,74,1 1,74,1 1,74,1 12,0,2 1,74,1 1,74,1 1,74,1 1,74,1
1,73,1 1,73,1 1,73,1 0,0,0 1,73,1 12,0,2 1,73,1 0,0,0 0,0,0
1,69,1 1,69,1 1,69,1 12,0,2 1,69,1 1,69,1 1,69,1 1,69,1 1,69,1
1,71,1 1,71,1 12,0,2 0,0,0 0,0,0 1,71,1 0,0,0 1,71,1 1,71,1
1,70,1 1,70,1 12,0,2 1,70,1 1,70,1 1,70,1 0,0,0 1,70,1 1,70,1
0,0,0 1,69,1 0,0,0 1,69,1 0,0,0 0,0,0 0,0,0 12,0,2 0,0,0
0,0,0 0,0,0 0,0,0 0,0,0 0,0,0 0,0,0 0,0,0 0,0,0 0,0,0
0,0,0 0,0,0 0,0,0 0,0,0 0,0,0 0,0,0 0,0,0 0,0,0 0,0,0
0,0,0 0,0,0 0,0,0 0,0,0 0,0,0 0,0,0 0,0,0 0,0,0 0,0,0