MODE 0
BALL 70
STARS 0/3600/5200
ADDLINE 0,0,0 0,0,0 0,0,0 1,166,1 0,0,0 1,83,1 12,0,2 0,0,0 0,0,0
ADDLINE 4,84,1 1,84,1 1,84,1 3,84,1 12,0,2 1,84,1 0,0,0 1,168,1 1,168,1
ADDLINE 1,85,1 1,85,1 1,85,1 1,85,1 0,0,0 5,85,1 12,0,2 1,170,1 7,0,2
ADDLINE 1,94,1 1,94,1 1,94,1 1,94,1 12,0,2 1,188,1 0,0,0 1,188,1 0,0,0
ADDLINE 0,0,0 0,0,0 0,0,0 12,0,2 0,0,0 1,190,1 7,0,2 0,0,0 0,0,0
ADDLINE 12,0,2 1,99,1 1,99,1 2,99,1 1,99,1 1,198,1 1,198,1 1,198,1 5,99,1
ADDLINE 0,0,0 1,113,1 1,113,1 1,113,1 0,0,0 1,113,1 1,113,1 1,113,1 12,0,2
ADDLINE 1,117,1 4,117,1 1,117,1 4,117,1 12,0,2 1,117,1 1,117,1 5,117,1 1,117,1
ADDLINE 0,0,0 0,0,0 3,99,1 0,0,0 0,0,0 0,0,0 0,0,0 12,0,2 0,0,0
ADDLINE 4,109,1 1,109,1 12,0,2 1,109,1 2,109,1 1,109,1 1,109,1 1,109,1 0,0,0
ADDLINE 1,119,1 12,0,2 0,0,0 1,119,1 1,119,1 1,119,1 5,119,1 1,238,1 11,0,2
ADDLINE 1,258,1 10,0,2 0,0,0 0,0,0 0,0,0 1,258,1 0,0,0 12,0,2 0,0,0
ADDLINE 1,103,1 1,206,1 1,206,1 12,0,2 0,0,0 2,103,1 0,0,0 1,103,1 1,103,1
ADDLINE 1,114,1 5,114,1 4,114,1 12,0,2 1,114,1 1,114,1 0,0,0 1,114,1 1,114,1
ADDLINE 1,124,1 1,124,1 1,124,1 12,0,2 0,0,0 11,0,2 0,0,0 1,248,1 5,124,1
ADDLINE 1,268,1 1,268,1 1,268,1 1,268,1 12,0,2 1,268,1 1,268,1 10,0,2 0,0,0
ADDLINE 1,108,1 1,108,1 1,108,1 1,108,1 0,0,0 5,108,1 0,0,0 12,0,2 0,0,0
ADDLINE 3,118,1 2,118,1 1,118,1 1,118,1 12,0,2 1,118,1 0,0,0 1,118,1 1,118,1
ADDLINE 1,129,1 12,0,2 5,129,1 0,0,0 1,129,1 0,0,0 1,129,1 0,0,0 1,129,1
ADDLINE 0,0,0 12,0,2 4,140,1 0,0,0 4,140,1 0,0,0 1,140,1 0,0,0 0,0,0
ADDLINE 2,112,1 1,112,1 1,112,1 12,0,2 1,112,1 0,0,0 1,112,1 1,112,1 1,112,1
ADDLINE 1,162,1 1,162,1 1,162,1 0,0,0 3,162,1 0,0,0 4,162,1 12,0,2 0,0,0
ADDLINE 1,164,1 1,164,1 1,164,1 0,0,0 1,164,1 12,0,2 1,164,1 0,0,0 1,164,1
ADDLINE 1,166,1 1,166,1 3,166,1 0,0,0 1,166,1 12,0,2 1,166,1 0,0,0 5,166,1
0,0,0 0,0,0 11,0,2 12,0,2 1,74,1 1,74,1 1,148,1 1,74,1 4,74,1
0,0,0 0,0,0 1,73,1 12,0,2 0,0,0 1,146,1 1,146,1 1,146,1 3,73,1
1,144,1 0,0,0 0,0,0 1,144,1 12,0,2 0,0,0 19,72,1 1,144,1 1,144,1
1,71,1 1,71,1 0,0,0 0,0,0 0,0,0 1,142,1 0,0,0 12,0,2 0,0,0
1,70,1 1,70,1 3,70,1 1,70,1 12,0,2 1,140,1 1,140,1 1,140,1 0,0,0
1,69,1 1,69,1 2,69,1 1,69,1 0,0,0 1,138,1 11,0,2 12,0,2 0,0,0
0,0,0 0,0,0 0,0,0 0,0,0 0,0,0 0,0,0 0,0,0 0,0,0 0,0,0
0,0,0 0,0,0 0,0,0 0,0,0 0,0,0 0,0,0 0,0,0 0,0,0 0,0,0
0,0,0 0,0,0 0,0,0 0,0,0 0,0,0 0,0,0 0,0,0 0,0,0 0,0,0