MODE 0
BALL 70
STARS 0/3800/5500
ADDLINE 1,83,1 0,0,0 2,83,1 0,0,0 0,0,0 12,0,2 1,83,1 0,0,0 0,0,0
ADDLINE 3,84,1 0,0,0 5,84,1 1,84,1 1,84,1 12,0,2 1,84,1 0,0,0 1,84,1
ADDLINE 1,85,1 0,0,0 0,0,0 0,0,0 1,85,1 12,0,2 1,85,1 0,0,0 1,85,1
ADDLINE 1,94,1 4,94,1 1,94,1 12,0,2 2,94,1 0,0,0 1,94,1 0,0,0 1,94,1
ADDLINE 2,95,1 12,0,2 1,95,1 0,0,0 1,95,1 0,0,0 1,95,1 0,0,0 5,95,1
ADDLINE 1,104,1 0,0,0 1,104,1 12,0,2 1,104,1 0,0,0 1,104,1 0,0,0 1,104,1
ADDLINE 0,0,0 0,0,0 2,113,1 12,0,2 1,113,1 0,0,0 1,113,1 0,0,0 0,0,0
ADDLINE 3,123,1 1,123,1 1,123,1 12,0,2 1,123,1 0,0,0 1,123,1 1,123,1 1,123,1
ADDLINE 0,0,0 0,0,0 0,0,0 0,0,0 5,99,1 12,0,2 1,99,1 0,0,0 1,99,1
ADDLINE 0,0,0 0,0,0 12,0,2 1,109,1 0,0,0 0,0,0 0,0,0 1,109,1 0,0,0
ADDLINE 1,119,1 1,119,1 1,119,1 1,119,1 12,0,2 1,119,1 1,119,1 1,119,1 0,0,0
ADDLINE 0,0,0 0,0,0 12,0,2 0,0,0 0,0,0 5,129,1 3,129,1 4,129,1 0,0,0
ADDLINE 1,99,1 1,99,1 3,99,1 1,99,1 1,99,1 1,99,1 1,99,1 1,99,1 12,0,2
ADDLINE 0,0,0 0,0,0 0,0,0 1,114,1 0,0,0 3,114,1 1,114,1 1,114,1 12,0,2
ADDLINE 1,124,1 5,124,1 1,124,1 1,124,1 12,0,2 5,124,1 1,124,1 2,124,1 0,0,0
ADDLINE 1,134,1 0,0,0 0,0,0 0,0,0 0,0,0 12,0,2 0,0,0 1,134,1 0,0,0
ADDLINE 5,103,1 1,103,1 12,0,2 1,103,1 1,103,1 1,103,1 4,103,1 1,103,1 1,103,1
ADDLINE 4,118,1 1,118,1 12,0,2 1,118,1 2,118,1 1,118,1 1,118,1 1,118,1 0,0,0
ADDLINE 1,129,1 1,129,1 0,0,0 12,0,2 0,0,0 1,129,1 1,129,1 1,129,1 1,129,1
ADDLINE 1,140,1 4,140,1 12,0,2 1,140,1 0,0,0 1,140,1 5,140,1 4,140,1 1,140,1
ADDLINE 1,112,1 0,0,0 12,0,2 1,112,1 0,0,0 1,112,1 1,112,1 5,112,1 3,112,1
ADDLINE 3,162,1 12,0,2 4,162,1 2,162,1 0,0,0 1,162,1 1,162,1 1,162,1 1,162,1
ADDLINE 1,164,1 0,0,0 12,0,2 1,164,1 0,0,0 1,164,1 1,164,1 1,164,1 1,164,1
ADDLINE 1,166,1 1,166,1 12,0,2 4,166,1 0,0,0 0,0,0 0,0,0 0,0,0 0,0,0
0,0,0 4,74,1 0,0,0 0,0,0 0,0,0 3,74,1 12,0,2 1,74,1 1,74,1
0,0,0 1,73,1 12,0,2 1,73,1 1,73,1 2,73,1 0,0,0 1,73,1 1,73,1
0,0,0 1,72,1 0,0,0 1,72,1 1,72,1 1,72,1 12,0,2 4,72,1 1,72,1
0,0,0 1,71,1 12,0,2 1,71,1 1,71,1 1,71,1 1,71,1 5,71,1 1,71,1
0,0,0 1,70,1 12,0,2 0,0,0 0,0,0 0,0,0 0,0,0 1,70,1 0,0,0
0,0,0 3,69,1 2,69,1 1,69,1 1,69,1 1,69,1 1,69,1 3,69,1 12,0,2
0,0,0 0,0,0 0,0,0 0,0,0 0,0,0 0,0,0 0,0,0 0,0,0 0,0,0
0,0,0 0,0,0 0,0,0 0,0,0 0,0,0 0,0,0 0,0,0 0,0,0 0,0,0
0,0,0 0,0,0 0,0,0 0,0,0 0,0,0 0,0,0 0,0,0 0,0,0 0,0,0