MODE 0
BALL 70
STARS 0/3400/4800
ADDLINE 4,79,1 12,0,2 1,79,1 5,79,1 1,79,1 4,79,1 1,79,1 1,79,1 1,79,1
ADDLINE 1,84,1 0,0,0 12,0,2 0,0,0 0,0,0 0,0,0 1,84,1 1,84,1 1,84,1
ADDLINE 1,85,1 1,85,1 1,85,1 12,0,2 1,85,1 0,0,0 3,85,1 1,85,1 5,85,1
ADDLINE 0,0,0 0,0,0 1,94,1 12,0,2 1,94,1 0,0,0 5,94,1 0,0,0 0,0,0
ADDLINE 1,90,1 1,90,1 3,90,1 12,0,2 3,90,1 1,90,1 1,90,1 1,90,1 1,90,1
ADDLINE 1,104,1 1,104,1 1,104,1 12,0,2 1,104,1 1,104,1 2,104,1 0,0,0 1,104,1
ADDLINE 4,113,1 1,113,1 1,113,1 12,0,2 1,113,1 1,113,1 4,113,1 0,0,0 1,113,1
ADDLINE 0,0,0 0,0,0 0,0,0 0,0,0 2,123,1 0,0,0 0,0,0 12,0,2 0,0,0
ADDLINE 1,94,1 1,94,1 1,94,1 12,0,2 1,94,1 5,94,1 1,94,1 1,94,1 1,94,1
ADDLINE 0,0,0 1,109,1 5,109,1 0,0,0 0,0,0 0,0,0 12,0,2 0,0,0 1,109,1
ADDLINE 0,0,0 1,119,1 12,0,2 0,0,0 1,119,1 1,119,1 1,119,1 1,119,1 2,119,1
ADDLINE 0,0,0 12,0,2 0,0,0 3,129,1 1,129,1 1,129,1 1,129,1 1,129,1 2,129,1
ADDLINE 0,0,0 12,0,2 1,103,1 1,103,1 0,0,0 1,103,1 1,103,1 2,103,1 1,103,1
ADDLINE 5,114,1 0,0,0 1,114,1 1,114,1 0,0,0 12,0,2 0,0,0 1,114,1 1,114,1
ADDLINE 0,0,0 12,0,2 1,124,1 2,124,1 1,124,1 1,124,1 0,0,0 4,124,1 1,124,1
ADDLINE 0,0,0 1,134,1 1,134,1 1,134,1 5,134,1 3,134,1 0,0,0 0,0,0 12,0,2
ADDLINE 0,0,0 2,108,1 1,108,1 1,108,1 1,108,1 2,108,1 0,0,0 12,0,2 0,0,0
ADDLINE 0,0,0 1,118,1 1,118,1 1,118,1 1,118,1 0,0,0 12,0,2 1,118,1 1,118,1
ADDLINE 0,0,0 1,129,1 1,129,1 1,129,1 1,129,1 1,129,1 12,0,2 1,129,1 1,129,1
ADDLINE 0,0,0 0,0,0 12,0,2 1,140,1 0,0,0 1,140,1 0,0,0 4,140,1 0,0,0
ADDLINE 3,112,1 3,112,1 1,112,1 2,112,1 12,0,2 1,112,1 0,0,0 1,112,1 1,112,1
ADDLINE 1,162,1 1,162,1 3,162,1 2,162,1 12,0,2 1,162,1 0,0,0 1,162,1 1,162,1
ADDLINE 1,164,1 1,164,1 1,164,1 1,164,1 12,0,2 1,164,1 0,0,0 3,164,1 1,164,1
ADDLINE 0,0,0 0,0,0 0,0,0 0,0,0 0,0,0 0,0,0 12,0,2 5,166,1 0,0,0
4,74,1 1,74,1 2,74,1 5,74,1 0,0,0 12,0,2 0,0,0 0,0,0 0,0,0
1,73,1 1,73,1 1,73,1 1,73,1 1,73,1 1,73,1 12,0,2 0,0,0 0,0,0
0,0,0 12,0,2 0,0,0 0,0,0 0,0,0 0,0,0 0,0,0 1,72,1 1,72,1
0,0,0 12,0,2 1,71,1 1,71,1 4,71,1 1,71,1 2,71,1 1,71,1 1,71,1
1,70,1 0,0,0 0,0,0 0,0,0 0,0,0 12,0,2 0,0,0 0,0,0 0,0,0
1,69,1 5,69,1 1,69,1 4,69,1 1,69,1 1,69,1 12,0,2 0,0,0 0,0,0
0,0,0 0,0,0 0,0,0 0,0,0 0,0,0 0,0,0 0,0,0 0,0,0 0,0,0
0,0,0 0,0,0 0,0,0 0,0,0 0,0,0 0,0,0 0,0,0 0,0,0 0,0,0
0,0,0 0,0,0 0,0,0 0,0,0 0,0,0 0,0,0 0,0,0 0,0,0 0,0,0