MODE 0
BALL 70
STARS 0/4300/6000
ADDLINE 3,79,1 2,79,1 1,79,1 1,79,1 1,79,1 12,0,2 1,158,1 1,158,1 3,79,1
ADDLINE 0,0,0 0,0,0 0,0,0 0,0,0 1,84,1 0,0,0 1,84,1 12,0,2 0,0,0
ADDLINE 1,162,1 1,162,1 1,81,1 12,0,2 1,81,1 1,81,1 1,81,1 1,81,1 4,81,1
ADDLINE 19,94,1 1,188,1 1,188,1 1,188,1 1,188,1 12,0,2 1,188,1 1,188,1 0,0,0
ADDLINE 1,190,1 12,0,2 1,95,1 1,95,1 1,95,1 0,0,0 3,95,1 1,95,1 2,95,1
ADDLINE 0,0,0 0,0,0 12,0,2 0,0,0 1,104,1 0,0,0 0,0,0 0,0,0 1,104,1
ADDLINE 3,113,1 1,113,1 1,113,1 12,0,2 1,113,1 1,113,1 5,113,1 0,0,0 1,113,1
ADDLINE 1,123,1 0,0,0 12,0,2 0,0,0 0,0,0 0,0,0 1,123,1 0,0,0 0,0,0
ADDLINE 4,94,1 1,94,1 4,94,1 1,94,1 1,94,1 12,0,2 1,94,1 1,94,1 1,94,1
ADDLINE 12,0,2 1,104,1 3,104,1 3,104,1 1,104,1 1,104,1 1,104,1 1,104,1 1,104,1
ADDLINE 0,0,0 1,238,1 1,238,1 1,238,1 1,119,1 1,119,1 12,0,2 2,119,1 0,0,0
ADDLINE 1,129,1 1,258,1 20,129,1 1,258,1 1,129,1 5,129,1 12,0,2 1,129,1 0,0,0
ADDLINE 0,0,0 1,206,1 1,206,1 1,206,1 1,103,1 1,103,1 0,0,0 3,103,1 12,0,2
ADDLINE 0,0,0 1,114,1 1,114,1 1,114,1 5,114,1 1,114,1 0,0,0 1,228,1 12,0,2
ADDLINE 0,0,0 0,0,0 0,0,0 0,0,0 0,0,0 0,0,0 12,0,2 17,124,1 0,0,0
ADDLINE 0,0,0 1,134,1 3,134,1 5,134,1 1,134,1 1,134,1 1,268,1 1,268,1 12,0,2
ADDLINE 0,0,0 0,0,0 1,216,1 1,216,1 1,216,1 0,0,0 0,0,0 0,0,0 12,0,2
ADDLINE 1,118,1 1,118,1 1,236,1 20,118,1 12,0,2 1,118,1 1,118,1 2,118,1 1,118,1
ADDLINE 5,129,1 1,129,1 0,0,0 12,0,2 1,258,1 0,0,0 1,129,1 1,129,1 1,129,1
ADDLINE 1,280,1 1,280,1 1,280,1 12,0,2 1,280,1 0,0,0 1,280,1 1,280,1 16,140,1
ADDLINE 1,224,1 1,224,1 16,112,1 12,0,2 1,224,1 1,224,1 1,224,1 1,224,1 0,0,0
ADDLINE 5,162,1 1,324,1 1,324,1 0,0,0 0,0,0 1,162,1 1,162,1 12,0,2 0,0,0
ADDLINE 1,164,1 1,328,1 17,164,1 1,328,1 12,0,2 1,164,1 1,164,1 0,0,0 1,164,1
ADDLINE 1,166,1 4,166,1 1,166,1 0,0,0 1,166,1 0,0,0 12,0,2 0,0,0 2,166,1
1,148,1 1,148,1 12,0,2 1,148,1 1,148,1 1,148,1 19,74,1 1,148,1 1,148,1
0,0,0 1,73,1 12,0,2 0,0,0 0,0,0 1,146,1 0,0,0 1,146,1 0,0,0
4,72,1 12,0,2 5,72,1 1,72,1 1,72,1 0,0,0 1,144,1 1,72,1 1,72,1
1,71,1 12,0,2 0,0,0 0,0,0 1,71,1 0,0,0 2,142,1 1,71,1 3,71,1
1,70,1 12,0,2 1,70,1 1,70,1 1,70,1 0,0,0 1,140,1 1,70,1 4,70,1
16,69,1 1,138,1 1,138,1 12,0,2 1,138,1 1,138,1 1,138,1 1,138,1 0,0,0
0,0,0 0,0,0 0,0,0 0,0,0 0,0,0 0,0,0 0,0,0 0,0,0 0,0,0
0,0,0 0,0,0 0,0,0 0,0,0 0,0,0 0,0,0 0,0,0 0,0,0 0,0,0
0,0,0 0,0,0 0,0,0 0,0,0 0,0,0 0,0,0 0,0,0 0,0,0 0,0,0