MODE 0
BALL 50
STARS 0/1500/2000
ADDLINE 0,0,0 1,47,1 1,47,1 1,47,1 12,0,2 0,0,0 0,0,0 5,47,1 1,47,1
ADDLINE 0,0,0 12,0,2 1,47,1 0,0,0 1,47,1 1,47,1 0,0,0 1,47,1 1,47,1
ADDLINE 1,75,1 1,75,1 12,0,2 1,75,1 0,0,0 1,75,1 0,0,0 1,75,1 1,75,1
1,46,1 1,46,1 12,0,2 1,46,1 15,0,2 3,46,1 0,0,0 2,46,1 0,0,0
0,0,0 1,45,1 1,45,1 4,45,1 12,0,2 1,45,1 1,45,1 1,45,1 0,0,0
0,0,0 0,0,0 12,0,2 0,0,0 1,44,1 0,0,0 1,44,1 1,44,1 0,0,0
4,41,1 0,0,0 3,41,1 1,41,1 1,41,1 1,41,1 1,41,1 4,41,1 12,0,2
0,0,0 3,43,1 0,0,0 0,0,0 14,0,2 12,0,2 0,0,0 0,0,0 3,43,1
0,0,0 1,42,1 12,0,2 1,42,1 1,42,1 1,42,1 1,42,1 0,0,0 1,42,1
0,0,0 0,0,0 0,0,0 0,0,0 0,0,0 0,0,0 0,0,0 0,0,0 0,0,0
0,0,0 0,0,0 0,0,0 0,0,0 0,0,0 0,0,0 0,0,0 0,0,0 0,0,0
0,0,0 0,0,0 0,0,0 0,0,0 0,0,0 0,0,0 0,0,0 0,0,0 0,0,0