MODE 0
BALL 70
STARS 0/3800/5300
ADDLINE 1,83,1 0,0,0 0,0,0 0,0,0 0,0,0 0,0,0 12,0,2 0,0,0 1,83,1
ADDLINE 1,168,1 1,168,1 1,168,1 1,168,1 12,0,2 1,168,1 1,168,1 1,168,1 8,0,2
ADDLINE 1,85,1 1,85,1 1,85,1 1,85,1 12,0,2 1,85,1 0,0,0 0,0,0 0,0,0
ADDLINE 1,94,1 1,94,1 1,94,1 1,94,1 12,0,2 1,94,1 1,94,1 1,94,1 0,0,0
ADDLINE 0,0,0 0,0,0 12,0,2 1,95,1 0,0,0 1,95,1 0,0,0 1,95,1 0,0,0
ADDLINE 1,99,1 1,99,1 1,99,1 1,99,1 1,99,1 1,99,1 12,0,2 1,99,1 1,99,1
ADDLINE 1,108,1 1,108,1 1,108,1 1,108,1 1,216,1 1,216,1 12,0,2 1,108,1 1,108,1
ADDLINE 1,246,1 0,0,0 0,0,0 12,0,2 0,0,0 10,0,2 0,0,0 0,0,0 1,246,1
ADDLINE 1,198,1 12,0,2 1,198,1 1,198,1 1,198,1 1,198,1 1,198,1 8,0,2 1,198,1
ADDLINE 1,109,1 1,109,1 1,109,1 0,0,0 0,0,0 0,0,0 12,0,2 1,109,1 0,0,0
ADDLINE 1,119,1 1,119,1 1,119,1 1,119,1 1,119,1 1,119,1 12,0,2 1,119,1 0,0,0
ADDLINE 0,0,0 1,129,1 1,129,1 1,129,1 1,129,1 1,129,1 1,129,1 1,129,1 12,0,2
ADDLINE 0,0,0 0,0,0 0,0,0 1,103,1 1,103,1 1,103,1 1,103,1 12,0,2 0,0,0
ADDLINE 1,114,1 1,114,1 0,0,0 1,114,1 1,114,1 1,114,1 12,0,2 0,0,0 1,114,1
ADDLINE 1,124,1 1,124,1 0,0,0 1,124,1 1,124,1 12,0,2 0,0,0 1,124,1 1,124,1
ADDLINE 1,134,1 12,0,2 0,0,0 1,268,1 0,0,0 0,0,0 1,134,1 1,134,1 1,134,1
ADDLINE 0,0,0 12,0,2 1,216,1 7,0,2 0,0,0 1,108,1 1,108,1 1,108,1 1,108,1
ADDLINE 0,0,0 1,236,1 12,0,2 8,0,2 1,236,1 1,236,1 1,236,1 1,236,1 1,236,1
ADDLINE 1,129,1 12,0,2 1,129,1 1,129,1 1,129,1 0,0,0 0,0,0 0,0,0 1,129,1
ADDLINE 1,133,1 12,0,2 1,133,1 1,133,1 1,133,1 1,133,1 1,133,1 1,133,1 1,133,1
ADDLINE 1,224,1 0,0,0 12,0,2 0,0,0 8,0,2 0,0,0 0,0,0 0,0,0 0,0,0
ADDLINE 1,154,1 1,154,1 1,154,1 1,154,1 1,154,1 12,0,2 1,154,1 1,154,1 1,154,1
ADDLINE 1,164,1 1,164,1 1,164,1 1,164,1 1,164,1 0,0,0 1,164,1 12,0,2 0,0,0
ADDLINE 1,158,1 1,158,1 1,158,1 1,158,1 1,158,1 12,0,2 1,158,1 1,158,1 1,158,1
0,0,0 12,0,2 1,74,1 1,74,1 1,74,1 1,74,1 0,0,0 0,0,0 0,0,0
0,0,0 1,73,1 1,73,1 1,73,1 1,73,1 1,73,1 12,0,2 1,73,1 1,73,1
0,0,0 1,72,1 1,72,1 1,72,1 1,72,1 1,72,1 12,0,2 1,72,1 1,72,1
1,71,1 1,71,1 1,71,1 1,71,1 0,0,0 12,0,2 0,0,0 0,0,0 1,71,1
1,140,1 1,140,1 1,140,1 12,0,2 16,70,1 1,140,1 1,140,1 0,0,0 0,0,0
0,0,0 0,0,0 0,0,0 12,0,2 1,69,1 1,69,1 1,69,1 1,69,1 0,0,0
0,0,0 0,0,0 0,0,0 0,0,0 0,0,0 0,0,0 0,0,0 0,0,0 0,0,0
0,0,0 0,0,0 0,0,0 0,0,0 0,0,0 0,0,0 0,0,0 0,0,0 0,0,0
0,0,0 0,0,0 0,0,0 0,0,0 0,0,0 0,0,0 0,0,0 0,0,0 0,0,0