MODE 0
BALL 70
STARS 0/4600/6500
ADDLINE 1,83,1 12,0,2 1,83,1 0,0,0 1,83,1 0,0,0 1,83,1 0,0,0 1,83,1
ADDLINE 1,84,1 0,0,0 1,84,1 0,0,0 1,84,1 0,0,0 12,0,2 0,0,0 1,84,1
ADDLINE 1,85,1 0,0,0 1,85,1 12,0,2 1,85,1 0,0,0 1,85,1 1,85,1 1,85,1
ADDLINE 1,94,1 0,0,0 1,94,1 0,0,0 1,94,1 12,0,2 1,94,1 0,0,0 1,94,1
ADDLINE 1,95,1 12,0,2 1,95,1 0,0,0 1,95,1 0,0,0 1,95,1 0,0,0 1,95,1
ADDLINE 1,104,1 12,0,2 1,104,1 0,0,0 1,104,1 0,0,0 0,0,0 0,0,0 1,104,1
ADDLINE 1,113,1 12,0,2 1,113,1 0,0,0 1,113,1 1,113,1 1,113,1 1,113,1 1,113,1
ADDLINE 0,0,0 0,0,0 1,123,1 0,0,0 0,0,0 0,0,0 1,123,1 12,0,2 0,0,0
ADDLINE 1,99,1 1,99,1 1,99,1 1,99,1 1,99,1 12,0,2 1,99,1 0,0,0 1,99,1
ADDLINE 1,218,1 0,0,0 12,0,2 1,109,1 0,0,0 0,0,0 0,0,0 0,0,0 0,0,0
ADDLINE 20,119,1 1,238,1 1,119,1 1,119,1 1,119,1 12,0,2 1,119,1 1,119,1 1,119,1
ADDLINE 1,258,1 1,258,1 1,129,1 1,129,1 1,129,1 12,0,2 1,129,1 0,0,0 0,0,0
ADDLINE 1,99,1 1,99,1 1,99,1 1,99,1 1,99,1 12,0,2 1,99,1 1,198,1 1,198,1
ADDLINE 0,0,0 12,0,2 0,0,0 0,0,0 0,0,0 0,0,0 0,0,0 0,0,0 17,114,1
ADDLINE 1,118,1 1,236,1 1,236,1 1,236,1 1,118,1 1,118,1 1,118,1 12,0,2 1,236,1
ADDLINE 12,0,2 1,268,1 20,134,1 1,268,1 1,134,1 1,134,1 1,134,1 1,134,1 1,134,1
ADDLINE 0,0,0 12,0,2 1,216,1 1,216,1 1,216,1 1,216,1 1,216,1 1,216,1 16,108,1
ADDLINE 0,0,0 1,236,1 1,236,1 1,236,1 12,0,2 16,118,1 1,236,1 1,236,1 1,236,1
ADDLINE 20,129,1 1,258,1 0,0,0 0,0,0 0,0,0 0,0,0 12,0,2 0,0,0 0,0,0
ADDLINE 1,280,1 1,280,1 12,0,2 1,140,1 1,140,1 1,140,1 1,140,1 1,140,1 0,0,0
ADDLINE 1,112,1 1,112,1 12,0,2 0,0,0 0,0,0 1,112,1 1,112,1 1,112,1 0,0,0
ADDLINE 1,162,1 1,162,1 0,0,0 1,162,1 12,0,2 1,162,1 1,162,1 1,162,1 0,0,0
ADDLINE 1,164,1 1,164,1 0,0,0 12,0,2 0,0,0 1,164,1 1,164,1 0,0,0 0,0,0
ADDLINE 1,166,1 1,166,1 1,166,1 1,166,1 12,0,2 0,0,0 0,0,0 0,0,0 1,166,1
1,74,1 12,0,2 1,74,1 0,0,0 1,74,1 1,148,1 1,74,1 1,74,1 1,148,1
1,146,1 1,146,1 16,73,1 1,146,1 1,146,1 12,0,2 1,146,1 0,0,0 1,146,1
1,144,1 12,0,2 1,144,1 1,144,1 1,144,1 19,72,1 1,144,1 0,0,0 1,144,1
1,142,1 0,0,0 1,142,1 12,0,2 1,142,1 1,142,1 1,142,1 1,142,1 19,71,1
1,70,1 0,0,0 1,70,1 12,0,2 1,70,1 1,140,1 1,70,1 1,140,1 1,140,1
1,69,1 12,0,2 1,69,1 0,0,0 1,69,1 1,138,1 1,69,1 0,0,0 0,0,0
0,0,0 0,0,0 0,0,0 0,0,0 0,0,0 0,0,0 0,0,0 0,0,0 0,0,0
0,0,0 0,0,0 0,0,0 0,0,0 0,0,0 0,0,0 0,0,0 0,0,0 0,0,0
0,0,0 0,0,0 0,0,0 0,0,0 0,0,0 0,0,0 0,0,0 0,0,0 0,0,0