MODE 0
BALL 70
STARS 0/3900/5500
ADDLINE 1,79,1 12,0,2 1,79,1 1,79,1 1,79,1 1,79,1 1,79,1 3,79,1 1,79,1
ADDLINE 3,84,1 0,0,0 0,0,0 0,0,0 0,0,0 12,0,2 1,84,1 0,0,0 1,84,1
ADDLINE 1,81,1 5,81,1 5,81,1 1,81,1 2,81,1 1,81,1 1,81,1 12,0,2 1,81,1
ADDLINE 1,94,1 5,94,1 1,94,1 12,0,2 1,94,1 1,94,1 1,94,1 0,0,0 4,94,1
ADDLINE 1,90,1 1,90,1 1,90,1 12,0,2 1,90,1 2,90,1 1,90,1 1,90,1 4,90,1
ADDLINE 0,0,0 0,0,0 0,0,0 12,0,2 0,0,0 0,0,0 0,0,0 0,0,0 1,104,1
ADDLINE 1,108,1 4,108,1 1,108,1 12,0,2 4,108,1 1,108,1 1,108,1 1,108,1 1,108,1
ADDLINE 5,123,1 1,123,1 1,123,1 0,0,0 0,0,0 12,0,2 1,123,1 0,0,0 0,0,0
ADDLINE 1,99,1 2,99,1 1,99,1 12,0,2 1,99,1 0,0,0 1,99,1 0,0,0 1,99,1
ADDLINE 0,0,0 4,109,1 1,109,1 1,109,1 1,109,1 3,109,1 4,109,1 1,109,1 12,0,2
ADDLINE 0,0,0 0,0,0 0,0,0 12,0,2 1,119,1 1,119,1 1,119,1 1,119,1 0,0,0
ADDLINE 5,129,1 1,129,1 0,0,0 12,0,2 1,129,1 1,129,1 1,129,1 1,129,1 0,0,0
ADDLINE 3,103,1 1,103,1 0,0,0 4,103,1 1,103,1 4,103,1 1,103,1 12,0,2 0,0,0
ADDLINE 1,114,1 1,114,1 12,0,2 1,114,1 1,114,1 1,114,1 1,114,1 0,0,0 0,0,0
ADDLINE 0,0,0 0,0,0 0,0,0 0,0,0 1,124,1 2,124,1 12,0,2 0,0,0 1,124,1
ADDLINE 0,0,0 1,134,1 1,134,1 1,134,1 1,134,1 1,134,1 2,134,1 12,0,2 0,0,0
ADDLINE 0,0,0 5,108,1 1,108,1 1,108,1 1,108,1 4,108,1 5,108,1 0,0,0 12,0,2
ADDLINE 0,0,0 0,0,0 0,0,0 0,0,0 1,118,1 1,118,1 1,118,1 12,0,2 0,0,0
ADDLINE 0,0,0 1,129,1 12,0,2 1,129,1 0,0,0 3,129,1 1,129,1 1,129,1 1,129,1
ADDLINE 0,0,0 1,140,1 0,0,0 5,140,1 12,0,2 0,0,0 0,0,0 0,0,0 0,0,0
ADDLINE 2,112,1 1,112,1 12,0,2 1,112,1 0,0,0 1,112,1 1,112,1 1,112,1 3,112,1
ADDLINE 0,0,0 0,0,0 12,0,2 1,162,1 0,0,0 1,162,1 1,162,1 1,162,1 1,162,1
ADDLINE 2,156,1 1,156,1 3,156,1 1,156,1 12,0,2 1,156,1 1,156,1 1,156,1 4,156,1
ADDLINE 0,0,0 12,0,2 0,0,0 0,0,0 0,0,0 1,166,1 1,166,1 2,166,1 1,166,1
1,74,1 1,74,1 1,74,1 1,74,1 12,0,2 1,74,1 1,74,1 0,0,0 4,74,1
5,73,1 3,73,1 1,73,1 5,73,1 0,0,0 12,0,2 0,0,0 0,0,0 1,73,1
1,72,1 0,0,0 0,0,0 12,0,2 0,0,0 1,72,1 1,72,1 0,0,0 0,0,0
1,71,1 12,0,2 1,71,1 1,71,1 1,71,1 1,71,1 1,71,1 2,71,1 0,0,0
3,70,1 0,0,0 12,0,2 4,70,1 1,70,1 1,70,1 1,70,1 0,0,0 0,0,0
1,69,1 12,0,2 0,0,0 4,69,1 1,69,1 1,69,1 1,69,1 0,0,0 1,69,1
0,0,0 0,0,0 0,0,0 0,0,0 0,0,0 0,0,0 0,0,0 0,0,0 0,0,0
0,0,0 0,0,0 0,0,0 0,0,0 0,0,0 0,0,0 0,0,0 0,0,0 0,0,0
0,0,0 0,0,0 0,0,0 0,0,0 0,0,0 0,0,0 0,0,0 0,0,0 0,0,0