MODE 0
BALL 70
STARS 0/3800/5400
ADDLINE 1,83,1 0,0,0 0,0,0 0,0,0 1,83,1 12,0,2 1,83,1 0,0,0 1,83,1
ADDLINE 1,84,1 1,84,1 1,84,1 12,0,2 4,84,1 3,84,1 1,84,1 0,0,0 1,84,1
ADDLINE 0,0,0 0,0,0 2,85,1 0,0,0 12,0,2 0,0,0 0,0,0 0,0,0 1,85,1
ADDLINE 5,89,1 12,0,2 1,89,1 4,89,1 1,89,1 1,89,1 1,89,1 1,89,1 1,89,1
ADDLINE 1,95,1 0,0,0 1,95,1 0,0,0 0,0,0 12,0,2 0,0,0 0,0,0 1,95,1
ADDLINE 1,104,1 0,0,0 1,104,1 0,0,0 1,104,1 12,0,2 2,104,1 0,0,0 4,104,1
ADDLINE 1,113,1 0,0,0 0,0,0 0,0,0 1,113,1 12,0,2 5,113,1 0,0,0 1,113,1
ADDLINE 1,123,1 4,123,1 1,123,1 0,0,0 1,123,1 12,0,2 1,123,1 0,0,0 2,123,1
ADDLINE 0,0,0 0,0,0 1,99,1 12,0,2 1,99,1 0,0,0 1,99,1 0,0,0 0,0,0
ADDLINE 0,0,0 1,109,1 12,0,2 1,109,1 0,0,0 1,109,1 1,109,1 1,109,1 0,0,0
ADDLINE 0,0,0 4,119,1 0,0,0 1,119,1 0,0,0 1,119,1 1,119,1 1,119,1 12,0,2
ADDLINE 1,129,1 1,129,1 0,0,0 1,129,1 12,0,2 2,129,1 4,129,1 3,129,1 0,0,0
ADDLINE 0,0,0 0,0,0 0,0,0 1,103,1 0,0,0 0,0,0 12,0,2 1,103,1 0,0,0
ADDLINE 1,108,1 1,108,1 12,0,2 1,108,1 1,108,1 2,108,1 1,108,1 4,108,1 3,108,1
ADDLINE 1,124,1 1,124,1 0,0,0 0,0,0 12,0,2 0,0,0 1,124,1 0,0,0 0,0,0
ADDLINE 1,134,1 1,134,1 12,0,2 1,134,1 5,134,1 1,134,1 1,134,1 2,134,1 0,0,0
ADDLINE 0,0,0 1,108,1 12,0,2 1,108,1 3,108,1 1,108,1 1,108,1 1,108,1 0,0,0
ADDLINE 1,118,1 1,118,1 12,0,2 1,118,1 1,118,1 5,118,1 2,118,1 1,118,1 0,0,0
ADDLINE 0,0,0 0,0,0 12,0,2 1,129,1 0,0,0 1,129,1 1,129,1 1,129,1 1,129,1
ADDLINE 1,140,1 1,140,1 1,140,1 12,0,2 0,0,0 2,140,1 3,140,1 0,0,0 1,140,1
ADDLINE 1,112,1 1,112,1 5,112,1 0,0,0 5,112,1 0,0,0 12,0,2 0,0,0 1,112,1
ADDLINE 5,162,1 1,162,1 1,162,1 12,0,2 1,162,1 0,0,0 1,162,1 1,162,1 1,162,1
ADDLINE 0,0,0 0,0,0 0,0,0 0,0,0 0,0,0 12,0,2 4,164,1 1,164,1 5,164,1
ADDLINE 0,0,0 2,166,1 1,166,1 1,166,1 1,166,1 12,0,2 0,0,0 0,0,0 1,166,1
0,0,0 12,0,2 0,0,0 1,74,1 1,74,1 2,74,1 3,74,1 1,74,1 0,0,0
1,73,1 4,73,1 12,0,2 1,73,1 1,73,1 1,73,1 1,73,1 1,73,1 0,0,0
0,0,0 0,0,0 0,0,0 1,72,1 0,0,0 0,0,0 12,0,2 0,0,0 0,0,0
2,68,1 1,68,1 12,0,2 1,68,1 1,68,1 1,68,1 1,68,1 1,68,1 1,68,1
0,0,0 2,70,1 12,0,2 1,70,1 0,0,0 1,70,1 0,0,0 0,0,0 0,0,0
0,0,0 5,69,1 12,0,2 1,69,1 0,0,0 1,69,1 1,69,1 4,69,1 1,69,1
0,0,0 0,0,0 0,0,0 0,0,0 0,0,0 0,0,0 0,0,0 0,0,0 0,0,0
0,0,0 0,0,0 0,0,0 0,0,0 0,0,0 0,0,0 0,0,0 0,0,0 0,0,0
0,0,0 0,0,0 0,0,0 0,0,0 0,0,0 0,0,0 0,0,0 0,0,0 0,0,0