MODE 0
BALL 70
STARS 0/4300/6300
ADDLINE 1,158,1 1,158,1 1,79,1 1,79,1 1,79,1 12,0,2 1,158,1 1,158,1 1,158,1
ADDLINE 7,0,2 12,0,2 1,168,1 1,168,1 1,168,1 0,0,0 1,168,1 19,84,1 1,168,1
ADDLINE 1,162,1 12,0,2 1,81,1 2,81,1 1,81,1 4,81,1 1,162,1 1,162,1 1,81,1
ADDLINE 1,188,1 0,0,0 1,188,1 0,0,0 12,0,2 0,0,0 0,0,0 8,0,2 0,0,0
ADDLINE 1,190,1 12,0,2 1,95,1 1,95,1 3,95,1 0,0,0 1,95,1 4,95,1 1,95,1
ADDLINE 19,104,1 1,208,1 1,208,1 1,208,1 1,208,1 12,0,2 1,208,1 1,208,1 0,0,0
ADDLINE 1,226,1 12,0,2 1,113,1 3,113,1 1,113,1 0,0,0 1,226,1 17,113,1 5,113,1
ADDLINE 1,246,1 1,246,1 1,246,1 1,246,1 12,0,2 1,246,1 19,123,1 1,246,1 0,0,0
ADDLINE 1,99,1 12,0,2 1,99,1 0,0,0 1,99,1 1,198,1 1,198,1 1,198,1 20,99,1
ADDLINE 1,109,1 2,109,1 12,0,2 0,0,0 1,109,1 1,109,1 3,109,1 1,218,1 1,218,1
ADDLINE 0,0,0 0,0,0 1,119,1 1,119,1 0,0,0 12,0,2 0,0,0 1,119,1 1,119,1
ADDLINE 0,0,0 0,0,0 0,0,0 0,0,0 1,129,1 5,129,1 12,0,2 1,129,1 1,129,1
ADDLINE 1,99,1 1,99,1 4,99,1 5,99,1 1,99,1 1,99,1 12,0,2 1,99,1 3,99,1
ADDLINE 3,114,1 0,0,0 0,0,0 12,0,2 0,0,0 1,114,1 0,0,0 1,114,1 1,114,1
ADDLINE 0,0,0 0,0,0 1,248,1 1,124,1 0,0,0 12,0,2 1,124,1 1,124,1 1,124,1
ADDLINE 0,0,0 17,134,1 1,268,1 12,0,2 0,0,0 1,134,1 5,134,1 1,134,1 1,134,1
ADDLINE 0,0,0 1,216,1 12,0,2 1,108,1 1,108,1 2,108,1 4,108,1 1,108,1 1,108,1
ADDLINE 11,0,2 0,0,0 12,0,2 1,118,1 1,118,1 1,118,1 1,118,1 5,118,1 1,118,1
ADDLINE 1,258,1 12,0,2 1,129,1 4,129,1 1,129,1 0,0,0 1,129,1 3,129,1 1,129,1
ADDLINE 0,0,0 0,0,0 1,140,1 0,0,0 0,0,0 0,0,0 12,0,2 0,0,0 0,0,0
ADDLINE 1,112,1 12,0,2 1,224,1 1,224,1 1,112,1 0,0,0 1,112,1 1,112,1 5,112,1
ADDLINE 1,324,1 1,324,1 10,0,2 12,0,2 16,162,1 0,0,0 1,324,1 1,324,1 1,324,1
ADDLINE 1,164,1 1,328,1 1,328,1 12,0,2 1,328,1 11,0,2 1,328,1 1,164,1 5,164,1
ADDLINE 3,166,1 0,0,0 0,0,0 12,0,2 1,166,1 0,0,0 1,166,1 0,0,0 0,0,0
1,74,1 2,74,1 1,74,1 1,74,1 1,148,1 4,74,1 12,0,2 0,0,0 11,0,2
1,146,1 1,146,1 1,146,1 1,146,1 1,146,1 16,73,1 12,0,2 1,146,1 11,0,2
1,144,1 1,144,1 1,144,1 1,144,1 1,144,1 1,144,1 12,0,2 1,144,1 19,72,1
5,71,1 1,71,1 1,71,1 12,0,2 1,142,1 1,142,1 0,0,0 0,0,0 0,0,0
0,0,0 12,0,2 1,140,1 1,140,1 19,70,1 1,140,1 1,140,1 1,140,1 1,140,1
1,69,1 1,69,1 0,0,0 12,0,2 1,138,1 1,138,1 0,0,0 0,0,0 2,138,1
0,0,0 0,0,0 0,0,0 0,0,0 0,0,0 0,0,0 0,0,0 0,0,0 0,0,0
0,0,0 0,0,0 0,0,0 0,0,0 0,0,0 0,0,0 0,0,0 0,0,0 0,0,0
0,0,0 0,0,0 0,0,0 0,0,0 0,0,0 0,0,0 0,0,0 0,0,0 0,0,0