MODE 0
BALL 70
STARS 0/3900/5500
ADDLINE 1,83,1 0,0,0 1,83,1 1,83,1 1,83,1 12,0,2 2,83,1 1,83,1 0,0,0
ADDLINE 0,0,0 0,0,0 0,0,0 1,84,1 12,0,2 0,0,0 1,84,1 0,0,0 0,0,0
ADDLINE 12,0,2 2,81,1 1,81,1 3,81,1 1,81,1 1,81,1 4,81,1 1,81,1 1,81,1
ADDLINE 0,0,0 12,0,2 0,0,0 1,94,1 0,0,0 0,0,0 0,0,0 1,94,1 0,0,0
ADDLINE 0,0,0 1,95,1 0,0,0 1,95,1 5,95,1 1,95,1 0,0,0 1,95,1 12,0,2
ADDLINE 0,0,0 3,104,1 0,0,0 12,0,2 0,0,0 1,104,1 0,0,0 0,0,0 0,0,0
ADDLINE 1,113,1 1,113,1 2,113,1 3,113,1 12,0,2 1,113,1 0,0,0 1,113,1 3,113,1
ADDLINE 0,0,0 0,0,0 0,0,0 0,0,0 0,0,0 1,123,1 0,0,0 12,0,2 0,0,0
ADDLINE 12,0,2 1,94,1 1,94,1 1,94,1 5,94,1 1,94,1 1,94,1 1,94,1 1,94,1
ADDLINE 3,104,1 3,104,1 12,0,2 1,104,1 1,104,1 1,104,1 1,104,1 1,104,1 1,104,1
ADDLINE 0,0,0 12,0,2 0,0,0 1,119,1 2,119,1 1,119,1 0,0,0 0,0,0 1,119,1
ADDLINE 1,123,1 1,123,1 12,0,2 2,123,1 1,123,1 5,123,1 1,123,1 1,123,1 1,123,1
ADDLINE 1,103,1 1,103,1 0,0,0 0,0,0 0,0,0 0,0,0 12,0,2 0,0,0 0,0,0
ADDLINE 1,114,1 4,114,1 12,0,2 1,114,1 1,114,1 1,114,1 0,0,0 1,114,1 0,0,0
ADDLINE 2,124,1 3,124,1 12,0,2 1,124,1 1,124,1 4,124,1 0,0,0 1,124,1 0,0,0
ADDLINE 1,134,1 1,134,1 2,134,1 1,134,1 1,134,1 3,134,1 12,0,2 1,134,1 0,0,0
ADDLINE 0,0,0 12,0,2 0,0,0 1,108,1 5,108,1 5,108,1 0,0,0 1,108,1 0,0,0
ADDLINE 1,118,1 1,118,1 1,118,1 1,118,1 1,118,1 1,118,1 12,0,2 1,118,1 0,0,0
ADDLINE 1,129,1 1,129,1 1,129,1 12,0,2 0,0,0 0,0,0 0,0,0 0,0,0 0,0,0
ADDLINE 0,0,0 12,0,2 0,0,0 0,0,0 0,0,0 0,0,0 1,140,1 1,140,1 0,0,0
ADDLINE 0,0,0 12,0,2 2,112,1 1,112,1 0,0,0 3,112,1 1,112,1 4,112,1 1,112,1
ADDLINE 1,162,1 12,0,2 1,162,1 1,162,1 0,0,0 1,162,1 3,162,1 1,162,1 1,162,1
ADDLINE 3,164,1 0,0,0 5,164,1 0,0,0 12,0,2 1,164,1 0,0,0 1,164,1 1,164,1
ADDLINE 4,166,1 0,0,0 0,0,0 1,166,1 0,0,0 12,0,2 0,0,0 1,166,1 1,166,1
1,70,1 2,70,1 5,70,1 12,0,2 4,70,1 1,70,1 1,70,1 1,70,1 1,70,1
1,73,1 1,73,1 1,73,1 0,0,0 0,0,0 0,0,0 0,0,0 12,0,2 0,0,0
1,69,1 1,69,1 5,69,1 1,69,1 1,69,1 12,0,2 2,69,1 1,69,1 1,69,1
0,0,0 0,0,0 0,0,0 0,0,0 0,0,0 0,0,0 1,71,1 0,0,0 12,0,2
1,70,1 0,0,0 3,70,1 1,70,1 1,70,1 12,0,2 1,70,1 0,0,0 4,70,1
5,69,1 0,0,0 1,69,1 1,69,1 1,69,1 12,0,2 1,69,1 0,0,0 1,69,1
0,0,0 0,0,0 0,0,0 0,0,0 0,0,0 0,0,0 0,0,0 0,0,0 0,0,0
0,0,0 0,0,0 0,0,0 0,0,0 0,0,0 0,0,0 0,0,0 0,0,0 0,0,0
0,0,0 0,0,0 0,0,0 0,0,0 0,0,0 0,0,0 0,0,0 0,0,0 0,0,0