MODE 0
BALL 50
STARS 0/1300/1800
ADDLINE 1,47,1 2,47,1 12,0,2 0,0,0 0,0,0 4,47,1 1,47,1 1,47,1 5,47,1
ADDLINE 1,45,1 12,0,2 5,45,1 4,45,1 0,0,0 1,45,1 2,45,1 1,45,1 1,45,1
ADDLINE 0,0,0 1,75,1 1,75,1 0,0,0 1,75,1 0,0,0 5,75,1 12,0,2 3,75,1
0,0,0 12,0,2 0,0,0 1,46,1 0,0,0 0,0,0 0,0,0 0,0,0 0,0,0
1,45,1 2,45,1 12,0,2 5,45,1 0,0,0 3,45,1 1,45,1 2,45,1 0,0,0
0,0,0 1,44,1 15,0,2 1,44,1 1,44,1 1,44,1 12,0,2 1,44,1 0,0,0
0,0,0 1,43,1 0,0,0 1,43,1 12,0,2 3,43,1 1,43,1 1,43,1 0,0,0
0,0,0 0,0,0 0,0,0 1,43,1 1,43,1 1,43,1 0,0,0 1,43,1 12,0,2
0,0,0 2,42,1 1,42,1 1,42,1 12,0,2 1,42,1 14,0,2 5,42,1 0,0,0
0,0,0 0,0,0 0,0,0 0,0,0 0,0,0 0,0,0 0,0,0 0,0,0 0,0,0
0,0,0 0,0,0 0,0,0 0,0,0 0,0,0 0,0,0 0,0,0 0,0,0 0,0,0
0,0,0 0,0,0 0,0,0 0,0,0 0,0,0 0,0,0 0,0,0 0,0,0 0,0,0