MODE 0
BALL 70
STARS 0/4100/5900
ADDLINE 1,83,1 0,0,0 1,166,1 1,166,1 1,166,1 12,0,2 1,83,1 0,0,0 1,83,1
ADDLINE 1,168,1 12,0,2 0,0,0 10,0,2 1,168,1 0,0,0 1,168,1 0,0,0 1,168,1
ADDLINE 1,85,1 1,85,1 1,170,1 0,0,0 1,170,1 12,0,2 1,85,1 0,0,0 1,85,1
ADDLINE 1,94,1 0,0,0 1,94,1 12,0,2 1,188,1 0,0,0 1,188,1 0,0,0 0,0,0
ADDLINE 1,190,1 0,0,0 1,190,1 12,0,2 1,190,1 10,0,2 1,190,1 1,190,1 1,190,1
ADDLINE 1,104,1 0,0,0 0,0,0 0,0,0 1,208,1 12,0,2 0,0,0 0,0,0 1,104,1
ADDLINE 1,108,1 12,0,2 1,108,1 1,108,1 1,108,1 1,108,1 1,108,1 1,108,1 1,108,1
ADDLINE 1,123,1 0,0,0 1,246,1 0,0,0 0,0,0 0,0,0 12,0,2 0,0,0 0,0,0
ADDLINE 1,99,1 12,0,2 7,0,2 1,198,1 1,99,1 1,99,1 1,99,1 1,99,1 1,99,1
ADDLINE 1,109,1 12,0,2 1,218,1 1,218,1 1,109,1 0,0,0 1,109,1 1,109,1 1,109,1
ADDLINE 0,0,0 0,0,0 1,119,1 0,0,0 1,119,1 12,0,2 1,119,1 1,119,1 1,119,1
ADDLINE 1,123,1 1,123,1 1,123,1 12,0,2 1,123,1 1,123,1 1,123,1 1,123,1 1,123,1
ADDLINE 1,99,1 1,198,1 1,198,1 1,198,1 1,99,1 1,99,1 1,99,1 1,99,1 12,0,2
ADDLINE 0,0,0 0,0,0 10,0,2 12,0,2 0,0,0 1,228,1 0,0,0 1,228,1 0,0,0
ADDLINE 1,124,1 1,248,1 1,248,1 1,248,1 12,0,2 1,124,1 0,0,0 1,124,1 0,0,0
ADDLINE 0,0,0 1,134,1 12,0,2 1,134,1 0,0,0 1,134,1 0,0,0 1,134,1 0,0,0
ADDLINE 0,0,0 1,108,1 1,108,1 1,108,1 12,0,2 1,108,1 0,0,0 1,108,1 0,0,0
ADDLINE 0,0,0 1,118,1 1,118,1 1,118,1 0,0,0 1,118,1 0,0,0 1,118,1 12,0,2
ADDLINE 1,129,1 1,129,1 0,0,0 0,0,0 0,0,0 0,0,0 0,0,0 12,0,2 0,0,0
ADDLINE 1,140,1 1,140,1 12,0,2 1,140,1 1,140,1 1,140,1 1,140,1 0,0,0 1,140,1
ADDLINE 1,112,1 1,112,1 0,0,0 0,0,0 12,0,2 0,0,0 1,112,1 0,0,0 1,112,1
ADDLINE 1,246,1 1,246,1 1,246,1 1,246,1 1,246,1 1,246,1 12,0,2 8,0,2 1,246,1
ADDLINE 1,134,1 1,134,1 1,134,1 1,134,1 12,0,2 1,134,1 0,0,0 1,134,1 1,134,1
ADDLINE 1,146,1 1,146,1 1,146,1 1,146,1 12,0,2 1,146,1 0,0,0 0,0,0 1,146,1
ADDLINE 1,167,1 1,167,1 1,167,1 1,167,1 12,0,2 1,167,1 1,167,1 0,0,0 1,167,1
ADDLINE 1,169,1 1,169,1 1,169,1 0,0,0 12,0,2 1,169,1 1,169,1 0,0,0 0,0,0
ADDLINE 1,170,1 1,170,1 1,170,1 0,0,0 12,0,2 0,0,0 1,170,1 1,170,1 0,0,0
0,0,0 1,74,1 1,74,1 1,74,1 1,74,1 1,74,1 12,0,2 1,148,1 0,0,0
1,73,1 1,73,1 1,73,1 1,73,1 1,73,1 1,73,1 12,0,2 1,146,1 0,0,0
0,0,0 0,0,0 12,0,2 1,72,1 0,0,0 0,0,0 0,0,0 1,144,1 0,0,0
1,142,1 1,142,1 12,0,2 1,142,1 16,71,1 1,142,1 1,142,1 1,142,1 1,142,1
1,70,1 1,70,1 0,0,0 1,70,1 0,0,0 12,0,2 0,0,0 17,70,1 0,0,0
1,138,1 1,138,1 1,138,1 1,138,1 12,0,2 1,138,1 1,138,1 1,138,1 16,69,1
0,0,0 0,0,0 0,0,0 0,0,0 0,0,0 0,0,0 0,0,0 0,0,0 0,0,0
0,0,0 0,0,0 0,0,0 0,0,0 0,0,0 0,0,0 0,0,0 0,0,0 0,0,0
0,0,0 0,0,0 0,0,0 0,0,0 0,0,0 0,0,0 0,0,0 0,0,0 0,0,0