MODE 0
BALL 70
STARS 0/4600/6600
ADDLINE 0,0,0 1,166,1 1,166,1 1,166,1 12,0,2 1,166,1 19,83,1 1,166,1 1,166,1
ADDLINE 1,84,1 1,84,1 12,0,2 1,84,1 1,84,1 1,168,1 1,168,1 1,168,1 0,0,0
ADDLINE 0,0,0 0,0,0 0,0,0 0,0,0 12,0,2 1,170,1 20,85,1 1,170,1 0,0,0
ADDLINE 1,89,1 1,89,1 1,89,1 1,89,1 1,89,1 1,178,1 1,178,1 1,178,1 12,0,2
ADDLINE 0,0,0 0,0,0 0,0,0 1,95,1 0,0,0 0,0,0 12,0,2 0,0,0 0,0,0
ADDLINE 0,0,0 1,104,1 1,104,1 1,104,1 1,104,1 1,104,1 12,0,2 1,104,1 0,0,0
ADDLINE 0,0,0 1,113,1 1,113,1 1,113,1 1,113,1 1,113,1 0,0,0 1,113,1 12,0,2
ADDLINE 0,0,0 1,123,1 1,123,1 1,123,1 1,123,1 1,123,1 12,0,2 1,123,1 1,123,1
ADDLINE 0,0,0 0,0,0 1,99,1 0,0,0 1,99,1 1,99,1 1,99,1 12,0,2 0,0,0
ADDLINE 1,218,1 1,218,1 1,218,1 16,109,1 1,218,1 12,0,2 1,218,1 0,0,0 1,218,1
ADDLINE 1,119,1 1,119,1 1,119,1 1,119,1 1,119,1 12,0,2 1,119,1 1,119,1 0,0,0
ADDLINE 1,123,1 1,123,1 1,123,1 1,123,1 1,123,1 1,123,1 1,123,1 1,123,1 12,0,2
ADDLINE 1,103,1 1,103,1 1,103,1 0,0,0 0,0,0 0,0,0 12,0,2 0,0,0 0,0,0
ADDLINE 0,0,0 0,0,0 0,0,0 12,0,2 1,114,1 1,114,1 1,114,1 1,114,1 0,0,0
ADDLINE 0,0,0 1,124,1 1,124,1 1,124,1 1,124,1 1,124,1 1,124,1 1,124,1 12,0,2
ADDLINE 0,0,0 0,0,0 1,134,1 1,134,1 1,134,1 0,0,0 12,0,2 0,0,0 0,0,0
ADDLINE 1,108,1 12,0,2 1,108,1 1,108,1 1,108,1 0,0,0 1,108,1 1,108,1 1,108,1
ADDLINE 1,118,1 0,0,0 1,118,1 1,118,1 1,118,1 0,0,0 12,0,2 0,0,0 1,118,1
ADDLINE 1,129,1 1,129,1 1,129,1 1,129,1 1,129,1 12,0,2 1,129,1 0,0,0 1,129,1
ADDLINE 0,0,0 0,0,0 12,0,2 0,0,0 1,140,1 0,0,0 1,140,1 0,0,0 1,140,1
ADDLINE 1,112,1 12,0,2 1,112,1 1,112,1 1,112,1 0,0,0 1,112,1 1,224,1 1,224,1
ADDLINE 1,246,1 1,246,1 1,246,1 1,246,1 12,0,2 1,246,1 1,246,1 0,0,0 19,123,1
ADDLINE 1,128,1 1,128,1 1,128,1 12,0,2 1,128,1 1,128,1 1,128,1 1,256,1 1,256,1
ADDLINE 0,0,0 0,0,0 0,0,0 12,0,2 1,146,1 1,146,1 1,146,1 1,146,1 1,146,1
ADDLINE 1,159,1 1,318,1 1,318,1 12,0,2 1,159,1 1,159,1 1,159,1 1,159,1 1,159,1
ADDLINE 1,169,1 17,169,1 1,338,1 1,338,1 1,338,1 0,0,0 0,0,0 12,0,2 0,0,0
ADDLINE 1,340,1 1,340,1 1,340,1 1,340,1 19,170,1 1,340,1 1,340,1 1,340,1 12,0,2
0,0,0 1,148,1 1,74,1 1,74,1 0,0,0 12,0,2 1,148,1 1,148,1 1,74,1
1,146,1 12,0,2 0,0,0 1,146,1 1,146,1 1,146,1 19,73,1 1,146,1 1,146,1
0,0,0 1,144,1 12,0,2 1,144,1 16,72,1 1,144,1 1,144,1 1,144,1 1,144,1
0,0,0 17,71,1 12,0,2 0,0,0 0,0,0 0,0,0 0,0,0 1,71,1 1,71,1
12,0,2 1,134,1 1,134,1 1,67,1 1,67,1 1,134,1 1,134,1 1,134,1 1,67,1
0,0,0 1,138,1 1,69,1 0,0,0 12,0,2 1,138,1 20,69,1 1,138,1 1,69,1
0,0,0 0,0,0 0,0,0 0,0,0 0,0,0 0,0,0 0,0,0 0,0,0 0,0,0
0,0,0 0,0,0 0,0,0 0,0,0 0,0,0 0,0,0 0,0,0 0,0,0 0,0,0
0,0,0 0,0,0 0,0,0 0,0,0 0,0,0 0,0,0 0,0,0 0,0,0 0,0,0