MODE 0
BALL 70
STARS 0/4050/5750
ADDLINE 0,0,0 5,83,1 12,0,2 1,83,1 5,83,1 1,83,1 2,83,1 1,83,1 0,0,0
ADDLINE 0,0,0 1,84,1 12,0,2 1,84,1 1,84,1 1,84,1 4,84,1 1,84,1 1,84,1
ADDLINE 0,0,0 1,85,1 0,0,0 12,0,2 0,0,0 0,0,0 0,0,0 0,0,0 0,0,0
ADDLINE 0,0,0 1,94,1 3,94,1 1,94,1 1,94,1 1,94,1 1,94,1 1,94,1 12,0,2
ADDLINE 0,0,0 0,0,0 0,0,0 0,0,0 0,0,0 12,0,2 0,0,0 1,95,1 0,0,0
ADDLINE 1,99,1 4,99,1 1,99,1 4,99,1 1,99,1 2,99,1 1,99,1 1,99,1 12,0,2
ADDLINE 0,0,0 0,0,0 12,0,2 1,113,1 1,113,1 1,113,1 1,113,1 1,113,1 0,0,0
ADDLINE 1,117,1 1,117,1 5,117,1 1,117,1 3,117,1 1,117,1 4,117,1 3,117,1 12,0,2
ADDLINE 1,99,1 1,99,1 12,0,2 1,99,1 1,99,1 1,99,1 1,99,1 4,99,1 0,0,0
ADDLINE 0,0,0 12,0,2 5,109,1 1,109,1 0,0,0 2,109,1 1,109,1 1,109,1 1,109,1
ADDLINE 1,119,1 12,0,2 0,0,0 0,0,0 0,0,0 5,119,1 1,119,1 1,119,1 1,119,1
ADDLINE 1,129,1 1,129,1 12,0,2 4,129,1 1,129,1 1,129,1 1,129,1 0,0,0 1,129,1
ADDLINE 1,103,1 1,103,1 0,0,0 0,0,0 1,103,1 2,103,1 12,0,2 0,0,0 4,103,1
ADDLINE 5,114,1 1,114,1 0,0,0 12,0,2 1,114,1 5,114,1 0,0,0 0,0,0 0,0,0
ADDLINE 1,124,1 1,124,1 12,0,2 0,0,0 1,124,1 1,124,1 1,124,1 1,124,1 0,0,0
ADDLINE 3,134,1 1,134,1 1,134,1 0,0,0 0,0,0 12,0,2 1,134,1 5,134,1 0,0,0
ADDLINE 1,108,1 1,108,1 1,108,1 4,108,1 1,108,1 12,0,2 0,0,0 0,0,0 0,0,0
ADDLINE 1,118,1 1,118,1 1,118,1 5,118,1 1,118,1 1,118,1 0,0,0 12,0,2 0,0,0
ADDLINE 0,0,0 1,129,1 5,129,1 1,129,1 1,129,1 1,129,1 1,129,1 4,129,1 12,0,2
ADDLINE 0,0,0 12,0,2 0,0,0 1,140,1 1,140,1 1,140,1 1,140,1 1,140,1 0,0,0
ADDLINE 0,0,0 1,112,1 5,112,1 3,112,1 3,112,1 1,112,1 1,112,1 1,112,1 12,0,2
ADDLINE 0,0,0 1,123,1 12,0,2 1,123,1 0,0,0 0,0,0 0,0,0 4,123,1 0,0,0
ADDLINE 0,0,0 1,134,1 12,0,2 2,134,1 1,134,1 2,134,1 0,0,0 3,134,1 1,134,1
ADDLINE 0,0,0 1,146,1 0,0,0 1,146,1 1,146,1 1,146,1 0,0,0 1,146,1 12,0,2
ADDLINE 0,0,0 4,167,1 0,0,0 1,167,1 1,167,1 1,167,1 0,0,0 1,167,1 12,0,2
ADDLINE 0,0,0 1,169,1 0,0,0 3,169,1 5,169,1 1,169,1 0,0,0 0,0,0 12,0,2
ADDLINE 1,162,1 3,162,1 12,0,2 1,162,1 1,162,1 1,162,1 1,162,1 1,162,1 1,162,1
1,74,1 3,74,1 1,74,1 0,0,0 12,0,2 0,0,0 0,0,0 0,0,0 1,74,1
2,73,1 1,73,1 1,73,1 1,73,1 5,73,1 12,0,2 1,73,1 3,73,1 0,0,0
1,72,1 1,72,1 1,72,1 1,72,1 1,72,1 12,0,2 0,0,0 0,0,0 0,0,0
1,71,1 12,0,2 0,0,0 0,0,0 0,0,0 0,0,0 1,71,1 1,71,1 0,0,0
1,70,1 0,0,0 1,70,1 12,0,2 1,70,1 1,70,1 5,70,1 1,70,1 0,0,0
1,69,1 12,0,2 3,69,1 0,0,0 4,69,1 1,69,1 4,69,1 1,69,1 0,0,0
0,0,0 0,0,0 0,0,0 0,0,0 0,0,0 0,0,0 0,0,0 0,0,0 0,0,0
0,0,0 0,0,0 0,0,0 0,0,0 0,0,0 0,0,0 0,0,0 0,0,0 0,0,0
0,0,0 0,0,0 0,0,0 0,0,0 0,0,0 0,0,0 0,0,0 0,0,0 0,0,0