MODE 0
BALL 70
STARS 0/4500/6350
ADDLINE 1,83,1 0,0,0 1,83,1 0,0,0 0,0,0 0,0,0 1,83,1 12,0,2 0,0,0
ADDLINE 1,80,1 12,0,2 1,80,1 1,80,1 1,80,1 5,80,1 2,80,1 3,80,1 1,80,1
ADDLINE 0,0,0 0,0,0 1,85,1 0,0,0 0,0,0 0,0,0 1,85,1 12,0,2 0,0,0
ADDLINE 5,94,1 1,94,1 1,94,1 12,0,2 1,94,1 0,0,0 1,94,1 0,0,0 4,94,1
ADDLINE 1,95,1 0,0,0 0,0,0 12,0,2 1,95,1 0,0,0 1,95,1 0,0,0 1,95,1
ADDLINE 1,104,1 12,0,2 1,104,1 5,104,1 1,104,1 0,0,0 1,104,1 0,0,0 2,104,1
ADDLINE 0,0,0 0,0,0 1,113,1 0,0,0 0,0,0 12,0,2 1,113,1 0,0,0 0,0,0
ADDLINE 1,117,1 1,117,1 1,117,1 12,0,2 1,117,1 5,117,1 3,117,1 1,117,1 2,117,1
ADDLINE 0,0,0 12,0,2 1,99,1 0,0,0 1,99,1 0,0,0 0,0,0 0,0,0 1,99,1
ADDLINE 1,109,1 3,109,1 1,109,1 1,109,1 1,109,1 0,0,0 1,109,1 12,0,2 0,0,0
ADDLINE 1,119,1 1,119,1 1,119,1 5,119,1 4,119,1 12,0,2 1,119,1 0,0,0 1,238,1
ADDLINE 0,0,0 0,0,0 12,0,2 0,0,0 0,0,0 0,0,0 1,258,1 0,0,0 10,0,2
ADDLINE 1,99,1 12,0,2 1,99,1 1,99,1 5,99,1 1,99,1 1,99,1 1,198,1 1,198,1
ADDLINE 0,0,0 0,0,0 1,114,1 12,0,2 3,114,1 1,114,1 1,114,1 1,114,1 2,114,1
ADDLINE 1,118,1 1,118,1 1,118,1 12,0,2 1,118,1 1,236,1 1,236,1 1,236,1 2,118,1
ADDLINE 0,0,0 12,0,2 0,0,0 0,0,0 1,268,1 0,0,0 10,0,2 0,0,0 1,268,1
ADDLINE 1,103,1 1,103,1 5,103,1 12,0,2 1,103,1 1,206,1 1,206,1 1,206,1 1,103,1
ADDLINE 1,118,1 2,118,1 1,118,1 12,0,2 0,0,0 0,0,0 0,0,0 0,0,0 1,118,1
ADDLINE 1,129,1 1,129,1 1,129,1 0,0,0 12,0,2 0,0,0 3,129,1 0,0,0 1,129,1
ADDLINE 4,140,1 1,140,1 1,140,1 0,0,0 1,140,1 12,0,2 11,0,2 0,0,0 1,140,1
ADDLINE 5,112,1 1,224,1 12,0,2 1,224,1 1,112,1 0,0,0 1,224,1 1,224,1 1,112,1
ADDLINE 1,246,1 1,246,1 10,0,2 12,0,2 1,246,1 0,0,0 1,246,1 1,246,1 1,246,1
ADDLINE 4,134,1 1,268,1 1,268,1 1,268,1 0,0,0 0,0,0 0,0,0 12,0,2 0,0,0
ADDLINE 1,146,1 5,146,1 1,146,1 0,0,0 1,146,1 1,146,1 0,0,0 12,0,2 0,0,0
ADDLINE 1,167,1 5,167,1 1,167,1 12,0,2 1,167,1 1,167,1 0,0,0 1,167,1 1,167,1
ADDLINE 1,169,1 1,169,1 1,169,1 0,0,0 1,169,1 12,0,2 0,0,0 3,169,1 4,169,1
ADDLINE 1,170,1 1,170,1 0,0,0 0,0,0 12,0,2 0,0,0 5,170,1 1,170,1 1,170,1
1,70,1 1,70,1 3,70,1 1,140,1 1,140,1 1,140,1 2,70,1 12,0,2 3,70,1
1,73,1 0,0,0 0,0,0 0,0,0 11,0,2 0,0,0 12,0,2 0,0,0 1,73,1
1,69,1 12,0,2 1,138,1 1,69,1 1,69,1 1,69,1 5,69,1 1,69,1 1,69,1
1,71,1 11,0,2 1,142,1 0,0,0 0,0,0 12,0,2 0,0,0 0,0,0 0,0,0
1,67,1 1,67,1 1,67,1 12,0,2 1,67,1 1,67,1 1,67,1 1,67,1 1,67,1
1,69,1 4,69,1 3,69,1 12,0,2 1,69,1 4,69,1 1,69,1 0,0,0 2,69,1
0,0,0 0,0,0 0,0,0 0,0,0 0,0,0 0,0,0 0,0,0 0,0,0 0,0,0
0,0,0 0,0,0 0,0,0 0,0,0 0,0,0 0,0,0 0,0,0 0,0,0 0,0,0
0,0,0 0,0,0 0,0,0 0,0,0 0,0,0 0,0,0 0,0,0 0,0,0 0,0,0