MODE 0
BALL 50
STARS 0/1200/1700
ADDLINE 0,0,0 1,94,1 12,0,2 5,47,1 0,0,0 1,47,1 0,0,0 0,0,0 0,0,0
ADDLINE 0,0,0 1,94,1 12,0,2 1,47,1 1,47,1 0,0,0 0,0,0 1,47,1 1,94,1
ADDLINE 0,0,0 3,75,1 12,0,2 1,150,1 8,0,2 0,0,0 1,150,1 1,150,1 1,150,1
4,46,1 0,0,0 12,0,2 0,0,0 1,92,1 1,92,1 1,92,1 0,0,0 10,0,2
0,0,0 1,90,1 1,45,1 0,0,0 1,45,1 0,0,0 1,45,1 1,45,1 12,0,2
0,0,0 10,0,2 1,88,1 1,88,1 12,0,2 1,88,1 1,88,1 1,88,1 0,0,0
1,43,1 0,0,0 12,0,2 1,43,1 0,0,0 3,43,1 1,43,1 1,43,1 15,0,2
1,43,1 0,0,0 1,43,1 14,0,2 1,43,1 0,0,0 12,0,2 0,0,0 3,43,1
1,42,1 0,0,0 1,42,1 12,0,2 4,42,1 0,0,0 1,42,1 0,0,0 0,0,0
0,0,0 0,0,0 0,0,0 0,0,0 0,0,0 0,0,0 0,0,0 0,0,0 0,0,0
0,0,0 0,0,0 0,0,0 0,0,0 0,0,0 0,0,0 0,0,0 0,0,0 0,0,0
0,0,0 0,0,0 0,0,0 0,0,0 0,0,0 0,0,0 0,0,0 0,0,0 0,0,0