MODE 0
BALL 70
STARS 0/4600/6300
ADDLINE 1,83,1 20,83,1 1,166,1 1,83,1 1,83,1 12,0,2 1,83,1 0,0,0 1,83,1
ADDLINE 1,168,1 1,168,1 1,168,1 1,168,1 1,168,1 12,0,2 16,84,1 0,0,0 1,168,1
ADDLINE 1,85,1 12,0,2 17,85,1 1,170,1 1,85,1 0,0,0 1,170,1 11,0,2 1,85,1
ADDLINE 0,0,0 0,0,0 1,188,1 1,188,1 0,0,0 0,0,0 1,188,1 12,0,2 1,94,1
ADDLINE 1,190,1 1,190,1 1,190,1 1,190,1 16,95,1 1,190,1 1,190,1 12,0,2 1,190,1
ADDLINE 1,104,1 0,0,0 0,0,0 12,0,2 0,0,0 0,0,0 1,104,1 0,0,0 0,0,0
ADDLINE 1,113,1 1,113,1 1,113,1 12,0,2 1,113,1 0,0,0 1,113,1 0,0,0 1,113,1
ADDLINE 0,0,0 12,0,2 1,246,1 0,0,0 1,246,1 0,0,0 1,246,1 8,0,2 1,246,1
ADDLINE 1,99,1 0,0,0 1,198,1 1,99,1 1,99,1 12,0,2 1,99,1 0,0,0 1,198,1
ADDLINE 0,0,0 10,0,2 0,0,0 0,0,0 12,0,2 0,0,0 0,0,0 1,218,1 7,0,2
ADDLINE 1,113,1 1,226,1 12,0,2 1,113,1 1,113,1 1,113,1 1,113,1 1,226,1 1,226,1
ADDLINE 1,129,1 20,129,1 1,258,1 0,0,0 12,0,2 0,0,0 0,0,0 1,129,1 1,129,1
ADDLINE 1,103,1 20,103,1 12,0,2 1,103,1 1,103,1 1,103,1 1,103,1 1,103,1 1,103,1
ADDLINE 0,0,0 0,0,0 1,228,1 1,114,1 0,0,0 0,0,0 12,0,2 1,114,1 1,114,1
ADDLINE 1,124,1 1,248,1 12,0,2 1,124,1 1,124,1 1,124,1 0,0,0 1,124,1 1,124,1
ADDLINE 0,0,0 7,0,2 12,0,2 1,134,1 1,134,1 1,134,1 0,0,0 0,0,0 0,0,0
ADDLINE 1,216,1 1,216,1 1,216,1 1,216,1 1,216,1 1,216,1 12,0,2 1,216,1 8,0,2
ADDLINE 1,118,1 1,118,1 12,0,2 1,118,1 1,118,1 1,236,1 0,0,0 1,236,1 0,0,0
ADDLINE 1,129,1 1,129,1 12,0,2 1,129,1 1,258,1 1,258,1 17,129,1 1,258,1 1,129,1
ADDLINE 1,140,1 1,140,1 12,0,2 0,0,0 1,280,1 20,140,1 1,280,1 1,280,1 0,0,0
ADDLINE 1,224,1 1,224,1 12,0,2 0,0,0 1,224,1 1,224,1 1,224,1 10,0,2 0,0,0
ADDLINE 1,123,1 1,123,1 0,0,0 1,123,1 1,123,1 1,123,1 1,246,1 12,0,2 0,0,0
ADDLINE 1,268,1 16,134,1 1,268,1 12,0,2 1,268,1 1,268,1 1,268,1 1,268,1 0,0,0
ADDLINE 1,146,1 1,292,1 1,292,1 1,292,1 0,0,0 0,0,0 12,0,2 0,0,0 1,146,1
ADDLINE 1,167,1 1,334,1 7,0,2 1,334,1 0,0,0 1,167,1 1,167,1 12,0,2 0,0,0
ADDLINE 1,338,1 1,338,1 1,338,1 1,338,1 0,0,0 12,0,2 0,0,0 1,169,1 0,0,0
ADDLINE 17,170,1 1,340,1 1,170,1 1,170,1 1,170,1 1,170,1 12,0,2 0,0,0 0,0,0
1,74,1 1,148,1 0,0,0 12,0,2 1,74,1 0,0,0 0,0,0 0,0,0 1,148,1
1,70,1 1,70,1 1,70,1 1,70,1 1,70,1 1,70,1 1,140,1 12,0,2 1,140,1
1,72,1 12,0,2 1,72,1 1,72,1 1,72,1 1,72,1 1,144,1 11,0,2 1,144,1
1,71,1 12,0,2 1,71,1 1,71,1 1,71,1 1,71,1 1,71,1 0,0,0 1,142,1
1,140,1 0,0,0 0,0,0 12,0,2 0,0,0 0,0,0 0,0,0 0,0,0 19,70,1
1,66,1 12,0,2 1,66,1 1,66,1 1,66,1 1,66,1 1,66,1 1,132,1 1,132,1
0,0,0 0,0,0 0,0,0 0,0,0 0,0,0 0,0,0 0,0,0 0,0,0 0,0,0
0,0,0 0,0,0 0,0,0 0,0,0 0,0,0 0,0,0 0,0,0 0,0,0 0,0,0
0,0,0 0,0,0 0,0,0 0,0,0 0,0,0 0,0,0 0,0,0 0,0,0 0,0,0