MODE 0
BALL 70
STARS 0/4500/6300
ADDLINE 1,83,1 1,83,1 1,83,1 1,83,1 0,0,0 1,83,1 12,0,2 1,83,1 0,0,0
ADDLINE 0,0,0 0,0,0 0,0,0 0,0,0 12,0,2 0,0,0 0,0,0 1,84,1 0,0,0
ADDLINE 1,81,1 1,81,1 1,81,1 1,81,1 1,81,1 1,81,1 1,81,1 1,81,1 12,0,2
ADDLINE 0,0,0 1,94,1 0,0,0 1,94,1 12,0,2 0,0,0 0,0,0 0,0,0 0,0,0
ADDLINE 0,0,0 1,95,1 0,0,0 1,95,1 1,95,1 1,95,1 1,95,1 1,95,1 12,0,2
ADDLINE 0,0,0 1,104,1 12,0,2 1,104,1 1,104,1 1,104,1 1,104,1 1,104,1 0,0,0
ADDLINE 0,0,0 1,113,1 12,0,2 1,113,1 1,113,1 1,113,1 1,113,1 1,113,1 0,0,0
ADDLINE 0,0,0 1,123,1 12,0,2 1,123,1 1,123,1 1,123,1 1,123,1 1,123,1 0,0,0
ADDLINE 0,0,0 1,99,1 0,0,0 1,99,1 1,99,1 1,99,1 1,99,1 1,99,1 12,0,2
ADDLINE 0,0,0 0,0,0 0,0,0 12,0,2 1,109,1 1,109,1 1,109,1 1,109,1 1,109,1
ADDLINE 1,119,1 1,119,1 0,0,0 1,119,1 0,0,0 12,0,2 0,0,0 1,119,1 1,119,1
ADDLINE 1,129,1 1,129,1 12,0,2 0,0,0 1,129,1 1,129,1 1,129,1 0,0,0 1,129,1
ADDLINE 1,99,1 1,99,1 1,99,1 1,99,1 1,99,1 1,99,1 1,99,1 12,0,2 1,99,1
ADDLINE 1,114,1 1,114,1 0,0,0 0,0,0 12,0,2 0,0,0 0,0,0 1,114,1 1,114,1
ADDLINE 1,124,1 1,124,1 12,0,2 1,124,1 1,124,1 0,0,0 1,124,1 1,124,1 1,124,1
ADDLINE 1,134,1 12,0,2 1,134,1 1,134,1 0,0,0 0,0,0 1,134,1 1,134,1 1,134,1
ADDLINE 1,108,1 12,0,2 0,0,0 0,0,0 0,0,0 1,108,1 1,108,1 1,108,1 1,108,1
ADDLINE 1,118,1 1,118,1 12,0,2 0,0,0 0,0,0 0,0,0 0,0,0 0,0,0 0,0,0
ADDLINE 0,0,0 0,0,0 1,129,1 0,0,0 1,129,1 0,0,0 0,0,0 12,0,2 0,0,0
ADDLINE 1,133,1 1,133,1 1,133,1 12,0,2 1,133,1 1,133,1 1,133,1 1,133,1 1,133,1
ADDLINE 1,112,1 1,112,1 1,112,1 0,0,0 0,0,0 0,0,0 12,0,2 0,0,0 1,112,1
ADDLINE 1,117,1 1,117,1 1,117,1 1,117,1 1,117,1 1,117,1 1,117,1 12,0,2 1,117,1
ADDLINE 0,0,0 12,0,2 0,0,0 0,0,0 1,134,1 1,134,1 1,134,1 0,0,0 1,134,1
ADDLINE 1,146,1 1,146,1 1,146,1 12,0,2 1,146,1 1,146,1 1,146,1 0,0,0 1,146,1
ADDLINE 0,0,0 0,0,0 1,167,1 0,0,0 1,167,1 1,167,1 1,167,1 12,0,2 1,167,1
ADDLINE 1,169,1 1,169,1 1,169,1 12,0,2 1,169,1 1,169,1 1,169,1 0,0,0 1,169,1
ADDLINE 1,170,1 1,170,1 1,170,1 0,0,0 12,0,2 0,0,0 0,0,0 0,0,0 1,170,1
1,74,1 1,74,1 1,74,1 1,74,1 12,0,2 0,0,0 0,0,0 0,0,0 1,74,1
0,0,0 1,73,1 1,73,1 1,73,1 12,0,2 1,73,1 1,73,1 1,73,1 1,73,1
0,0,0 1,72,1 1,72,1 1,72,1 12,0,2 1,72,1 1,72,1 1,72,1 1,72,1
0,0,0 12,0,2 1,71,1 1,71,1 0,0,0 1,71,1 1,71,1 1,71,1 1,71,1
1,70,1 12,0,2 1,70,1 1,70,1 0,0,0 1,70,1 1,70,1 1,70,1 1,70,1
0,0,0 12,0,2 1,69,1 1,69,1 0,0,0 0,0,0 0,0,0 0,0,0 1,69,1
0,0,0 0,0,0 0,0,0 0,0,0 0,0,0 0,0,0 0,0,0 0,0,0 0,0,0
0,0,0 0,0,0 0,0,0 0,0,0 0,0,0 0,0,0 0,0,0 0,0,0 0,0,0
0,0,0 0,0,0 0,0,0 0,0,0 0,0,0 0,0,0 0,0,0 0,0,0 0,0,0