MODE 0
BALL 70
STARS 0/4200/5900
ADDLINE 0,0,0 12,0,2 0,0,0 0,0,0 1,166,1 1,166,1 1,166,1 0,0,0 3,83,1
ADDLINE 1,84,1 1,84,1 4,84,1 12,0,2 1,168,1 7,0,2 1,168,1 0,0,0 1,84,1
ADDLINE 1,85,1 1,85,1 1,85,1 0,0,0 1,170,1 0,0,0 12,0,2 0,0,0 0,0,0
ADDLINE 1,89,1 2,89,1 1,89,1 12,0,2 1,89,1 1,89,1 3,89,1 1,89,1 1,89,1
ADDLINE 1,95,1 1,95,1 5,95,1 0,0,0 1,95,1 0,0,0 12,0,2 0,0,0 0,0,0
ADDLINE 1,99,1 1,99,1 3,99,1 12,0,2 1,99,1 1,99,1 2,99,1 1,99,1 1,99,1
ADDLINE 0,0,0 0,0,0 1,226,1 0,0,0 1,113,1 0,0,0 1,113,1 12,0,2 0,0,0
ADDLINE 1,123,1 12,0,2 7,0,2 1,246,1 1,246,1 0,0,0 1,123,1 5,123,1 1,123,1
ADDLINE 1,99,1 0,0,0 1,198,1 12,0,2 7,0,2 0,0,0 1,99,1 1,99,1 2,99,1
ADDLINE 0,0,0 0,0,0 12,0,2 0,0,0 0,0,0 0,0,0 4,109,1 1,109,1 4,109,1
ADDLINE 0,0,0 12,0,2 0,0,0 5,119,1 1,119,1 0,0,0 1,119,1 1,119,1 1,119,1
ADDLINE 1,129,1 1,129,1 1,129,1 12,0,2 11,0,2 1,258,1 2,129,1 1,129,1 1,129,1
ADDLINE 0,0,0 4,103,1 1,103,1 1,206,1 1,206,1 12,0,2 0,0,0 0,0,0 0,0,0
ADDLINE 0,0,0 1,114,1 0,0,0 12,0,2 0,0,0 0,0,0 1,114,1 1,114,1 1,114,1
ADDLINE 11,0,2 1,248,1 12,0,2 5,124,1 1,124,1 2,124,1 1,124,1 1,124,1 1,124,1
ADDLINE 0,0,0 1,268,1 12,0,2 4,134,1 1,134,1 1,134,1 1,134,1 1,134,1 1,134,1
ADDLINE 8,0,2 1,216,1 12,0,2 1,216,1 1,216,1 1,216,1 1,216,1 1,216,1 1,216,1
ADDLINE 0,0,0 0,0,0 12,0,2 0,0,0 0,0,0 1,118,1 1,118,1 1,118,1 3,118,1
ADDLINE 1,129,1 1,129,1 1,129,1 1,129,1 1,129,1 12,0,2 1,258,1 11,0,2 2,129,1
ADDLINE 1,140,1 3,140,1 1,140,1 1,140,1 1,140,1 12,0,2 1,280,1 0,0,0 4,140,1
ADDLINE 0,0,0 0,0,0 0,0,0 0,0,0 0,0,0 0,0,0 1,112,1 12,0,2 0,0,0
ADDLINE 1,117,1 12,0,2 1,117,1 4,117,1 1,117,1 1,117,1 1,117,1 1,117,1 1,117,1
ADDLINE 5,134,1 12,0,2 1,134,1 2,134,1 1,268,1 0,0,0 0,0,0 0,0,0 1,134,1
ADDLINE 1,292,1 12,0,2 1,292,1 1,292,1 1,292,1 10,0,2 1,292,1 1,292,1 1,292,1
ADDLINE 1,167,1 12,0,2 2,167,1 0,0,0 0,0,0 0,0,0 1,334,1 1,167,1 1,167,1
ADDLINE 1,169,1 12,0,2 1,169,1 1,169,1 1,169,1 0,0,0 4,169,1 1,169,1 3,169,1
ADDLINE 0,0,0 0,0,0 0,0,0 0,0,0 0,0,0 12,0,2 4,170,1 1,170,1 1,170,1
1,74,1 1,74,1 0,0,0 12,0,2 1,74,1 1,74,1 0,0,0 0,0,0 5,74,1
1,73,1 1,73,1 12,0,2 0,0,0 1,73,1 4,73,1 0,0,0 0,0,0 1,73,1
1,144,1 1,144,1 16,72,1 1,144,1 1,144,1 12,0,2 0,0,0 1,144,1 1,144,1
1,71,1 1,71,1 0,0,0 0,0,0 12,0,2 11,0,2 0,0,0 4,71,1 3,71,1
1,70,1 1,70,1 1,70,1 0,0,0 1,70,1 1,70,1 0,0,0 12,0,2 0,0,0
1,69,1 1,69,1 2,69,1 12,0,2 1,69,1 1,69,1 1,69,1 4,69,1 0,0,0
0,0,0 0,0,0 0,0,0 0,0,0 0,0,0 0,0,0 0,0,0 0,0,0 0,0,0
0,0,0 0,0,0 0,0,0 0,0,0 0,0,0 0,0,0 0,0,0 0,0,0 0,0,0
0,0,0 0,0,0 0,0,0 0,0,0 0,0,0 0,0,0 0,0,0 0,0,0 0,0,0