MODE 0
BALL 70
STARS 0/4200/6000
ADDLINE 0,0,0 1,83,1 12,0,2 1,83,1 2,83,1 1,83,1 0,0,0 1,83,1 0,0,0
ADDLINE 3,84,1 1,84,1 12,0,2 1,84,1 1,84,1 1,84,1 0,0,0 3,84,1 4,84,1
ADDLINE 0,0,0 1,85,1 0,0,0 0,0,0 0,0,0 0,0,0 0,0,0 1,85,1 12,0,2
ADDLINE 0,0,0 1,94,1 12,0,2 2,94,1 5,94,1 1,94,1 0,0,0 1,94,1 0,0,0
ADDLINE 0,0,0 3,95,1 0,0,0 1,95,1 1,95,1 1,95,1 0,0,0 1,95,1 12,0,2
ADDLINE 2,104,1 1,104,1 12,0,2 1,104,1 1,104,1 1,104,1 1,104,1 1,104,1 0,0,0
ADDLINE 4,113,1 1,113,1 0,0,0 1,113,1 3,113,1 1,113,1 12,0,2 2,113,1 0,0,0
ADDLINE 4,123,1 1,123,1 1,123,1 1,123,1 1,123,1 1,123,1 12,0,2 1,123,1 0,0,0
ADDLINE 1,99,1 1,99,1 0,0,0 0,0,0 0,0,0 0,0,0 12,0,2 1,99,1 0,0,0
ADDLINE 0,0,0 12,0,2 0,0,0 1,109,1 1,109,1 1,109,1 4,109,1 1,109,1 1,109,1
ADDLINE 0,0,0 1,119,1 12,0,2 2,119,1 1,119,1 1,119,1 2,119,1 5,119,1 1,119,1
ADDLINE 0,0,0 1,129,1 12,0,2 1,129,1 1,129,1 1,129,1 4,129,1 1,129,1 1,129,1
ADDLINE 1,103,1 0,0,0 12,0,2 0,0,0 4,103,1 3,103,1 1,103,1 1,103,1 1,103,1
ADDLINE 0,0,0 0,0,0 1,114,1 0,0,0 0,0,0 0,0,0 12,0,2 0,0,0 0,0,0
ADDLINE 0,0,0 0,0,0 0,0,0 12,0,2 0,0,0 0,0,0 1,124,1 1,124,1 1,124,1
ADDLINE 3,134,1 1,134,1 1,134,1 1,134,1 1,134,1 0,0,0 0,0,0 12,0,2 0,0,0
ADDLINE 1,108,1 2,108,1 1,108,1 1,108,1 1,108,1 0,0,0 1,108,1 12,0,2 0,0,0
ADDLINE 1,118,1 4,118,1 4,118,1 1,118,1 0,0,0 12,0,2 0,0,0 1,118,1 1,118,1
ADDLINE 1,129,1 1,129,1 1,129,1 12,0,2 1,129,1 0,0,0 1,129,1 3,129,1 5,129,1
ADDLINE 4,140,1 0,0,0 1,140,1 0,0,0 1,140,1 0,0,0 0,0,0 12,0,2 0,0,0
ADDLINE 1,112,1 12,0,2 1,112,1 5,112,1 1,112,1 0,0,0 1,112,1 1,112,1 1,112,1
ADDLINE 1,123,1 12,0,2 0,0,0 0,0,0 0,0,0 0,0,0 5,123,1 1,123,1 1,123,1
ADDLINE 1,128,1 1,128,1 12,0,2 4,128,1 1,128,1 1,128,1 1,128,1 3,128,1 1,128,1
ADDLINE 0,0,0 0,0,0 0,0,0 0,0,0 12,0,2 1,146,1 0,0,0 0,0,0 0,0,0
ADDLINE 1,167,1 12,0,2 1,167,1 0,0,0 1,167,1 1,167,1 1,167,1 1,167,1 1,167,1
ADDLINE 1,169,1 12,0,2 1,169,1 0,0,0 1,169,1 1,169,1 1,169,1 1,169,1 1,169,1
ADDLINE 2,170,1 12,0,2 5,170,1 0,0,0 2,170,1 1,170,1 5,170,1 1,170,1 4,170,1
1,74,1 0,0,0 12,0,2 1,74,1 1,74,1 1,74,1 0,0,0 1,74,1 1,74,1
1,73,1 12,0,2 1,73,1 0,0,0 2,73,1 1,73,1 2,73,1 1,73,1 1,73,1
1,72,1 0,0,0 12,0,2 0,0,0 0,0,0 0,0,0 1,72,1 3,72,1 4,72,1
1,71,1 1,71,1 12,0,2 1,71,1 1,71,1 0,0,0 0,0,0 0,0,0 5,71,1
1,70,1 4,70,1 12,0,2 0,0,0 1,70,1 1,70,1 1,70,1 0,0,0 1,70,1
1,69,1 1,69,1 0,0,0 12,0,2 5,69,1 2,69,1 0,0,0 0,0,0 1,69,1
0,0,0 0,0,0 0,0,0 0,0,0 0,0,0 0,0,0 0,0,0 0,0,0 0,0,0
0,0,0 0,0,0 0,0,0 0,0,0 0,0,0 0,0,0 0,0,0 0,0,0 0,0,0
0,0,0 0,0,0 0,0,0 0,0,0 0,0,0 0,0,0 0,0,0 0,0,0 0,0,0