MODE 0
BALL 70
STARS 0/5500/7800
ADDLINE 1,79,1 12,0,2 1,79,1 1,79,1 1,79,1 1,79,1 1,79,1 2,79,1 3,79,1
ADDLINE 1,84,1 0,0,0 1,84,1 0,0,0 12,0,2 0,0,0 0,0,0 0,0,0 1,84,1
ADDLINE 5,85,1 1,85,1 1,85,1 12,0,2 1,85,1 2,85,1 1,85,1 0,0,0 1,85,1
ADDLINE 0,0,0 0,0,0 1,94,1 12,0,2 4,94,1 0,0,0 0,0,0 0,0,0 5,94,1
ADDLINE 1,95,1 0,0,0 1,95,1 12,0,2 1,95,1 0,0,0 1,95,1 2,95,1 1,95,1
ADDLINE 1,104,1 0,0,0 0,0,0 12,0,2 1,104,1 0,0,0 1,104,1 0,0,0 0,0,0
ADDLINE 1,113,1 3,113,1 4,113,1 3,113,1 1,113,1 12,0,2 5,113,1 0,0,0 1,113,1
ADDLINE 0,0,0 12,0,2 16,123,1 1,246,1 1,246,1 1,246,1 1,246,1 1,246,1 1,246,1
ADDLINE 1,99,1 12,0,2 1,99,1 0,0,0 1,99,1 1,99,1 1,99,1 1,99,1 1,99,1
ADDLINE 1,109,1 1,109,1 1,109,1 12,0,2 1,109,1 1,109,1 1,109,1 0,0,0 1,109,1
ADDLINE 1,113,1 1,226,1 1,226,1 5,113,1 1,113,1 3,113,1 4,113,1 12,0,2 1,113,1
ADDLINE 1,258,1 19,129,1 1,258,1 1,258,1 1,258,1 1,258,1 12,0,2 0,0,0 1,258,1
ADDLINE 1,206,1 1,206,1 1,206,1 1,206,1 16,103,1 1,206,1 1,206,1 12,0,2 1,206,1
ADDLINE 0,0,0 0,0,0 0,0,0 1,228,1 1,228,1 1,228,1 0,0,0 12,0,2 0,0,0
ADDLINE 1,248,1 1,248,1 1,248,1 12,0,2 19,124,1 1,248,1 1,248,1 0,0,0 1,248,1
ADDLINE 0,0,0 12,0,2 4,134,1 0,0,0 1,268,1 1,268,1 1,134,1 0,0,0 1,134,1
ADDLINE 1,108,1 12,0,2 5,108,1 0,0,0 1,216,1 1,216,1 1,216,1 0,0,0 1,108,1
ADDLINE 1,118,1 0,0,0 1,118,1 12,0,2 1,236,1 20,118,1 1,236,1 0,0,0 1,118,1
ADDLINE 1,129,1 4,129,1 1,129,1 1,129,1 1,258,1 1,258,1 12,0,2 1,129,1 0,0,0
ADDLINE 1,140,1 1,140,1 2,140,1 1,280,1 1,280,1 1,280,1 12,0,2 1,140,1 0,0,0
ADDLINE 1,224,1 1,224,1 1,224,1 1,224,1 19,112,1 1,224,1 12,0,2 1,224,1 0,0,0
ADDLINE 1,246,1 16,123,1 1,246,1 1,246,1 1,246,1 12,0,2 1,246,1 1,246,1 0,0,0
ADDLINE 1,134,1 1,134,1 1,134,1 12,0,2 1,134,1 0,0,0 1,134,1 3,134,1 5,134,1
ADDLINE 1,146,1 1,146,1 12,0,2 0,0,0 1,146,1 0,0,0 0,0,0 0,0,0 0,0,0
ADDLINE 1,334,1 12,0,2 1,334,1 16,167,1 1,334,1 1,334,1 1,334,1 1,334,1 0,0,0
ADDLINE 5,169,1 0,0,0 2,169,1 12,0,2 0,0,0 1,169,1 1,169,1 1,338,1 1,338,1
ADDLINE 0,0,0 0,0,0 12,0,2 0,0,0 1,170,1 1,170,1 1,170,1 1,340,1 20,170,1
0,0,0 0,0,0 0,0,0 12,0,2 0,0,0 1,74,1 0,0,0 1,148,1 1,74,1
5,70,1 4,70,1 1,70,1 1,70,1 1,70,1 1,70,1 12,0,2 1,140,1 1,70,1
0,0,0 0,0,0 0,0,0 2,72,1 0,0,0 0,0,0 0,0,0 0,0,0 12,0,2
5,71,1 1,71,1 12,0,2 1,71,1 0,0,0 2,71,1 1,142,1 1,142,1 1,71,1
0,0,0 1,140,1 1,140,1 1,140,1 12,0,2 1,140,1 1,140,1 19,70,1 1,140,1
1,66,1 3,66,1 1,66,1 1,66,1 12,0,2 1,66,1 1,132,1 1,132,1 1,66,1
0,0,0 0,0,0 0,0,0 0,0,0 0,0,0 0,0,0 0,0,0 0,0,0 0,0,0
0,0,0 0,0,0 0,0,0 0,0,0 0,0,0 0,0,0 0,0,0 0,0,0 0,0,0
0,0,0 0,0,0 0,0,0 0,0,0 0,0,0 0,0,0 0,0,0 0,0,0 0,0,0