MODE 0
BALL 50
STARS 0/1400/2200
ADDLINE 0,0,0 0,0,0 1,46,1 1,46,1 0,0,0 12,0,2 0,0,0 0,0,0 0,0,0
ADDLINE 1,44,1 1,44,1 12,0,2 1,44,1 1,44,1 5,44,1 2,44,1 1,44,1 0,0,0
ADDLINE 0,0,0 1,74,1 0,0,0 1,74,1 1,74,1 1,74,1 12,0,2 1,74,1 0,0,0
1,45,1 4,45,1 3,45,1 1,45,1 4,45,1 12,0,2 1,45,1 0,0,0 0,0,0
1,44,1 0,0,0 4,44,1 0,0,0 15,0,2 3,44,1 1,44,1 1,44,1 12,0,2
1,41,1 0,0,0 3,41,1 0,0,0 1,41,1 1,41,1 1,41,1 1,41,1 1,41,1
0,0,0 0,0,0 1,43,1 0,0,0 12,0,2 1,43,1 1,43,1 0,0,0 0,0,0
0,0,0 1,43,1 1,43,1 2,43,1 0,0,0 12,0,2 1,43,1 1,43,1 0,0,0
0,0,0 1,42,1 1,42,1 4,42,1 14,0,2 1,42,1 1,42,1 12,0,2 1,42,1
0,0,0 0,0,0 0,0,0 0,0,0 0,0,0 0,0,0 0,0,0 0,0,0 0,0,0
0,0,0 0,0,0 0,0,0 0,0,0 0,0,0 0,0,0 0,0,0 0,0,0 0,0,0
0,0,0 0,0,0 0,0,0 0,0,0 0,0,0 0,0,0 0,0,0 0,0,0 0,0,0