MODE 0
BALL 70
STARS 0/4600/6400
ADDLINE 0,0,0 1,84,1 1,84,1 1,84,1 0,0,0 1,84,1 0,0,0 1,84,1 12,0,2
ADDLINE 0,0,0 1,85,1 1,85,1 1,85,1 0,0,0 1,85,1 0,0,0 1,85,1 12,0,2
ADDLINE 0,0,0 1,86,1 1,86,1 1,86,1 1,86,1 1,86,1 1,86,1 1,86,1 12,0,2
ADDLINE 0,0,0 0,0,0 0,0,0 1,95,1 12,0,2 0,0,0 0,0,0 0,0,0 0,0,0
ADDLINE 1,91,1 1,91,1 1,91,1 1,91,1 1,91,1 1,91,1 1,91,1 1,91,1 12,0,2
ADDLINE 0,0,0 12,0,2 0,0,0 8,0,2 0,0,0 1,210,1 1,210,1 1,210,1 0,0,0
ADDLINE 1,109,1 1,109,1 1,109,1 1,109,1 1,109,1 1,109,1 1,109,1 1,109,1 12,0,2
ADDLINE 11,0,2 1,248,1 1,124,1 1,124,1 12,0,2 1,248,1 1,248,1 1,248,1 0,0,0
ADDLINE 0,0,0 1,200,1 1,100,1 1,100,1 12,0,2 1,200,1 7,0,2 1,200,1 1,100,1
ADDLINE 1,110,1 1,110,1 12,0,2 1,110,1 1,110,1 1,220,1 1,220,1 1,220,1 0,0,0
ADDLINE 1,120,1 1,120,1 12,0,2 1,120,1 1,120,1 1,120,1 1,120,1 1,120,1 0,0,0
ADDLINE 1,260,1 1,260,1 12,0,2 1,130,1 1,130,1 1,130,1 1,130,1 1,130,1 0,0,0
ADDLINE 10,0,2 0,0,0 0,0,0 1,208,1 1,208,1 1,208,1 1,208,1 1,208,1 12,0,2
ADDLINE 0,0,0 1,230,1 0,0,0 1,115,1 1,115,1 1,115,1 1,115,1 12,0,2 0,0,0
ADDLINE 0,0,0 0,0,0 12,0,2 1,125,1 1,125,1 1,125,1 0,0,0 0,0,0 1,125,1
ADDLINE 0,0,0 1,135,1 1,135,1 0,0,0 0,0,0 12,0,2 0,0,0 1,135,1 1,135,1
ADDLINE 0,0,0 11,0,2 12,0,2 0,0,0 1,109,1 1,109,1 1,109,1 1,109,1 1,109,1
ADDLINE 0,0,0 0,0,0 12,0,2 0,0,0 1,119,1 1,119,1 1,238,1 1,238,1 1,119,1
ADDLINE 1,130,1 12,0,2 1,130,1 1,130,1 1,130,1 1,130,1 1,260,1 7,0,2 1,130,1
ADDLINE 0,0,0 0,0,0 0,0,0 12,0,2 0,0,0 0,0,0 1,282,1 0,0,0 0,0,0
ADDLINE 1,108,1 1,108,1 1,108,1 1,108,1 1,108,1 12,0,2 1,108,1 1,108,1 1,108,1
ADDLINE 0,0,0 0,0,0 12,0,2 11,0,2 1,248,1 0,0,0 1,124,1 1,124,1 1,124,1
ADDLINE 1,129,1 1,129,1 1,258,1 1,258,1 1,258,1 12,0,2 1,129,1 1,129,1 1,129,1
ADDLINE 0,0,0 0,0,0 0,0,0 12,0,2 0,0,0 0,0,0 1,147,1 1,147,1 1,147,1
ADDLINE 1,160,1 1,160,1 1,160,1 1,160,1 1,160,1 12,0,2 1,160,1 1,160,1 1,160,1
ADDLINE 1,340,1 0,0,0 1,340,1 1,340,1 1,340,1 12,0,2 1,340,1 0,0,0 8,0,2
ADDLINE 1,171,1 12,0,2 1,171,1 1,171,1 1,171,1 0,0,0 1,171,1 1,171,1 1,171,1
1,150,1 1,75,1 1,75,1 0,0,0 0,0,0 1,75,1 12,0,2 0,0,0 1,75,1
1,148,1 1,74,1 1,74,1 1,74,1 12,0,2 1,74,1 1,74,1 0,0,0 1,74,1
1,146,1 12,0,2 1,73,1 1,73,1 1,73,1 1,73,1 1,73,1 0,0,0 1,73,1
0,0,0 0,0,0 1,72,1 0,0,0 0,0,0 0,0,0 12,0,2 0,0,0 1,72,1
19,71,1 1,142,1 1,142,1 12,0,2 1,142,1 1,142,1 1,142,1 1,142,1 1,142,1
0,0,0 1,140,1 1,70,1 12,0,2 1,70,1 1,70,1 1,70,1 1,70,1 1,70,1
0,0,0 0,0,0 0,0,0 0,0,0 0,0,0 0,0,0 0,0,0 0,0,0 0,0,0
0,0,0 0,0,0 0,0,0 0,0,0 0,0,0 0,0,0 0,0,0 0,0,0 0,0,0
0,0,0 0,0,0 0,0,0 0,0,0 0,0,0 0,0,0 0,0,0 0,0,0 0,0,0