MODE 0
BALL 70
STARS 0/4500/6400
ADDLINE 0,0,0 1,168,1 12,0,2 0,0,0 1,84,1 0,0,0 0,0,0 0,0,0 20,84,1
ADDLINE 1,81,1 1,81,1 1,81,1 1,81,1 1,81,1 1,81,1 1,81,1 12,0,2 1,162,1
ADDLINE 1,86,1 0,0,0 0,0,0 12,0,2 0,0,0 0,0,0 1,86,1 0,0,0 0,0,0
ADDLINE 1,90,1 1,90,1 1,90,1 1,90,1 1,90,1 12,0,2 1,90,1 1,90,1 1,90,1
ADDLINE 0,0,0 1,192,1 1,192,1 1,192,1 1,192,1 12,0,2 16,96,1 1,192,1 1,192,1
ADDLINE 1,105,1 0,0,0 1,105,1 0,0,0 1,105,1 12,0,2 1,105,1 0,0,0 1,105,1
ADDLINE 1,114,1 12,0,2 1,114,1 0,0,0 1,114,1 0,0,0 0,0,0 0,0,0 1,114,1
ADDLINE 1,124,1 12,0,2 1,124,1 0,0,0 1,124,1 1,124,1 1,124,1 1,124,1 1,124,1
ADDLINE 0,0,0 0,0,0 1,200,1 0,0,0 1,100,1 0,0,0 12,0,2 0,0,0 1,100,1
ADDLINE 1,110,1 20,110,1 1,220,1 0,0,0 1,110,1 12,0,2 0,0,0 0,0,0 1,110,1
ADDLINE 1,120,1 1,240,1 1,240,1 12,0,2 1,120,1 0,0,0 1,120,1 1,120,1 1,120,1
ADDLINE 1,130,1 1,130,1 1,130,1 0,0,0 1,130,1 0,0,0 1,130,1 12,0,2 0,0,0
ADDLINE 1,104,1 1,104,1 1,104,1 12,0,2 1,104,1 0,0,0 1,104,1 1,104,1 1,104,1
ADDLINE 0,0,0 12,0,2 1,115,1 0,0,0 1,115,1 0,0,0 0,0,0 0,0,0 1,115,1
ADDLINE 1,119,1 1,238,1 1,238,1 1,238,1 1,119,1 1,119,1 1,119,1 12,0,2 1,119,1
ADDLINE 1,135,1 1,270,1 17,135,1 1,270,1 1,135,1 1,135,1 1,135,1 12,0,2 1,135,1
ADDLINE 0,0,0 0,0,0 1,218,1 1,218,1 0,0,0 0,0,0 0,0,0 12,0,2 1,109,1
ADDLINE 1,238,1 16,119,1 1,238,1 1,238,1 1,238,1 1,238,1 1,238,1 1,238,1 12,0,2
ADDLINE 1,130,1 20,130,1 0,0,0 0,0,0 0,0,0 12,0,2 0,0,0 0,0,0 1,130,1
ADDLINE 0,0,0 12,0,2 1,282,1 1,141,1 1,141,1 1,141,1 0,0,0 1,141,1 1,141,1
ADDLINE 0,0,0 12,0,2 1,113,1 1,113,1 1,113,1 1,113,1 0,0,0 1,113,1 1,113,1
ADDLINE 1,248,1 16,124,1 1,248,1 1,248,1 1,248,1 1,248,1 12,0,2 1,248,1 0,0,0
ADDLINE 1,135,1 1,135,1 1,135,1 1,135,1 12,0,2 0,0,0 1,135,1 1,135,1 0,0,0
ADDLINE 1,147,1 1,147,1 1,147,1 1,147,1 1,147,1 0,0,0 0,0,0 12,0,2 0,0,0
ADDLINE 1,168,1 1,168,1 1,168,1 1,168,1 1,168,1 12,0,2 1,168,1 0,0,0 1,168,1
ADDLINE 1,170,1 1,170,1 1,170,1 1,170,1 1,170,1 12,0,2 0,0,0 1,170,1 1,170,1
ADDLINE 0,0,0 12,0,2 1,342,1 1,342,1 1,342,1 1,342,1 16,171,1 1,342,1 1,342,1
20,75,1 12,0,2 1,75,1 0,0,0 1,75,1 1,75,1 1,150,1 1,150,1 1,150,1
1,148,1 12,0,2 1,74,1 0,0,0 1,74,1 1,74,1 1,148,1 20,74,1 1,148,1
1,73,1 0,0,0 0,0,0 0,0,0 12,0,2 0,0,0 1,146,1 0,0,0 1,146,1
1,72,1 1,72,1 1,72,1 12,0,2 1,72,1 1,72,1 1,72,1 0,0,0 1,72,1
1,71,1 1,71,1 1,71,1 0,0,0 1,71,1 12,0,2 1,71,1 0,0,0 0,0,0
1,70,1 1,70,1 1,70,1 1,70,1 1,70,1 12,0,2 1,70,1 0,0,0 1,70,1
0,0,0 0,0,0 0,0,0 0,0,0 0,0,0 0,0,0 0,0,0 0,0,0 0,0,0
0,0,0 0,0,0 0,0,0 0,0,0 0,0,0 0,0,0 0,0,0 0,0,0 0,0,0
0,0,0 0,0,0 0,0,0 0,0,0 0,0,0 0,0,0 0,0,0 0,0,0 0,0,0