MODE 0
BALL 70
STARS 0/3800/5500
ADDLINE 1,84,1 0,0,0 12,0,2 0,0,0 1,84,1 0,0,0 1,84,1 0,0,0 4,84,1
ADDLINE 2,85,1 1,85,1 5,85,1 0,0,0 1,85,1 12,0,2 1,85,1 0,0,0 1,85,1
ADDLINE 0,0,0 12,0,2 2,86,1 0,0,0 1,86,1 0,0,0 1,86,1 0,0,0 1,86,1
ADDLINE 1,95,1 0,0,0 1,95,1 0,0,0 1,95,1 12,0,2 1,95,1 0,0,0 1,95,1
ADDLINE 1,96,1 0,0,0 1,96,1 12,0,2 0,0,0 0,0,0 1,96,1 0,0,0 1,96,1
ADDLINE 1,105,1 12,0,2 2,105,1 5,105,1 5,105,1 4,105,1 1,105,1 0,0,0 1,105,1
ADDLINE 3,114,1 0,0,0 0,0,0 12,0,2 0,0,0 0,0,0 1,114,1 0,0,0 1,114,1
ADDLINE 1,124,1 5,124,1 1,124,1 4,124,1 1,124,1 12,0,2 1,124,1 0,0,0 1,124,1
ADDLINE 1,100,1 0,0,0 0,0,0 0,0,0 1,100,1 12,0,2 0,0,0 0,0,0 1,100,1
ADDLINE 0,0,0 0,0,0 12,0,2 3,110,1 0,0,0 1,110,1 1,110,1 1,110,1 0,0,0
ADDLINE 1,114,1 4,114,1 1,114,1 1,114,1 12,0,2 1,114,1 1,114,1 1,114,1 2,114,1
ADDLINE 0,0,0 0,0,0 0,0,0 1,130,1 0,0,0 4,130,1 1,130,1 12,0,2 0,0,0
ADDLINE 1,100,1 3,100,1 1,100,1 1,100,1 12,0,2 3,100,1 1,100,1 1,100,1 1,100,1
ADDLINE 0,0,0 12,0,2 0,0,0 0,0,0 0,0,0 0,0,0 0,0,0 2,115,1 5,115,1
ADDLINE 1,125,1 1,125,1 12,0,2 1,125,1 1,125,1 1,125,1 0,0,0 1,125,1 1,125,1
ADDLINE 1,135,1 1,135,1 12,0,2 1,135,1 5,135,1 1,135,1 0,0,0 1,135,1 1,135,1
ADDLINE 1,104,1 1,104,1 12,0,2 1,104,1 1,104,1 1,104,1 1,104,1 1,104,1 4,104,1
ADDLINE 0,0,0 0,0,0 0,0,0 5,119,1 1,119,1 2,119,1 0,0,0 12,0,2 0,0,0
ADDLINE 1,130,1 1,130,1 0,0,0 12,0,2 0,0,0 0,0,0 1,130,1 5,130,1 1,130,1
ADDLINE 1,141,1 12,0,2 0,0,0 1,141,1 1,141,1 0,0,0 0,0,0 5,141,1 1,141,1
ADDLINE 2,113,1 0,0,0 4,113,1 1,113,1 1,113,1 1,113,1 12,0,2 0,0,0 1,113,1
ADDLINE 1,124,1 12,0,2 0,0,0 1,124,1 1,124,1 1,124,1 1,124,1 0,0,0 3,124,1
ADDLINE 0,0,0 0,0,0 12,0,2 0,0,0 1,135,1 1,135,1 1,135,1 5,135,1 1,135,1
ADDLINE 1,147,1 1,147,1 2,147,1 0,0,0 12,0,2 3,147,1 1,147,1 1,147,1 0,0,0
ADDLINE 1,168,1 4,168,1 1,168,1 1,168,1 12,0,2 1,168,1 1,168,1 0,0,0 0,0,0
ADDLINE 1,170,1 2,170,1 0,0,0 0,0,0 0,0,0 1,170,1 3,170,1 12,0,2 0,0,0
ADDLINE 1,171,1 12,0,2 0,0,0 1,171,1 3,171,1 1,171,1 1,171,1 0,0,0 0,0,0
0,0,0 1,75,1 0,0,0 1,75,1 12,0,2 1,75,1 1,75,1 1,75,1 0,0,0
0,0,0 1,74,1 12,0,2 3,74,1 0,0,0 4,74,1 1,74,1 1,74,1 0,0,0
0,0,0 2,73,1 0,0,0 1,73,1 0,0,0 1,73,1 1,73,1 2,73,1 12,0,2
0,0,0 12,0,2 0,0,0 1,72,1 0,0,0 2,72,1 3,72,1 1,72,1 0,0,0
1,71,1 1,71,1 1,71,1 1,71,1 12,0,2 1,71,1 4,71,1 1,71,1 0,0,0
0,0,0 12,0,2 0,0,0 0,0,0 0,0,0 1,70,1 0,0,0 0,0,0 0,0,0
0,0,0 0,0,0 0,0,0 0,0,0 0,0,0 0,0,0 0,0,0 0,0,0 0,0,0
0,0,0 0,0,0 0,0,0 0,0,0 0,0,0 0,0,0 0,0,0 0,0,0 0,0,0
0,0,0 0,0,0 0,0,0 0,0,0 0,0,0 0,0,0 0,0,0 0,0,0 0,0,0