MODE 0
BALL 70
STARS 0/4100/6800
ADDLINE 0,0,0 1,84,1 1,84,1 4,84,1 0,0,0 1,168,1 1,168,1 0,0,0 12,0,2
ADDLINE 1,170,1 1,170,1 1,85,1 1,85,1 5,85,1 1,170,1 20,85,1 1,170,1 12,0,2
ADDLINE 7,0,2 1,172,1 0,0,0 12,0,2 0,0,0 1,172,1 20,86,1 1,172,1 0,0,0
ADDLINE 1,190,1 1,190,1 12,0,2 1,95,1 0,0,0 1,190,1 1,190,1 1,190,1 0,0,0
ADDLINE 1,96,1 5,96,1 12,0,2 1,96,1 0,0,0 1,96,1 1,96,1 3,96,1 0,0,0
ADDLINE 2,105,1 1,105,1 12,0,2 1,105,1 0,0,0 2,105,1 1,105,1 1,105,1 1,105,1
ADDLINE 0,0,0 12,0,2 0,0,0 1,114,1 1,228,1 1,228,1 0,0,0 0,0,0 0,0,0
ADDLINE 12,0,2 1,248,1 1,248,1 1,248,1 1,248,1 19,124,1 1,248,1 1,248,1 1,248,1
ADDLINE 0,0,0 1,200,1 0,0,0 12,0,2 10,0,2 20,100,1 1,200,1 1,200,1 1,200,1
ADDLINE 0,0,0 1,110,1 1,110,1 1,220,1 12,0,2 0,0,0 1,220,1 4,110,1 1,110,1
ADDLINE 0,0,0 1,120,1 1,120,1 0,0,0 3,120,1 12,0,2 1,120,1 1,120,1 1,120,1
ADDLINE 0,0,0 0,0,0 0,0,0 1,130,1 1,260,1 1,260,1 12,0,2 5,130,1 1,130,1
ADDLINE 1,208,1 12,0,2 1,208,1 1,208,1 1,208,1 19,104,1 0,0,0 1,208,1 1,208,1
ADDLINE 1,230,1 12,0,2 1,115,1 3,115,1 1,230,1 11,0,2 1,230,1 1,115,1 1,115,1
ADDLINE 19,125,1 1,250,1 12,0,2 1,250,1 1,250,1 0,0,0 1,250,1 1,250,1 1,250,1
ADDLINE 1,270,1 12,0,2 1,270,1 1,270,1 1,270,1 8,0,2 1,270,1 20,135,1 1,270,1
ADDLINE 1,109,1 0,0,0 12,0,2 0,0,0 4,109,1 0,0,0 1,218,1 1,218,1 1,109,1
ADDLINE 1,119,1 1,238,1 1,238,1 0,0,0 12,0,2 0,0,0 0,0,0 2,119,1 1,119,1
ADDLINE 0,0,0 19,130,1 1,260,1 1,260,1 1,260,1 12,0,2 1,260,1 1,260,1 8,0,2
ADDLINE 10,0,2 1,282,1 1,282,1 1,282,1 1,282,1 1,282,1 1,282,1 1,282,1 12,0,2
ADDLINE 0,0,0 1,226,1 12,0,2 1,113,1 1,113,1 5,113,1 1,113,1 1,113,1 0,0,0
ADDLINE 11,0,2 1,248,1 12,0,2 1,248,1 1,248,1 1,248,1 1,248,1 1,248,1 16,124,1
ADDLINE 0,0,0 1,270,1 1,270,1 1,270,1 1,270,1 12,0,2 0,0,0 8,0,2 0,0,0
ADDLINE 0,0,0 1,294,1 12,0,2 19,147,1 1,294,1 1,294,1 1,294,1 1,294,1 1,294,1
ADDLINE 0,0,0 5,168,1 0,0,0 1,336,1 1,336,1 1,168,1 0,0,0 1,168,1 12,0,2
ADDLINE 1,170,1 1,170,1 12,0,2 4,170,1 1,170,1 1,170,1 0,0,0 1,170,1 0,0,0
ADDLINE 1,171,1 2,171,1 1,171,1 1,171,1 4,171,1 0,0,0 1,171,1 12,0,2 0,0,0
0,0,0 12,0,2 0,0,0 1,75,1 1,75,1 1,75,1 5,75,1 1,75,1 5,75,1
3,74,1 0,0,0 0,0,0 0,0,0 12,0,2 1,74,1 0,0,0 0,0,0 2,74,1
1,73,1 1,73,1 1,73,1 1,73,1 12,0,2 0,0,0 1,73,1 0,0,0 0,0,0
1,72,1 3,72,1 1,72,1 5,72,1 1,72,1 0,0,0 0,0,0 12,0,2 11,0,2
1,71,1 1,71,1 1,71,1 1,71,1 4,71,1 1,71,1 12,0,2 0,0,0 1,71,1
1,70,1 1,70,1 5,70,1 1,70,1 1,70,1 4,70,1 12,0,2 0,0,0 1,70,1
0,0,0 0,0,0 0,0,0 0,0,0 0,0,0 0,0,0 0,0,0 0,0,0 0,0,0
0,0,0 0,0,0 0,0,0 0,0,0 0,0,0 0,0,0 0,0,0 0,0,0 0,0,0
0,0,0 0,0,0 0,0,0 0,0,0 0,0,0 0,0,0 0,0,0 0,0,0 0,0,0