MODE 0
BALL 70
STARS 0/4100/5800
ADDLINE 1,80,1 1,80,1 1,80,1 1,80,1 1,80,1 1,80,1 1,160,1 12,0,2 1,80,1
ADDLINE 0,0,0 0,0,0 0,0,0 0,0,0 1,85,1 0,0,0 12,0,2 0,0,0 0,0,0
ADDLINE 1,82,1 1,82,1 1,82,1 12,0,2 1,82,1 1,82,1 1,82,1 1,82,1 1,82,1
ADDLINE 1,95,1 0,0,0 1,95,1 12,0,2 0,0,0 0,0,0 0,0,0 0,0,0 0,0,0
ADDLINE 1,91,1 12,0,2 1,91,1 1,91,1 1,91,1 1,91,1 1,91,1 1,91,1 1,91,1
ADDLINE 0,0,0 0,0,0 0,0,0 0,0,0 1,105,1 0,0,0 0,0,0 12,0,2 1,105,1
ADDLINE 1,228,1 1,228,1 1,114,1 12,0,2 1,114,1 0,0,0 1,114,1 1,114,1 1,114,1
ADDLINE 7,0,2 0,0,0 1,124,1 0,0,0 1,124,1 0,0,0 1,124,1 12,0,2 0,0,0
ADDLINE 1,200,1 12,0,2 1,200,1 0,0,0 1,200,1 8,0,2 1,200,1 0,0,0 1,200,1
ADDLINE 1,105,1 12,0,2 1,105,1 1,105,1 1,105,1 1,105,1 1,105,1 1,105,1 1,105,1
ADDLINE 1,120,1 0,0,0 0,0,0 0,0,0 12,0,2 0,0,0 1,120,1 1,120,1 1,120,1
ADDLINE 1,124,1 1,124,1 1,248,1 1,248,1 1,248,1 12,0,2 1,124,1 1,124,1 1,124,1
ADDLINE 0,0,0 0,0,0 0,0,0 10,0,2 1,208,1 0,0,0 12,0,2 0,0,0 1,208,1
ADDLINE 1,115,1 1,115,1 1,230,1 12,0,2 1,230,1 1,115,1 1,115,1 0,0,0 1,115,1
ADDLINE 1,125,1 1,125,1 1,125,1 12,0,2 1,125,1 0,0,0 0,0,0 0,0,0 1,125,1
ADDLINE 1,129,1 1,129,1 1,129,1 12,0,2 1,129,1 1,129,1 1,129,1 1,129,1 1,129,1
ADDLINE 1,109,1 1,109,1 1,109,1 12,0,2 1,109,1 0,0,0 0,0,0 0,0,0 0,0,0
ADDLINE 1,114,1 1,228,1 1,228,1 12,0,2 1,114,1 1,114,1 1,114,1 1,228,1 1,228,1
ADDLINE 1,260,1 7,0,2 1,260,1 1,260,1 1,260,1 1,260,1 1,260,1 12,0,2 10,0,2
ADDLINE 1,141,1 1,282,1 1,282,1 1,141,1 1,141,1 1,141,1 12,0,2 1,282,1 0,0,0
ADDLINE 1,113,1 1,113,1 12,0,2 0,0,0 0,0,0 0,0,0 1,113,1 1,113,1 0,0,0
ADDLINE 1,124,1 1,124,1 12,0,2 1,124,1 1,124,1 1,124,1 1,124,1 0,0,0 1,124,1
ADDLINE 1,135,1 1,135,1 1,135,1 12,0,2 1,135,1 1,135,1 1,135,1 1,135,1 0,0,0
ADDLINE 1,147,1 1,147,1 12,0,2 0,0,0 1,147,1 0,0,0 0,0,0 0,0,0 0,0,0
ADDLINE 0,0,0 12,0,2 8,0,2 1,336,1 1,336,1 0,0,0 1,336,1 1,336,1 1,336,1
ADDLINE 0,0,0 1,170,1 1,170,1 1,170,1 12,0,2 0,0,0 1,170,1 1,170,1 1,170,1
ADDLINE 0,0,0 1,171,1 1,171,1 1,171,1 0,0,0 12,0,2 1,171,1 1,171,1 1,171,1
1,75,1 0,0,0 0,0,0 0,0,0 1,75,1 0,0,0 12,0,2 11,0,2 1,75,1
1,71,1 12,0,2 1,71,1 1,71,1 1,71,1 1,71,1 1,71,1 1,71,1 1,71,1
1,73,1 0,0,0 1,73,1 0,0,0 12,0,2 0,0,0 0,0,0 0,0,0 1,73,1
1,72,1 0,0,0 1,72,1 12,0,2 1,72,1 1,72,1 1,72,1 0,0,0 1,72,1
0,0,0 0,0,0 1,142,1 0,0,0 1,71,1 1,71,1 1,71,1 12,0,2 1,71,1
1,70,1 11,0,2 1,140,1 12,0,2 1,70,1 1,70,1 1,70,1 0,0,0 1,70,1
0,0,0 0,0,0 0,0,0 0,0,0 0,0,0 0,0,0 0,0,0 0,0,0 0,0,0
0,0,0 0,0,0 0,0,0 0,0,0 0,0,0 0,0,0 0,0,0 0,0,0 0,0,0
0,0,0 0,0,0 0,0,0 0,0,0 0,0,0 0,0,0 0,0,0 0,0,0 0,0,0