MODE 0
BALL 70
STARS 0/4000/5800
ADDLINE 1,80,1 1,80,1 1,80,1 1,80,1 1,80,1 1,80,1 1,80,1 1,80,1 12,0,2
ADDLINE 1,85,1 1,85,1 1,85,1 1,85,1 0,0,0 0,0,0 0,0,0 12,0,2 0,0,0
ADDLINE 1,82,1 1,82,1 1,82,1 1,82,1 1,82,1 1,82,1 1,82,1 1,82,1 12,0,2
ADDLINE 0,0,0 1,95,1 0,0,0 0,0,0 0,0,0 0,0,0 0,0,0 1,95,1 12,0,2
ADDLINE 0,0,0 1,96,1 1,96,1 1,96,1 1,96,1 1,96,1 12,0,2 1,96,1 0,0,0
ADDLINE 0,0,0 1,105,1 0,0,0 0,0,0 12,0,2 1,105,1 0,0,0 1,105,1 0,0,0
ADDLINE 0,0,0 1,114,1 12,0,2 1,114,1 1,114,1 1,114,1 1,114,1 1,114,1 0,0,0
ADDLINE 0,0,0 1,124,1 0,0,0 1,124,1 1,124,1 1,124,1 1,124,1 1,124,1 12,0,2
ADDLINE 0,0,0 1,100,1 0,0,0 1,100,1 1,100,1 1,100,1 1,100,1 1,100,1 12,0,2
ADDLINE 1,110,1 1,110,1 1,110,1 12,0,2 0,0,0 0,0,0 1,110,1 1,110,1 1,110,1
ADDLINE 1,120,1 0,0,0 0,0,0 12,0,2 1,120,1 0,0,0 0,0,0 0,0,0 0,0,0
ADDLINE 0,0,0 0,0,0 1,130,1 1,130,1 1,130,1 1,130,1 1,130,1 0,0,0 12,0,2
ADDLINE 0,0,0 1,104,1 1,104,1 1,104,1 1,104,1 1,104,1 1,104,1 1,104,1 12,0,2
ADDLINE 0,0,0 1,115,1 1,115,1 1,115,1 1,115,1 1,115,1 1,115,1 1,115,1 12,0,2
ADDLINE 0,0,0 0,0,0 0,0,0 12,0,2 1,125,1 1,125,1 1,125,1 1,125,1 0,0,0
ADDLINE 1,135,1 12,0,2 0,0,0 0,0,0 1,135,1 1,135,1 1,135,1 0,0,0 0,0,0
ADDLINE 0,0,0 12,0,2 1,109,1 1,109,1 1,109,1 1,109,1 1,109,1 0,0,0 0,0,0
ADDLINE 0,0,0 0,0,0 1,119,1 1,119,1 1,119,1 1,119,1 1,119,1 12,0,2 0,0,0
ADDLINE 0,0,0 1,130,1 0,0,0 1,130,1 1,130,1 1,130,1 1,130,1 1,130,1 12,0,2
ADDLINE 1,141,1 1,141,1 12,0,2 1,141,1 1,141,1 1,141,1 1,141,1 1,141,1 0,0,0
ADDLINE 0,0,0 0,0,0 12,0,2 1,113,1 0,0,0 0,0,0 0,0,0 1,113,1 0,0,0
ADDLINE 0,0,0 1,124,1 1,124,1 1,124,1 12,0,2 1,124,1 1,124,1 1,124,1 1,124,1
ADDLINE 0,0,0 1,135,1 1,135,1 1,135,1 0,0,0 0,0,0 12,0,2 0,0,0 0,0,0
ADDLINE 12,0,2 1,140,1 1,140,1 1,140,1 1,140,1 1,140,1 1,140,1 1,140,1 1,140,1
ADDLINE 0,0,0 12,0,2 1,168,1 0,0,0 0,0,0 1,168,1 0,0,0 1,168,1 0,0,0
ADDLINE 12,0,2 1,162,1 1,162,1 1,162,1 1,162,1 1,162,1 1,162,1 1,162,1 1,162,1
ADDLINE 0,0,0 1,171,1 1,171,1 1,171,1 1,171,1 1,171,1 12,0,2 1,171,1 1,171,1
1,75,1 1,75,1 0,0,0 1,75,1 12,0,2 0,0,0 0,0,0 1,75,1 1,75,1
1,74,1 1,74,1 0,0,0 1,74,1 12,0,2 1,74,1 0,0,0 1,74,1 1,74,1
1,73,1 1,73,1 12,0,2 1,73,1 0,0,0 1,73,1 1,73,1 1,73,1 1,73,1
1,72,1 1,72,1 0,0,0 1,72,1 12,0,2 0,0,0 0,0,0 0,0,0 0,0,0
1,71,1 1,71,1 1,71,1 12,0,2 0,0,0 1,71,1 1,71,1 0,0,0 0,0,0
1,70,1 1,70,1 1,70,1 0,0,0 12,0,2 1,70,1 0,0,0 0,0,0 1,70,1
0,0,0 0,0,0 0,0,0 0,0,0 0,0,0 0,0,0 0,0,0 0,0,0 0,0,0
0,0,0 0,0,0 0,0,0 0,0,0 0,0,0 0,0,0 0,0,0 0,0,0 0,0,0
0,0,0 0,0,0 0,0,0 0,0,0 0,0,0 0,0,0 0,0,0 0,0,0 0,0,0