MODE 0
BALL 70
STARS 0/5700/7900
ADDLINE 1,168,1 16,84,1 1,168,1 12,0,2 1,168,1 1,168,1 1,168,1 1,168,1 0,0,0
ADDLINE 1,85,1 1,85,1 1,85,1 12,0,2 1,85,1 0,0,0 1,85,1 1,85,1 1,85,1
ADDLINE 0,0,0 12,0,2 1,86,1 1,172,1 1,172,1 0,0,0 1,86,1 0,0,0 1,86,1
ADDLINE 1,190,1 1,190,1 1,190,1 1,190,1 19,95,1 12,0,2 1,190,1 0,0,0 1,190,1
ADDLINE 17,96,1 1,192,1 1,96,1 1,192,1 1,192,1 12,0,2 0,0,0 0,0,0 1,96,1
ADDLINE 1,200,1 12,0,2 1,100,1 1,100,1 1,100,1 1,100,1 1,100,1 1,100,1 1,100,1
ADDLINE 1,109,1 1,218,1 1,218,1 1,109,1 12,0,2 1,109,1 1,109,1 1,109,1 1,109,1
ADDLINE 0,0,0 17,124,1 0,0,0 1,124,1 0,0,0 1,124,1 0,0,0 12,0,2 0,0,0
ADDLINE 0,0,0 1,200,1 1,200,1 1,100,1 1,200,1 1,200,1 12,0,2 1,100,1 1,100,1
ADDLINE 1,110,1 1,110,1 12,0,2 0,0,0 1,220,1 20,110,1 1,220,1 1,110,1 0,0,0
ADDLINE 0,0,0 0,0,0 12,0,2 1,120,1 1,240,1 1,240,1 1,240,1 1,120,1 0,0,0
ADDLINE 0,0,0 12,0,2 1,130,1 1,130,1 0,0,0 0,0,0 0,0,0 0,0,0 0,0,0
ADDLINE 19,104,1 1,208,1 1,208,1 1,208,1 1,208,1 12,0,2 0,0,0 1,208,1 1,208,1
ADDLINE 1,230,1 1,230,1 12,0,2 1,115,1 0,0,0 1,115,1 1,115,1 1,115,1 1,115,1
ADDLINE 1,125,1 0,0,0 12,0,2 1,125,1 0,0,0 1,125,1 1,125,1 1,125,1 1,125,1
ADDLINE 1,135,1 12,0,2 1,270,1 1,270,1 0,0,0 1,135,1 1,135,1 1,135,1 1,135,1
ADDLINE 0,0,0 1,218,1 19,109,1 1,218,1 12,0,2 1,218,1 1,218,1 1,218,1 1,218,1
ADDLINE 0,0,0 0,0,0 1,238,1 1,238,1 12,0,2 1,119,1 1,119,1 1,119,1 1,119,1
ADDLINE 1,130,1 1,130,1 1,130,1 0,0,0 1,130,1 0,0,0 0,0,0 12,0,2 0,0,0
ADDLINE 1,141,1 1,141,1 1,141,1 12,0,2 1,141,1 1,141,1 1,141,1 0,0,0 1,141,1
ADDLINE 1,113,1 0,0,0 0,0,0 0,0,0 1,113,1 12,0,2 1,113,1 0,0,0 1,113,1
ADDLINE 1,124,1 12,0,2 1,124,1 1,124,1 1,124,1 0,0,0 1,124,1 1,124,1 1,124,1
ADDLINE 1,135,1 0,0,0 0,0,0 0,0,0 1,135,1 12,0,2 1,135,1 0,0,0 1,135,1
ADDLINE 1,147,1 1,147,1 1,147,1 0,0,0 1,147,1 12,0,2 1,147,1 0,0,0 1,147,1
ADDLINE 1,168,1 1,168,1 1,168,1 0,0,0 0,0,0 0,0,0 1,168,1 12,0,2 0,0,0
ADDLINE 1,162,1 1,162,1 1,162,1 12,0,2 1,162,1 1,162,1 1,162,1 1,162,1 1,162,1
ADDLINE 1,163,1 1,163,1 1,163,1 12,0,2 1,163,1 1,163,1 1,163,1 1,163,1 1,163,1
1,75,1 1,150,1 20,75,1 12,0,2 1,75,1 1,150,1 0,0,0 1,75,1 1,75,1
1,74,1 1,148,1 1,148,1 12,0,2 1,148,1 1,148,1 1,148,1 0,0,0 1,74,1
1,146,1 1,146,1 12,0,2 1,146,1 1,146,1 19,73,1 1,146,1 1,146,1 0,0,0
1,72,1 1,72,1 0,0,0 0,0,0 1,144,1 12,0,2 0,0,0 0,0,0 0,0,0
1,142,1 16,71,1 1,142,1 12,0,2 1,142,1 1,142,1 1,142,1 1,142,1 1,142,1
1,70,1 1,70,1 1,70,1 0,0,0 0,0,0 12,0,2 0,0,0 0,0,0 0,0,0
0,0,0 0,0,0 0,0,0 0,0,0 0,0,0 0,0,0 0,0,0 0,0,0 0,0,0
0,0,0 0,0,0 0,0,0 0,0,0 0,0,0 0,0,0 0,0,0 0,0,0 0,0,0
0,0,0 0,0,0 0,0,0 0,0,0 0,0,0 0,0,0 0,0,0 0,0,0 0,0,0