MODE 0
BALL 70
STARS 0/4100/6000
ADDLINE 1,84,1 12,0,2 1,84,1 1,84,1 1,84,1 1,84,1 1,84,1 0,0,0 1,84,1
ADDLINE 0,0,0 0,0,0 1,85,1 0,0,0 12,0,2 0,0,0 0,0,0 0,0,0 1,85,1
ADDLINE 1,82,1 1,82,1 1,82,1 12,0,2 1,82,1 1,82,1 1,82,1 1,82,1 1,82,1
ADDLINE 1,95,1 0,0,0 0,0,0 0,0,0 1,95,1 0,0,0 12,0,2 0,0,0 0,0,0
ADDLINE 1,91,1 12,0,2 1,91,1 1,91,1 1,91,1 1,91,1 1,91,1 1,91,1 1,91,1
ADDLINE 1,105,1 0,0,0 1,105,1 0,0,0 12,0,2 0,0,0 0,0,0 0,0,0 0,0,0
ADDLINE 1,114,1 12,0,2 1,114,1 0,0,0 1,114,1 0,0,0 1,114,1 1,114,1 1,114,1
ADDLINE 0,0,0 0,0,0 1,124,1 0,0,0 1,124,1 0,0,0 0,0,0 12,0,2 0,0,0
ADDLINE 1,95,1 1,95,1 1,95,1 1,95,1 1,95,1 1,95,1 12,0,2 1,95,1 1,95,1
ADDLINE 1,110,1 1,110,1 1,110,1 1,110,1 12,0,2 1,110,1 0,0,0 1,110,1 1,110,1
ADDLINE 1,120,1 1,120,1 1,120,1 1,120,1 0,0,0 1,120,1 0,0,0 12,0,2 0,0,0
ADDLINE 1,130,1 1,130,1 1,130,1 1,130,1 12,0,2 1,130,1 0,0,0 1,130,1 1,130,1
ADDLINE 0,0,0 1,104,1 0,0,0 1,104,1 12,0,2 1,104,1 0,0,0 1,104,1 0,0,0
ADDLINE 1,115,1 1,115,1 12,0,2 1,115,1 1,115,1 1,115,1 0,0,0 1,115,1 1,115,1
ADDLINE 0,0,0 0,0,0 12,0,2 1,125,1 1,125,1 1,125,1 0,0,0 1,125,1 1,125,1
ADDLINE 1,135,1 1,135,1 12,0,2 1,135,1 1,135,1 1,135,1 0,0,0 1,135,1 1,135,1
ADDLINE 0,0,0 1,109,1 0,0,0 1,109,1 0,0,0 0,0,0 0,0,0 12,0,2 0,0,0
ADDLINE 0,0,0 1,119,1 12,0,2 1,119,1 1,119,1 1,119,1 1,119,1 1,119,1 1,119,1
ADDLINE 1,130,1 1,130,1 12,0,2 1,130,1 1,130,1 1,130,1 1,130,1 0,0,0 0,0,0
ADDLINE 1,141,1 1,141,1 12,0,2 1,141,1 1,141,1 1,141,1 1,141,1 0,0,0 1,141,1
ADDLINE 0,0,0 0,0,0 12,0,2 1,113,1 1,113,1 1,113,1 1,113,1 0,0,0 0,0,0
ADDLINE 0,0,0 0,0,0 1,124,1 1,124,1 1,124,1 1,124,1 1,124,1 0,0,0 12,0,2
ADDLINE 1,135,1 12,0,2 1,135,1 1,135,1 1,135,1 1,135,1 1,135,1 0,0,0 1,135,1
ADDLINE 1,147,1 12,0,2 1,147,1 1,147,1 1,147,1 1,147,1 0,0,0 1,147,1 1,147,1
ADDLINE 0,0,0 12,0,2 1,168,1 1,168,1 1,168,1 1,168,1 0,0,0 1,168,1 1,168,1
ADDLINE 0,0,0 0,0,0 0,0,0 12,0,2 0,0,0 0,0,0 0,0,0 0,0,0 1,170,1
ADDLINE 1,171,1 1,171,1 0,0,0 0,0,0 0,0,0 12,0,2 1,171,1 0,0,0 1,171,1
1,75,1 1,75,1 0,0,0 1,75,1 0,0,0 1,75,1 12,0,2 0,0,0 0,0,0
1,74,1 1,74,1 12,0,2 1,74,1 0,0,0 1,74,1 1,74,1 1,74,1 0,0,0
0,0,0 0,0,0 12,0,2 1,73,1 0,0,0 0,0,0 0,0,0 1,73,1 0,0,0
1,69,1 1,69,1 1,69,1 1,69,1 1,69,1 1,69,1 12,0,2 1,69,1 1,69,1
0,0,0 1,71,1 1,71,1 1,71,1 1,71,1 1,71,1 12,0,2 0,0,0 0,0,0
0,0,0 1,70,1 1,70,1 1,70,1 1,70,1 1,70,1 12,0,2 1,70,1 1,70,1
0,0,0 0,0,0 0,0,0 0,0,0 0,0,0 0,0,0 0,0,0 0,0,0 0,0,0
0,0,0 0,0,0 0,0,0 0,0,0 0,0,0 0,0,0 0,0,0 0,0,0 0,0,0
0,0,0 0,0,0 0,0,0 0,0,0 0,0,0 0,0,0 0,0,0 0,0,0 0,0,0