MODE 0
BALL 70
STARS 0/4200/5900
ADDLINE 1,84,1 0,0,0 1,84,1 1,84,1 4,84,1 12,0,2 4,84,1 0,0,0 0,0,0
ADDLINE 1,85,1 0,0,0 1,85,1 1,85,1 3,85,1 12,0,2 1,85,1 0,0,0 1,85,1
ADDLINE 0,0,0 0,0,0 12,0,2 0,0,0 5,86,1 0,0,0 1,86,1 0,0,0 1,86,1
ADDLINE 1,95,1 1,95,1 2,95,1 12,0,2 1,95,1 5,95,1 3,95,1 0,0,0 1,95,1
ADDLINE 1,96,1 1,96,1 1,96,1 0,0,0 0,0,0 12,0,2 0,0,0 0,0,0 1,96,1
ADDLINE 1,100,1 1,100,1 1,100,1 1,100,1 2,100,1 1,100,1 1,100,1 12,0,2 5,100,1
ADDLINE 5,114,1 1,114,1 1,114,1 12,0,2 1,114,1 3,114,1 1,114,1 0,0,0 1,114,1
ADDLINE 5,124,1 2,124,1 1,124,1 12,0,2 1,124,1 1,124,1 1,124,1 0,0,0 1,124,1
ADDLINE 0,0,0 0,0,0 1,100,1 0,0,0 0,0,0 12,0,2 1,100,1 0,0,0 1,100,1
ADDLINE 0,0,0 1,110,1 1,110,1 1,110,1 4,110,1 4,110,1 12,0,2 1,110,1 2,110,1
ADDLINE 0,0,0 1,120,1 5,120,1 1,120,1 1,120,1 1,120,1 12,0,2 1,120,1 1,120,1
ADDLINE 0,0,0 0,0,0 1,130,1 1,130,1 1,130,1 1,130,1 12,0,2 2,130,1 1,130,1
ADDLINE 0,0,0 0,0,0 1,104,1 1,104,1 1,104,1 0,0,0 12,0,2 1,104,1 3,104,1
ADDLINE 0,0,0 0,0,0 1,115,1 5,115,1 1,115,1 0,0,0 0,0,0 12,0,2 0,0,0
ADDLINE 1,125,1 12,0,2 0,0,0 0,0,0 0,0,0 4,125,1 1,125,1 0,0,0 0,0,0
ADDLINE 1,135,1 1,135,1 1,135,1 1,135,1 12,0,2 2,135,1 3,135,1 1,135,1 0,0,0
ADDLINE 2,109,1 1,109,1 1,109,1 0,0,0 12,0,2 4,109,1 1,109,1 1,109,1 0,0,0
ADDLINE 1,119,1 4,119,1 0,0,0 12,0,2 1,119,1 1,119,1 1,119,1 1,119,1 0,0,0
ADDLINE 0,0,0 4,130,1 1,130,1 1,130,1 12,0,2 0,0,0 0,0,0 0,0,0 0,0,0
ADDLINE 0,0,0 5,141,1 5,141,1 1,141,1 12,0,2 1,141,1 1,141,1 1,141,1 3,141,1
ADDLINE 0,0,0 0,0,0 0,0,0 1,113,1 0,0,0 1,113,1 1,113,1 1,113,1 12,0,2
ADDLINE 2,124,1 1,124,1 1,124,1 1,124,1 12,0,2 1,124,1 1,124,1 1,124,1 0,0,0
ADDLINE 4,135,1 1,135,1 1,135,1 4,135,1 12,0,2 3,135,1 1,135,1 2,135,1 0,0,0
ADDLINE 1,140,1 1,140,1 1,140,1 3,140,1 12,0,2 1,140,1 1,140,1 1,140,1 1,140,1
ADDLINE 0,0,0 0,0,0 0,0,0 1,168,1 12,0,2 0,0,0 0,0,0 0,0,0 0,0,0
ADDLINE 0,0,0 5,170,1 1,170,1 1,170,1 12,0,2 1,170,1 1,170,1 4,170,1 1,170,1
ADDLINE 0,0,0 1,171,1 1,171,1 2,171,1 0,0,0 1,171,1 12,0,2 0,0,0 0,0,0
5,75,1 12,0,2 0,0,0 1,75,1 1,75,1 2,75,1 0,0,0 1,75,1 2,75,1
1,74,1 1,74,1 0,0,0 1,74,1 1,74,1 1,74,1 12,0,2 0,0,0 0,0,0
4,73,1 1,73,1 0,0,0 1,73,1 1,73,1 1,73,1 12,0,2 1,73,1 0,0,0
1,72,1 1,72,1 0,0,0 0,0,0 5,72,1 1,72,1 0,0,0 12,0,2 0,0,0
4,71,1 4,71,1 1,71,1 0,0,0 0,0,0 12,0,2 1,71,1 1,71,1 0,0,0
1,70,1 1,70,1 1,70,1 0,0,0 1,70,1 12,0,2 3,70,1 1,70,1 0,0,0
0,0,0 0,0,0 0,0,0 0,0,0 0,0,0 0,0,0 0,0,0 0,0,0 0,0,0
0,0,0 0,0,0 0,0,0 0,0,0 0,0,0 0,0,0 0,0,0 0,0,0 0,0,0
0,0,0 0,0,0 0,0,0 0,0,0 0,0,0 0,0,0 0,0,0 0,0,0 0,0,0