MODE 0
BALL 70
STARS 0/4500/6350
ADDLINE 1,84,1 12,0,2 1,168,1 0,0,0 1,84,1 0,0,0 1,84,1 0,0,0 1,84,1
ADDLINE 1,85,1 12,0,2 7,0,2 1,170,1 4,85,1 0,0,0 1,85,1 3,85,1 5,85,1
ADDLINE 1,86,1 0,0,0 1,172,1 0,0,0 0,0,0 12,0,2 1,86,1 0,0,0 0,0,0
ADDLINE 3,95,1 1,95,1 1,95,1 12,0,2 1,95,1 1,95,1 1,95,1 0,0,0 1,95,1
ADDLINE 0,0,0 12,0,2 2,96,1 0,0,0 0,0,0 0,0,0 1,96,1 0,0,0 3,96,1
ADDLINE 1,105,1 1,105,1 1,105,1 0,0,0 1,105,1 12,0,2 1,105,1 0,0,0 5,105,1
ADDLINE 3,114,1 12,0,2 0,0,0 0,0,0 1,228,1 11,0,2 0,0,0 0,0,0 1,114,1
ADDLINE 1,118,1 12,0,2 1,118,1 1,118,1 1,236,1 1,236,1 1,236,1 1,118,1 2,118,1
ADDLINE 1,100,1 0,0,0 1,100,1 0,0,0 0,0,0 12,0,2 1,100,1 0,0,0 0,0,0
ADDLINE 1,110,1 0,0,0 1,110,1 12,0,2 0,0,0 0,0,0 0,0,0 0,0,0 7,0,2
ADDLINE 1,240,1 12,0,2 1,240,1 1,240,1 1,240,1 1,240,1 1,240,1 8,0,2 1,240,1
ADDLINE 1,130,1 12,0,2 3,130,1 1,130,1 4,130,1 1,130,1 1,130,1 0,0,0 1,130,1
ADDLINE 1,104,1 12,0,2 1,104,1 1,104,1 1,104,1 1,104,1 1,104,1 0,0,0 1,104,1
ADDLINE 0,0,0 0,0,0 1,115,1 1,115,1 1,115,1 1,115,1 4,115,1 12,0,2 0,0,0
ADDLINE 1,119,1 1,119,1 1,119,1 2,119,1 1,119,1 4,119,1 3,119,1 2,119,1 12,0,2
ADDLINE 1,270,1 0,0,0 8,0,2 0,0,0 0,0,0 0,0,0 0,0,0 12,0,2 0,0,0
ADDLINE 1,104,1 12,0,2 1,104,1 1,104,1 5,104,1 1,104,1 2,104,1 1,208,1 1,208,1
ADDLINE 1,238,1 0,0,0 1,238,1 0,0,0 12,0,2 0,0,0 1,238,1 0,0,0 10,0,2
ADDLINE 0,0,0 1,130,1 1,130,1 1,130,1 12,0,2 0,0,0 0,0,0 0,0,0 0,0,0
ADDLINE 0,0,0 0,0,0 1,141,1 5,141,1 12,0,2 1,141,1 1,141,1 4,141,1 1,141,1
ADDLINE 1,113,1 0,0,0 12,0,2 0,0,0 0,0,0 0,0,0 1,113,1 1,113,1 2,113,1
ADDLINE 1,124,1 4,124,1 1,124,1 3,124,1 1,124,1 12,0,2 1,124,1 1,124,1 0,0,0
ADDLINE 1,135,1 1,135,1 1,135,1 0,0,0 3,135,1 12,0,2 11,0,2 0,0,0 0,0,0
ADDLINE 1,147,1 1,147,1 12,0,2 1,147,1 5,147,1 0,0,0 1,294,1 1,294,1 1,147,1
ADDLINE 1,160,1 2,160,1 12,0,2 5,160,1 1,160,1 1,160,1 1,160,1 1,160,1 1,160,1
ADDLINE 2,170,1 4,170,1 1,170,1 1,170,1 1,170,1 12,0,2 0,0,0 1,170,1 1,170,1
ADDLINE 5,171,1 1,171,1 0,0,0 0,0,0 0,0,0 12,0,2 0,0,0 1,171,1 1,171,1
1,150,1 1,150,1 1,150,1 0,0,0 1,150,1 0,0,0 12,0,2 16,75,1 0,0,0
1,74,1 4,74,1 1,74,1 12,0,2 1,74,1 1,74,1 1,74,1 0,0,0 5,74,1
1,146,1 0,0,0 0,0,0 16,73,1 0,0,0 12,0,2 1,146,1 0,0,0 1,146,1
5,72,1 1,72,1 1,72,1 1,72,1 2,72,1 12,0,2 1,72,1 0,0,0 1,72,1
1,71,1 1,71,1 1,71,1 1,71,1 3,71,1 12,0,2 5,71,1 0,0,0 1,71,1
1,70,1 1,70,1 1,70,1 1,70,1 1,70,1 12,0,2 1,70,1 0,0,0 3,70,1
0,0,0 0,0,0 0,0,0 0,0,0 0,0,0 0,0,0 0,0,0 0,0,0 0,0,0
0,0,0 0,0,0 0,0,0 0,0,0 0,0,0 0,0,0 0,0,0 0,0,0 0,0,0
0,0,0 0,0,0 0,0,0 0,0,0 0,0,0 0,0,0 0,0,0 0,0,0 0,0,0