MODE 0
BALL 70
STARS 0/3900/5600
ADDLINE 0,0,0 1,84,1 0,0,0 0,0,0 4,84,1 1,84,1 0,0,0 0,0,0 12,0,2
ADDLINE 1,81,1 1,81,1 12,0,2 2,81,1 2,81,1 1,81,1 1,81,1 1,81,1 1,81,1
ADDLINE 1,86,1 0,0,0 0,0,0 0,0,0 12,0,2 0,0,0 5,86,1 1,86,1 0,0,0
ADDLINE 5,90,1 12,0,2 1,90,1 2,90,1 1,90,1 1,90,1 1,90,1 1,90,1 1,90,1
ADDLINE 1,96,1 0,0,0 2,96,1 12,0,2 1,96,1 0,0,0 1,96,1 1,96,1 1,96,1
ADDLINE 5,105,1 0,0,0 1,105,1 12,0,2 4,105,1 0,0,0 1,105,1 1,105,1 1,105,1
ADDLINE 0,0,0 0,0,0 0,0,0 12,0,2 1,114,1 0,0,0 1,114,1 1,114,1 4,114,1
ADDLINE 1,118,1 1,118,1 1,118,1 4,118,1 1,118,1 12,0,2 1,118,1 1,118,1 2,118,1
ADDLINE 1,100,1 0,0,0 3,100,1 12,0,2 0,0,0 0,0,0 1,100,1 0,0,0 0,0,0
ADDLINE 1,110,1 12,0,2 0,0,0 0,0,0 0,0,0 1,110,1 1,110,1 0,0,0 1,110,1
ADDLINE 1,120,1 3,120,1 1,120,1 12,0,2 0,0,0 5,120,1 0,0,0 0,0,0 1,120,1
ADDLINE 4,130,1 1,130,1 1,130,1 1,130,1 3,130,1 1,130,1 12,0,2 1,130,1 0,0,0
ADDLINE 1,104,1 1,104,1 1,104,1 12,0,2 1,104,1 1,104,1 0,0,0 0,0,0 0,0,0
ADDLINE 1,115,1 1,115,1 1,115,1 12,0,2 0,0,0 3,115,1 0,0,0 2,115,1 1,115,1
ADDLINE 1,125,1 4,125,1 4,125,1 1,125,1 12,0,2 0,0,0 0,0,0 0,0,0 0,0,0
ADDLINE 5,135,1 1,135,1 1,135,1 1,135,1 1,135,1 12,0,2 0,0,0 1,135,1 0,0,0
ADDLINE 4,104,1 1,104,1 1,104,1 1,104,1 4,104,1 1,104,1 1,104,1 1,104,1 12,0,2
ADDLINE 1,119,1 2,119,1 0,0,0 12,0,2 0,0,0 0,0,0 0,0,0 0,0,0 0,0,0
ADDLINE 0,0,0 1,130,1 0,0,0 1,130,1 3,130,1 1,130,1 12,0,2 1,130,1 1,130,1
ADDLINE 0,0,0 0,0,0 0,0,0 2,141,1 1,141,1 1,141,1 0,0,0 12,0,2 0,0,0
ADDLINE 2,108,1 1,108,1 1,108,1 1,108,1 1,108,1 5,108,1 12,0,2 1,108,1 1,108,1
ADDLINE 1,124,1 1,124,1 0,0,0 0,0,0 0,0,0 0,0,0 0,0,0 12,0,2 0,0,0
ADDLINE 3,129,1 1,129,1 12,0,2 5,129,1 1,129,1 1,129,1 1,129,1 1,129,1 1,129,1
ADDLINE 3,147,1 1,147,1 0,0,0 4,147,1 12,0,2 1,147,1 1,147,1 1,147,1 0,0,0
ADDLINE 1,168,1 5,168,1 12,0,2 1,168,1 0,0,0 1,168,1 5,168,1 1,168,1 0,0,0
ADDLINE 0,0,0 12,0,2 0,0,0 1,170,1 0,0,0 4,170,1 1,170,1 1,170,1 0,0,0
ADDLINE 1,163,1 1,163,1 1,163,1 1,163,1 12,0,2 1,163,1 1,163,1 2,163,1 1,163,1
1,75,1 4,75,1 1,75,1 0,0,0 12,0,2 0,0,0 0,0,0 0,0,0 1,75,1
1,74,1 1,74,1 1,74,1 1,74,1 12,0,2 0,0,0 2,74,1 0,0,0 1,74,1
3,73,1 2,73,1 1,73,1 12,0,2 0,0,0 1,73,1 1,73,1 0,0,0 1,73,1
0,0,0 0,0,0 0,0,0 12,0,2 1,72,1 2,72,1 0,0,0 0,0,0 3,72,1
0,0,0 0,0,0 1,71,1 4,71,1 1,71,1 1,71,1 12,0,2 1,71,1 1,71,1
1,70,1 0,0,0 0,0,0 1,70,1 0,0,0 12,0,2 0,0,0 1,70,1 1,70,1
0,0,0 0,0,0 0,0,0 0,0,0 0,0,0 0,0,0 0,0,0 0,0,0 0,0,0
0,0,0 0,0,0 0,0,0 0,0,0 0,0,0 0,0,0 0,0,0 0,0,0 0,0,0
0,0,0 0,0,0 0,0,0 0,0,0 0,0,0 0,0,0 0,0,0 0,0,0 0,0,0