MODE 0
BALL 11
STARS 0/0/0
1,10,1 0,0,0 0,0,0 0,0,0 0,0,0 0,0,0 0,0,0 1,10,1 1,10,1
1,20,1 0,0,0 8,0,2 0,0,0 1,10,1 0,0,0 9,0,2 0,0,0 1,10,1
0,0,0 0,0,0 0,0,0 0,0,0 0,0,0 1,10,1 0,0,0 0,0,0 1,10,1
0,0,0 0,0,0 0,0,0 0,0,0 1,10,1 0,0,0 0,0,0 0,0,0 0,0,0
0,0,0 0,0,0 0,0,0 1,10,1 0,0,0 0,0,0 0,0,0 0,0,0 0,0,0
7,0,2 0,0,0 1,20,1 1,10,1 1,10,1 1,10,1 1,10,1 0,0,0 10,0,2
0,0,0 0,0,0 0,0,0 0,0,0 0,0,0 0,0,0 0,0,0 0,0,0 0,0,0
0,0,0 0,0,0 0,0,0 0,0,0 0,0,0 0,0,0 0,0,0 0,0,0 0,0,0
0,0,0 0,0,0 0,0,0 0,0,0 0,0,0 0,0,0 0,0,0 0,0,0 0,0,0