MODE 0
BALL 70
STARS 0/4500/6400
ADDLINE 0,0,0 0,0,0 0,0,0 1,84,1 0,0,0 1,84,1 12,0,2 0,0,0 0,0,0
ADDLINE 1,85,1 1,85,1 0,0,0 1,85,1 12,0,2 1,85,1 1,85,1 1,85,1 0,0,0
ADDLINE 0,0,0 12,0,2 0,0,0 1,86,1 0,0,0 1,86,1 1,86,1 1,86,1 0,0,0
ADDLINE 1,90,1 1,90,1 1,90,1 1,90,1 1,90,1 1,90,1 1,90,1 1,90,1 12,0,2
ADDLINE 0,0,0 1,96,1 0,0,0 0,0,0 1,96,1 1,96,1 0,0,0 0,0,0 12,0,2
ADDLINE 0,0,0 1,105,1 1,105,1 1,105,1 1,105,1 1,105,1 12,0,2 1,105,1 1,105,1
ADDLINE 0,0,0 1,114,1 1,114,1 1,114,1 1,114,1 1,114,1 12,0,2 0,0,0 0,0,0
ADDLINE 12,0,2 1,118,1 1,118,1 1,118,1 1,118,1 1,118,1 1,118,1 1,118,1 1,118,1
ADDLINE 0,0,0 1,100,1 1,100,1 1,100,1 1,100,1 1,100,1 12,0,2 0,0,0 0,0,0
ADDLINE 1,110,1 1,110,1 1,110,1 12,0,2 1,110,1 1,110,1 1,110,1 0,0,0 1,110,1
ADDLINE 1,120,1 0,0,0 1,120,1 12,0,2 1,120,1 0,0,0 0,0,0 0,0,0 1,120,1
ADDLINE 1,130,1 12,0,2 1,130,1 0,0,0 1,130,1 0,0,0 1,130,1 1,130,1 1,130,1
ADDLINE 0,0,0 0,0,0 1,104,1 0,0,0 0,0,0 0,0,0 0,0,0 12,0,2 1,104,1
ADDLINE 1,109,1 12,0,2 1,109,1 1,109,1 1,109,1 1,109,1 1,109,1 1,109,1 1,109,1
ADDLINE 1,125,1 0,0,0 1,125,1 0,0,0 12,0,2 0,0,0 1,125,1 0,0,0 0,0,0
ADDLINE 1,135,1 0,0,0 1,135,1 0,0,0 1,135,1 12,0,2 1,135,1 0,0,0 1,135,1
ADDLINE 1,109,1 12,0,2 1,109,1 0,0,0 1,109,1 0,0,0 0,0,0 0,0,0 1,109,1
ADDLINE 1,119,1 1,119,1 1,119,1 12,0,2 1,119,1 0,0,0 1,119,1 1,119,1 1,119,1
ADDLINE 1,130,1 1,130,1 0,0,0 12,0,2 0,0,0 0,0,0 0,0,0 0,0,0 0,0,0
ADDLINE 1,134,1 1,134,1 12,0,2 1,134,1 1,134,1 1,134,1 1,134,1 1,134,1 1,134,1
ADDLINE 1,113,1 1,113,1 12,0,2 1,113,1 1,113,1 1,113,1 0,0,0 0,0,0 0,0,0
ADDLINE 0,0,0 0,0,0 12,0,2 1,124,1 1,124,1 1,124,1 1,124,1 1,124,1 1,124,1
ADDLINE 1,135,1 1,135,1 0,0,0 0,0,0 1,135,1 1,135,1 12,0,2 0,0,0 1,135,1
ADDLINE 1,147,1 1,147,1 1,147,1 1,147,1 0,0,0 0,0,0 0,0,0 12,0,2 0,0,0
ADDLINE 1,118,1 1,118,1 1,118,1 12,0,2 1,118,1 1,118,1 1,118,1 1,118,1 0,0,0
ADDLINE 1,129,1 1,129,1 1,129,1 0,0,0 0,0,0 12,0,2 0,0,0 0,0,0 0,0,0
ADDLINE 0,0,0 1,140,1 1,140,1 1,140,1 1,140,1 12,0,2 1,140,1 1,140,1 1,140,1
ADDLINE 1,173,1 1,173,1 1,173,1 12,0,2 1,173,1 1,173,1 1,173,1 1,173,1 0,0,0
ADDLINE 1,175,1 1,175,1 1,175,1 12,0,2 1,175,1 0,0,0 0,0,0 0,0,0 0,0,0
ADDLINE 1,176,1 1,176,1 1,176,1 0,0,0 0,0,0 12,0,2 0,0,0 0,0,0 1,176,1
1,71,1 1,71,1 1,71,1 12,0,2 1,71,1 1,71,1 1,71,1 1,71,1 1,71,1
1,74,1 1,74,1 1,74,1 0,0,0 0,0,0 12,0,2 0,0,0 0,0,0 0,0,0
1,70,1 1,70,1 1,70,1 12,0,2 1,70,1 1,70,1 1,70,1 1,70,1 1,70,1
0,0,0 0,0,0 12,0,2 0,0,0 6,72,1 1,72,1 1,72,1 1,72,1 1,72,1
1,71,1 12,0,2 1,71,1 0,0,0 1,71,1 1,71,1 1,71,1 1,71,1 1,71,1
1,70,1 0,0,0 1,70,1 0,0,0 12,0,2 0,0,0 0,0,0 0,0,0 0,0,0
0,0,0 0,0,0 0,0,0 0,0,0 0,0,0 0,0,0 0,0,0 0,0,0 0,0,0
0,0,0 0,0,0 0,0,0 0,0,0 0,0,0 0,0,0 0,0,0 0,0,0 0,0,0
0,0,0 0,0,0 0,0,0 0,0,0 0,0,0 0,0,0 0,0,0 0,0,0 0,0,0