MODE 0
BALL 70
STARS 0/4100/6000
ADDLINE 11,0,2 1,168,1 1,84,1 1,84,1 1,84,1 1,84,1 12,0,2 1,84,1 1,84,1
ADDLINE 0,0,0 0,0,0 0,0,0 0,0,0 0,0,0 12,0,2 0,0,0 1,85,1 0,0,0
ADDLINE 0,0,0 1,172,1 16,86,1 1,172,1 12,0,2 1,172,1 1,172,1 1,172,1 1,172,1
ADDLINE 0,0,0 19,95,1 1,190,1 1,190,1 12,0,2 1,190,1 1,190,1 1,190,1 1,190,1
ADDLINE 0,0,0 1,192,1 1,192,1 1,96,1 12,0,2 1,96,1 0,0,0 1,96,1 1,96,1
ADDLINE 0,0,0 1,105,1 1,105,1 1,105,1 12,0,2 0,0,0 0,0,0 1,105,1 0,0,0
ADDLINE 0,0,0 1,228,1 1,228,1 1,228,1 1,228,1 1,228,1 1,228,1 16,114,1 12,0,2
ADDLINE 0,0,0 0,0,0 8,0,2 0,0,0 1,248,1 1,248,1 12,0,2 1,248,1 0,0,0
ADDLINE 1,200,1 1,200,1 12,0,2 1,200,1 20,100,1 1,200,1 17,100,1 1,200,1 0,0,0
ADDLINE 20,110,1 12,0,2 1,220,1 1,220,1 1,220,1 8,0,2 1,220,1 1,220,1 1,220,1
ADDLINE 0,0,0 12,0,2 0,0,0 0,0,0 0,0,0 0,0,0 1,120,1 0,0,0 1,120,1
ADDLINE 1,260,1 0,0,0 1,260,1 12,0,2 1,260,1 8,0,2 1,260,1 0,0,0 1,260,1
ADDLINE 1,104,1 0,0,0 1,104,1 0,0,0 1,104,1 12,0,2 1,104,1 0,0,0 1,104,1
ADDLINE 1,230,1 8,0,2 1,230,1 0,0,0 1,230,1 12,0,2 1,230,1 0,0,0 1,230,1
ADDLINE 1,250,1 1,250,1 16,125,1 12,0,2 1,250,1 1,250,1 1,250,1 0,0,0 1,250,1
ADDLINE 1,129,1 1,129,1 1,129,1 12,0,2 1,258,1 1,258,1 1,258,1 1,129,1 1,129,1
ADDLINE 1,218,1 12,0,2 0,0,0 0,0,0 1,218,1 10,0,2 0,0,0 0,0,0 0,0,0
ADDLINE 1,238,1 12,0,2 1,238,1 1,238,1 1,238,1 0,0,0 1,238,1 1,238,1 16,119,1
ADDLINE 0,0,0 0,0,0 12,0,2 0,0,0 1,130,1 1,130,1 1,130,1 1,130,1 1,130,1
ADDLINE 0,0,0 12,0,2 1,282,1 11,0,2 1,282,1 1,141,1 1,141,1 1,141,1 1,141,1
ADDLINE 1,226,1 16,113,1 1,226,1 1,226,1 1,226,1 1,226,1 12,0,2 0,0,0 1,226,1
ADDLINE 1,124,1 1,124,1 0,0,0 12,0,2 0,0,0 1,124,1 1,124,1 0,0,0 1,124,1
ADDLINE 1,270,1 1,270,1 1,270,1 1,270,1 0,0,0 1,270,1 12,0,2 8,0,2 1,270,1
ADDLINE 0,0,0 1,294,1 1,294,1 1,294,1 1,294,1 1,294,1 19,147,1 12,0,2 1,294,1
ADDLINE 8,0,2 12,0,2 1,236,1 1,236,1 1,236,1 1,236,1 1,236,1 1,236,1 0,0,0
ADDLINE 0,0,0 1,129,1 0,0,0 1,129,1 1,129,1 1,129,1 0,0,0 0,0,0 12,0,2
ADDLINE 0,0,0 0,0,0 0,0,0 1,140,1 1,140,1 1,140,1 12,0,2 1,140,1 1,140,1
ADDLINE 0,0,0 12,0,2 0,0,0 11,0,2 1,346,1 1,173,1 1,173,1 1,173,1 1,173,1
ADDLINE 0,0,0 0,0,0 1,350,1 1,350,1 12,0,2 0,0,0 0,0,0 1,175,1 1,175,1
ADDLINE 1,352,1 16,176,1 1,352,1 1,352,1 12,0,2 1,352,1 0,0,0 1,352,1 1,352,1
0,0,0 1,75,1 12,0,2 0,0,0 0,0,0 1,75,1 0,0,0 1,75,1 1,75,1
0,0,0 1,74,1 1,74,1 1,74,1 12,0,2 1,74,1 0,0,0 1,74,1 1,74,1
0,0,0 0,0,0 12,0,2 0,0,0 0,0,0 1,73,1 0,0,0 1,73,1 1,73,1
0,0,0 1,72,1 1,72,1 1,72,1 1,72,1 1,72,1 12,0,2 1,72,1 1,72,1
0,0,0 6,71,1 0,0,0 0,0,0 0,0,0 12,0,2 0,0,0 1,71,1 0,0,0
0,0,0 1,70,1 1,70,1 1,70,1 1,70,1 1,70,1 12,0,2 1,70,1 0,0,0
0,0,0 0,0,0 0,0,0 0,0,0 0,0,0 0,0,0 0,0,0 0,0,0 0,0,0
0,0,0 0,0,0 0,0,0 0,0,0 0,0,0 0,0,0 0,0,0 0,0,0 0,0,0
0,0,0 0,0,0 0,0,0 0,0,0 0,0,0 0,0,0 0,0,0 0,0,0 0,0,0