MODE 0
BALL 70
STARS 0/4400/6200
ADDLINE 1,80,1 1,80,1 1,80,1 1,80,1 1,80,1 1,80,1 1,80,1 1,80,1 12,0,2
ADDLINE 0,0,0 0,0,0 1,85,1 12,0,2 0,0,0 0,0,0 0,0,0 0,0,0 0,0,0
ADDLINE 0,0,0 1,86,1 1,86,1 12,0,2 1,86,1 1,86,1 1,86,1 1,86,1 1,86,1
ADDLINE 0,0,0 1,95,1 1,95,1 12,0,2 1,95,1 1,95,1 1,95,1 1,95,1 1,95,1
ADDLINE 0,0,0 12,0,2 0,0,0 0,0,0 0,0,0 0,0,0 0,0,0 1,96,1 1,96,1
ADDLINE 1,105,1 1,105,1 1,105,1 1,105,1 1,105,1 1,105,1 12,0,2 0,0,0 0,0,0
ADDLINE 1,109,1 1,109,1 1,109,1 1,109,1 1,109,1 1,109,1 1,109,1 1,109,1 12,0,2
ADDLINE 1,118,1 1,118,1 1,118,1 1,118,1 1,118,1 1,118,1 1,118,1 1,118,1 12,0,2
ADDLINE 1,100,1 1,100,1 1,100,1 1,100,1 1,100,1 0,0,0 0,0,0 12,0,2 0,0,0
ADDLINE 1,110,1 0,0,0 1,110,1 0,0,0 12,0,2 0,0,0 1,110,1 0,0,0 1,110,1
ADDLINE 1,120,1 12,0,2 1,120,1 1,120,1 1,120,1 0,0,0 1,120,1 0,0,0 1,120,1
ADDLINE 1,130,1 0,0,0 1,130,1 0,0,0 0,0,0 0,0,0 1,130,1 12,0,2 0,0,0
ADDLINE 1,104,1 0,0,0 1,104,1 12,0,2 1,104,1 1,104,1 1,104,1 0,0,0 1,104,1
ADDLINE 1,115,1 0,0,0 1,115,1 12,0,2 1,115,1 0,0,0 0,0,0 0,0,0 1,115,1
ADDLINE 1,125,1 12,0,2 1,125,1 0,0,0 1,125,1 0,0,0 1,125,1 1,125,1 1,125,1
ADDLINE 1,135,1 0,0,0 12,0,2 0,0,0 1,135,1 0,0,0 0,0,0 0,0,0 1,135,1
ADDLINE 1,104,1 12,0,2 1,104,1 1,104,1 1,104,1 1,104,1 1,104,1 1,104,1 1,104,1
ADDLINE 1,119,1 0,0,0 0,0,0 0,0,0 12,0,2 0,0,0 0,0,0 0,0,0 0,0,0
ADDLINE 1,124,1 1,124,1 1,124,1 1,124,1 1,124,1 12,0,2 1,124,1 1,124,1 1,124,1
ADDLINE 0,0,0 12,0,2 0,0,0 0,0,0 0,0,0 0,0,0 1,141,1 0,0,0 0,0,0
ADDLINE 1,113,1 12,0,2 1,113,1 1,113,1 1,113,1 0,0,0 1,113,1 1,113,1 1,113,1
ADDLINE 1,124,1 12,0,2 1,124,1 1,124,1 1,124,1 0,0,0 1,124,1 1,124,1 1,124,1
ADDLINE 1,129,1 12,0,2 1,129,1 1,129,1 1,129,1 1,129,1 1,129,1 1,129,1 1,129,1
ADDLINE 1,147,1 0,0,0 0,0,0 0,0,0 1,147,1 0,0,0 1,147,1 12,0,2 0,0,0
ADDLINE 1,118,1 1,118,1 1,118,1 12,0,2 1,118,1 0,0,0 1,118,1 1,118,1 1,118,1
ADDLINE 0,0,0 0,0,0 1,129,1 12,0,2 1,129,1 0,0,0 1,129,1 1,129,1 1,129,1
ADDLINE 1,134,1 1,134,1 1,134,1 1,134,1 1,134,1 12,0,2 1,134,1 1,134,1 1,134,1
ADDLINE 1,165,1 1,165,1 1,165,1 1,165,1 1,165,1 1,165,1 1,165,1 12,0,2 1,165,1
ADDLINE 0,0,0 0,0,0 1,175,1 1,175,1 1,175,1 1,175,1 1,175,1 12,0,2 1,175,1
ADDLINE 1,176,1 12,0,2 1,176,1 1,176,1 1,176,1 1,176,1 1,176,1 0,0,0 1,176,1
1,75,1 1,75,1 1,75,1 0,0,0 12,0,2 1,75,1 1,75,1 1,75,1 0,0,0
1,74,1 1,74,1 1,74,1 1,74,1 12,0,2 1,74,1 1,74,1 0,0,0 0,0,0
1,73,1 1,73,1 1,73,1 6,73,1 12,0,2 0,0,0 1,73,1 0,0,0 0,0,0
1,72,1 1,72,1 1,72,1 1,72,1 1,72,1 12,0,2 0,0,0 1,72,1 0,0,0
0,0,0 0,0,0 12,0,2 0,0,0 0,0,0 0,0,0 0,0,0 1,71,1 0,0,0
0,0,0 1,70,1 1,70,1 1,70,1 1,70,1 1,70,1 1,70,1 1,70,1 12,0,2
0,0,0 0,0,0 0,0,0 0,0,0 0,0,0 0,0,0 0,0,0 0,0,0 0,0,0
0,0,0 0,0,0 0,0,0 0,0,0 0,0,0 0,0,0 0,0,0 0,0,0 0,0,0
0,0,0 0,0,0 0,0,0 0,0,0 0,0,0 0,0,0 0,0,0 0,0,0 0,0,0