MODE 0
BALL 70
STARS 0/4200/6300
ADDLINE 1,84,1 3,84,1 1,168,1 7,0,2 12,0,2 1,84,1 1,84,1 0,0,0 1,168,1
ADDLINE 1,85,1 4,85,1 1,170,1 12,0,2 0,0,0 1,85,1 1,85,1 0,0,0 0,0,0
ADDLINE 0,0,0 0,0,0 0,0,0 0,0,0 1,86,1 1,86,1 0,0,0 12,0,2 0,0,0
ADDLINE 0,0,0 4,95,1 1,95,1 1,95,1 1,95,1 1,95,1 12,0,2 3,95,1 1,95,1
ADDLINE 1,96,1 1,96,1 4,96,1 1,96,1 1,96,1 1,96,1 12,0,2 0,0,0 0,0,0
ADDLINE 1,105,1 2,105,1 1,105,1 1,105,1 1,105,1 0,0,0 12,0,2 2,105,1 0,0,0
ADDLINE 1,114,1 1,114,1 2,114,1 1,114,1 1,114,1 0,0,0 4,114,1 12,0,2 0,0,0
ADDLINE 1,124,1 1,124,1 1,124,1 0,0,0 12,0,2 0,0,0 0,0,0 0,0,0 2,124,1
ADDLINE 1,100,1 1,100,1 1,100,1 12,0,2 0,0,0 0,0,0 0,0,0 1,100,1 5,100,1
ADDLINE 4,110,1 0,0,0 1,110,1 0,0,0 1,110,1 12,0,2 1,220,1 0,0,0 2,110,1
ADDLINE 1,120,1 0,0,0 1,120,1 12,0,2 1,120,1 1,240,1 7,0,2 1,240,1 1,240,1
ADDLINE 0,0,0 0,0,0 1,260,1 0,0,0 0,0,0 12,0,2 1,260,1 0,0,0 10,0,2
ADDLINE 1,100,1 4,100,1 4,100,1 1,100,1 1,100,1 2,100,1 5,100,1 12,0,2 1,200,1
ADDLINE 1,115,1 0,0,0 12,0,2 0,0,0 0,0,0 0,0,0 0,0,0 0,0,0 1,115,1
ADDLINE 1,125,1 12,0,2 1,125,1 1,125,1 1,125,1 1,125,1 1,125,1 0,0,0 1,125,1
ADDLINE 3,135,1 0,0,0 1,135,1 0,0,0 0,0,0 12,0,2 1,135,1 0,0,0 1,135,1
ADDLINE 1,109,1 0,0,0 1,109,1 1,109,1 2,109,1 12,0,2 1,109,1 0,0,0 1,109,1
ADDLINE 1,119,1 0,0,0 0,0,0 0,0,0 0,0,0 12,0,2 5,119,1 0,0,0 0,0,0
ADDLINE 1,260,1 0,0,0 1,260,1 12,0,2 1,260,1 0,0,0 1,260,1 8,0,2 1,260,1
ADDLINE 0,0,0 0,0,0 1,141,1 0,0,0 1,141,1 12,0,2 1,141,1 0,0,0 0,0,0
ADDLINE 1,113,1 5,113,1 1,113,1 12,0,2 1,113,1 0,0,0 1,113,1 1,113,1 4,113,1
ADDLINE 1,124,1 1,124,1 1,124,1 0,0,0 1,124,1 12,0,2 1,124,1 0,0,0 0,0,0
ADDLINE 1,135,1 1,135,1 1,270,1 11,0,2 1,270,1 12,0,2 5,135,1 0,0,0 1,135,1
ADDLINE 2,147,1 4,147,1 1,294,1 12,0,2 1,294,1 0,0,0 1,147,1 0,0,0 1,147,1
ADDLINE 1,118,1 1,118,1 1,118,1 12,0,2 1,118,1 0,0,0 1,118,1 1,118,1 1,118,1
ADDLINE 1,129,1 0,0,0 5,129,1 0,0,0 1,258,1 12,0,2 0,0,0 0,0,0 1,129,1
ADDLINE 1,140,1 2,140,1 1,140,1 12,0,2 1,280,1 7,0,2 1,280,1 2,140,1 4,140,1
ADDLINE 0,0,0 1,346,1 1,346,1 1,346,1 0,0,0 1,346,1 12,0,2 5,173,1 1,173,1
ADDLINE 0,0,0 0,0,0 10,0,2 1,350,1 0,0,0 12,0,2 0,0,0 1,350,1 0,0,0
ADDLINE 1,168,1 1,168,1 1,168,1 1,168,1 3,168,1 1,168,1 1,168,1 1,168,1 12,0,2
1,75,1 6,75,1 1,150,1 1,150,1 1,150,1 0,0,0 1,75,1 12,0,2 11,0,2
1,148,1 1,148,1 1,148,1 1,148,1 1,148,1 0,0,0 1,148,1 12,0,2 8,0,2
1,73,1 1,73,1 1,73,1 1,73,1 2,73,1 12,0,2 1,73,1 3,73,1 0,0,0
1,72,1 1,72,1 1,72,1 1,72,1 0,0,0 12,0,2 3,72,1 5,72,1 0,0,0
1,71,1 0,0,0 0,0,0 0,0,0 12,0,2 1,71,1 1,71,1 1,71,1 0,0,0
0,0,0 12,0,2 1,140,1 1,140,1 0,0,0 8,0,2 0,0,0 0,0,0 0,0,0
0,0,0 0,0,0 0,0,0 0,0,0 0,0,0 0,0,0 0,0,0 0,0,0 0,0,0
0,0,0 0,0,0 0,0,0 0,0,0 0,0,0 0,0,0 0,0,0 0,0,0 0,0,0
0,0,0 0,0,0 0,0,0 0,0,0 0,0,0 0,0,0 0,0,0 0,0,0 0,0,0