MODE 0
BALL 70
STARS 0/4400/6300
ADDLINE 2,80,1 1,80,1 5,80,1 2,80,1 12,0,2 1,80,1 1,80,1 4,80,1 1,80,1
ADDLINE 1,85,1 1,85,1 1,85,1 1,85,1 0,0,0 4,85,1 12,0,2 0,0,0 0,0,0
ADDLINE 1,86,1 1,86,1 1,86,1 1,86,1 12,0,2 1,86,1 0,0,0 1,86,1 1,86,1
ADDLINE 1,95,1 1,95,1 1,95,1 1,95,1 0,0,0 1,95,1 12,0,2 2,95,1 0,0,0
ADDLINE 1,96,1 4,96,1 1,96,1 3,96,1 12,0,2 1,96,1 3,96,1 1,96,1 0,0,0
ADDLINE 0,0,0 1,105,1 0,0,0 1,105,1 0,0,0 1,105,1 0,0,0 0,0,0 12,0,2
ADDLINE 1,114,1 1,114,1 0,0,0 2,114,1 12,0,2 1,114,1 0,0,0 2,114,1 1,114,1
ADDLINE 1,124,1 1,124,1 12,0,2 1,124,1 0,0,0 5,124,1 0,0,0 1,124,1 3,124,1
ADDLINE 1,100,1 1,100,1 0,0,0 1,100,1 12,0,2 1,100,1 0,0,0 1,100,1 1,100,1
ADDLINE 3,110,1 1,110,1 1,110,1 12,0,2 1,110,1 1,110,1 1,110,1 0,0,0 1,110,1
ADDLINE 2,120,1 0,0,0 0,0,0 0,0,0 0,0,0 12,0,2 1,120,1 0,0,0 1,120,1
ADDLINE 1,130,1 1,130,1 1,130,1 2,130,1 4,130,1 12,0,2 1,130,1 0,0,0 1,130,1
ADDLINE 0,0,0 0,0,0 0,0,0 12,0,2 1,104,1 0,0,0 0,0,0 0,0,0 3,104,1
ADDLINE 1,109,1 1,109,1 1,109,1 12,0,2 5,109,1 4,109,1 1,109,1 1,109,1 1,109,1
ADDLINE 1,125,1 0,0,0 1,125,1 0,0,0 0,0,0 0,0,0 12,0,2 0,0,0 1,125,1
ADDLINE 1,135,1 12,0,2 1,135,1 2,135,1 1,135,1 1,135,1 1,135,1 0,0,0 1,135,1
ADDLINE 2,109,1 0,0,0 0,0,0 12,0,2 0,0,0 0,0,0 3,109,1 0,0,0 1,109,1
ADDLINE 1,119,1 12,0,2 1,119,1 1,119,1 1,119,1 0,0,0 5,119,1 0,0,0 1,119,1
ADDLINE 1,130,1 1,130,1 1,130,1 0,0,0 0,0,0 12,0,2 0,0,0 0,0,0 0,0,0
ADDLINE 5,141,1 2,141,1 1,141,1 0,0,0 1,141,1 1,141,1 0,0,0 12,0,2 0,0,0
ADDLINE 1,113,1 12,0,2 0,0,0 0,0,0 1,113,1 1,113,1 0,0,0 4,113,1 1,113,1
ADDLINE 1,124,1 12,0,2 1,124,1 1,124,1 1,124,1 1,124,1 1,124,1 0,0,0 5,124,1
ADDLINE 3,135,1 12,0,2 1,135,1 4,135,1 1,135,1 1,135,1 1,135,1 0,0,0 1,135,1
ADDLINE 4,147,1 0,0,0 0,0,0 0,0,0 0,0,0 0,0,0 12,0,2 0,0,0 1,147,1
ADDLINE 1,118,1 1,118,1 2,118,1 1,118,1 12,0,2 1,118,1 0,0,0 1,118,1 5,118,1
ADDLINE 1,129,1 1,129,1 1,129,1 1,129,1 12,0,2 1,129,1 0,0,0 1,129,1 3,129,1
ADDLINE 1,140,1 1,140,1 1,140,1 5,140,1 12,0,2 2,140,1 0,0,0 1,140,1 1,140,1
ADDLINE 0,0,0 1,173,1 1,173,1 0,0,0 0,0,0 12,0,2 3,173,1 1,173,1 1,173,1
ADDLINE 0,0,0 12,0,2 0,0,0 0,0,0 0,0,0 0,0,0 1,175,1 1,175,1 1,175,1
ADDLINE 0,0,0 1,176,1 0,0,0 12,0,2 5,176,1 3,176,1 1,176,1 4,176,1 1,176,1
0,0,0 0,0,0 3,75,1 0,0,0 0,0,0 0,0,0 0,0,0 0,0,0 12,0,2
1,71,1 1,71,1 1,71,1 1,71,1 12,0,2 1,71,1 5,71,1 5,71,1 1,71,1
0,0,0 1,73,1 1,73,1 1,73,1 0,0,0 6,73,1 4,73,1 1,73,1 12,0,2
12,0,2 1,69,1 1,69,1 3,69,1 1,69,1 1,69,1 1,69,1 1,69,1 1,69,1
0,0,0 0,0,0 12,0,2 0,0,0 0,0,0 1,71,1 0,0,0 0,0,0 0,0,0
1,70,1 1,70,1 2,70,1 3,70,1 0,0,0 1,70,1 12,0,2 4,70,1 0,0,0
0,0,0 0,0,0 0,0,0 0,0,0 0,0,0 0,0,0 0,0,0 0,0,0 0,0,0
0,0,0 0,0,0 0,0,0 0,0,0 0,0,0 0,0,0 0,0,0 0,0,0 0,0,0
0,0,0 0,0,0 0,0,0 0,0,0 0,0,0 0,0,0 0,0,0 0,0,0 0,0,0