MODE 0
BALL 70
STARS 0/4500/6200
ADDLINE 1,84,1 1,84,1 1,84,1 2,84,1 1,84,1 1,84,1 12,0,2 1,84,1 0,0,0
ADDLINE 4,85,1 1,85,1 1,85,1 5,85,1 0,0,0 12,0,2 0,0,0 1,85,1 0,0,0
ADDLINE 4,86,1 1,86,1 12,0,2 0,0,0 0,0,0 1,86,1 1,86,1 1,86,1 0,0,0
ADDLINE 1,95,1 12,0,2 0,0,0 2,95,1 1,95,1 1,95,1 1,95,1 0,0,0 0,0,0
ADDLINE 1,96,1 0,0,0 0,0,0 12,0,2 0,0,0 1,96,1 3,96,1 0,0,0 0,0,0
ADDLINE 1,105,1 1,105,1 1,105,1 4,105,1 1,105,1 4,105,1 12,0,2 1,105,1 0,0,0
ADDLINE 1,114,1 1,114,1 1,114,1 1,114,1 2,114,1 1,114,1 12,0,2 1,114,1 0,0,0
ADDLINE 1,124,1 1,124,1 3,124,1 3,124,1 2,124,1 0,0,0 12,0,2 1,124,1 0,0,0
ADDLINE 1,100,1 1,100,1 4,100,1 1,100,1 1,100,1 0,0,0 1,100,1 12,0,2 0,0,0
ADDLINE 1,110,1 0,0,0 0,0,0 0,0,0 12,0,2 0,0,0 1,110,1 0,0,0 0,0,0
ADDLINE 1,120,1 0,0,0 3,120,1 4,120,1 1,120,1 12,0,2 1,120,1 0,0,0 1,120,1
ADDLINE 0,0,0 12,0,2 1,130,1 0,0,0 0,0,0 0,0,0 0,0,0 0,0,0 1,130,1
ADDLINE 1,100,1 1,100,1 1,100,1 12,0,2 1,100,1 3,100,1 1,100,1 1,100,1 5,100,1
ADDLINE 0,0,0 0,0,0 12,0,2 0,0,0 1,115,1 0,0,0 0,0,0 0,0,0 1,115,1
ADDLINE 1,125,1 1,125,1 1,125,1 1,125,1 4,125,1 12,0,2 1,125,1 0,0,0 3,125,1
ADDLINE 0,0,0 0,0,0 12,0,2 0,0,0 0,0,0 0,0,0 1,135,1 0,0,0 0,0,0
ADDLINE 1,104,1 3,104,1 4,104,1 1,104,1 1,104,1 12,0,2 2,104,1 1,104,1 1,104,1
ADDLINE 0,0,0 1,119,1 1,119,1 3,119,1 0,0,0 0,0,0 12,0,2 1,119,1 1,119,1
ADDLINE 0,0,0 3,130,1 1,130,1 1,130,1 1,130,1 1,130,1 12,0,2 1,130,1 1,130,1
ADDLINE 0,0,0 12,0,2 0,0,0 3,141,1 0,0,0 1,141,1 0,0,0 5,141,1 0,0,0
ADDLINE 1,113,1 1,113,1 1,113,1 1,113,1 12,0,2 4,113,1 0,0,0 1,113,1 1,113,1
ADDLINE 1,124,1 1,124,1 2,124,1 1,124,1 12,0,2 1,124,1 0,0,0 4,124,1 1,124,1
ADDLINE 1,135,1 1,135,1 1,135,1 2,135,1 12,0,2 1,135,1 0,0,0 5,135,1 1,135,1
ADDLINE 0,0,0 0,0,0 0,0,0 12,0,2 0,0,0 0,0,0 0,0,0 1,147,1 0,0,0
ADDLINE 0,0,0 1,118,1 1,118,1 4,118,1 2,118,1 1,118,1 12,0,2 1,118,1 3,118,1
ADDLINE 0,0,0 1,129,1 12,0,2 1,129,1 1,129,1 1,129,1 0,0,0 1,129,1 0,0,0
ADDLINE 0,0,0 1,140,1 12,0,2 1,140,1 1,140,1 4,140,1 0,0,0 1,140,1 0,0,0
ADDLINE 0,0,0 0,0,0 0,0,0 1,173,1 0,0,0 12,0,2 0,0,0 1,173,1 0,0,0
ADDLINE 1,175,1 3,175,1 1,175,1 1,175,1 12,0,2 1,175,1 1,175,1 1,175,1 0,0,0
ADDLINE 0,0,0 0,0,0 12,0,2 0,0,0 0,0,0 4,176,1 1,176,1 2,176,1 0,0,0
0,0,0 1,75,1 4,75,1 12,0,2 0,0,0 1,75,1 1,75,1 0,0,0 0,0,0
3,74,1 1,74,1 1,74,1 12,0,2 3,74,1 2,74,1 1,74,1 1,74,1 0,0,0
1,73,1 6,73,1 1,73,1 0,0,0 0,0,0 12,0,2 1,73,1 0,0,0 0,0,0
0,0,0 0,0,0 0,0,0 0,0,0 2,72,1 12,0,2 1,72,1 0,0,0 1,72,1
1,71,1 1,71,1 1,71,1 0,0,0 1,71,1 0,0,0 2,71,1 12,0,2 0,0,0
5,70,1 1,70,1 1,70,1 12,0,2 1,70,1 1,70,1 3,70,1 1,70,1 0,0,0
0,0,0 0,0,0 0,0,0 0,0,0 0,0,0 0,0,0 0,0,0 0,0,0 0,0,0
0,0,0 0,0,0 0,0,0 0,0,0 0,0,0 0,0,0 0,0,0 0,0,0 0,0,0
0,0,0 0,0,0 0,0,0 0,0,0 0,0,0 0,0,0 0,0,0 0,0,0 0,0,0