MODE 0
BALL 70
STARS 0/4600/6500
ADDLINE 1,84,1 0,0,0 1,84,1 1,84,1 2,84,1 0,0,0 1,84,1 12,0,2 0,0,0
ADDLINE 1,85,1 12,0,2 3,85,1 5,85,1 1,85,1 1,85,1 1,85,1 0,0,0 1,85,1
ADDLINE 3,86,1 0,0,0 0,0,0 12,0,2 0,0,0 0,0,0 0,0,0 0,0,0 1,86,1
ADDLINE 1,90,1 1,90,1 1,90,1 1,90,1 1,90,1 12,0,2 3,90,1 1,180,1 1,180,1
ADDLINE 0,0,0 0,0,0 12,0,2 0,0,0 1,96,1 0,0,0 1,96,1 1,192,1 17,96,1
ADDLINE 1,105,1 1,105,1 2,105,1 12,0,2 4,105,1 0,0,0 1,210,1 1,210,1 1,210,1
ADDLINE 1,114,1 4,114,1 4,114,1 12,0,2 1,114,1 0,0,0 1,228,1 17,114,1 1,114,1
ADDLINE 1,124,1 5,124,1 1,124,1 12,0,2 1,124,1 0,0,0 1,248,1 1,248,1 1,124,1
ADDLINE 1,100,1 1,100,1 3,100,1 0,0,0 1,100,1 0,0,0 1,100,1 12,0,2 0,0,0
ADDLINE 0,0,0 1,220,1 16,110,1 1,220,1 1,220,1 12,0,2 1,220,1 1,220,1 1,220,1
ADDLINE 1,240,1 0,0,0 3,120,1 12,0,2 1,120,1 0,0,0 1,120,1 1,120,1 1,120,1
ADDLINE 19,130,1 1,260,1 1,260,1 1,260,1 1,260,1 12,0,2 1,260,1 1,260,1 0,0,0
ADDLINE 1,208,1 12,0,2 1,208,1 1,208,1 19,104,1 1,208,1 1,208,1 1,208,1 1,208,1
ADDLINE 1,115,1 0,0,0 1,115,1 0,0,0 1,230,1 12,0,2 0,0,0 0,0,0 1,115,1
ADDLINE 5,125,1 1,125,1 3,125,1 12,0,2 1,125,1 1,125,1 1,125,1 0,0,0 1,125,1
ADDLINE 0,0,0 0,0,0 1,135,1 0,0,0 1,135,1 0,0,0 0,0,0 12,0,2 2,135,1
ADDLINE 1,218,1 12,0,2 1,218,1 1,218,1 1,218,1 0,0,0 1,218,1 1,218,1 16,109,1
ADDLINE 1,119,1 0,0,0 0,0,0 0,0,0 0,0,0 12,0,2 1,119,1 0,0,0 0,0,0
ADDLINE 0,0,0 12,0,2 0,0,0 0,0,0 1,130,1 2,130,1 1,130,1 1,130,1 1,130,1
ADDLINE 0,0,0 4,141,1 1,141,1 1,141,1 0,0,0 0,0,0 0,0,0 12,0,2 3,141,1
ADDLINE 0,0,0 0,0,0 12,0,2 0,0,0 1,113,1 1,113,1 1,113,1 0,0,0 1,113,1
ADDLINE 1,124,1 20,124,1 1,248,1 1,124,1 1,124,1 1,124,1 1,124,1 1,124,1 12,0,2
ADDLINE 1,135,1 12,0,2 1,270,1 0,0,0 1,135,1 1,135,1 1,135,1 5,135,1 0,0,0
ADDLINE 1,147,1 12,0,2 1,147,1 1,147,1 1,147,1 4,147,1 4,147,1 3,147,1 0,0,0
ADDLINE 1,118,1 1,118,1 1,118,1 4,118,1 3,118,1 0,0,0 12,0,2 0,0,0 0,0,0
ADDLINE 0,0,0 12,0,2 1,129,1 2,129,1 0,0,0 1,129,1 3,129,1 1,129,1 1,129,1
ADDLINE 0,0,0 0,0,0 12,0,2 0,0,0 0,0,0 1,140,1 1,140,1 1,140,1 1,140,1
ADDLINE 1,346,1 1,346,1 16,173,1 1,346,1 1,346,1 12,0,2 1,346,1 0,0,0 1,346,1
ADDLINE 20,175,1 1,350,1 12,0,2 0,0,0 0,0,0 0,0,0 0,0,0 0,0,0 5,175,1
ADDLINE 0,0,0 0,0,0 1,176,1 1,176,1 12,0,2 1,176,1 4,176,1 1,176,1 1,176,1
1,71,1 1,71,1 1,71,1 12,0,2 4,71,1 1,71,1 1,71,1 1,71,1 1,71,1
0,0,0 0,0,0 0,0,0 0,0,0 6,74,1 0,0,0 0,0,0 0,0,0 12,0,2
1,73,1 1,73,1 1,73,1 12,0,2 2,73,1 2,73,1 5,73,1 0,0,0 1,73,1
8,0,2 1,144,1 1,144,1 12,0,2 1,144,1 1,144,1 1,144,1 0,0,0 1,144,1
1,71,1 4,71,1 1,71,1 12,0,2 1,71,1 9,0,2 1,71,1 1,71,1 1,71,1
0,0,0 12,0,2 3,70,1 0,0,0 1,140,1 0,0,0 1,140,1 0,0,0 0,0,0
0,0,0 0,0,0 0,0,0 0,0,0 0,0,0 0,0,0 0,0,0 0,0,0 0,0,0
0,0,0 0,0,0 0,0,0 0,0,0 0,0,0 0,0,0 0,0,0 0,0,0 0,0,0
0,0,0 0,0,0 0,0,0 0,0,0 0,0,0 0,0,0 0,0,0 0,0,0 0,0,0