MODE 0
BALL 50
STARS 0/1900/2700
ADDLINE 1,47,1 1,47,1 0,0,0 12,0,2 1,47,1 1,47,1 1,47,1 1,47,1 1,47,1
ADDLINE 1,48,1 1,48,1 1,48,1 12,0,2 0,0,0 1,48,1 1,48,1 1,48,1 1,48,1
ADDLINE 1,75,1 12,0,2 1,75,1 1,75,1 1,75,1 1,75,1 1,75,1 0,0,0 1,75,1
1,48,1 0,0,0 0,0,0 1,48,1 12,0,2 1,48,1 0,0,0 1,48,1 0,0,0
1,48,1 0,0,0 1,48,1 1,48,1 1,48,1 0,0,0 12,0,2 1,48,1 0,0,0
0,0,0 15,0,2 12,0,2 1,47,1 1,47,1 1,47,1 1,47,1 1,47,1 1,47,1
1,46,1 1,46,1 0,0,0 1,46,1 1,46,1 0,0,0 0,0,0 1,46,1 14,0,2
1,46,1 0,0,0 12,0,2 1,46,1 0,0,0 1,46,1 1,46,1 1,46,1 12,0,2
4,44,1 3,44,1 1,44,1 0,0,0 0,0,0 1,44,1 12,0,2 1,44,1 0,0,0
0,0,0 0,0,0 0,0,0 0,0,0 0,0,0 0,0,0 0,0,0 0,0,0 0,0,0
0,0,0 0,0,0 0,0,0 0,0,0 0,0,0 0,0,0 0,0,0 0,0,0 0,0,0
0,0,0 0,0,0 0,0,0 0,0,0 0,0,0 0,0,0 0,0,0 0,0,0 0,0,0