MODE 0
BALL 70
STARS 0/4300/6200
ADDLINE 1,188,1 1,188,1 12,0,2 0,0,0 8,0,2 1,188,1 1,188,1 1,188,1 1,188,1
ADDLINE 1,95,1 1,95,1 12,0,2 1,95,1 0,0,0 1,95,1 1,95,1 1,95,1 1,95,1
ADDLINE 1,96,1 0,0,0 12,0,2 1,96,1 0,0,0 1,96,1 1,96,1 1,96,1 1,96,1
ADDLINE 1,212,1 12,0,2 1,212,1 1,212,1 8,0,2 1,212,1 1,212,1 1,212,1 1,212,1
ADDLINE 1,107,1 12,0,2 0,0,0 1,107,1 0,0,0 1,107,1 1,107,1 1,107,1 1,107,1
ADDLINE 1,117,1 1,117,1 0,0,0 1,234,1 0,0,0 0,0,0 0,0,0 12,0,2 11,0,2
ADDLINE 1,254,1 1,254,1 12,0,2 0,0,0 10,0,2 1,254,1 1,254,1 1,254,1 0,0,0
ADDLINE 1,138,1 1,138,1 1,138,1 1,276,1 0,0,0 0,0,0 12,0,2 0,0,0 0,0,0
ADDLINE 0,0,0 1,111,1 1,111,1 1,111,1 1,111,1 12,0,2 1,111,1 1,111,1 1,111,1
ADDLINE 1,122,1 0,0,0 1,244,1 12,0,2 1,122,1 0,0,0 1,122,1 0,0,0 1,122,1
ADDLINE 1,266,1 10,0,2 1,266,1 12,0,2 1,266,1 1,266,1 1,266,1 0,0,0 1,266,1
ADDLINE 1,144,1 0,0,0 1,288,1 12,0,2 1,144,1 0,0,0 0,0,0 0,0,0 1,144,1
ADDLINE 1,230,1 0,0,0 1,230,1 0,0,0 1,230,1 12,0,2 1,230,1 10,0,2 1,230,1
ADDLINE 0,0,0 12,0,2 1,127,1 0,0,0 1,127,1 0,0,0 1,254,1 0,0,0 1,127,1
ADDLINE 1,138,1 1,138,1 1,138,1 12,0,2 1,138,1 0,0,0 1,138,1 1,138,1 1,138,1
ADDLINE 0,0,0 0,0,0 1,149,1 0,0,0 1,149,1 0,0,0 1,149,1 0,0,0 12,0,2
ADDLINE 1,120,1 0,0,0 1,120,1 0,0,0 1,120,1 12,0,2 1,120,1 0,0,0 1,120,1
ADDLINE 1,131,1 0,0,0 1,131,1 0,0,0 1,131,1 0,0,0 1,262,1 12,0,2 0,0,0
ADDLINE 1,286,1 12,0,2 1,286,1 1,286,1 1,286,1 0,0,0 10,0,2 0,0,0 1,286,1
ADDLINE 1,147,1 12,0,2 1,147,1 1,147,1 1,147,1 1,294,1 1,294,1 1,294,1 1,147,1
ADDLINE 1,124,1 12,0,2 0,0,0 0,0,0 0,0,0 0,0,0 0,0,0 0,0,0 0,0,0
ADDLINE 1,130,1 1,130,1 1,130,1 1,130,1 1,130,1 12,0,2 1,130,1 1,130,1 1,130,1
ADDLINE 1,148,1 1,148,1 1,148,1 1,148,1 1,148,1 12,0,2 1,148,1 0,0,0 0,0,0
ADDLINE 1,153,1 1,153,1 1,153,1 1,153,1 1,153,1 12,0,2 1,153,1 1,153,1 1,153,1
ADDLINE 0,0,0 0,0,0 0,0,0 0,0,0 12,0,2 0,0,0 0,0,0 0,0,0 1,129,1
ADDLINE 1,134,1 12,0,2 1,134,1 1,134,1 1,134,1 1,134,1 1,134,1 1,134,1 1,134,1
ADDLINE 1,306,1 8,0,2 1,306,1 1,306,1 1,306,1 1,306,1 1,306,1 12,0,2 0,0,0
ADDLINE 1,189,1 1,189,1 1,189,1 12,0,2 1,189,1 1,189,1 1,189,1 0,0,0 1,189,1
ADDLINE 1,191,1 1,191,1 1,191,1 0,0,0 1,191,1 12,0,2 0,0,0 0,0,0 0,0,0
ADDLINE 1,183,1 1,183,1 1,183,1 12,0,2 1,183,1 1,183,1 1,183,1 1,183,1 1,183,1
1,84,1 1,84,1 12,0,2 1,168,1 1,168,1 11,0,2 1,168,1 1,84,1 1,84,1
1,83,1 1,166,1 0,0,0 12,0,2 11,0,2 0,0,0 0,0,0 1,83,1 1,83,1
1,82,1 7,0,2 1,164,1 12,0,2 0,0,0 0,0,0 0,0,0 0,0,0 1,82,1
1,81,1 1,162,1 1,162,1 6,81,1 1,81,1 12,0,2 1,81,1 0,0,0 1,81,1
1,80,1 1,80,1 1,80,1 1,80,1 1,80,1 12,0,2 1,80,1 0,0,0 1,80,1
1,79,1 1,79,1 1,79,1 0,0,0 12,0,2 0,0,0 0,0,0 0,0,0 0,0,0
0,0,0 0,0,0 0,0,0 0,0,0 0,0,0 0,0,0 0,0,0 0,0,0 0,0,0
0,0,0 0,0,0 0,0,0 0,0,0 0,0,0 0,0,0 0,0,0 0,0,0 0,0,0
0,0,0 0,0,0 0,0,0 0,0,0 0,0,0 0,0,0 0,0,0 0,0,0 0,0,0