MODE 0
BALL 70
STARS 0/4700/6800
ADDLINE 0,0,0 0,0,0 0,0,0 1,94,1 12,0,2 0,0,0 0,0,0 0,0,0 0,0,0
ADDLINE 1,90,1 1,90,1 1,90,1 1,90,1 12,0,2 1,90,1 1,90,1 1,90,1 1,90,1
ADDLINE 0,0,0 0,0,0 12,0,2 0,0,0 0,0,0 1,96,1 0,0,0 1,96,1 0,0,0
ADDLINE 1,106,1 1,106,1 1,106,1 1,106,1 1,106,1 1,106,1 12,0,2 1,106,1 0,0,0
ADDLINE 1,107,1 1,107,1 12,0,2 0,0,0 1,107,1 0,0,0 1,107,1 0,0,0 1,107,1
ADDLINE 1,111,1 1,111,1 1,111,1 1,111,1 12,0,2 1,111,1 1,111,1 1,111,1 1,111,1
ADDLINE 1,127,1 1,127,1 12,0,2 0,0,0 0,0,0 1,127,1 1,127,1 1,127,1 1,127,1
ADDLINE 1,132,1 1,132,1 1,132,1 1,132,1 12,0,2 1,132,1 1,132,1 1,132,1 1,132,1
ADDLINE 1,111,1 1,111,1 0,0,0 1,111,1 0,0,0 1,111,1 0,0,0 12,0,2 0,0,0
ADDLINE 1,122,1 12,0,2 0,0,0 0,0,0 1,122,1 0,0,0 0,0,0 0,0,0 1,122,1
ADDLINE 1,133,1 0,0,0 1,133,1 12,0,2 1,133,1 0,0,0 1,133,1 1,133,1 1,133,1
ADDLINE 1,144,1 0,0,0 1,144,1 0,0,0 1,144,1 12,0,2 1,144,1 0,0,0 1,144,1
ADDLINE 1,115,1 1,115,1 1,115,1 12,0,2 1,115,1 0,0,0 1,115,1 0,0,0 1,115,1
ADDLINE 0,0,0 12,0,2 1,127,1 0,0,0 0,0,0 0,0,0 0,0,0 0,0,0 1,127,1
ADDLINE 1,131,1 12,0,2 1,131,1 1,131,1 1,131,1 1,131,1 1,131,1 1,131,1 1,131,1
ADDLINE 1,149,1 0,0,0 0,0,0 0,0,0 0,0,0 0,0,0 0,0,0 12,0,2 0,0,0
ADDLINE 1,114,1 1,114,1 1,114,1 1,114,1 1,114,1 1,114,1 1,114,1 12,0,2 1,114,1
ADDLINE 0,0,0 1,131,1 1,131,1 1,131,1 0,0,0 0,0,0 1,131,1 0,0,0 12,0,2
ADDLINE 1,143,1 1,143,1 12,0,2 1,143,1 1,143,1 1,143,1 1,143,1 1,143,1 0,0,0
ADDLINE 1,155,1 0,0,0 12,0,2 1,155,1 1,155,1 1,155,1 1,155,1 1,155,1 0,0,0
ADDLINE 0,0,0 0,0,0 1,124,1 1,124,1 1,124,1 0,0,0 0,0,0 0,0,0 12,0,2
ADDLINE 0,0,0 1,136,1 0,0,0 0,0,0 12,0,2 0,0,0 1,136,1 1,136,1 0,0,0
ADDLINE 1,148,1 1,148,1 1,148,1 0,0,0 1,148,1 1,148,1 1,148,1 12,0,2 0,0,0
ADDLINE 1,161,1 1,161,1 1,161,1 0,0,0 1,161,1 1,161,1 0,0,0 12,0,2 0,0,0
ADDLINE 1,129,1 1,129,1 1,129,1 0,0,0 0,0,0 1,129,1 12,0,2 1,129,1 0,0,0
ADDLINE 1,141,1 1,141,1 1,141,1 1,141,1 1,141,1 12,0,2 0,0,0 1,141,1 0,0,0
ADDLINE 1,153,1 1,153,1 1,153,1 1,153,1 1,153,1 0,0,0 0,0,0 12,0,2 0,0,0
ADDLINE 0,0,0 1,189,1 1,189,1 0,0,0 0,0,0 12,0,2 0,0,0 0,0,0 1,189,1
ADDLINE 0,0,0 1,191,1 12,0,2 0,0,0 1,191,1 1,191,1 1,191,1 1,191,1 1,191,1
ADDLINE 0,0,0 12,0,2 0,0,0 1,192,1 1,192,1 1,192,1 1,192,1 1,192,1 1,192,1
1,84,1 12,0,2 1,84,1 1,84,1 1,84,1 1,84,1 1,84,1 0,0,0 1,84,1
1,83,1 0,0,0 0,0,0 0,0,0 0,0,0 0,0,0 12,0,2 0,0,0 1,83,1
1,78,1 1,78,1 1,78,1 1,78,1 1,78,1 1,78,1 12,0,2 1,78,1 1,78,1
1,77,1 1,77,1 1,77,1 1,77,1 6,77,1 1,77,1 12,0,2 1,77,1 1,77,1
0,0,0 0,0,0 0,0,0 1,80,1 12,0,2 1,80,1 0,0,0 1,80,1 0,0,0
1,79,1 1,79,1 1,79,1 1,79,1 12,0,2 1,79,1 1,79,1 1,79,1 0,0,0
0,0,0 0,0,0 0,0,0 0,0,0 0,0,0 0,0,0 0,0,0 0,0,0 0,0,0
0,0,0 0,0,0 0,0,0 0,0,0 0,0,0 0,0,0 0,0,0 0,0,0 0,0,0
0,0,0 0,0,0 0,0,0 0,0,0 0,0,0 0,0,0 0,0,0 0,0,0 0,0,0