MODE 0
BALL 70
STARS 0/4700/6800
ADDLINE 1,94,1 1,94,1 0,0,0 12,0,2 1,94,1 0,0,0 1,94,1 1,94,1 1,94,1
ADDLINE 1,95,1 1,95,1 1,95,1 12,0,2 1,95,1 0,0,0 1,95,1 1,95,1 1,95,1
ADDLINE 1,96,1 1,96,1 1,96,1 0,0,0 1,96,1 12,0,2 0,0,0 0,0,0 0,0,0
ADDLINE 1,106,1 1,106,1 1,106,1 12,0,2 0,0,0 1,106,1 1,106,1 0,0,0 0,0,0
ADDLINE 1,107,1 1,107,1 1,107,1 0,0,0 12,0,2 1,107,1 1,107,1 0,0,0 1,107,1
ADDLINE 1,117,1 1,117,1 1,117,1 12,0,2 1,117,1 0,0,0 0,0,0 0,0,0 1,117,1
ADDLINE 1,127,1 1,127,1 1,127,1 1,127,1 0,0,0 12,0,2 1,127,1 1,127,1 0,0,0
ADDLINE 1,138,1 1,138,1 1,138,1 1,138,1 12,0,2 0,0,0 1,138,1 0,0,0 0,0,0
ADDLINE 1,111,1 1,111,1 1,111,1 1,111,1 1,111,1 12,0,2 1,111,1 0,0,0 1,111,1
ADDLINE 1,122,1 12,0,2 1,122,1 1,122,1 1,122,1 1,122,1 1,122,1 0,0,0 1,122,1
ADDLINE 0,0,0 0,0,0 1,133,1 0,0,0 12,0,2 0,0,0 1,133,1 0,0,0 0,0,0
ADDLINE 1,144,1 0,0,0 1,144,1 12,0,2 1,144,1 0,0,0 1,144,1 1,144,1 1,144,1
ADDLINE 1,115,1 0,0,0 1,115,1 0,0,0 1,115,1 0,0,0 12,0,2 0,0,0 0,0,0
ADDLINE 1,121,1 1,121,1 1,121,1 12,0,2 1,121,1 1,121,1 1,121,1 1,121,1 1,121,1
ADDLINE 1,138,1 12,0,2 0,0,0 0,0,0 1,138,1 0,0,0 1,138,1 0,0,0 0,0,0
ADDLINE 1,149,1 0,0,0 1,149,1 1,149,1 1,149,1 12,0,2 1,149,1 0,0,0 1,149,1
ADDLINE 1,120,1 0,0,0 1,120,1 0,0,0 0,0,0 0,0,0 1,120,1 12,0,2 0,0,0
ADDLINE 1,131,1 12,0,2 1,131,1 0,0,0 1,131,1 0,0,0 1,131,1 1,131,1 1,131,1
ADDLINE 0,0,0 1,143,1 1,143,1 1,143,1 1,143,1 1,143,1 1,143,1 1,143,1 12,0,2
ADDLINE 0,0,0 12,0,2 0,0,0 1,155,1 0,0,0 0,0,0 0,0,0 1,155,1 0,0,0
ADDLINE 1,124,1 1,124,1 1,124,1 1,124,1 12,0,2 1,124,1 0,0,0 1,124,1 1,124,1
ADDLINE 1,136,1 1,136,1 1,136,1 1,136,1 12,0,2 1,136,1 0,0,0 1,136,1 1,136,1
ADDLINE 1,141,1 1,141,1 1,141,1 1,141,1 12,0,2 1,141,1 1,141,1 1,141,1 1,141,1
ADDLINE 0,0,0 0,0,0 0,0,0 0,0,0 0,0,0 1,161,1 12,0,2 1,161,1 1,161,1
ADDLINE 1,122,1 1,122,1 1,122,1 1,122,1 1,122,1 1,122,1 12,0,2 1,122,1 1,122,1
ADDLINE 0,0,0 0,0,0 0,0,0 0,0,0 0,0,0 1,141,1 0,0,0 0,0,0 12,0,2
ADDLINE 1,153,1 1,153,1 12,0,2 1,153,1 1,153,1 1,153,1 1,153,1 1,153,1 0,0,0
ADDLINE 1,189,1 12,0,2 1,189,1 1,189,1 1,189,1 0,0,0 1,189,1 1,189,1 1,189,1
ADDLINE 1,191,1 0,0,0 1,191,1 1,191,1 1,191,1 12,0,2 1,191,1 0,0,0 0,0,0
ADDLINE 1,192,1 12,0,2 1,192,1 1,192,1 1,192,1 0,0,0 1,192,1 1,192,1 1,192,1
1,80,1 1,80,1 6,80,1 12,0,2 1,80,1 1,80,1 1,80,1 1,80,1 1,80,1
1,83,1 1,83,1 12,0,2 0,0,0 1,83,1 1,83,1 1,83,1 1,83,1 1,83,1
1,82,1 1,82,1 12,0,2 0,0,0 0,0,0 0,0,0 0,0,0 0,0,0 0,0,0
1,81,1 1,81,1 1,81,1 1,81,1 1,81,1 1,81,1 1,81,1 12,0,2 0,0,0
1,80,1 0,0,0 0,0,0 0,0,0 12,0,2 0,0,0 0,0,0 0,0,0 1,80,1
0,0,0 12,0,2 1,79,1 1,79,1 1,79,1 1,79,1 1,79,1 1,79,1 1,79,1
0,0,0 0,0,0 0,0,0 0,0,0 0,0,0 0,0,0 0,0,0 0,0,0 0,0,0
0,0,0 0,0,0 0,0,0 0,0,0 0,0,0 0,0,0 0,0,0 0,0,0 0,0,0
0,0,0 0,0,0 0,0,0 0,0,0 0,0,0 0,0,0 0,0,0 0,0,0 0,0,0