MODE 0
BALL 70
STARS 0/4300/6200
ADDLINE 1,188,1 1,188,1 1,188,1 1,188,1 1,188,1 12,0,2 1,188,1 0,0,0 19,94,1
ADDLINE 1,90,1 1,90,1 1,90,1 1,90,1 1,90,1 1,90,1 1,90,1 12,0,2 1,180,1
ADDLINE 1,96,1 12,0,2 1,96,1 1,96,1 1,96,1 1,96,1 1,96,1 0,0,0 1,96,1
ADDLINE 1,106,1 12,0,2 1,106,1 1,106,1 1,106,1 1,106,1 1,106,1 0,0,0 1,106,1
ADDLINE 1,107,1 12,0,2 1,107,1 1,107,1 1,107,1 1,107,1 1,107,1 0,0,0 1,107,1
ADDLINE 1,117,1 12,0,2 1,117,1 1,234,1 1,234,1 1,234,1 1,117,1 0,0,0 1,117,1
ADDLINE 1,254,1 1,254,1 1,254,1 1,254,1 19,127,1 12,0,2 1,254,1 1,254,1 0,0,0
ADDLINE 1,138,1 0,0,0 1,138,1 1,276,1 1,276,1 12,0,2 1,138,1 0,0,0 1,138,1
ADDLINE 0,0,0 0,0,0 1,111,1 0,0,0 0,0,0 12,0,2 1,111,1 0,0,0 1,111,1
ADDLINE 1,122,1 0,0,0 1,122,1 12,0,2 1,122,1 0,0,0 1,122,1 1,122,1 1,122,1
ADDLINE 1,133,1 0,0,0 0,0,0 12,0,2 1,133,1 0,0,0 0,0,0 0,0,0 1,133,1
ADDLINE 1,144,1 1,288,1 1,288,1 1,288,1 1,144,1 12,0,2 1,144,1 0,0,0 1,144,1
ADDLINE 0,0,0 1,230,1 19,115,1 1,230,1 1,230,1 12,0,2 1,230,1 1,230,1 1,230,1
ADDLINE 1,121,1 12,0,2 1,242,1 1,242,1 1,121,1 1,121,1 1,121,1 1,121,1 1,121,1
ADDLINE 1,138,1 0,0,0 1,138,1 0,0,0 1,138,1 0,0,0 0,0,0 12,0,2 0,0,0
ADDLINE 1,149,1 12,0,2 1,149,1 0,0,0 1,149,1 0,0,0 1,298,1 1,298,1 1,149,1
ADDLINE 1,120,1 1,240,1 1,240,1 0,0,0 12,0,2 1,240,1 20,120,1 1,240,1 0,0,0
ADDLINE 1,262,1 12,0,2 19,131,1 1,262,1 1,262,1 1,262,1 1,262,1 1,262,1 1,262,1
ADDLINE 1,143,1 1,286,1 12,0,2 1,286,1 1,143,1 0,0,0 1,143,1 1,143,1 1,143,1
ADDLINE 1,155,1 17,155,1 0,0,0 0,0,0 0,0,0 0,0,0 0,0,0 12,0,2 0,0,0
ADDLINE 1,248,1 16,124,1 1,248,1 1,248,1 1,248,1 1,248,1 1,248,1 12,0,2 0,0,0
ADDLINE 1,272,1 1,272,1 12,0,2 1,136,1 1,136,1 1,136,1 0,0,0 1,136,1 1,136,1
ADDLINE 20,148,1 0,0,0 1,296,1 12,0,2 0,0,0 0,0,0 0,0,0 0,0,0 0,0,0
ADDLINE 1,322,1 1,322,1 12,0,2 20,161,1 1,322,1 1,161,1 1,161,1 1,161,1 0,0,0
ADDLINE 1,129,1 1,129,1 1,258,1 1,258,1 1,258,1 1,129,1 0,0,0 12,0,2 0,0,0
ADDLINE 1,141,1 1,141,1 1,141,1 1,282,1 1,282,1 12,0,2 1,141,1 1,141,1 0,0,0
ADDLINE 1,153,1 1,153,1 1,153,1 1,306,1 20,153,1 12,0,2 0,0,0 0,0,0 0,0,0
ADDLINE 0,0,0 12,0,2 1,378,1 1,378,1 1,378,1 1,378,1 1,378,1 16,189,1 1,378,1
ADDLINE 0,0,0 1,191,1 0,0,0 12,0,2 0,0,0 0,0,0 0,0,0 0,0,0 1,191,1
ADDLINE 0,0,0 0,0,0 0,0,0 0,0,0 0,0,0 1,192,1 1,192,1 0,0,0 12,0,2
1,80,1 1,80,1 12,0,2 1,80,1 1,80,1 1,80,1 1,80,1 1,160,1 1,160,1
0,0,0 12,0,2 0,0,0 0,0,0 0,0,0 1,83,1 0,0,0 0,0,0 0,0,0
1,82,1 6,82,1 1,82,1 1,82,1 12,0,2 1,82,1 0,0,0 1,82,1 1,82,1
1,81,1 1,81,1 0,0,0 0,0,0 12,0,2 1,81,1 0,0,0 0,0,0 0,0,0
1,80,1 1,80,1 12,0,2 1,80,1 1,80,1 1,80,1 0,0,0 1,80,1 1,80,1
0,0,0 0,0,0 0,0,0 1,79,1 0,0,0 0,0,0 12,0,2 1,79,1 1,79,1
0,0,0 0,0,0 0,0,0 0,0,0 0,0,0 0,0,0 0,0,0 0,0,0 0,0,0
0,0,0 0,0,0 0,0,0 0,0,0 0,0,0 0,0,0 0,0,0 0,0,0 0,0,0
0,0,0 0,0,0 0,0,0 0,0,0 0,0,0 0,0,0 0,0,0 0,0,0 0,0,0