MODE 0
BALL 70
STARS 0/5000/7100
ADDLINE 4,94,1 0,0,0 1,94,1 12,0,2 0,0,0 1,94,1 5,94,1 1,94,1 1,94,1
ADDLINE 1,95,1 0,0,0 1,95,1 12,0,2 0,0,0 1,95,1 1,95,1 1,95,1 1,95,1
ADDLINE 1,96,1 0,0,0 12,0,2 0,0,0 1,96,1 1,96,1 5,96,1 2,96,1 1,96,1
ADDLINE 0,0,0 3,106,1 1,106,1 0,0,0 0,0,0 12,0,2 0,0,0 0,0,0 0,0,0
ADDLINE 0,0,0 1,107,1 3,107,1 1,107,1 2,107,1 1,107,1 4,107,1 1,107,1 12,0,2
ADDLINE 0,0,0 1,117,1 1,117,1 1,117,1 1,117,1 1,117,1 1,117,1 0,0,0 12,0,2
ADDLINE 0,0,0 1,127,1 1,127,1 1,127,1 1,127,1 0,0,0 0,0,0 12,0,2 1,127,1
ADDLINE 0,0,0 12,0,2 5,138,1 1,138,1 3,138,1 0,0,0 1,138,1 1,138,1 1,138,1
ADDLINE 5,111,1 12,0,2 1,111,1 1,111,1 1,111,1 0,0,0 0,0,0 4,111,1 1,111,1
ADDLINE 0,0,0 12,0,2 1,122,1 0,0,0 0,0,0 0,0,0 3,122,1 0,0,0 5,122,1
ADDLINE 1,133,1 1,133,1 1,133,1 1,133,1 1,133,1 12,0,2 1,133,1 0,0,0 2,133,1
ADDLINE 1,144,1 0,0,0 12,0,2 0,0,0 0,0,0 0,0,0 1,144,1 0,0,0 0,0,0
ADDLINE 1,110,1 12,0,2 3,110,1 1,110,1 1,110,1 4,110,1 1,110,1 1,110,1 1,110,1
ADDLINE 2,127,1 0,0,0 12,0,2 0,0,0 1,127,1 0,0,0 0,0,0 0,0,0 1,127,1
ADDLINE 1,138,1 1,138,1 4,138,1 12,0,2 1,138,1 0,0,0 1,138,1 0,0,0 1,138,1
ADDLINE 0,0,0 0,0,0 1,149,1 0,0,0 1,149,1 0,0,0 1,149,1 12,0,2 0,0,0
ADDLINE 2,120,1 12,0,2 4,120,1 0,0,0 1,120,1 0,0,0 1,120,1 1,120,1 5,120,1
ADDLINE 1,131,1 0,0,0 1,131,1 12,0,2 1,131,1 0,0,0 1,131,1 0,0,0 0,0,0
ADDLINE 0,0,0 1,143,1 12,0,2 1,143,1 0,0,0 1,143,1 1,143,1 1,143,1 1,143,1
ADDLINE 0,0,0 1,155,1 0,0,0 3,155,1 0,0,0 0,0,0 0,0,0 12,0,2 0,0,0
ADDLINE 1,124,1 5,124,1 12,0,2 1,124,1 0,0,0 1,124,1 2,124,1 1,124,1 3,124,1
ADDLINE 0,0,0 12,0,2 0,0,0 1,136,1 0,0,0 1,136,1 1,136,1 1,136,1 1,136,1
ADDLINE 3,141,1 5,141,1 4,141,1 1,141,1 12,0,2 1,141,1 1,141,1 1,141,1 4,141,1
ADDLINE 0,0,0 12,0,2 0,0,0 0,0,0 0,0,0 1,161,1 1,161,1 1,161,1 1,161,1
ADDLINE 1,129,1 2,129,1 12,0,2 4,129,1 0,0,0 1,129,1 3,129,1 1,129,1 1,129,1
ADDLINE 0,0,0 1,141,1 12,0,2 1,141,1 0,0,0 0,0,0 0,0,0 1,141,1 0,0,0
ADDLINE 1,153,1 1,153,1 12,0,2 2,153,1 0,0,0 1,153,1 1,153,1 1,153,1 1,153,1
ADDLINE 0,0,0 0,0,0 0,0,0 1,189,1 0,0,0 0,0,0 12,0,2 0,0,0 0,0,0
ADDLINE 3,181,1 2,181,1 3,181,1 1,181,1 1,181,1 12,0,2 1,181,1 1,181,1 1,181,1
ADDLINE 1,192,1 1,192,1 1,192,1 4,192,1 1,192,1 0,0,0 1,192,1 12,0,2 0,0,0
1,84,1 1,84,1 1,84,1 1,84,1 12,0,2 1,84,1 1,84,1 0,0,0 2,84,1
1,83,1 1,83,1 1,83,1 2,83,1 12,0,2 1,83,1 4,83,1 0,0,0 1,83,1
1,82,1 1,82,1 1,82,1 1,82,1 12,0,2 1,82,1 3,82,1 0,0,0 3,82,1
1,81,1 0,0,0 12,0,2 0,0,0 0,0,0 2,81,1 1,81,1 0,0,0 1,81,1
3,80,1 12,0,2 1,80,1 1,80,1 6,80,1 1,80,1 0,0,0 0,0,0 1,80,1
0,0,0 12,0,2 1,79,1 1,79,1 5,79,1 1,79,1 1,79,1 2,79,1 0,0,0
0,0,0 0,0,0 0,0,0 0,0,0 0,0,0 0,0,0 0,0,0 0,0,0 0,0,0
0,0,0 0,0,0 0,0,0 0,0,0 0,0,0 0,0,0 0,0,0 0,0,0 0,0,0
0,0,0 0,0,0 0,0,0 0,0,0 0,0,0 0,0,0 0,0,0 0,0,0 0,0,0