MODE 0
BALL 70
STARS 0/4600/7000
ADDLINE 0,0,0 1,94,1 0,0,0 3,94,1 0,0,0 0,0,0 12,0,2 3,94,1 0,0,0
ADDLINE 0,0,0 1,95,1 1,95,1 1,95,1 4,95,1 1,95,1 0,0,0 1,95,1 12,0,2
ADDLINE 0,0,0 1,96,1 1,96,1 2,96,1 1,96,1 1,96,1 0,0,0 1,96,1 12,0,2
ADDLINE 0,0,0 5,106,1 2,106,1 1,106,1 1,106,1 1,106,1 0,0,0 2,106,1 12,0,2
ADDLINE 0,0,0 1,107,1 1,107,1 1,107,1 1,107,1 1,107,1 12,0,2 1,107,1 0,0,0
ADDLINE 0,0,0 1,117,1 1,117,1 5,117,1 1,117,1 1,117,1 12,0,2 1,117,1 4,117,1
ADDLINE 0,0,0 1,127,1 12,0,2 1,127,1 0,0,0 0,0,0 0,0,0 0,0,0 0,0,0
ADDLINE 1,138,1 2,138,1 12,0,2 1,138,1 1,138,1 5,138,1 1,138,1 1,138,1 0,0,0
ADDLINE 0,0,0 0,0,0 12,0,2 1,111,1 1,111,1 2,111,1 1,111,1 4,111,1 0,0,0
ADDLINE 0,0,0 0,0,0 12,0,2 0,0,0 1,122,1 0,0,0 0,0,0 0,0,0 3,122,1
ADDLINE 1,133,1 1,133,1 4,133,1 12,0,2 1,133,1 0,0,0 1,133,1 1,133,1 1,133,1
ADDLINE 0,0,0 0,0,0 5,144,1 0,0,0 12,0,2 0,0,0 1,144,1 0,0,0 1,144,1
ADDLINE 1,115,1 12,0,2 1,115,1 1,115,1 1,115,1 4,115,1 1,115,1 0,0,0 1,115,1
ADDLINE 1,127,1 0,0,0 1,127,1 0,0,0 12,0,2 0,0,0 4,127,1 0,0,0 3,127,1
ADDLINE 1,138,1 0,0,0 1,138,1 12,0,2 1,138,1 0,0,0 5,138,1 0,0,0 1,138,1
ADDLINE 1,149,1 0,0,0 12,0,2 0,0,0 5,149,1 0,0,0 2,149,1 0,0,0 1,149,1
ADDLINE 1,120,1 12,0,2 1,120,1 1,120,1 1,120,1 0,0,0 1,120,1 0,0,0 1,120,1
ADDLINE 1,131,1 0,0,0 3,131,1 0,0,0 12,0,2 0,0,0 1,131,1 0,0,0 5,131,1
ADDLINE 1,143,1 1,143,1 1,143,1 5,143,1 12,0,2 3,143,1 0,0,0 1,143,1 4,143,1
ADDLINE 0,0,0 0,0,0 0,0,0 0,0,0 0,0,0 0,0,0 12,0,2 1,155,1 1,155,1
ADDLINE 12,0,2 1,118,1 3,118,1 1,118,1 1,118,1 1,118,1 1,118,1 1,118,1 1,118,1
ADDLINE 1,136,1 4,136,1 1,136,1 12,0,2 4,136,1 1,136,1 0,0,0 1,136,1 1,136,1
ADDLINE 1,148,1 1,148,1 1,148,1 12,0,2 0,0,0 0,0,0 0,0,0 0,0,0 0,0,0
ADDLINE 2,161,1 1,161,1 3,161,1 1,161,1 1,161,1 0,0,0 1,161,1 12,0,2 0,0,0
ADDLINE 1,129,1 1,129,1 1,129,1 0,0,0 0,0,0 12,0,2 4,129,1 0,0,0 1,129,1
ADDLINE 1,141,1 1,141,1 0,0,0 12,0,2 1,141,1 1,141,1 5,141,1 0,0,0 3,141,1
ADDLINE 1,153,1 1,153,1 0,0,0 0,0,0 0,0,0 1,153,1 5,153,1 12,0,2 0,0,0
ADDLINE 2,189,1 1,189,1 3,189,1 0,0,0 0,0,0 12,0,2 0,0,0 3,189,1 0,0,0
ADDLINE 1,191,1 1,191,1 1,191,1 1,191,1 1,191,1 1,191,1 12,0,2 1,191,1 0,0,0
ADDLINE 0,0,0 4,192,1 1,192,1 1,192,1 1,192,1 1,192,1 1,192,1 1,192,1 12,0,2
1,84,1 1,84,1 1,84,1 12,0,2 1,84,1 0,0,0 1,84,1 0,0,0 1,84,1
1,83,1 5,83,1 1,83,1 12,0,2 0,0,0 0,0,0 1,83,1 0,0,0 0,0,0
4,78,1 1,78,1 2,78,1 12,0,2 4,78,1 1,78,1 1,78,1 6,78,1 1,78,1
0,0,0 12,0,2 0,0,0 0,0,0 0,0,0 0,0,0 0,0,0 0,0,0 1,81,1
1,77,1 1,77,1 1,77,1 12,0,2 2,77,1 1,77,1 3,77,1 1,77,1 1,77,1
4,79,1 1,79,1 1,79,1 12,0,2 1,79,1 3,79,1 1,79,1 0,0,0 1,79,1
0,0,0 0,0,0 0,0,0 0,0,0 0,0,0 0,0,0 0,0,0 0,0,0 0,0,0
0,0,0 0,0,0 0,0,0 0,0,0 0,0,0 0,0,0 0,0,0 0,0,0 0,0,0
0,0,0 0,0,0 0,0,0 0,0,0 0,0,0 0,0,0 0,0,0 0,0,0 0,0,0