MODE 0
BALL 70
STARS 0/4600/7000
ADDLINE 1,94,1 1,94,1 12,0,2 1,94,1 1,94,1 1,94,1 1,94,1 0,0,0 3,94,1
ADDLINE 1,95,1 1,95,1 12,0,2 1,95,1 2,95,1 1,95,1 1,95,1 0,0,0 0,0,0
ADDLINE 4,96,1 12,0,2 0,0,0 2,96,1 1,96,1 1,96,1 3,96,1 1,96,1 0,0,0
ADDLINE 0,0,0 12,0,2 1,212,1 1,212,1 1,212,1 1,212,1 1,212,1 1,212,1 8,0,2
ADDLINE 0,0,0 2,107,1 1,214,1 1,214,1 1,214,1 1,107,1 0,0,0 0,0,0 12,0,2
ADDLINE 0,0,0 0,0,0 12,0,2 7,0,2 0,0,0 1,117,1 0,0,0 1,117,1 0,0,0
ADDLINE 4,127,1 1,127,1 1,254,1 1,254,1 12,0,2 0,0,0 1,127,1 1,254,1 0,0,0
ADDLINE 1,276,1 1,276,1 1,276,1 1,276,1 1,276,1 12,0,2 1,276,1 1,276,1 10,0,2
ADDLINE 1,111,1 1,222,1 1,222,1 1,222,1 20,111,1 0,0,0 0,0,0 12,0,2 0,0,0
ADDLINE 0,0,0 12,0,2 19,122,1 1,244,1 1,244,1 1,244,1 1,244,1 1,244,1 1,244,1
ADDLINE 1,266,1 1,266,1 1,266,1 12,0,2 1,266,1 1,266,1 1,266,1 10,0,2 1,266,1
ADDLINE 0,0,0 0,0,0 1,144,1 0,0,0 0,0,0 12,0,2 1,288,1 0,0,0 0,0,0
ADDLINE 1,115,1 12,0,2 1,115,1 0,0,0 1,115,1 0,0,0 1,115,1 2,115,1 1,115,1
ADDLINE 1,127,1 12,0,2 1,254,1 1,254,1 1,127,1 0,0,0 0,0,0 0,0,0 5,127,1
ADDLINE 1,138,1 12,0,2 20,138,1 1,276,1 1,138,1 5,138,1 1,138,1 4,138,1 1,138,1
ADDLINE 1,298,1 0,0,0 1,298,1 1,298,1 1,149,1 0,0,0 12,0,2 0,0,0 3,149,1
ADDLINE 17,120,1 1,240,1 1,120,1 12,0,2 1,120,1 0,0,0 1,120,1 0,0,0 1,120,1
ADDLINE 1,262,1 1,262,1 0,0,0 12,0,2 4,131,1 0,0,0 1,131,1 0,0,0 0,0,0
ADDLINE 1,143,1 12,0,2 4,143,1 1,143,1 5,143,1 0,0,0 1,286,1 1,286,1 1,143,1
ADDLINE 0,0,0 12,0,2 1,155,1 0,0,0 0,0,0 0,0,0 0,0,0 7,0,2 0,0,0
ADDLINE 16,124,1 12,0,2 1,248,1 1,248,1 1,248,1 0,0,0 1,248,1 1,248,1 1,248,1
ADDLINE 1,272,1 0,0,0 12,0,2 8,0,2 1,272,1 0,0,0 1,272,1 1,272,1 1,272,1
ADDLINE 3,148,1 1,148,1 1,148,1 12,0,2 1,296,1 0,0,0 1,296,1 2,148,1 1,148,1
ADDLINE 1,161,1 0,0,0 0,0,0 0,0,0 1,322,1 7,0,2 1,322,1 12,0,2 0,0,0
ADDLINE 5,122,1 1,122,1 1,122,1 1,122,1 1,244,1 1,244,1 1,244,1 12,0,2 1,122,1
ADDLINE 0,0,0 12,0,2 1,282,1 1,282,1 1,282,1 1,282,1 19,141,1 1,282,1 1,282,1
ADDLINE 1,146,1 1,292,1 1,292,1 3,146,1 1,146,1 1,292,1 1,292,1 12,0,2 1,146,1
ADDLINE 0,0,0 20,189,1 12,0,2 1,378,1 0,0,0 1,378,1 1,378,1 1,378,1 8,0,2
ADDLINE 0,0,0 1,382,1 12,0,2 1,382,1 0,0,0 1,382,1 1,382,1 1,382,1 10,0,2
ADDLINE 1,192,1 5,192,1 12,0,2 1,192,1 0,0,0 1,192,1 1,192,1 4,192,1 0,0,0
0,0,0 12,0,2 5,84,1 1,84,1 1,84,1 1,84,1 0,0,0 4,84,1 0,0,0
1,81,1 1,166,1 1,166,1 6,166,1 1,166,1 8,0,2 1,166,1 12,0,2 0,0,0
9,0,2 0,0,0 0,0,0 12,0,2 0,0,0 0,0,0 0,0,0 1,82,1 1,82,1
1,81,1 1,162,1 1,81,1 1,81,1 1,81,1 12,0,2 5,81,1 0,0,0 0,0,0
1,160,1 8,0,2 1,160,1 1,160,1 1,160,1 12,0,2 1,160,1 1,160,1 10,0,2
1,158,1 1,158,1 1,158,1 0,0,0 12,0,2 1,158,1 1,158,1 1,158,1 8,0,2
0,0,0 0,0,0 0,0,0 0,0,0 0,0,0 0,0,0 0,0,0 0,0,0 0,0,0
0,0,0 0,0,0 0,0,0 0,0,0 0,0,0 0,0,0 0,0,0 0,0,0 0,0,0
0,0,0 0,0,0 0,0,0 0,0,0 0,0,0 0,0,0 0,0,0 0,0,0 0,0,0