MODE 0
BALL 70
STARS 0/4300/6200
ADDLINE 0,0,0 12,0,2 0,0,0 0,0,0 0,0,0 0,0,0 0,0,0 1,94,1 3,94,1
ADDLINE 0,0,0 1,95,1 1,95,1 5,95,1 1,95,1 1,95,1 12,0,2 1,95,1 1,95,1
ADDLINE 0,0,0 0,0,0 0,0,0 12,0,2 0,0,0 1,96,1 0,0,0 0,0,0 0,0,0
ADDLINE 1,101,1 4,101,1 1,101,1 1,101,1 12,0,2 1,101,1 1,101,1 1,101,1 1,101,1
ADDLINE 4,107,1 1,107,1 1,107,1 1,107,1 0,0,0 3,107,1 12,0,2 1,107,1 0,0,0
ADDLINE 1,117,1 1,117,1 3,117,1 1,117,1 12,0,2 1,117,1 0,0,0 1,117,1 5,117,1
ADDLINE 1,127,1 1,127,1 1,127,1 1,127,1 12,0,2 1,127,1 0,0,0 1,127,1 3,127,1
ADDLINE 1,138,1 1,138,1 4,138,1 1,138,1 12,0,2 1,138,1 0,0,0 3,138,1 1,138,1
ADDLINE 0,0,0 0,0,0 0,0,0 12,0,2 0,0,0 1,111,1 0,0,0 1,111,1 5,111,1
ADDLINE 1,122,1 0,0,0 1,122,1 0,0,0 5,122,1 12,0,2 1,122,1 0,0,0 0,0,0
ADDLINE 1,133,1 0,0,0 1,133,1 0,0,0 2,133,1 12,0,2 1,133,1 0,0,0 1,133,1
ADDLINE 0,0,0 0,0,0 1,144,1 0,0,0 1,144,1 0,0,0 12,0,2 0,0,0 3,144,1
ADDLINE 5,110,1 3,110,1 1,110,1 1,110,1 1,110,1 1,110,1 12,0,2 1,110,1 1,110,1
ADDLINE 0,0,0 12,0,2 1,127,1 0,0,0 0,0,0 0,0,0 0,0,0 0,0,0 1,127,1
ADDLINE 1,138,1 0,0,0 1,138,1 12,0,2 1,138,1 0,0,0 3,138,1 0,0,0 4,138,1
ADDLINE 1,149,1 12,0,2 3,149,1 0,0,0 3,149,1 0,0,0 1,149,1 0,0,0 1,149,1
ADDLINE 1,120,1 0,0,0 1,120,1 12,0,2 1,120,1 0,0,0 1,120,1 5,120,1 1,120,1
ADDLINE 1,131,1 0,0,0 1,131,1 12,0,2 1,131,1 0,0,0 2,131,1 0,0,0 0,0,0
ADDLINE 1,136,1 5,136,1 12,0,2 4,136,1 1,136,1 1,136,1 1,136,1 1,136,1 3,136,1
ADDLINE 1,155,1 1,155,1 12,0,2 0,0,0 0,0,0 0,0,0 0,0,0 0,0,0 0,0,0
ADDLINE 3,124,1 1,124,1 1,124,1 1,124,1 1,124,1 12,0,2 0,0,0 0,0,0 0,0,0
ADDLINE 1,136,1 12,0,2 0,0,0 0,0,0 0,0,0 0,0,0 1,136,1 1,136,1 1,136,1
ADDLINE 1,141,1 12,0,2 1,141,1 1,141,1 1,141,1 4,141,1 5,141,1 1,141,1 1,141,1
ADDLINE 1,161,1 0,0,0 12,0,2 0,0,0 0,0,0 0,0,0 4,161,1 3,161,1 1,161,1
ADDLINE 1,129,1 1,129,1 1,129,1 3,129,1 1,129,1 0,0,0 0,0,0 12,0,2 0,0,0
ADDLINE 1,141,1 1,141,1 1,141,1 1,141,1 4,141,1 1,141,1 3,141,1 12,0,2 0,0,0
ADDLINE 2,153,1 1,153,1 1,153,1 1,153,1 1,153,1 12,0,2 0,0,0 0,0,0 1,153,1
ADDLINE 0,0,0 0,0,0 12,0,2 0,0,0 0,0,0 0,0,0 0,0,0 1,189,1 1,189,1
ADDLINE 0,0,0 1,191,1 1,191,1 1,191,1 3,191,1 4,191,1 12,0,2 5,191,1 1,191,1
ADDLINE 0,0,0 0,0,0 0,0,0 0,0,0 0,0,0 12,0,2 0,0,0 1,192,1 1,192,1
3,84,1 12,0,2 1,84,1 0,0,0 1,84,1 1,84,1 5,84,1 1,84,1 5,84,1
2,83,1 0,0,0 1,83,1 0,0,0 0,0,0 0,0,0 1,83,1 12,0,2 0,0,0
1,82,1 12,0,2 1,82,1 6,82,1 1,82,1 0,0,0 1,82,1 1,82,1 1,82,1
1,81,1 0,0,0 1,81,1 3,81,1 1,81,1 0,0,0 0,0,0 12,0,2 0,0,0
4,80,1 12,0,2 1,80,1 1,80,1 1,80,1 0,0,0 1,80,1 1,80,1 5,80,1
1,79,1 0,0,0 1,79,1 12,0,2 0,0,0 0,0,0 0,0,0 0,0,0 0,0,0
0,0,0 0,0,0 0,0,0 0,0,0 0,0,0 0,0,0 0,0,0 0,0,0 0,0,0
0,0,0 0,0,0 0,0,0 0,0,0 0,0,0 0,0,0 0,0,0 0,0,0 0,0,0
0,0,0 0,0,0 0,0,0 0,0,0 0,0,0 0,0,0 0,0,0 0,0,0 0,0,0