MODE 0
BALL 50
STARS 0/1500/2200
ADDLINE 0,0,0 0,0,0 12,0,2 1,49,1 0,0,0 1,49,1 0,0,0 1,49,1 0,0,0
ADDLINE 0,0,0 1,48,1 12,0,2 1,48,1 1,48,1 1,48,1 1,48,1 1,48,1 1,48,1
ADDLINE 0,0,0 1,79,1 0,0,0 1,79,1 1,79,1 1,79,1 0,0,0 12,0,2 1,79,1
0,0,0 12,0,2 0,0,0 0,0,0 0,0,0 1,48,1 0,0,0 15,0,2 1,48,1
1,43,1 1,43,1 1,43,1 4,43,1 3,43,1 1,43,1 1,43,1 12,0,2 1,43,1
1,42,1 1,42,1 4,42,1 3,42,1 1,42,1 1,42,1 1,42,1 12,0,2 1,42,1
14,0,2 12,0,2 0,0,0 0,0,0 0,0,0 1,46,1 1,46,1 0,0,0 1,46,1
1,45,1 2,45,1 5,45,1 1,45,1 0,0,0 1,45,1 1,45,1 12,0,2 0,0,0
1,44,1 1,44,1 2,44,1 5,44,1 0,0,0 12,0,2 0,0,0 0,0,0 0,0,0
0,0,0 0,0,0 0,0,0 0,0,0 0,0,0 0,0,0 0,0,0 0,0,0 0,0,0
0,0,0 0,0,0 0,0,0 0,0,0 0,0,0 0,0,0 0,0,0 0,0,0 0,0,0
0,0,0 0,0,0 0,0,0 0,0,0 0,0,0 0,0,0 0,0,0 0,0,0 0,0,0