MODE 0
BALL 70
STARS 0/5100/7300
ADDLINE 1,89,1 1,89,1 1,89,1 1,89,1 1,89,1 1,89,1 12,0,2 1,89,1 1,89,1
ADDLINE 1,95,1 1,95,1 1,95,1 1,95,1 0,0,0 0,0,0 12,0,2 0,0,0 0,0,0
ADDLINE 1,91,1 1,91,1 1,91,1 1,91,1 12,0,2 1,91,1 1,91,1 1,91,1 1,91,1
ADDLINE 0,0,0 0,0,0 0,0,0 1,106,1 0,0,0 1,106,1 12,0,2 0,0,0 0,0,0
ADDLINE 1,102,1 1,102,1 1,102,1 1,102,1 12,0,2 1,204,1 1,204,1 1,204,1 1,102,1
ADDLINE 1,117,1 1,117,1 1,117,1 1,117,1 0,0,0 12,0,2 7,0,2 0,0,0 0,0,0
ADDLINE 1,121,1 1,121,1 1,121,1 1,121,1 12,0,2 1,242,1 1,242,1 1,242,1 1,121,1
ADDLINE 0,0,0 12,0,2 0,0,0 1,138,1 0,0,0 1,138,1 1,138,1 1,138,1 1,138,1
ADDLINE 1,106,1 1,106,1 1,106,1 1,106,1 12,0,2 1,106,1 1,106,1 1,106,1 1,106,1
ADDLINE 1,122,1 0,0,0 12,0,2 0,0,0 1,122,1 0,0,0 1,122,1 0,0,0 1,122,1
ADDLINE 1,133,1 1,133,1 1,133,1 1,133,1 1,133,1 12,0,2 1,133,1 0,0,0 1,133,1
ADDLINE 0,0,0 0,0,0 0,0,0 0,0,0 12,0,2 0,0,0 1,144,1 0,0,0 1,144,1
ADDLINE 1,230,1 1,230,1 1,230,1 12,0,2 1,230,1 1,230,1 1,230,1 8,0,2 1,230,1
ADDLINE 1,127,1 0,0,0 0,0,0 12,0,2 1,127,1 0,0,0 0,0,0 0,0,0 1,127,1
ADDLINE 1,138,1 12,0,2 1,138,1 1,138,1 1,138,1 0,0,0 1,138,1 1,138,1 1,138,1
ADDLINE 1,149,1 0,0,0 1,149,1 12,0,2 0,0,0 0,0,0 1,149,1 0,0,0 1,149,1
ADDLINE 1,120,1 12,0,2 1,120,1 0,0,0 1,120,1 1,120,1 1,120,1 0,0,0 1,120,1
ADDLINE 0,0,0 0,0,0 1,131,1 12,0,2 1,262,1 11,0,2 0,0,0 0,0,0 0,0,0
ADDLINE 1,143,1 1,143,1 0,0,0 12,0,2 0,0,0 0,0,0 1,286,1 0,0,0 0,0,0
ADDLINE 1,155,1 1,155,1 0,0,0 1,155,1 0,0,0 12,0,2 11,0,2 0,0,0 0,0,0
ADDLINE 1,124,1 1,124,1 0,0,0 12,0,2 1,124,1 1,248,1 1,248,1 1,248,1 0,0,0
ADDLINE 1,136,1 1,272,1 1,272,1 0,0,0 0,0,0 12,0,2 0,0,0 1,136,1 0,0,0
ADDLINE 1,148,1 7,0,2 1,296,1 0,0,0 12,0,2 0,0,0 1,148,1 1,296,1 0,0,0
ADDLINE 1,322,1 1,322,1 1,322,1 1,322,1 1,322,1 0,0,0 1,322,1 12,0,2 10,0,2
ADDLINE 0,0,0 0,0,0 1,258,1 1,129,1 1,129,1 1,129,1 1,129,1 12,0,2 1,258,1
ADDLINE 0,0,0 7,0,2 0,0,0 1,141,1 1,141,1 1,141,1 1,141,1 0,0,0 12,0,2
ADDLINE 1,306,1 1,306,1 0,0,0 1,306,1 1,306,1 1,306,1 1,306,1 12,0,2 10,0,2
ADDLINE 7,0,2 1,332,1 1,166,1 1,166,1 1,166,1 1,166,1 1,166,1 1,332,1 12,0,2
ADDLINE 0,0,0 0,0,0 12,0,2 0,0,0 1,133,1 1,133,1 1,133,1 1,133,1 0,0,0
ADDLINE 1,146,1 1,146,1 12,0,2 0,0,0 1,146,1 1,146,1 1,146,1 1,146,1 0,0,0
ADDLINE 1,194,1 1,194,1 0,0,0 1,194,1 1,194,1 1,194,1 1,194,1 12,0,2 0,0,0
ADDLINE 1,390,1 1,390,1 12,0,2 1,390,1 1,390,1 1,390,1 1,390,1 8,0,2 0,0,0
ADDLINE 0,0,0 0,0,0 0,0,0 0,0,0 1,197,1 1,197,1 0,0,0 12,0,2 1,197,1
1,80,1 1,80,1 1,80,1 12,0,2 1,80,1 1,80,1 1,80,1 1,80,1 1,80,1
1,83,1 1,83,1 1,83,1 15,0,2 1,83,1 12,0,2 0,0,0 0,0,0 1,83,1
1,82,1 1,82,1 1,82,1 12,0,2 1,82,1 1,82,1 1,164,1 7,0,2 1,82,1
0,0,0 0,0,0 12,0,2 0,0,0 1,81,1 0,0,0 0,0,0 0,0,0 1,81,1
1,80,1 12,0,2 1,80,1 1,80,1 1,80,1 1,80,1 1,80,1 0,0,0 1,80,1
1,79,1 12,0,2 1,79,1 1,79,1 1,79,1 1,79,1 1,79,1 14,0,2 1,79,1
0,0,0 0,0,0 0,0,0 0,0,0 0,0,0 0,0,0 0,0,0 0,0,0 0,0,0
0,0,0 0,0,0 0,0,0 0,0,0 0,0,0 0,0,0 0,0,0 0,0,0 0,0,0
0,0,0 0,0,0 0,0,0 0,0,0 0,0,0 0,0,0 0,0,0 0,0,0 0,0,0