MODE 0
BALL 70
STARS 0/4700/6600
ADDLINE 0,0,0 1,94,1 0,0,0 1,94,1 12,0,2 1,94,1 1,94,1 1,94,1 1,94,1
ADDLINE 0,0,0 1,95,1 0,0,0 1,95,1 12,0,2 1,95,1 1,95,1 1,95,1 0,0,0
ADDLINE 0,0,0 1,96,1 1,96,1 1,96,1 0,0,0 1,96,1 1,96,1 1,96,1 12,0,2
ADDLINE 0,0,0 0,0,0 0,0,0 1,106,1 12,0,2 1,106,1 1,106,1 1,106,1 0,0,0
ADDLINE 0,0,0 1,107,1 1,107,1 1,107,1 0,0,0 1,107,1 1,107,1 1,107,1 12,0,2
ADDLINE 0,0,0 0,0,0 1,117,1 1,117,1 1,117,1 1,117,1 1,117,1 0,0,0 12,0,2
ADDLINE 0,0,0 1,127,1 1,127,1 1,127,1 12,0,2 1,127,1 1,127,1 1,127,1 1,127,1
ADDLINE 0,0,0 1,138,1 1,138,1 1,138,1 0,0,0 1,138,1 12,0,2 0,0,0 0,0,0
ADDLINE 1,111,1 1,111,1 1,111,1 1,111,1 12,0,2 1,111,1 0,0,0 1,111,1 1,111,1
ADDLINE 1,122,1 0,0,0 1,122,1 0,0,0 1,122,1 12,0,2 1,122,1 0,0,0 1,122,1
ADDLINE 1,133,1 12,0,2 1,133,1 0,0,0 1,133,1 0,0,0 0,0,0 0,0,0 1,133,1
ADDLINE 1,144,1 12,0,2 1,144,1 0,0,0 1,144,1 1,144,1 1,144,1 1,144,1 1,144,1
ADDLINE 1,115,1 0,0,0 1,115,1 12,0,2 0,0,0 0,0,0 0,0,0 0,0,0 0,0,0
ADDLINE 1,121,1 12,0,2 1,121,1 1,121,1 1,121,1 1,121,1 1,121,1 1,121,1 1,121,1
ADDLINE 1,138,1 0,0,0 0,0,0 0,0,0 0,0,0 0,0,0 12,0,2 0,0,0 1,138,1
ADDLINE 1,142,1 1,142,1 1,142,1 12,0,2 1,142,1 1,142,1 1,142,1 1,142,1 1,142,1
ADDLINE 1,120,1 0,0,0 1,120,1 12,0,2 0,0,0 0,0,0 1,120,1 0,0,0 0,0,0
ADDLINE 1,131,1 12,0,2 1,131,1 1,131,1 1,131,1 0,0,0 1,131,1 0,0,0 1,131,1
ADDLINE 0,0,0 0,0,0 0,0,0 1,143,1 0,0,0 12,0,2 1,143,1 1,143,1 1,143,1
ADDLINE 0,0,0 1,155,1 1,155,1 1,155,1 12,0,2 1,155,1 1,155,1 1,155,1 1,155,1
ADDLINE 0,0,0 0,0,0 1,124,1 1,124,1 1,124,1 0,0,0 0,0,0 12,0,2 1,124,1
ADDLINE 1,130,1 1,130,1 1,130,1 1,130,1 1,130,1 1,130,1 1,130,1 12,0,2 1,130,1
ADDLINE 1,148,1 0,0,0 12,0,2 0,0,0 0,0,0 1,148,1 1,148,1 0,0,0 1,148,1
ADDLINE 0,0,0 0,0,0 1,161,1 1,161,1 1,161,1 0,0,0 12,0,2 0,0,0 1,161,1
ADDLINE 0,0,0 12,0,2 1,129,1 1,129,1 0,0,0 1,129,1 1,129,1 1,129,1 1,129,1
ADDLINE 0,0,0 0,0,0 1,141,1 1,141,1 12,0,2 1,141,1 1,141,1 1,141,1 1,141,1
ADDLINE 0,0,0 0,0,0 0,0,0 12,0,2 0,0,0 0,0,0 0,0,0 1,153,1 1,153,1
ADDLINE 1,166,1 1,166,1 12,0,2 0,0,0 1,166,1 1,166,1 1,166,1 1,166,1 1,166,1
ADDLINE 0,0,0 0,0,0 1,133,1 1,133,1 0,0,0 12,0,2 0,0,0 1,133,1 1,133,1
ADDLINE 0,0,0 12,0,2 0,0,0 0,0,0 1,146,1 1,146,1 0,0,0 1,146,1 1,146,1
ADDLINE 1,184,1 1,184,1 1,184,1 1,184,1 1,184,1 1,184,1 12,0,2 1,184,1 1,184,1
ADDLINE 1,195,1 0,0,0 0,0,0 0,0,0 12,0,2 1,195,1 0,0,0 1,195,1 1,195,1
ADDLINE 0,0,0 0,0,0 1,197,1 1,197,1 12,0,2 0,0,0 1,197,1 1,197,1 1,197,1
15,0,2 12,0,2 1,84,1 0,0,0 1,84,1 0,0,0 1,84,1 1,84,1 1,84,1
1,83,1 1,83,1 1,83,1 12,0,2 1,83,1 0,0,0 1,83,1 1,83,1 1,83,1
1,82,1 0,0,0 0,0,0 0,0,0 12,0,2 0,0,0 0,0,0 0,0,0 1,82,1
1,77,1 1,77,1 1,77,1 1,77,1 1,77,1 1,77,1 1,77,1 12,0,2 1,77,1
14,0,2 0,0,0 0,0,0 0,0,0 12,0,2 0,0,0 1,80,1 0,0,0 1,80,1
1,79,1 1,79,1 1,79,1 1,79,1 1,79,1 12,0,2 1,79,1 0,0,0 1,79,1
0,0,0 0,0,0 0,0,0 0,0,0 0,0,0 0,0,0 0,0,0 0,0,0 0,0,0
0,0,0 0,0,0 0,0,0 0,0,0 0,0,0 0,0,0 0,0,0 0,0,0 0,0,0
0,0,0 0,0,0 0,0,0 0,0,0 0,0,0 0,0,0 0,0,0 0,0,0 0,0,0