MODE 0
BALL 70
STARS 0/4800/6900
ADDLINE 1,188,1 19,94,1 1,188,1 12,0,2 1,188,1 1,188,1 1,188,1 1,188,1 0,0,0
ADDLINE 0,0,0 12,0,2 0,0,0 0,0,0 0,0,0 0,0,0 1,95,1 1,95,1 0,0,0
ADDLINE 0,0,0 12,0,2 1,96,1 1,96,1 0,0,0 1,96,1 1,96,1 1,96,1 1,96,1
ADDLINE 1,212,1 12,0,2 1,212,1 1,212,1 0,0,0 1,212,1 1,212,1 1,212,1 16,106,1
ADDLINE 1,107,1 0,0,0 1,107,1 12,0,2 0,0,0 1,107,1 0,0,0 1,107,1 1,107,1
ADDLINE 1,117,1 0,0,0 12,0,2 1,117,1 0,0,0 0,0,0 0,0,0 1,117,1 1,117,1
ADDLINE 1,127,1 1,127,1 12,0,2 1,127,1 0,0,0 1,127,1 1,127,1 1,127,1 1,127,1
ADDLINE 1,138,1 1,138,1 12,0,2 1,138,1 0,0,0 1,138,1 1,138,1 1,138,1 1,138,1
ADDLINE 0,0,0 1,111,1 12,0,2 0,0,0 1,111,1 1,111,1 1,111,1 1,111,1 1,111,1
ADDLINE 1,122,1 1,122,1 1,122,1 12,0,2 1,122,1 1,122,1 1,122,1 0,0,0 1,122,1
ADDLINE 1,133,1 0,0,0 0,0,0 12,0,2 0,0,0 0,0,0 1,133,1 0,0,0 1,133,1
ADDLINE 1,144,1 1,144,1 1,144,1 1,144,1 1,144,1 12,0,2 1,144,1 0,0,0 1,144,1
ADDLINE 0,0,0 0,0,0 0,0,0 12,0,2 1,115,1 0,0,0 1,115,1 0,0,0 0,0,0
ADDLINE 1,121,1 1,121,1 1,121,1 12,0,2 1,121,1 1,121,1 1,121,1 1,121,1 1,121,1
ADDLINE 0,0,0 0,0,0 1,138,1 0,0,0 0,0,0 0,0,0 0,0,0 12,0,2 0,0,0
ADDLINE 1,284,1 12,0,2 1,142,1 1,142,1 1,142,1 1,142,1 1,142,1 1,142,1 1,142,1
ADDLINE 20,120,1 1,240,1 1,240,1 0,0,0 0,0,0 12,0,2 1,120,1 0,0,0 0,0,0
ADDLINE 1,262,1 12,0,2 17,131,1 1,262,1 1,131,1 0,0,0 1,131,1 0,0,0 1,131,1
ADDLINE 1,143,1 1,286,1 1,286,1 1,286,1 1,143,1 12,0,2 1,143,1 0,0,0 1,143,1
ADDLINE 0,0,0 0,0,0 12,0,2 0,0,0 1,155,1 0,0,0 1,155,1 0,0,0 1,155,1
ADDLINE 1,124,1 12,0,2 1,124,1 1,124,1 1,124,1 0,0,0 1,124,1 1,124,1 1,124,1
ADDLINE 16,136,1 1,272,1 1,272,1 1,272,1 1,272,1 12,0,2 1,272,1 0,0,0 1,272,1
ADDLINE 1,141,1 1,141,1 1,141,1 12,0,2 1,141,1 1,141,1 1,141,1 1,141,1 1,141,1
ADDLINE 0,0,0 0,0,0 12,0,2 0,0,0 1,161,1 1,161,1 1,161,1 1,161,1 1,161,1
ADDLINE 1,122,1 1,244,1 1,244,1 12,0,2 1,122,1 1,122,1 1,122,1 1,122,1 1,122,1
ADDLINE 1,141,1 20,141,1 1,282,1 12,0,2 0,0,0 0,0,0 0,0,0 0,0,0 0,0,0
ADDLINE 1,146,1 1,292,1 1,292,1 1,146,1 1,146,1 1,146,1 1,146,1 1,146,1 12,0,2
ADDLINE 1,158,1 1,158,1 1,158,1 12,0,2 1,158,1 1,158,1 1,316,1 1,316,1 1,158,1
ADDLINE 0,0,0 12,0,2 0,0,0 0,0,0 1,133,1 1,133,1 1,266,1 17,133,1 1,133,1
ADDLINE 1,139,1 1,139,1 1,139,1 12,0,2 1,139,1 1,139,1 1,278,1 1,278,1 1,139,1
ADDLINE 1,388,1 16,194,1 1,388,1 1,388,1 1,388,1 12,0,2 1,388,1 1,388,1 0,0,0
ADDLINE 1,186,1 1,186,1 1,186,1 1,372,1 1,372,1 1,372,1 1,186,1 1,186,1 12,0,2
ADDLINE 0,0,0 1,394,1 1,394,1 1,394,1 19,197,1 1,394,1 12,0,2 1,394,1 1,394,1
1,84,1 1,168,1 12,0,2 1,84,1 0,0,0 15,0,2 1,168,1 1,168,1 1,84,1
0,0,0 0,0,0 12,0,2 0,0,0 0,0,0 1,166,1 7,0,2 1,166,1 1,83,1
0,0,0 0,0,0 1,82,1 0,0,0 12,0,2 1,164,1 1,164,1 1,164,1 1,164,1
1,162,1 1,162,1 12,0,2 1,162,1 1,162,1 14,0,2 1,162,1 1,162,1 10,0,2
1,80,1 1,80,1 12,0,2 0,0,0 0,0,0 0,0,0 1,80,1 1,160,1 1,160,1
1,158,1 1,158,1 12,0,2 1,158,1 1,158,1 1,158,1 1,158,1 1,158,1 10,0,2
0,0,0 0,0,0 0,0,0 0,0,0 0,0,0 0,0,0 0,0,0 0,0,0 0,0,0
0,0,0 0,0,0 0,0,0 0,0,0 0,0,0 0,0,0 0,0,0 0,0,0 0,0,0
0,0,0 0,0,0 0,0,0 0,0,0 0,0,0 0,0,0 0,0,0 0,0,0 0,0,0