MODE 0
BALL 70
STARS 0/4900/6800
ADDLINE 1,94,1 1,94,1 12,0,2 0,0,0 0,0,0 0,0,0 0,0,0 0,0,0 0,0,0
ADDLINE 1,95,1 4,95,1 12,0,2 5,95,1 1,95,1 1,95,1 1,95,1 0,0,0 3,95,1
ADDLINE 1,96,1 1,96,1 0,0,0 0,0,0 12,0,2 0,0,0 1,96,1 0,0,0 1,96,1
ADDLINE 1,106,1 1,106,1 1,106,1 1,106,1 1,106,1 1,106,1 12,0,2 0,0,0 1,106,1
ADDLINE 1,107,1 1,107,1 1,107,1 3,107,1 12,0,2 3,107,1 0,0,0 1,107,1 2,107,1
ADDLINE 1,117,1 1,117,1 1,117,1 5,117,1 12,0,2 1,117,1 0,0,0 0,0,0 2,117,1
ADDLINE 1,127,1 1,127,1 1,127,1 4,127,1 12,0,2 1,127,1 1,127,1 0,0,0 1,127,1
ADDLINE 1,138,1 1,138,1 1,138,1 0,0,0 0,0,0 1,138,1 1,138,1 12,0,2 0,0,0
ADDLINE 2,111,1 5,111,1 1,111,1 12,0,2 0,0,0 0,0,0 1,111,1 2,111,1 0,0,0
ADDLINE 1,122,1 1,122,1 1,122,1 12,0,2 1,122,1 1,122,1 1,122,1 0,0,0 1,122,1
ADDLINE 0,0,0 0,0,0 2,133,1 12,0,2 0,0,0 0,0,0 1,133,1 0,0,0 0,0,0
ADDLINE 1,144,1 12,0,2 1,144,1 5,144,1 1,144,1 0,0,0 2,144,1 1,144,1 3,144,1
ADDLINE 1,115,1 12,0,2 0,0,0 0,0,0 3,115,1 0,0,0 1,115,1 0,0,0 0,0,0
ADDLINE 1,127,1 4,127,1 2,127,1 12,0,2 1,127,1 0,0,0 1,127,1 0,0,0 1,127,1
ADDLINE 0,0,0 0,0,0 0,0,0 12,0,2 1,138,1 0,0,0 0,0,0 0,0,0 1,138,1
ADDLINE 1,142,1 1,142,1 3,142,1 1,142,1 1,142,1 1,142,1 12,0,2 1,142,1 1,142,1
ADDLINE 0,0,0 0,0,0 12,0,2 0,0,0 0,0,0 0,0,0 0,0,0 0,0,0 1,120,1
ADDLINE 4,125,1 1,125,1 1,125,1 12,0,2 5,125,1 1,125,1 1,125,1 4,125,1 1,125,1
ADDLINE 0,0,0 1,143,1 1,143,1 4,143,1 2,143,1 1,143,1 1,143,1 1,143,1 12,0,2
ADDLINE 0,0,0 0,0,0 0,0,0 1,155,1 1,155,1 2,155,1 1,155,1 1,155,1 12,0,2
ADDLINE 0,0,0 1,124,1 1,124,1 1,124,1 3,124,1 1,124,1 3,124,1 1,124,1 12,0,2
ADDLINE 0,0,0 3,136,1 12,0,2 1,136,1 0,0,0 0,0,0 0,0,0 1,136,1 0,0,0
ADDLINE 0,0,0 4,148,1 12,0,2 3,148,1 1,148,1 1,148,1 0,0,0 1,148,1 1,148,1
ADDLINE 0,0,0 1,161,1 0,0,0 1,161,1 1,161,1 1,161,1 0,0,0 5,161,1 12,0,2
ADDLINE 0,0,0 1,129,1 0,0,0 1,129,1 1,129,1 1,129,1 0,0,0 1,129,1 12,0,2
ADDLINE 0,0,0 3,141,1 0,0,0 4,141,1 3,141,1 1,141,1 0,0,0 12,0,2 0,0,0
ADDLINE 1,146,1 1,146,1 12,0,2 1,146,1 1,146,1 1,146,1 1,146,1 1,146,1 2,146,1
ADDLINE 1,166,1 0,0,0 0,0,0 12,0,2 1,166,1 0,0,0 4,166,1 0,0,0 0,0,0
ADDLINE 1,127,1 1,127,1 1,127,1 1,127,1 5,127,1 12,0,2 2,127,1 1,127,1 1,127,1
ADDLINE 0,0,0 0,0,0 0,0,0 0,0,0 0,0,0 0,0,0 1,146,1 0,0,0 12,0,2
ADDLINE 1,184,1 1,184,1 1,184,1 1,184,1 1,184,1 12,0,2 1,184,1 1,184,1 1,184,1
ADDLINE 3,186,1 1,186,1 3,186,1 5,186,1 1,186,1 12,0,2 1,186,1 1,186,1 1,186,1
ADDLINE 1,187,1 5,187,1 1,187,1 1,187,1 1,187,1 12,0,2 2,187,1 2,187,1 1,187,1
1,84,1 1,84,1 1,84,1 0,0,0 12,0,2 0,0,0 0,0,0 0,0,0 1,84,1
5,83,1 1,83,1 1,83,1 12,0,2 1,83,1 1,83,1 1,83,1 0,0,0 1,83,1
3,82,1 3,82,1 1,82,1 15,0,2 0,0,0 12,0,2 0,0,0 0,0,0 4,82,1
5,81,1 1,81,1 1,81,1 4,81,1 12,0,2 1,81,1 1,81,1 0,0,0 0,0,0
1,80,1 12,0,2 1,80,1 1,80,1 1,80,1 1,80,1 3,80,1 0,0,0 0,0,0
1,79,1 0,0,0 14,0,2 1,79,1 1,79,1 1,79,1 5,79,1 12,0,2 0,0,0
0,0,0 0,0,0 0,0,0 0,0,0 0,0,0 0,0,0 0,0,0 0,0,0 0,0,0
0,0,0 0,0,0 0,0,0 0,0,0 0,0,0 0,0,0 0,0,0 0,0,0 0,0,0
0,0,0 0,0,0 0,0,0 0,0,0 0,0,0 0,0,0 0,0,0 0,0,0 0,0,0