MODE 0
BALL 70
STARS 0/5100/7300
ADDLINE 1,94,1 4,94,1 12,0,2 0,0,0 0,0,0 0,0,0 0,0,0 0,0,0 0,0,0
ADDLINE 1,90,1 1,90,1 1,90,1 3,90,1 1,90,1 1,180,1 12,0,2 1,180,1 1,90,1
ADDLINE 1,192,1 1,192,1 0,0,0 12,0,2 0,0,0 1,192,1 10,0,2 1,192,1 1,192,1
ADDLINE 2,106,1 3,106,1 0,0,0 1,106,1 12,0,2 1,212,1 0,0,0 1,212,1 1,106,1
ADDLINE 0,0,0 0,0,0 0,0,0 1,107,1 12,0,2 4,107,1 0,0,0 0,0,0 0,0,0
ADDLINE 1,111,1 1,111,1 1,111,1 1,111,1 3,111,1 1,111,1 12,0,2 1,111,1 1,111,1
ADDLINE 1,121,1 1,121,1 1,121,1 1,121,1 5,121,1 5,121,1 12,0,2 1,121,1 1,121,1
ADDLINE 0,0,0 0,0,0 1,138,1 0,0,0 1,138,1 1,138,1 12,0,2 4,138,1 0,0,0
ADDLINE 1,106,1 1,106,1 1,106,1 4,106,1 1,106,1 12,0,2 1,106,1 1,106,1 3,106,1
ADDLINE 1,122,1 1,122,1 1,122,1 12,0,2 1,122,1 0,0,0 2,122,1 1,122,1 4,122,1
ADDLINE 0,0,0 0,0,0 0,0,0 11,0,2 1,266,1 0,0,0 0,0,0 12,0,2 1,133,1
ADDLINE 1,144,1 1,144,1 1,288,1 12,0,2 1,288,1 1,144,1 3,144,1 0,0,0 1,144,1
ADDLINE 1,115,1 0,0,0 12,0,2 0,0,0 0,0,0 0,0,0 1,115,1 0,0,0 1,115,1
ADDLINE 1,127,1 12,0,2 3,127,1 1,127,1 4,127,1 2,127,1 1,127,1 0,0,0 1,127,1
ADDLINE 1,138,1 12,0,2 0,0,0 0,0,0 1,276,1 11,0,2 0,0,0 0,0,0 1,138,1
ADDLINE 2,142,1 1,142,1 1,142,1 1,142,1 1,284,1 12,0,2 1,284,1 1,142,1 1,142,1
ADDLINE 4,120,1 0,0,0 12,0,2 0,0,0 5,120,1 0,0,0 1,120,1 0,0,0 0,0,0
ADDLINE 1,131,1 12,0,2 5,131,1 0,0,0 1,131,1 0,0,0 1,131,1 0,0,0 1,131,1
ADDLINE 1,143,1 1,143,1 1,143,1 0,0,0 0,0,0 0,0,0 0,0,0 12,0,2 0,0,0
ADDLINE 0,0,0 0,0,0 12,0,2 4,155,1 1,310,1 11,0,2 1,310,1 3,155,1 1,155,1
ADDLINE 10,0,2 0,0,0 0,0,0 0,0,0 12,0,2 1,248,1 1,248,1 1,248,1 1,248,1
ADDLINE 1,272,1 12,0,2 1,136,1 1,136,1 3,136,1 1,136,1 2,136,1 5,136,1 0,0,0
ADDLINE 0,0,0 0,0,0 1,148,1 1,148,1 1,148,1 1,148,1 1,148,1 1,296,1 12,0,2
ADDLINE 0,0,0 0,0,0 0,0,0 0,0,0 0,0,0 1,322,1 1,322,1 12,0,2 10,0,2
ADDLINE 4,129,1 1,129,1 1,129,1 1,129,1 0,0,0 12,0,2 1,129,1 1,258,1 0,0,0
ADDLINE 1,141,1 1,141,1 2,141,1 1,141,1 1,141,1 12,0,2 11,0,2 1,282,1 0,0,0
ADDLINE 1,153,1 1,153,1 5,153,1 4,153,1 0,0,0 12,0,2 0,0,0 1,306,1 0,0,0
ADDLINE 1,166,1 1,166,1 1,166,1 4,166,1 12,0,2 1,166,1 5,166,1 0,0,0 1,166,1
ADDLINE 2,133,1 0,0,0 12,0,2 0,0,0 0,0,0 1,133,1 1,133,1 0,0,0 0,0,0
ADDLINE 0,0,0 12,0,2 1,146,1 2,146,1 1,146,1 1,146,1 1,146,1 0,0,0 0,0,0
ADDLINE 0,0,0 0,0,0 0,0,0 0,0,0 12,0,2 1,194,1 5,194,1 0,0,0 0,0,0
ADDLINE 1,390,1 1,390,1 1,390,1 1,390,1 0,0,0 12,0,2 0,0,0 1,390,1 8,0,2
ADDLINE 1,197,1 1,197,1 1,197,1 1,197,1 2,197,1 12,0,2 1,197,1 1,394,1 11,0,2
1,84,1 1,84,1 12,0,2 1,84,1 1,84,1 1,84,1 1,84,1 3,84,1 14,0,2
1,79,1 1,79,1 5,79,1 1,79,1 2,79,1 1,79,1 3,79,1 1,79,1 12,0,2
15,0,2 0,0,0 12,0,2 1,82,1 2,82,1 1,82,1 1,82,1 1,82,1 0,0,0
1,77,1 5,77,1 1,77,1 1,77,1 1,77,1 4,77,1 1,77,1 1,77,1 12,0,2
0,0,0 0,0,0 0,0,0 0,0,0 0,0,0 0,0,0 0,0,0 1,80,1 12,0,2
10,0,2 1,158,1 1,158,1 1,158,1 1,158,1 1,158,1 1,158,1 1,158,1 12,0,2
0,0,0 0,0,0 0,0,0 0,0,0 0,0,0 0,0,0 0,0,0 0,0,0 0,0,0
0,0,0 0,0,0 0,0,0 0,0,0 0,0,0 0,0,0 0,0,0 0,0,0 0,0,0
0,0,0 0,0,0 0,0,0 0,0,0 0,0,0 0,0,0 0,0,0 0,0,0 0,0,0