MODE 0
BALL 70
STARS 0/5000/7200
ADDLINE 1,94,1 1,94,1 1,94,1 1,94,1 1,94,1 3,94,1 12,0,2 0,0,0 0,0,0
ADDLINE 1,95,1 1,95,1 1,95,1 1,95,1 12,0,2 0,0,0 0,0,0 0,0,0 1,95,1
ADDLINE 5,96,1 1,96,1 4,96,1 1,96,1 12,0,2 4,96,1 0,0,0 1,96,1 1,96,1
ADDLINE 3,106,1 1,106,1 1,106,1 1,106,1 12,0,2 1,106,1 0,0,0 1,106,1 1,106,1
ADDLINE 1,107,1 0,0,0 12,0,2 0,0,0 0,0,0 0,0,0 1,107,1 1,107,1 3,107,1
ADDLINE 1,117,1 12,0,2 1,117,1 1,117,1 2,117,1 0,0,0 1,117,1 1,117,1 4,117,1
ADDLINE 1,127,1 12,0,2 1,127,1 1,127,1 1,127,1 0,0,0 1,127,1 2,127,1 1,127,1
ADDLINE 0,0,0 0,0,0 3,138,1 1,138,1 1,138,1 0,0,0 0,0,0 12,0,2 1,138,1
ADDLINE 0,0,0 0,0,0 4,111,1 12,0,2 0,0,0 0,0,0 0,0,0 0,0,0 1,111,1
ADDLINE 0,0,0 12,0,2 1,122,1 0,0,0 1,122,1 0,0,0 0,0,0 0,0,0 1,122,1
ADDLINE 1,133,1 0,0,0 1,133,1 12,0,2 1,133,1 0,0,0 4,133,1 5,133,1 1,133,1
ADDLINE 3,144,1 0,0,0 1,144,1 0,0,0 1,144,1 0,0,0 1,144,1 12,0,2 0,0,0
ADDLINE 1,115,1 12,0,2 2,115,1 1,115,1 1,115,1 0,0,0 3,115,1 5,115,1 1,115,1
ADDLINE 1,127,1 0,0,0 12,0,2 0,0,0 0,0,0 0,0,0 1,127,1 0,0,0 0,0,0
ADDLINE 1,131,1 1,131,1 1,131,1 1,131,1 1,131,1 3,131,1 1,131,1 12,0,2 1,131,1
ADDLINE 0,0,0 0,0,0 0,0,0 12,0,2 5,149,1 0,0,0 0,0,0 0,0,0 1,149,1
ADDLINE 2,120,1 1,120,1 1,120,1 12,0,2 1,120,1 0,0,0 1,120,1 1,120,1 1,120,1
ADDLINE 1,131,1 12,0,2 0,0,0 0,0,0 1,131,1 0,0,0 0,0,0 0,0,0 4,131,1
ADDLINE 2,143,1 1,143,1 1,143,1 0,0,0 1,143,1 12,0,2 1,143,1 0,0,0 2,143,1
ADDLINE 0,0,0 12,0,2 0,0,0 0,0,0 3,155,1 0,0,0 0,0,0 0,0,0 0,0,0
ADDLINE 1,118,1 1,118,1 1,118,1 12,0,2 1,118,1 1,118,1 1,118,1 1,118,1 5,118,1
ADDLINE 2,136,1 1,136,1 3,136,1 0,0,0 0,0,0 0,0,0 12,0,2 0,0,0 1,136,1
ADDLINE 1,148,1 1,148,1 1,148,1 12,0,2 1,148,1 1,148,1 1,148,1 0,0,0 1,148,1
ADDLINE 5,161,1 1,161,1 1,161,1 0,0,0 5,161,1 1,161,1 1,161,1 12,0,2 0,0,0
ADDLINE 2,129,1 1,129,1 1,129,1 12,0,2 1,129,1 1,129,1 1,129,1 0,0,0 1,129,1
ADDLINE 0,0,0 0,0,0 4,141,1 0,0,0 0,0,0 12,0,2 1,141,1 0,0,0 1,141,1
ADDLINE 1,146,1 1,146,1 4,146,1 12,0,2 1,146,1 3,146,1 1,146,1 1,146,1 1,146,1
ADDLINE 5,166,1 1,166,1 1,166,1 1,166,1 1,166,1 0,0,0 1,166,1 12,0,2 0,0,0
ADDLINE 1,133,1 1,133,1 3,133,1 1,133,1 1,133,1 12,0,2 4,133,1 0,0,0 5,133,1
ADDLINE 0,0,0 0,0,0 0,0,0 0,0,0 0,0,0 12,0,2 1,146,1 0,0,0 0,0,0
ADDLINE 1,184,1 12,0,2 1,184,1 1,184,1 1,184,1 1,184,1 1,184,1 1,184,1 1,184,1
ADDLINE 0,0,0 12,0,2 1,195,1 0,0,0 3,195,1 1,195,1 1,195,1 5,195,1 1,195,1
ADDLINE 1,187,1 1,187,1 1,187,1 12,0,2 5,187,1 4,187,1 4,187,1 3,187,1 1,187,1
1,84,1 12,0,2 1,84,1 1,84,1 5,84,1 1,84,1 2,84,1 1,84,1 15,0,2
0,0,0 0,0,0 1,83,1 1,83,1 1,83,1 1,83,1 1,83,1 4,83,1 12,0,2
0,0,0 0,0,0 1,82,1 1,82,1 1,82,1 5,82,1 4,82,1 1,82,1 12,0,2
1,81,1 12,0,2 0,0,0 1,81,1 3,81,1 1,81,1 1,81,1 14,0,2 1,81,1
0,0,0 0,0,0 0,0,0 1,80,1 5,80,1 12,0,2 0,0,0 0,0,0 1,80,1
0,0,0 1,79,1 1,79,1 1,79,1 3,79,1 12,0,2 4,79,1 1,79,1 0,0,0
0,0,0 0,0,0 0,0,0 0,0,0 0,0,0 0,0,0 0,0,0 0,0,0 0,0,0
0,0,0 0,0,0 0,0,0 0,0,0 0,0,0 0,0,0 0,0,0 0,0,0 0,0,0
0,0,0 0,0,0 0,0,0 0,0,0 0,0,0 0,0,0 0,0,0 0,0,0 0,0,0