MODE 0
BALL 70
STARS 0/5200/7200
ADDLINE 1,94,1 1,94,1 3,94,1 12,0,2 1,94,1 0,0,0 0,0,0 0,0,0 0,0,0
ADDLINE 1,90,1 5,90,1 1,90,1 12,0,2 1,90,1 4,90,1 1,90,1 1,90,1 1,90,1
ADDLINE 0,0,0 0,0,0 0,0,0 0,0,0 1,96,1 0,0,0 0,0,0 0,0,0 12,0,2
ADDLINE 1,101,1 1,101,1 4,101,1 12,0,2 1,101,1 1,101,1 1,101,1 1,101,1 1,101,1
ADDLINE 0,0,0 0,0,0 0,0,0 0,0,0 5,107,1 12,0,2 1,107,1 4,107,1 3,107,1
ADDLINE 1,111,1 1,111,1 1,111,1 1,111,1 5,111,1 12,0,2 1,111,1 1,111,1 1,111,1
ADDLINE 0,0,0 0,0,0 12,0,2 1,127,1 0,0,0 1,127,1 1,127,1 4,127,1 1,127,1
ADDLINE 1,132,1 1,132,1 5,132,1 1,132,1 5,132,1 1,132,1 1,132,1 12,0,2 1,132,1
ADDLINE 3,111,1 12,0,2 1,111,1 1,111,1 1,111,1 3,111,1 1,111,1 0,0,0 1,111,1
ADDLINE 1,116,1 1,116,1 1,116,1 12,0,2 1,116,1 1,116,1 1,116,1 1,116,1 4,116,1
ADDLINE 0,0,0 0,0,0 2,133,1 0,0,0 0,0,0 0,0,0 0,0,0 12,0,2 0,0,0
ADDLINE 1,137,1 12,0,2 1,137,1 1,137,1 1,137,1 1,137,1 2,137,1 3,137,1 1,137,1
ADDLINE 0,0,0 0,0,0 1,115,1 0,0,0 0,0,0 12,0,2 2,115,1 0,0,0 0,0,0
ADDLINE 1,127,1 1,127,1 4,127,1 12,0,2 1,127,1 1,127,1 1,127,1 0,0,0 1,127,1
ADDLINE 0,0,0 0,0,0 0,0,0 0,0,0 12,0,2 0,0,0 0,0,0 0,0,0 1,138,1
ADDLINE 3,142,1 1,142,1 12,0,2 5,142,1 1,142,1 1,142,1 1,142,1 4,142,1 1,142,1
ADDLINE 5,120,1 0,0,0 0,0,0 12,0,2 0,0,0 0,0,0 0,0,0 0,0,0 1,120,1
ADDLINE 1,125,1 12,0,2 1,125,1 1,125,1 1,125,1 1,125,1 1,125,1 1,125,1 1,125,1
ADDLINE 1,143,1 2,143,1 1,143,1 5,143,1 2,143,1 0,0,0 12,0,2 0,0,0 0,0,0
ADDLINE 1,155,1 1,155,1 1,155,1 1,155,1 12,0,2 0,0,0 1,155,1 1,155,1 0,0,0
ADDLINE 4,124,1 1,124,1 0,0,0 0,0,0 12,0,2 1,124,1 1,124,1 1,124,1 0,0,0
ADDLINE 1,136,1 1,136,1 12,0,2 4,136,1 1,136,1 1,136,1 0,0,0 0,0,0 0,0,0
ADDLINE 1,148,1 12,0,2 1,148,1 3,148,1 5,148,1 1,148,1 0,0,0 0,0,0 1,148,1
ADDLINE 1,161,1 0,0,0 0,0,0 0,0,0 12,0,2 0,0,0 0,0,0 0,0,0 1,161,1
ADDLINE 2,129,1 1,129,1 1,129,1 5,129,1 1,129,1 5,129,1 12,0,2 1,129,1 0,0,0
ADDLINE 1,141,1 1,141,1 1,141,1 1,141,1 1,141,1 1,141,1 12,0,2 4,141,1 0,0,0
ADDLINE 1,153,1 1,153,1 1,153,1 4,153,1 0,0,0 12,0,2 0,0,0 0,0,0 1,153,1
ADDLINE 1,166,1 1,166,1 1,166,1 1,166,1 3,166,1 12,0,2 0,0,0 0,0,0 3,166,1
ADDLINE 1,133,1 1,133,1 1,133,1 1,133,1 1,133,1 12,0,2 1,133,1 1,133,1 0,0,0
ADDLINE 5,139,1 1,139,1 1,139,1 1,139,1 4,139,1 1,139,1 4,139,1 1,139,1 12,0,2
ADDLINE 2,194,1 1,194,1 1,194,1 12,0,2 0,0,0 0,0,0 0,0,0 0,0,0 0,0,0
ADDLINE 0,0,0 0,0,0 0,0,0 0,0,0 1,195,1 1,195,1 1,195,1 1,195,1 12,0,2
ADDLINE 0,0,0 1,197,1 5,197,1 1,197,1 4,197,1 1,197,1 2,197,1 1,197,1 12,0,2
1,80,1 1,80,1 1,80,1 1,80,1 3,80,1 12,0,2 1,80,1 1,80,1 1,80,1
2,83,1 1,83,1 0,0,0 12,0,2 1,83,1 0,0,0 15,0,2 1,83,1 1,83,1
1,78,1 12,0,2 2,78,1 5,78,1 3,78,1 1,78,1 1,78,1 1,78,1 1,78,1
1,81,1 12,0,2 1,81,1 0,0,0 0,0,0 0,0,0 0,0,0 0,0,0 14,0,2
1,80,1 0,0,0 1,80,1 12,0,2 1,80,1 5,80,1 1,80,1 0,0,0 1,80,1
1,79,1 0,0,0 2,79,1 12,0,2 1,79,1 4,79,1 4,79,1 0,0,0 1,79,1
0,0,0 0,0,0 0,0,0 0,0,0 0,0,0 0,0,0 0,0,0 0,0,0 0,0,0
0,0,0 0,0,0 0,0,0 0,0,0 0,0,0 0,0,0 0,0,0 0,0,0 0,0,0
0,0,0 0,0,0 0,0,0 0,0,0 0,0,0 0,0,0 0,0,0 0,0,0 0,0,0