MODE 0
BALL 50
STARS 0/1900/2600
ADDLINE 1,49,1 12,0,2 0,0,0 1,98,1 0,0,0 1,98,1 11,0,2 0,0,0 0,0,0
ADDLINE 0,0,0 1,100,1 1,100,1 1,100,1 10,0,2 1,100,1 12,0,2 1,100,1 16,50,1
ADDLINE 0,0,0 1,79,1 12,0,2 1,79,1 0,0,0 0,0,0 0,0,0 1,79,1 0,0,0
1,44,1 12,0,2 1,44,1 1,44,1 1,44,1 1,44,1 1,88,1 1,44,1 1,44,1
0,0,0 0,0,0 0,0,0 1,48,1 11,0,2 12,0,2 1,48,1 1,48,1 15,0,2
0,0,0 11,0,2 12,0,2 1,47,1 1,94,1 1,47,1 1,47,1 1,47,1 1,47,1
1,88,1 1,88,1 1,88,1 1,88,1 8,0,2 1,88,1 1,88,1 12,0,2 1,88,1
0,0,0 12,0,2 0,0,0 0,0,0 14,0,2 1,45,1 1,45,1 1,45,1 1,45,1
0,0,0 1,88,1 1,88,1 1,88,1 1,88,1 8,0,2 1,88,1 12,0,2 1,88,1
0,0,0 0,0,0 0,0,0 0,0,0 0,0,0 0,0,0 0,0,0 0,0,0 0,0,0
0,0,0 0,0,0 0,0,0 0,0,0 0,0,0 0,0,0 0,0,0 0,0,0 0,0,0
0,0,0 0,0,0 0,0,0 0,0,0 0,0,0 0,0,0 0,0,0 0,0,0 0,0,0