MODE 0
BALL 80
STARS 0/5200/7200
ADDLINE 19,94,1 12,0,2 1,188,1 1,188,1 1,188,1 1,188,1 1,188,1 1,188,1 1,188,1
ADDLINE 0,0,0 1,190,1 0,0,0 12,0,2 0,0,0 7,0,2 0,0,0 0,0,0 1,95,1
ADDLINE 1,91,1 1,91,1 1,91,1 1,182,1 1,182,1 1,182,1 1,182,1 12,0,2 1,91,1
ADDLINE 1,106,1 1,106,1 1,106,1 12,0,2 20,106,1 1,212,1 1,106,1 0,0,0 1,106,1
ADDLINE 1,214,1 1,214,1 1,214,1 12,0,2 1,214,1 1,214,1 1,214,1 16,107,1 1,214,1
ADDLINE 1,117,1 1,117,1 1,117,1 12,0,2 1,117,1 1,117,1 1,117,1 0,0,0 0,0,0
ADDLINE 1,127,1 1,127,1 1,127,1 12,0,2 1,127,1 1,127,1 1,127,1 0,0,0 1,127,1
ADDLINE 0,0,0 0,0,0 1,138,1 0,0,0 1,138,1 0,0,0 12,0,2 0,0,0 1,138,1
ADDLINE 1,111,1 12,0,2 1,111,1 0,0,0 1,111,1 1,111,1 1,111,1 1,111,1 1,111,1
ADDLINE 1,122,1 0,0,0 1,122,1 1,122,1 1,122,1 12,0,2 1,122,1 0,0,0 1,122,1
ADDLINE 1,133,1 12,0,2 1,133,1 0,0,0 1,133,1 0,0,0 0,0,0 0,0,0 1,133,1
ADDLINE 1,288,1 12,0,2 1,144,1 0,0,0 1,144,1 1,144,1 1,144,1 1,144,1 1,144,1
ADDLINE 7,0,2 0,0,0 1,115,1 0,0,0 0,0,0 0,0,0 1,115,1 12,0,2 0,0,0
ADDLINE 1,254,1 1,254,1 1,127,1 1,127,1 1,127,1 12,0,2 1,127,1 0,0,0 1,127,1
ADDLINE 1,138,1 0,0,0 0,0,0 1,276,1 12,0,2 0,0,0 1,276,1 11,0,2 1,138,1
ADDLINE 1,149,1 12,0,2 1,149,1 1,298,1 20,149,1 1,298,1 1,298,1 0,0,0 1,298,1
ADDLINE 1,240,1 1,240,1 1,240,1 1,240,1 1,240,1 12,0,2 1,240,1 1,240,1 19,120,1
ADDLINE 1,262,1 12,0,2 1,262,1 8,0,2 1,262,1 1,262,1 19,131,1 1,262,1 1,262,1
ADDLINE 0,0,0 0,0,0 0,0,0 0,0,0 0,0,0 0,0,0 12,0,2 11,0,2 1,143,1
ADDLINE 0,0,0 1,155,1 1,155,1 1,155,1 1,155,1 1,155,1 1,310,1 12,0,2 1,155,1
ADDLINE 0,0,0 0,0,0 1,124,1 1,124,1 1,124,1 1,124,1 12,0,2 1,124,1 1,124,1
ADDLINE 1,272,1 12,0,2 1,272,1 1,272,1 1,272,1 1,272,1 0,0,0 16,136,1 1,272,1
ADDLINE 1,148,1 1,148,1 12,0,2 1,148,1 1,148,1 0,0,0 1,148,1 1,148,1 1,148,1
ADDLINE 1,161,1 1,161,1 0,0,0 0,0,0 12,0,2 0,0,0 0,0,0 1,322,1 1,161,1
ADDLINE 1,258,1 1,258,1 1,258,1 1,258,1 0,0,0 1,258,1 10,0,2 12,0,2 0,0,0
ADDLINE 1,282,1 16,141,1 1,282,1 1,282,1 12,0,2 1,282,1 1,282,1 1,282,1 0,0,0
ADDLINE 1,153,1 1,306,1 1,306,1 7,0,2 1,306,1 0,0,0 12,0,2 0,0,0 0,0,0
ADDLINE 1,332,1 19,166,1 1,332,1 1,332,1 1,332,1 12,0,2 1,332,1 8,0,2 1,332,1
ADDLINE 1,133,1 1,266,1 1,266,1 1,133,1 1,133,1 12,0,2 1,133,1 0,0,0 0,0,0
ADDLINE 1,146,1 1,146,1 1,146,1 1,146,1 1,146,1 12,0,2 1,146,1 1,146,1 0,0,0
ADDLINE 1,194,1 1,194,1 1,194,1 1,194,1 12,0,2 0,0,0 1,194,1 1,194,1 0,0,0
ADDLINE 1,195,1 1,195,1 1,195,1 0,0,0 12,0,2 1,390,1 1,390,1 1,390,1 0,0,0
ADDLINE 1,197,1 1,197,1 1,197,1 0,0,0 1,197,1 1,394,1 7,0,2 12,0,2 0,0,0
1,160,1 1,160,1 1,80,1 1,80,1 1,80,1 1,80,1 12,0,2 1,80,1 1,80,1
1,83,1 1,83,1 0,0,0 12,0,2 0,0,0 1,166,1 0,0,0 1,83,1 1,83,1
1,82,1 1,82,1 12,0,2 1,82,1 9,0,2 1,82,1 0,0,0 1,164,1 1,82,1
0,0,0 0,0,0 12,0,2 1,162,1 7,0,2 1,162,1 0,0,0 7,0,2 15,0,2
1,80,1 1,80,1 12,0,2 1,160,1 1,160,1 1,160,1 0,0,0 1,160,1 1,80,1
14,0,2 12,0,2 1,158,1 1,158,1 1,158,1 8,0,2 1,158,1 1,158,1 1,158,1
0,0,0 0,0,0 0,0,0 0,0,0 0,0,0 0,0,0 0,0,0 0,0,0 0,0,0
0,0,0 0,0,0 0,0,0 0,0,0 0,0,0 0,0,0 0,0,0 0,0,0 0,0,0
0,0,0 0,0,0 0,0,0 0,0,0 0,0,0 0,0,0 0,0,0 0,0,0 0,0,0