MODE 0
BALL 80
STARS 0/4800/6900
ADDLINE 1,94,1 1,94,1 1,94,1 12,0,2 1,94,1 1,94,1 1,94,1 0,0,0 1,94,1
ADDLINE 1,95,1 1,95,1 1,95,1 0,0,0 1,95,1 0,0,0 1,95,1 12,0,2 0,0,0
ADDLINE 1,96,1 1,96,1 1,96,1 12,0,2 1,96,1 0,0,0 1,96,1 1,96,1 1,96,1
ADDLINE 1,106,1 1,106,1 1,106,1 12,0,2 1,106,1 0,0,0 1,106,1 1,106,1 1,106,1
ADDLINE 1,107,1 1,107,1 1,107,1 12,0,2 1,107,1 0,0,0 1,107,1 1,107,1 1,107,1
ADDLINE 0,0,0 0,0,0 1,117,1 0,0,0 0,0,0 0,0,0 0,0,0 0,0,0 12,0,2
ADDLINE 1,127,1 12,0,2 1,127,1 1,127,1 1,127,1 1,127,1 1,127,1 0,0,0 1,127,1
ADDLINE 0,0,0 0,0,0 1,138,1 1,138,1 1,138,1 1,138,1 1,138,1 12,0,2 1,138,1
ADDLINE 1,106,1 1,106,1 1,106,1 1,106,1 1,106,1 1,106,1 1,106,1 12,0,2 1,106,1
ADDLINE 1,122,1 0,0,0 1,122,1 12,0,2 1,122,1 0,0,0 1,122,1 0,0,0 1,122,1
ADDLINE 1,133,1 0,0,0 0,0,0 0,0,0 1,133,1 12,0,2 0,0,0 0,0,0 0,0,0
ADDLINE 1,144,1 1,144,1 1,144,1 1,144,1 1,144,1 1,144,1 12,0,2 0,0,0 1,144,1
ADDLINE 0,0,0 0,0,0 0,0,0 12,0,2 0,0,0 0,0,0 0,0,0 0,0,0 1,115,1
ADDLINE 1,121,1 1,121,1 1,121,1 1,121,1 1,121,1 1,121,1 1,121,1 12,0,2 1,121,1
ADDLINE 1,138,1 0,0,0 0,0,0 0,0,0 0,0,0 0,0,0 1,138,1 12,0,2 0,0,0
ADDLINE 1,149,1 1,149,1 1,149,1 12,0,2 1,149,1 0,0,0 1,149,1 1,149,1 1,149,1
ADDLINE 0,0,0 0,0,0 0,0,0 0,0,0 1,120,1 0,0,0 12,0,2 0,0,0 1,120,1
ADDLINE 1,125,1 1,125,1 1,125,1 1,125,1 1,125,1 1,125,1 12,0,2 1,125,1 1,125,1
ADDLINE 1,136,1 1,136,1 1,136,1 1,136,1 1,136,1 1,136,1 1,136,1 1,136,1 12,0,2
ADDLINE 1,155,1 1,155,1 1,155,1 0,0,0 0,0,0 0,0,0 12,0,2 0,0,0 0,0,0
ADDLINE 1,124,1 1,124,1 12,0,2 0,0,0 1,124,1 1,124,1 1,124,1 1,124,1 1,124,1
ADDLINE 1,136,1 1,136,1 0,0,0 0,0,0 0,0,0 12,0,2 0,0,0 0,0,0 0,0,0
ADDLINE 1,141,1 1,141,1 1,141,1 1,141,1 1,141,1 1,141,1 1,141,1 1,141,1 12,0,2
ADDLINE 1,161,1 0,0,0 0,0,0 0,0,0 0,0,0 0,0,0 12,0,2 0,0,0 0,0,0
ADDLINE 1,129,1 12,0,2 0,0,0 1,129,1 1,129,1 1,129,1 1,129,1 1,129,1 1,129,1
ADDLINE 1,134,1 1,134,1 12,0,2 1,134,1 1,134,1 1,134,1 1,134,1 1,134,1 1,134,1
ADDLINE 1,153,1 12,0,2 0,0,0 1,153,1 1,153,1 1,153,1 1,153,1 1,153,1 1,153,1
ADDLINE 1,166,1 1,166,1 12,0,2 0,0,0 1,166,1 1,166,1 1,166,1 1,166,1 0,0,0
ADDLINE 1,133,1 1,133,1 12,0,2 0,0,0 0,0,0 0,0,0 0,0,0 0,0,0 0,0,0
ADDLINE 1,139,1 1,139,1 1,139,1 1,139,1 1,139,1 1,139,1 1,139,1 1,139,1 12,0,2
ADDLINE 1,194,1 1,194,1 1,194,1 0,0,0 12,0,2 1,194,1 1,194,1 0,0,0 1,194,1
ADDLINE 1,195,1 1,195,1 1,195,1 1,195,1 12,0,2 1,195,1 0,0,0 1,195,1 1,195,1
ADDLINE 1,197,1 1,197,1 1,197,1 0,0,0 12,0,2 1,197,1 0,0,0 0,0,0 0,0,0
0,0,0 1,84,1 14,0,2 1,84,1 1,84,1 1,84,1 1,84,1 1,84,1 12,0,2
0,0,0 1,83,1 12,0,2 1,83,1 1,83,1 1,83,1 1,83,1 1,83,1 15,0,2
0,0,0 1,82,1 0,0,0 1,82,1 1,82,1 1,82,1 1,82,1 1,82,1 12,0,2
0,0,0 1,81,1 0,0,0 1,81,1 1,81,1 1,81,1 1,81,1 1,81,1 12,0,2
0,0,0 1,80,1 0,0,0 1,80,1 1,80,1 1,80,1 1,80,1 1,80,1 12,0,2
0,0,0 1,79,1 0,0,0 1,79,1 0,0,0 12,0,2 0,0,0 0,0,0 0,0,0
0,0,0 0,0,0 0,0,0 0,0,0 0,0,0 0,0,0 0,0,0 0,0,0 0,0,0
0,0,0 0,0,0 0,0,0 0,0,0 0,0,0 0,0,0 0,0,0 0,0,0 0,0,0
0,0,0 0,0,0 0,0,0 0,0,0 0,0,0 0,0,0 0,0,0 0,0,0 0,0,0