MODE 0
BALL 80
STARS 0/5200/7400
ADDLINE 0,0,0 12,0,2 0,0,0 0,0,0 3,94,1 1,94,1 1,94,1 2,94,1 1,94,1
ADDLINE 0,0,0 12,0,2 7,0,2 0,0,0 0,0,0 0,0,0 1,95,1 1,95,1 1,95,1
ADDLINE 1,192,1 1,192,1 1,192,1 8,0,2 0,0,0 12,0,2 0,0,0 1,192,1 1,192,1
ADDLINE 5,106,1 12,0,2 2,106,1 1,106,1 1,106,1 1,212,1 11,0,2 1,212,1 1,106,1
ADDLINE 4,107,1 12,0,2 1,107,1 1,107,1 1,107,1 0,0,0 11,0,2 1,214,1 1,107,1
ADDLINE 0,0,0 12,0,2 1,117,1 1,117,1 0,0,0 0,0,0 1,234,1 1,234,1 1,117,1
ADDLINE 0,0,0 1,127,1 0,0,0 0,0,0 12,0,2 1,127,1 1,127,1 1,127,1 1,127,1
ADDLINE 0,0,0 1,138,1 1,138,1 12,0,2 1,138,1 1,138,1 4,138,1 1,138,1 5,138,1
ADDLINE 0,0,0 0,0,0 12,0,2 0,0,0 1,111,1 5,111,1 1,111,1 2,111,1 1,111,1
ADDLINE 0,0,0 0,0,0 1,122,1 0,0,0 0,0,0 12,0,2 1,122,1 0,0,0 0,0,0
ADDLINE 1,126,1 1,126,1 5,126,1 2,126,1 1,126,1 12,0,2 1,126,1 1,126,1 1,126,1
ADDLINE 1,144,1 0,0,0 12,0,2 0,0,0 1,144,1 0,0,0 3,144,1 0,0,0 0,0,0
ADDLINE 1,115,1 0,0,0 1,115,1 12,0,2 1,115,1 0,0,0 1,115,1 0,0,0 1,115,1
ADDLINE 1,127,1 0,0,0 1,127,1 0,0,0 2,127,1 12,0,2 3,127,1 0,0,0 1,127,1
ADDLINE 1,138,1 1,138,1 4,138,1 0,0,0 3,138,1 12,0,2 1,138,1 0,0,0 1,138,1
ADDLINE 0,0,0 12,0,2 1,149,1 0,0,0 0,0,0 0,0,0 0,0,0 0,0,0 1,149,1
ADDLINE 1,114,1 12,0,2 1,114,1 1,114,1 1,114,1 1,114,1 1,114,1 1,114,1 5,114,1
ADDLINE 4,131,1 12,0,2 0,0,0 0,0,0 0,0,0 0,0,0 1,262,1 0,0,0 2,131,1
ADDLINE 1,286,1 1,286,1 1,286,1 1,286,1 1,286,1 12,0,2 1,286,1 10,0,2 1,286,1
ADDLINE 1,155,1 1,155,1 1,310,1 1,310,1 1,310,1 12,0,2 1,310,1 0,0,0 2,155,1
ADDLINE 0,0,0 0,0,0 12,0,2 7,0,2 0,0,0 0,0,0 1,124,1 0,0,0 0,0,0
ADDLINE 1,130,1 12,0,2 1,260,1 1,260,1 1,260,1 4,130,1 1,130,1 1,130,1 5,130,1
ADDLINE 1,148,1 12,0,2 1,148,1 1,148,1 1,148,1 0,0,0 0,0,0 0,0,0 1,148,1
ADDLINE 1,161,1 12,0,2 3,161,1 1,161,1 1,322,1 11,0,2 1,322,1 1,161,1 4,161,1
ADDLINE 3,129,1 12,0,2 1,129,1 0,0,0 0,0,0 0,0,0 1,258,1 1,129,1 1,129,1
ADDLINE 1,282,1 12,0,2 1,141,1 1,141,1 1,141,1 0,0,0 1,141,1 2,141,1 1,141,1
ADDLINE 7,0,2 0,0,0 0,0,0 0,0,0 0,0,0 12,0,2 4,153,1 1,153,1 1,153,1
ADDLINE 1,332,1 1,332,1 0,0,0 1,166,1 12,0,2 4,166,1 1,166,1 1,166,1 0,0,0
ADDLINE 1,133,1 5,133,1 12,0,2 1,133,1 0,0,0 1,133,1 1,133,1 3,133,1 0,0,0
ADDLINE 0,0,0 0,0,0 0,0,0 12,0,2 0,0,0 1,146,1 0,0,0 0,0,0 0,0,0
ADDLINE 10,0,2 1,388,1 1,388,1 1,388,1 1,388,1 1,388,1 12,0,2 1,388,1 1,388,1
ADDLINE 0,0,0 1,390,1 1,195,1 1,195,1 2,195,1 1,195,1 12,0,2 0,0,0 0,0,0
ADDLINE 11,0,2 1,394,1 4,197,1 1,197,1 1,197,1 1,197,1 12,0,2 1,197,1 1,197,1
1,84,1 1,84,1 2,84,1 1,84,1 12,0,2 0,0,0 0,0,0 1,168,1 2,84,1
1,83,1 1,83,1 1,83,1 1,83,1 12,0,2 5,83,1 0,0,0 7,0,2 1,83,1
1,82,1 1,82,1 1,82,1 0,0,0 12,0,2 1,82,1 1,164,1 0,0,0 4,82,1
1,81,1 1,81,1 1,81,1 0,0,0 0,0,0 1,81,1 12,0,2 0,0,0 1,81,1
2,80,1 1,80,1 12,0,2 1,80,1 15,0,2 1,80,1 0,0,0 2,80,1 1,80,1
1,79,1 1,79,1 12,0,2 1,79,1 1,79,1 4,79,1 14,0,2 1,79,1 3,79,1
0,0,0 0,0,0 0,0,0 0,0,0 0,0,0 0,0,0 0,0,0 0,0,0 0,0,0
0,0,0 0,0,0 0,0,0 0,0,0 0,0,0 0,0,0 0,0,0 0,0,0 0,0,0
0,0,0 0,0,0 0,0,0 0,0,0 0,0,0 0,0,0 0,0,0 0,0,0 0,0,0