MODE 0
BALL 80
STARS 0/5000/7000
ADDLINE 1,89,1 1,89,1 1,89,1 12,0,2 1,89,1 1,89,1 1,89,1 1,89,1 5,89,1
ADDLINE 1,90,1 3,90,1 1,90,1 12,0,2 2,90,1 1,90,1 1,90,1 2,90,1 1,90,1
ADDLINE 5,91,1 3,91,1 1,91,1 12,0,2 1,91,1 1,91,1 1,91,1 1,91,1 1,91,1
ADDLINE 0,0,0 0,0,0 1,106,1 12,0,2 0,0,0 0,0,0 0,0,0 0,0,0 0,0,0
ADDLINE 1,102,1 1,102,1 1,102,1 12,0,2 1,102,1 1,102,1 2,102,1 5,102,1 1,102,1
ADDLINE 0,0,0 0,0,0 0,0,0 12,0,2 0,0,0 0,0,0 0,0,0 0,0,0 1,117,1
ADDLINE 1,121,1 1,121,1 1,121,1 1,121,1 1,121,1 5,121,1 1,121,1 12,0,2 1,121,1
ADDLINE 0,0,0 0,0,0 1,138,1 2,138,1 1,138,1 1,138,1 2,138,1 12,0,2 1,138,1
ADDLINE 1,111,1 12,0,2 1,111,1 4,111,1 1,111,1 1,111,1 1,111,1 0,0,0 4,111,1
ADDLINE 1,122,1 0,0,0 0,0,0 0,0,0 1,122,1 12,0,2 1,122,1 0,0,0 1,122,1
ADDLINE 4,133,1 1,133,1 1,133,1 12,0,2 1,133,1 1,133,1 3,133,1 0,0,0 1,133,1
ADDLINE 0,0,0 12,0,2 2,144,1 0,0,0 0,0,0 0,0,0 1,144,1 0,0,0 0,0,0
ADDLINE 1,115,1 12,0,2 1,115,1 1,115,1 3,115,1 0,0,0 1,115,1 5,115,1 1,115,1
ADDLINE 1,127,1 0,0,0 4,127,1 0,0,0 1,127,1 12,0,2 0,0,0 0,0,0 0,0,0
ADDLINE 1,138,1 12,0,2 4,138,1 0,0,0 1,138,1 1,138,1 1,138,1 1,138,1 1,138,1
ADDLINE 1,149,1 0,0,0 1,149,1 0,0,0 12,0,2 0,0,0 0,0,0 0,0,0 1,149,1
ADDLINE 1,120,1 0,0,0 2,120,1 1,120,1 1,120,1 12,0,2 1,120,1 0,0,0 3,120,1
ADDLINE 1,131,1 0,0,0 0,0,0 12,0,2 4,131,1 0,0,0 1,131,1 0,0,0 1,131,1
ADDLINE 1,143,1 5,143,1 1,143,1 1,143,1 1,143,1 1,143,1 1,143,1 12,0,2 0,0,0
ADDLINE 4,155,1 1,155,1 1,155,1 2,155,1 1,155,1 0,0,0 0,0,0 12,0,2 0,0,0
ADDLINE 1,124,1 1,124,1 1,124,1 1,124,1 1,124,1 0,0,0 12,0,2 5,124,1 0,0,0
ADDLINE 0,0,0 0,0,0 0,0,0 0,0,0 0,0,0 0,0,0 0,0,0 1,136,1 12,0,2
ADDLINE 0,0,0 0,0,0 3,148,1 1,148,1 1,148,1 1,148,1 1,148,1 2,148,1 12,0,2
ADDLINE 1,161,1 4,161,1 1,161,1 12,0,2 1,161,1 1,161,1 1,161,1 0,0,0 0,0,0
ADDLINE 1,129,1 1,129,1 1,129,1 0,0,0 0,0,0 0,0,0 12,0,2 0,0,0 1,129,1
ADDLINE 1,141,1 1,141,1 1,141,1 1,141,1 1,141,1 12,0,2 3,141,1 2,141,1 0,0,0
ADDLINE 1,153,1 5,153,1 1,153,1 1,153,1 2,153,1 12,0,2 0,0,0 0,0,0 0,0,0
ADDLINE 1,166,1 1,166,1 1,166,1 2,166,1 1,166,1 1,166,1 4,166,1 12,0,2 0,0,0
ADDLINE 1,133,1 1,133,1 1,133,1 4,133,1 1,133,1 1,133,1 12,0,2 1,133,1 0,0,0
ADDLINE 2,146,1 1,146,1 3,146,1 1,146,1 1,146,1 0,0,0 12,0,2 1,146,1 0,0,0
ADDLINE 1,194,1 1,194,1 0,0,0 0,0,0 0,0,0 12,0,2 1,194,1 0,0,0 0,0,0
ADDLINE 0,0,0 12,0,2 0,0,0 0,0,0 0,0,0 0,0,0 1,195,1 3,195,1 4,195,1
ADDLINE 0,0,0 1,197,1 1,197,1 1,197,1 1,197,1 12,0,2 0,0,0 0,0,0 5,197,1
4,84,1 12,0,2 1,84,1 0,0,0 0,0,0 0,0,0 2,84,1 3,84,1 1,84,1
1,83,1 0,0,0 3,83,1 12,0,2 1,83,1 14,0,2 1,83,1 1,83,1 1,83,1
0,0,0 0,0,0 1,82,1 0,0,0 1,82,1 12,0,2 1,82,1 0,0,0 0,0,0
1,77,1 1,77,1 1,77,1 12,0,2 1,77,1 1,77,1 1,77,1 1,77,1 1,77,1
1,80,1 5,80,1 1,80,1 0,0,0 2,80,1 12,0,2 0,0,0 0,0,0 15,0,2
4,76,1 1,76,1 1,76,1 12,0,2 1,76,1 1,76,1 4,76,1 2,76,1 1,76,1
0,0,0 0,0,0 0,0,0 0,0,0 0,0,0 0,0,0 0,0,0 0,0,0 0,0,0
0,0,0 0,0,0 0,0,0 0,0,0 0,0,0 0,0,0 0,0,0 0,0,0 0,0,0
0,0,0 0,0,0 0,0,0 0,0,0 0,0,0 0,0,0 0,0,0 0,0,0 0,0,0