MODE 0
BALL 80
STARS 0/5000/7000
ADDLINE 1,94,1 1,94,1 12,0,2 4,94,1 1,94,1 1,94,1 1,94,1 0,0,0 1,94,1
ADDLINE 2,95,1 2,95,1 0,0,0 0,0,0 5,95,1 1,95,1 1,95,1 12,0,2 0,0,0
ADDLINE 1,96,1 1,96,1 0,0,0 0,0,0 1,96,1 1,96,1 1,96,1 12,0,2 0,0,0
ADDLINE 5,106,1 1,106,1 0,0,0 1,106,1 1,106,1 1,106,1 1,106,1 12,0,2 0,0,0
ADDLINE 1,107,1 2,107,1 0,0,0 0,0,0 0,0,0 12,0,2 0,0,0 0,0,0 0,0,0
ADDLINE 1,117,1 1,117,1 1,117,1 1,117,1 12,0,2 0,0,0 0,0,0 0,0,0 4,117,1
ADDLINE 1,127,1 5,127,1 3,127,1 3,127,1 12,0,2 1,127,1 1,127,1 0,0,0 0,0,0
ADDLINE 1,138,1 2,138,1 1,138,1 1,138,1 0,0,0 12,0,2 0,0,0 1,138,1 0,0,0
ADDLINE 1,111,1 1,111,1 1,111,1 1,111,1 1,111,1 1,111,1 12,0,2 0,0,0 0,0,0
ADDLINE 0,0,0 0,0,0 1,122,1 0,0,0 0,0,0 0,0,0 1,122,1 0,0,0 12,0,2
ADDLINE 3,126,1 12,0,2 1,126,1 1,126,1 5,126,1 1,126,1 1,126,1 1,126,1 2,126,1
ADDLINE 1,144,1 0,0,0 1,144,1 0,0,0 0,0,0 0,0,0 12,0,2 0,0,0 1,144,1
ADDLINE 1,115,1 1,115,1 1,115,1 12,0,2 1,115,1 0,0,0 5,115,1 0,0,0 1,115,1
ADDLINE 1,127,1 0,0,0 0,0,0 0,0,0 2,127,1 12,0,2 1,127,1 0,0,0 1,127,1
ADDLINE 1,138,1 0,0,0 4,138,1 5,138,1 1,138,1 12,0,2 1,138,1 0,0,0 1,138,1
ADDLINE 0,0,0 12,0,2 0,0,0 0,0,0 5,149,1 0,0,0 1,149,1 0,0,0 1,149,1
ADDLINE 2,114,1 1,114,1 1,114,1 2,114,1 1,114,1 12,0,2 1,114,1 1,114,1 1,114,1
ADDLINE 1,131,1 0,0,0 0,0,0 12,0,2 1,131,1 0,0,0 4,131,1 0,0,0 0,0,0
ADDLINE 3,143,1 1,143,1 4,143,1 12,0,2 1,143,1 0,0,0 1,143,1 1,143,1 1,143,1
ADDLINE 2,155,1 0,0,0 1,155,1 12,0,2 1,155,1 0,0,0 0,0,0 0,0,0 0,0,0
ADDLINE 1,124,1 12,0,2 1,124,1 1,124,1 1,124,1 0,0,0 1,124,1 1,124,1 2,124,1
ADDLINE 1,136,1 0,0,0 0,0,0 12,0,2 0,0,0 0,0,0 1,136,1 1,136,1 1,136,1
ADDLINE 4,141,1 1,141,1 12,0,2 2,141,1 1,141,1 1,141,1 5,141,1 1,141,1 1,141,1
ADDLINE 0,0,0 0,0,0 12,0,2 0,0,0 0,0,0 1,161,1 0,0,0 0,0,0 0,0,0
ADDLINE 1,129,1 12,0,2 1,129,1 0,0,0 1,129,1 1,129,1 4,129,1 1,129,1 1,129,1
ADDLINE 1,141,1 12,0,2 2,141,1 0,0,0 1,141,1 2,141,1 1,141,1 4,141,1 1,141,1
ADDLINE 1,153,1 12,0,2 3,153,1 0,0,0 1,153,1 1,153,1 1,153,1 1,153,1 1,153,1
ADDLINE 0,0,0 1,166,1 0,0,0 1,166,1 0,0,0 12,0,2 0,0,0 0,0,0 0,0,0
ADDLINE 0,0,0 4,133,1 1,133,1 1,133,1 4,133,1 1,133,1 12,0,2 5,133,1 3,133,1
ADDLINE 0,0,0 1,146,1 1,146,1 1,146,1 1,146,1 1,146,1 12,0,2 1,146,1 0,0,0
ADDLINE 0,0,0 1,194,1 1,194,1 1,194,1 3,194,1 1,194,1 12,0,2 1,194,1 1,194,1
ADDLINE 0,0,0 1,195,1 0,0,0 0,0,0 1,195,1 0,0,0 1,195,1 0,0,0 12,0,2
ADDLINE 12,0,2 4,187,1 1,187,1 3,187,1 1,187,1 5,187,1 1,187,1 1,187,1 1,187,1
0,0,0 14,0,2 12,0,2 2,84,1 1,84,1 1,84,1 1,84,1 1,84,1 5,84,1
0,0,0 3,83,1 12,0,2 1,83,1 1,83,1 1,83,1 1,83,1 1,83,1 5,83,1
0,0,0 0,0,0 1,82,1 1,82,1 0,0,0 0,0,0 12,0,2 1,82,1 1,82,1
1,81,1 12,0,2 1,81,1 1,81,1 1,81,1 1,81,1 0,0,0 1,81,1 5,81,1
1,80,1 14,0,2 1,80,1 2,80,1 1,80,1 3,80,1 3,80,1 12,0,2 0,0,0
1,79,1 1,79,1 1,79,1 0,0,0 12,0,2 0,0,0 0,0,0 0,0,0 1,79,1
0,0,0 0,0,0 0,0,0 0,0,0 0,0,0 0,0,0 0,0,0 0,0,0 0,0,0
0,0,0 0,0,0 0,0,0 0,0,0 0,0,0 0,0,0 0,0,0 0,0,0 0,0,0
0,0,0 0,0,0 0,0,0 0,0,0 0,0,0 0,0,0 0,0,0 0,0,0 0,0,0