MODE 0
BALL 80
STARS 0/6500/9200
ADDLINE 0,0,0 1,188,1 1,188,1 1,188,1 1,188,1 19,94,1 12,0,2 1,188,1 1,188,1
ADDLINE 0,0,0 12,0,2 0,0,0 0,0,0 0,0,0 1,190,1 1,190,1 0,0,0 0,0,0
ADDLINE 1,91,1 1,91,1 1,91,1 1,91,1 12,0,2 1,91,1 4,91,1 1,91,1 2,91,1
ADDLINE 1,106,1 1,106,1 1,106,1 1,106,1 0,0,0 12,0,2 0,0,0 0,0,0 0,0,0
ADDLINE 4,102,1 2,102,1 1,102,1 1,102,1 12,0,2 5,102,1 1,102,1 1,102,1 1,102,1
ADDLINE 0,0,0 1,117,1 12,0,2 0,0,0 0,0,0 1,117,1 4,117,1 1,117,1 1,117,1
ADDLINE 0,0,0 1,127,1 0,0,0 1,127,1 12,0,2 2,127,1 1,127,1 1,127,1 1,127,1
ADDLINE 0,0,0 12,0,2 0,0,0 1,138,1 0,0,0 1,138,1 3,138,1 1,138,1 1,138,1
ADDLINE 1,106,1 12,0,2 1,212,1 1,212,1 1,212,1 2,106,1 1,106,1 5,106,1 1,106,1
ADDLINE 1,122,1 1,122,1 1,244,1 17,122,1 1,244,1 12,0,2 1,244,1 0,0,0 1,122,1
ADDLINE 1,266,1 1,266,1 1,266,1 1,266,1 1,266,1 1,266,1 19,133,1 12,0,2 0,0,0
ADDLINE 1,137,1 4,137,1 1,137,1 12,0,2 1,137,1 1,274,1 1,274,1 1,274,1 3,137,1
ADDLINE 0,0,0 0,0,0 0,0,0 12,0,2 1,115,1 1,230,1 1,230,1 0,0,0 1,115,1
ADDLINE 1,127,1 1,127,1 1,127,1 5,127,1 1,127,1 1,254,1 20,127,1 12,0,2 1,127,1
ADDLINE 3,138,1 0,0,0 0,0,0 0,0,0 0,0,0 12,0,2 1,276,1 1,276,1 0,0,0
ADDLINE 1,149,1 12,0,2 1,149,1 1,149,1 1,149,1 0,0,0 1,149,1 4,149,1 1,149,1
ADDLINE 1,240,1 1,240,1 1,240,1 1,240,1 1,240,1 1,240,1 16,120,1 12,0,2 0,0,0
ADDLINE 3,131,1 12,0,2 1,131,1 0,0,0 1,131,1 0,0,0 1,131,1 1,131,1 5,131,1
ADDLINE 1,143,1 1,143,1 2,143,1 12,0,2 4,143,1 1,143,1 0,0,0 1,143,1 1,143,1
ADDLINE 1,155,1 3,155,1 12,0,2 0,0,0 1,310,1 1,310,1 1,310,1 0,0,0 1,155,1
ADDLINE 1,124,1 1,124,1 12,0,2 2,124,1 1,248,1 17,124,1 1,248,1 0,0,0 1,124,1
ADDLINE 1,136,1 1,136,1 12,0,2 0,0,0 0,0,0 1,272,1 1,272,1 0,0,0 0,0,0
ADDLINE 1,296,1 1,296,1 1,296,1 1,296,1 1,296,1 1,296,1 19,148,1 12,0,2 0,0,0
ADDLINE 1,322,1 1,322,1 1,322,1 1,322,1 1,322,1 1,322,1 19,161,1 12,0,2 0,0,0
ADDLINE 5,129,1 0,0,0 0,0,0 12,0,2 1,129,1 1,258,1 1,258,1 1,258,1 0,0,0
ADDLINE 1,141,1 12,0,2 1,141,1 1,282,1 1,282,1 1,282,1 1,141,1 4,141,1 0,0,0
ADDLINE 1,306,1 12,0,2 1,306,1 1,306,1 19,153,1 1,306,1 1,306,1 1,306,1 0,0,0
ADDLINE 0,0,0 12,0,2 0,0,0 0,0,0 1,332,1 1,332,1 3,166,1 1,166,1 5,166,1
ADDLINE 1,133,1 1,133,1 0,0,0 5,133,1 0,0,0 12,0,2 0,0,0 1,133,1 1,133,1
ADDLINE 1,146,1 1,146,1 0,0,0 12,0,2 4,146,1 1,146,1 1,146,1 0,0,0 1,146,1
ADDLINE 1,184,1 1,184,1 1,184,1 5,184,1 1,184,1 1,184,1 3,184,1 12,0,2 1,184,1
ADDLINE 1,195,1 1,195,1 0,0,0 0,0,0 12,0,2 0,0,0 0,0,0 1,390,1 1,390,1
ADDLINE 3,197,1 1,197,1 12,0,2 1,197,1 2,197,1 0,0,0 1,197,1 1,394,1 17,197,1
1,84,1 1,84,1 0,0,0 0,0,0 12,0,2 1,168,1 1,168,1 1,84,1 15,0,2
1,83,1 1,83,1 1,83,1 3,83,1 2,83,1 1,83,1 12,0,2 1,83,1 0,0,0
1,82,1 1,82,1 0,0,0 1,164,1 1,164,1 4,82,1 12,0,2 4,82,1 0,0,0
4,81,1 5,81,1 12,0,2 7,0,2 1,162,1 3,81,1 1,81,1 1,81,1 0,0,0
14,0,2 1,80,1 1,160,1 1,160,1 1,160,1 1,80,1 0,0,0 1,80,1 12,0,2
0,0,0 1,79,1 12,0,2 1,79,1 1,79,1 1,79,1 0,0,0 1,79,1 0,0,0
0,0,0 0,0,0 0,0,0 0,0,0 0,0,0 0,0,0 0,0,0 0,0,0 0,0,0
0,0,0 0,0,0 0,0,0 0,0,0 0,0,0 0,0,0 0,0,0 0,0,0 0,0,0
0,0,0 0,0,0 0,0,0 0,0,0 0,0,0 0,0,0 0,0,0 0,0,0 0,0,0