MODE 0
BALL 50
STARS 0/1700/2400
ADDLINE 0,0,0 1,47,1 1,47,1 1,47,1 1,47,1 1,47,1 1,47,1 1,47,1 12,0,2
ADDLINE 0,0,0 1,50,1 0,0,0 1,50,1 1,50,1 1,50,1 12,0,2 0,0,0 0,0,0
ADDLINE 1,75,1 1,75,1 12,0,2 1,75,1 1,75,1 1,75,1 0,0,0 1,75,1 1,75,1
0,0,0 1,48,1 1,48,1 1,48,1 1,48,1 1,48,1 0,0,0 0,0,0 12,0,2
15,0,2 0,0,0 12,0,2 5,48,1 1,48,1 0,0,0 0,0,0 1,48,1 1,48,1
0,0,0 1,47,1 2,47,1 12,0,2 0,0,0 3,47,1 0,0,0 1,47,1 14,0,2
2,44,1 5,44,1 1,44,1 1,44,1 12,0,2 1,44,1 1,44,1 1,44,1 0,0,0
1,41,1 2,41,1 5,41,1 1,41,1 1,41,1 1,41,1 1,41,1 1,41,1 0,0,0
1,44,1 12,0,2 0,0,0 0,0,0 0,0,0 0,0,0 1,44,1 1,44,1 0,0,0
0,0,0 0,0,0 0,0,0 0,0,0 0,0,0 0,0,0 0,0,0 0,0,0 0,0,0
0,0,0 0,0,0 0,0,0 0,0,0 0,0,0 0,0,0 0,0,0 0,0,0 0,0,0
0,0,0 0,0,0 0,0,0 0,0,0 0,0,0 0,0,0 0,0,0 0,0,0 0,0,0