MODE 0
BALL 80
STARS 0/4800/7000
ADDLINE 1,94,1 1,94,1 0,0,0 0,0,0 0,0,0 0,0,0 0,0,0 12,0,2 0,0,0
ADDLINE 1,95,1 1,95,1 1,95,1 1,190,1 0,0,0 12,0,2 1,95,1 1,95,1 0,0,0
ADDLINE 1,96,1 1,96,1 1,96,1 1,192,1 7,0,2 1,192,1 0,0,0 12,0,2 0,0,0
ADDLINE 1,212,1 1,212,1 12,0,2 1,212,1 1,212,1 1,212,1 10,0,2 1,212,1 1,212,1
ADDLINE 0,0,0 0,0,0 0,0,0 1,107,1 1,107,1 1,214,1 12,0,2 0,0,0 1,107,1
ADDLINE 11,0,2 1,234,1 1,117,1 1,117,1 1,117,1 1,117,1 1,117,1 12,0,2 1,117,1
ADDLINE 11,0,2 1,254,1 1,127,1 1,127,1 1,127,1 1,127,1 1,127,1 12,0,2 0,0,0
ADDLINE 0,0,0 0,0,0 1,138,1 1,138,1 1,138,1 0,0,0 12,0,2 1,138,1 0,0,0
ADDLINE 1,111,1 1,111,1 1,111,1 1,111,1 12,0,2 0,0,0 0,0,0 0,0,0 0,0,0
ADDLINE 1,116,1 1,116,1 1,116,1 1,116,1 1,116,1 1,116,1 1,116,1 12,0,2 1,116,1
ADDLINE 0,0,0 0,0,0 12,0,2 11,0,2 1,266,1 0,0,0 1,133,1 0,0,0 0,0,0
ADDLINE 1,144,1 12,0,2 1,288,1 0,0,0 1,288,1 0,0,0 1,144,1 1,144,1 1,144,1
ADDLINE 1,115,1 0,0,0 1,115,1 0,0,0 0,0,0 12,0,2 1,115,1 0,0,0 1,115,1
ADDLINE 1,127,1 12,0,2 1,254,1 1,254,1 1,254,1 0,0,0 1,127,1 0,0,0 1,127,1
ADDLINE 1,276,1 12,0,2 1,276,1 10,0,2 0,0,0 0,0,0 0,0,0 0,0,0 1,276,1
ADDLINE 1,142,1 12,0,2 1,284,1 1,284,1 1,284,1 1,142,1 1,142,1 1,142,1 1,142,1
ADDLINE 1,120,1 0,0,0 0,0,0 12,0,2 0,0,0 0,0,0 0,0,0 0,0,0 0,0,0
ADDLINE 1,131,1 1,131,1 12,0,2 1,131,1 1,131,1 1,131,1 0,0,0 1,131,1 1,131,1
ADDLINE 1,286,1 12,0,2 1,286,1 1,286,1 1,286,1 1,286,1 1,286,1 8,0,2 1,286,1
ADDLINE 7,0,2 0,0,0 0,0,0 12,0,2 0,0,0 0,0,0 1,155,1 0,0,0 0,0,0
ADDLINE 1,236,1 1,236,1 1,118,1 1,118,1 1,118,1 12,0,2 1,118,1 1,118,1 1,118,1
ADDLINE 0,0,0 0,0,0 0,0,0 12,0,2 1,136,1 0,0,0 1,136,1 1,136,1 1,136,1
ADDLINE 1,141,1 1,141,1 1,141,1 1,141,1 1,141,1 12,0,2 1,141,1 1,141,1 1,141,1
ADDLINE 0,0,0 0,0,0 0,0,0 12,0,2 0,0,0 0,0,0 1,161,1 1,161,1 1,161,1
ADDLINE 1,122,1 1,122,1 1,122,1 1,122,1 1,122,1 12,0,2 1,122,1 1,122,1 1,122,1
ADDLINE 1,141,1 12,0,2 1,141,1 1,141,1 1,141,1 0,0,0 1,141,1 0,0,0 0,0,0
ADDLINE 1,153,1 12,0,2 1,153,1 1,153,1 1,153,1 0,0,0 1,153,1 1,153,1 1,153,1
ADDLINE 0,0,0 1,166,1 1,166,1 1,166,1 1,166,1 1,166,1 12,0,2 1,166,1 1,166,1
ADDLINE 0,0,0 1,133,1 1,133,1 1,133,1 1,133,1 1,133,1 12,0,2 1,133,1 0,0,0
ADDLINE 0,0,0 1,146,1 1,146,1 1,146,1 1,146,1 1,146,1 0,0,0 1,146,1 12,0,2
ADDLINE 0,0,0 1,194,1 1,194,1 1,194,1 1,194,1 1,194,1 0,0,0 1,194,1 12,0,2
ADDLINE 0,0,0 1,195,1 1,195,1 1,195,1 1,195,1 1,195,1 0,0,0 1,195,1 12,0,2
ADDLINE 0,0,0 0,0,0 0,0,0 1,197,1 0,0,0 1,197,1 0,0,0 1,197,1 12,0,2
0,0,0 0,0,0 1,168,1 1,168,1 12,0,2 16,84,1 1,168,1 1,168,1 1,168,1
0,0,0 1,83,1 1,83,1 1,83,1 1,83,1 0,0,0 12,0,2 1,83,1 1,83,1
0,0,0 0,0,0 1,82,1 1,82,1 1,82,1 1,82,1 12,0,2 1,82,1 1,82,1
0,0,0 0,0,0 1,81,1 1,81,1 1,81,1 1,81,1 12,0,2 1,81,1 1,81,1
0,0,0 1,80,1 1,80,1 1,80,1 1,80,1 1,80,1 12,0,2 0,0,0 1,80,1
0,0,0 0,0,0 0,0,0 0,0,0 12,0,2 1,79,1 1,79,1 0,0,0 1,79,1
0,0,0 0,0,0 0,0,0 0,0,0 0,0,0 0,0,0 0,0,0 0,0,0 0,0,0
0,0,0 0,0,0 0,0,0 0,0,0 0,0,0 0,0,0 0,0,0 0,0,0 0,0,0
0,0,0 0,0,0 0,0,0 0,0,0 0,0,0 0,0,0 0,0,0 0,0,0 0,0,0