MODE 0
BALL 80
STARS 0/5000/7100
ADDLINE 1,94,1 17,94,1 1,188,1 1,94,1 1,94,1 0,0,0 12,0,2 0,0,0 0,0,0
ADDLINE 1,90,1 1,180,1 1,180,1 1,90,1 1,90,1 1,90,1 1,90,1 12,0,2 1,90,1
ADDLINE 0,0,0 0,0,0 12,0,2 0,0,0 0,0,0 0,0,0 0,0,0 0,0,0 1,96,1
ADDLINE 16,106,1 1,212,1 1,212,1 1,212,1 1,212,1 1,212,1 1,212,1 12,0,2 1,212,1
ADDLINE 16,107,1 12,0,2 1,214,1 1,214,1 1,214,1 1,214,1 1,214,1 1,214,1 0,0,0
ADDLINE 1,117,1 1,117,1 1,117,1 12,0,2 1,234,1 1,234,1 20,117,1 1,234,1 1,117,1
ADDLINE 0,0,0 0,0,0 12,0,2 0,0,0 1,254,1 20,127,1 1,254,1 1,254,1 1,127,1
ADDLINE 1,132,1 1,132,1 1,132,1 12,0,2 1,264,1 1,264,1 1,264,1 1,132,1 1,132,1
ADDLINE 1,106,1 1,106,1 1,106,1 12,0,2 1,106,1 1,106,1 1,106,1 1,106,1 1,106,1
ADDLINE 1,122,1 12,0,2 1,122,1 1,122,1 1,122,1 0,0,0 1,122,1 1,122,1 1,122,1
ADDLINE 1,133,1 0,0,0 1,133,1 0,0,0 12,0,2 0,0,0 1,266,1 0,0,0 1,133,1
ADDLINE 1,288,1 1,288,1 1,288,1 12,0,2 1,288,1 19,144,1 1,288,1 0,0,0 1,288,1
ADDLINE 1,115,1 0,0,0 1,115,1 0,0,0 1,230,1 12,0,2 1,230,1 0,0,0 1,115,1
ADDLINE 1,127,1 0,0,0 1,127,1 12,0,2 1,127,1 0,0,0 1,127,1 0,0,0 1,127,1
ADDLINE 0,0,0 0,0,0 1,138,1 0,0,0 1,138,1 12,0,2 1,138,1 0,0,0 1,138,1
ADDLINE 1,149,1 1,149,1 1,149,1 12,0,2 1,149,1 0,0,0 1,149,1 1,149,1 1,149,1
ADDLINE 0,0,0 0,0,0 1,120,1 12,0,2 1,120,1 0,0,0 0,0,0 0,0,0 0,0,0
ADDLINE 1,131,1 12,0,2 1,131,1 0,0,0 1,131,1 1,131,1 1,131,1 0,0,0 1,131,1
ADDLINE 1,136,1 1,136,1 1,136,1 1,136,1 1,136,1 1,136,1 1,136,1 1,136,1 12,0,2
ADDLINE 1,155,1 0,0,0 1,310,1 12,0,2 1,310,1 0,0,0 0,0,0 0,0,0 0,0,0
ADDLINE 0,0,0 12,0,2 1,248,1 20,124,1 1,248,1 1,124,1 1,124,1 1,248,1 1,248,1
ADDLINE 0,0,0 0,0,0 0,0,0 1,272,1 1,272,1 0,0,0 12,0,2 1,272,1 20,136,1
ADDLINE 1,148,1 1,148,1 1,148,1 1,148,1 1,296,1 17,148,1 12,0,2 0,0,0 1,296,1
ADDLINE 1,153,1 1,153,1 1,153,1 1,153,1 1,306,1 1,306,1 1,306,1 1,153,1 12,0,2
ADDLINE 1,129,1 1,129,1 1,129,1 1,129,1 12,0,2 0,0,0 0,0,0 0,0,0 0,0,0
ADDLINE 1,282,1 1,282,1 1,141,1 1,141,1 12,0,2 0,0,0 1,141,1 1,141,1 1,141,1
ADDLINE 17,153,1 1,306,1 1,153,1 1,153,1 12,0,2 0,0,0 1,153,1 1,153,1 1,153,1
ADDLINE 1,332,1 1,332,1 1,166,1 1,166,1 0,0,0 0,0,0 0,0,0 12,0,2 0,0,0
ADDLINE 1,133,1 1,133,1 1,133,1 0,0,0 0,0,0 1,133,1 12,0,2 0,0,0 0,0,0
ADDLINE 1,146,1 1,146,1 1,146,1 12,0,2 1,292,1 1,292,1 0,0,0 1,146,1 1,146,1
ADDLINE 1,194,1 12,0,2 0,0,0 1,194,1 1,388,1 20,194,1 1,388,1 1,194,1 1,194,1
ADDLINE 1,186,1 12,0,2 1,186,1 1,186,1 1,372,1 1,372,1 1,372,1 1,186,1 1,186,1
ADDLINE 1,197,1 1,197,1 0,0,0 0,0,0 0,0,0 12,0,2 1,197,1 1,197,1 0,0,0
0,0,0 1,168,1 1,168,1 1,84,1 1,168,1 1,168,1 12,0,2 0,0,0 0,0,0
0,0,0 1,83,1 1,83,1 1,83,1 1,166,1 17,83,1 12,0,2 1,83,1 1,83,1
0,0,0 0,0,0 0,0,0 1,82,1 1,164,1 1,164,1 0,0,0 12,0,2 0,0,0
1,81,1 1,81,1 12,0,2 1,81,1 0,0,0 1,162,1 1,81,1 1,81,1 0,0,0
1,80,1 1,80,1 0,0,0 1,80,1 12,0,2 1,160,1 1,80,1 1,80,1 0,0,0
1,79,1 1,79,1 12,0,2 1,79,1 1,79,1 1,158,1 1,79,1 1,79,1 0,0,0
0,0,0 0,0,0 0,0,0 0,0,0 0,0,0 0,0,0 0,0,0 0,0,0 0,0,0
0,0,0 0,0,0 0,0,0 0,0,0 0,0,0 0,0,0 0,0,0 0,0,0 0,0,0
0,0,0 0,0,0 0,0,0 0,0,0 0,0,0 0,0,0 0,0,0 0,0,0 0,0,0