MODE 0
BALL 80
STARS 0/5000/7000
ADDLINE 1,94,1 1,94,1 1,94,1 1,94,1 1,94,1 1,94,1 12,0,2 0,0,0 0,0,0
ADDLINE 3,95,1 4,95,1 0,0,0 12,0,2 0,0,0 0,0,0 1,95,1 1,95,1 0,0,0
ADDLINE 4,96,1 1,96,1 12,0,2 1,96,1 1,96,1 1,96,1 0,0,0 0,0,0 5,96,1
ADDLINE 1,106,1 1,106,1 12,0,2 1,106,1 1,106,1 0,0,0 1,106,1 1,106,1 1,106,1
ADDLINE 4,107,1 1,107,1 0,0,0 0,0,0 1,107,1 12,0,2 0,0,0 1,107,1 1,107,1
ADDLINE 3,117,1 3,117,1 1,117,1 12,0,2 0,0,0 0,0,0 0,0,0 0,0,0 5,117,1
ADDLINE 1,127,1 1,127,1 1,127,1 3,127,1 1,127,1 12,0,2 1,127,1 0,0,0 1,127,1
ADDLINE 4,138,1 1,138,1 1,138,1 12,0,2 0,0,0 0,0,0 4,138,1 0,0,0 0,0,0
ADDLINE 5,111,1 1,111,1 1,111,1 12,0,2 1,111,1 1,111,1 1,111,1 1,111,1 0,0,0
ADDLINE 1,122,1 0,0,0 12,0,2 0,0,0 2,122,1 0,0,0 0,0,0 0,0,0 1,122,1
ADDLINE 1,133,1 1,133,1 1,133,1 1,133,1 5,133,1 12,0,2 1,133,1 0,0,0 1,133,1
ADDLINE 3,144,1 0,0,0 0,0,0 0,0,0 0,0,0 12,0,2 1,144,1 0,0,0 1,144,1
ADDLINE 1,115,1 12,0,2 1,115,1 5,115,1 1,115,1 1,115,1 1,115,1 0,0,0 1,115,1
ADDLINE 2,127,1 0,0,0 1,127,1 0,0,0 0,0,0 0,0,0 12,0,2 0,0,0 1,127,1
ADDLINE 1,138,1 12,0,2 1,138,1 1,138,1 1,138,1 3,138,1 1,138,1 0,0,0 3,138,1
ADDLINE 1,149,1 12,0,2 5,149,1 0,0,0 0,0,0 0,0,0 1,149,1 0,0,0 0,0,0
ADDLINE 1,120,1 0,0,0 1,120,1 12,0,2 1,120,1 0,0,0 1,120,1 3,120,1 1,120,1
ADDLINE 0,0,0 0,0,0 1,131,1 0,0,0 2,131,1 0,0,0 12,0,2 0,0,0 0,0,0
ADDLINE 5,143,1 1,143,1 0,0,0 12,0,2 0,0,0 0,0,0 0,0,0 1,143,1 0,0,0
ADDLINE 5,147,1 1,147,1 1,147,1 1,147,1 1,147,1 1,147,1 1,147,1 1,147,1 12,0,2
ADDLINE 1,124,1 1,124,1 12,0,2 1,124,1 0,0,0 3,124,1 4,124,1 1,124,1 0,0,0
ADDLINE 4,136,1 1,136,1 12,0,2 1,136,1 0,0,0 1,136,1 2,136,1 1,136,1 0,0,0
ADDLINE 0,0,0 0,0,0 0,0,0 0,0,0 0,0,0 0,0,0 12,0,2 4,148,1 0,0,0
ADDLINE 1,153,1 1,153,1 1,153,1 1,153,1 1,153,1 1,153,1 1,153,1 3,153,1 12,0,2
ADDLINE 0,0,0 1,129,1 12,0,2 1,129,1 1,129,1 5,129,1 3,129,1 5,129,1 0,0,0
ADDLINE 1,141,1 1,141,1 12,0,2 1,141,1 1,141,1 2,141,1 1,141,1 1,141,1 0,0,0
ADDLINE 0,0,0 1,153,1 0,0,0 0,0,0 0,0,0 12,0,2 0,0,0 0,0,0 0,0,0
ADDLINE 3,166,1 1,166,1 1,166,1 12,0,2 1,166,1 0,0,0 0,0,0 0,0,0 1,166,1
ADDLINE 1,133,1 1,133,1 1,133,1 12,0,2 4,133,1 0,0,0 1,133,1 1,133,1 1,133,1
ADDLINE 1,146,1 2,146,1 1,146,1 0,0,0 2,146,1 0,0,0 1,146,1 12,0,2 0,0,0
ADDLINE 1,194,1 1,194,1 1,194,1 12,0,2 1,194,1 0,0,0 1,194,1 4,194,1 1,194,1
ADDLINE 0,0,0 0,0,0 1,195,1 12,0,2 5,195,1 0,0,0 0,0,0 0,0,0 1,195,1
ADDLINE 5,187,1 3,187,1 1,187,1 1,187,1 1,187,1 1,187,1 1,187,1 12,0,2 1,187,1
2,84,1 0,0,0 12,0,2 1,84,1 5,84,1 1,84,1 1,84,1 0,0,0 1,84,1
2,83,1 0,0,0 0,0,0 1,83,1 3,83,1 1,83,1 1,83,1 12,0,2 0,0,0
1,82,1 1,82,1 1,82,1 1,82,1 1,82,1 1,82,1 1,82,1 12,0,2 0,0,0
3,81,1 2,81,1 1,81,1 1,81,1 1,81,1 1,81,1 1,81,1 12,0,2 0,0,0
1,80,1 1,80,1 4,80,1 0,0,0 12,0,2 0,0,0 0,0,0 0,0,0 0,0,0
1,79,1 1,79,1 1,79,1 12,0,2 4,79,1 1,79,1 0,0,0 1,79,1 0,0,0
0,0,0 0,0,0 0,0,0 0,0,0 0,0,0 0,0,0 0,0,0 0,0,0 0,0,0
0,0,0 0,0,0 0,0,0 0,0,0 0,0,0 0,0,0 0,0,0 0,0,0 0,0,0
0,0,0 0,0,0 0,0,0 0,0,0 0,0,0 0,0,0 0,0,0 0,0,0 0,0,0