MODE 0
BALL 80
STARS 0/5200/7300
ADDLINE 0,0,0 4,94,1 1,94,1 1,94,1 0,0,0 3,94,1 0,0,0 0,0,0 12,0,2
ADDLINE 0,0,0 1,95,1 1,95,1 1,95,1 12,0,2 1,95,1 1,95,1 2,95,1 1,95,1
ADDLINE 0,0,0 0,0,0 0,0,0 1,96,1 0,0,0 12,0,2 0,0,0 0,0,0 0,0,0
ADDLINE 1,101,1 4,101,1 2,101,1 1,101,1 2,101,1 1,101,1 12,0,2 1,101,1 1,101,1
ADDLINE 1,107,1 1,107,1 5,107,1 1,107,1 12,0,2 1,107,1 0,0,0 1,107,1 5,107,1
ADDLINE 1,111,1 1,111,1 1,111,1 1,111,1 1,111,1 1,111,1 12,0,2 4,111,1 1,111,1
ADDLINE 0,0,0 12,0,2 0,0,0 0,0,0 0,0,0 0,0,0 0,0,0 1,127,1 1,127,1
ADDLINE 12,0,2 1,132,1 2,132,1 4,132,1 1,132,1 1,132,1 1,132,1 1,132,1 1,132,1
ADDLINE 0,0,0 1,111,1 1,111,1 1,111,1 5,111,1 5,111,1 0,0,0 1,111,1 12,0,2
ADDLINE 0,0,0 0,0,0 1,122,1 0,0,0 1,122,1 12,0,2 0,0,0 0,0,0 0,0,0
ADDLINE 1,133,1 12,0,2 1,133,1 0,0,0 1,133,1 1,133,1 3,133,1 2,133,1 1,133,1
ADDLINE 0,0,0 0,0,0 1,144,1 0,0,0 4,144,1 0,0,0 12,0,2 0,0,0 0,0,0
ADDLINE 1,115,1 1,115,1 1,115,1 12,0,2 1,115,1 0,0,0 1,115,1 3,115,1 1,115,1
ADDLINE 0,0,0 0,0,0 1,127,1 0,0,0 12,0,2 0,0,0 1,127,1 0,0,0 0,0,0
ADDLINE 1,138,1 12,0,2 1,138,1 0,0,0 5,138,1 4,138,1 1,138,1 4,138,1 1,138,1
ADDLINE 0,0,0 0,0,0 1,149,1 12,0,2 3,149,1 0,0,0 0,0,0 0,0,0 0,0,0
ADDLINE 1,120,1 2,120,1 1,120,1 12,0,2 5,120,1 0,0,0 5,120,1 1,120,1 1,120,1
ADDLINE 1,131,1 0,0,0 1,131,1 0,0,0 1,131,1 12,0,2 1,131,1 0,0,0 1,131,1
ADDLINE 0,0,0 1,143,1 1,143,1 1,143,1 1,143,1 12,0,2 1,143,1 3,143,1 1,143,1
ADDLINE 0,0,0 1,155,1 1,155,1 1,155,1 12,0,2 0,0,0 4,155,1 5,155,1 1,155,1
ADDLINE 0,0,0 0,0,0 0,0,0 0,0,0 12,0,2 1,124,1 1,124,1 4,124,1 1,124,1
ADDLINE 0,0,0 12,0,2 0,0,0 0,0,0 1,136,1 1,136,1 3,136,1 1,136,1 4,136,1
ADDLINE 0,0,0 5,148,1 1,148,1 0,0,0 0,0,0 12,0,2 1,148,1 0,0,0 0,0,0
ADDLINE 1,161,1 1,161,1 1,161,1 1,161,1 0,0,0 0,0,0 12,0,2 0,0,0 0,0,0
ADDLINE 5,129,1 1,129,1 12,0,2 0,0,0 0,0,0 1,129,1 0,0,0 0,0,0 1,129,1
ADDLINE 1,141,1 1,141,1 1,141,1 1,141,1 1,141,1 12,0,2 1,141,1 0,0,0 1,141,1
ADDLINE 2,153,1 1,153,1 3,153,1 0,0,0 0,0,0 12,0,2 0,0,0 0,0,0 2,153,1
ADDLINE 1,166,1 1,166,1 12,0,2 2,166,1 1,166,1 5,166,1 2,166,1 1,166,1 0,0,0
ADDLINE 1,133,1 3,133,1 12,0,2 3,133,1 1,133,1 1,133,1 1,133,1 1,133,1 0,0,0
ADDLINE 1,146,1 1,146,1 12,0,2 1,146,1 1,146,1 1,146,1 1,146,1 1,146,1 0,0,0
ADDLINE 0,0,0 0,0,0 12,0,2 4,194,1 1,194,1 1,194,1 5,194,1 1,194,1 0,0,0
ADDLINE 0,0,0 1,195,1 0,0,0 4,195,1 1,195,1 1,195,1 1,195,1 12,0,2 0,0,0
ADDLINE 0,0,0 0,0,0 0,0,0 1,197,1 1,197,1 1,197,1 12,0,2 0,0,0 3,197,1
1,80,1 1,80,1 2,80,1 1,80,1 1,80,1 1,80,1 5,80,1 12,0,2 1,80,1
1,83,1 4,83,1 2,83,1 0,0,0 1,83,1 0,0,0 0,0,0 12,0,2 0,0,0
4,82,1 1,82,1 1,82,1 12,0,2 1,82,1 0,0,0 1,82,1 1,82,1 1,82,1
0,0,0 12,0,2 0,0,0 0,0,0 1,81,1 0,0,0 1,81,1 3,81,1 1,81,1
1,77,1 1,77,1 5,77,1 1,77,1 1,77,1 12,0,2 1,77,1 1,77,1 1,77,1
0,0,0 0,0,0 1,79,1 0,0,0 12,0,2 0,0,0 3,79,1 4,79,1 1,79,1
0,0,0 0,0,0 0,0,0 0,0,0 0,0,0 0,0,0 0,0,0 0,0,0 0,0,0
0,0,0 0,0,0 0,0,0 0,0,0 0,0,0 0,0,0 0,0,0 0,0,0 0,0,0
0,0,0 0,0,0 0,0,0 0,0,0 0,0,0 0,0,0 0,0,0 0,0,0 0,0,0