MODE 0
BALL 80
STARS 0/4700/6700
ADDLINE 1,178,1 1,178,1 1,89,1 12,0,2 1,89,1 1,89,1 1,89,1 5,89,1 1,89,1
ADDLINE 1,95,1 4,95,1 3,95,1 0,0,0 0,0,0 0,0,0 12,0,2 0,0,0 1,95,1
ADDLINE 1,192,1 1,192,1 1,96,1 1,96,1 1,192,1 11,0,2 12,0,2 0,0,0 1,96,1
ADDLINE 20,106,1 1,212,1 0,0,0 0,0,0 12,0,2 0,0,0 1,212,1 3,106,1 1,106,1
ADDLINE 1,214,1 12,0,2 0,0,0 1,107,1 1,107,1 1,107,1 1,107,1 1,107,1 1,107,1
ADDLINE 0,0,0 12,0,2 1,117,1 1,117,1 5,117,1 5,117,1 4,117,1 1,117,1 1,117,1
ADDLINE 0,0,0 0,0,0 0,0,0 12,0,2 1,127,1 3,127,1 1,127,1 4,127,1 1,127,1
ADDLINE 1,138,1 1,276,1 1,276,1 0,0,0 0,0,0 0,0,0 12,0,2 0,0,0 0,0,0
ADDLINE 1,111,1 7,0,2 1,222,1 1,111,1 1,111,1 1,111,1 12,0,2 0,0,0 0,0,0
ADDLINE 5,122,1 1,244,1 1,244,1 12,0,2 1,122,1 0,0,0 1,122,1 1,122,1 1,122,1
ADDLINE 0,0,0 0,0,0 0,0,0 0,0,0 2,133,1 0,0,0 1,133,1 0,0,0 12,0,2
ADDLINE 16,144,1 1,288,1 1,288,1 1,288,1 1,288,1 12,0,2 1,288,1 0,0,0 1,288,1
ADDLINE 1,230,1 1,230,1 1,230,1 12,0,2 1,230,1 0,0,0 1,230,1 1,230,1 16,115,1
ADDLINE 1,127,1 1,127,1 1,127,1 12,0,2 1,127,1 1,127,1 1,254,1 17,127,1 1,127,1
ADDLINE 0,0,0 0,0,0 4,138,1 12,0,2 5,138,1 0,0,0 0,0,0 1,276,1 1,138,1
ADDLINE 1,149,1 0,0,0 1,149,1 0,0,0 1,149,1 12,0,2 1,149,1 0,0,0 1,149,1
ADDLINE 0,0,0 0,0,0 3,120,1 0,0,0 12,0,2 0,0,0 1,240,1 11,0,2 1,120,1
ADDLINE 2,125,1 1,125,1 4,125,1 1,125,1 1,125,1 4,125,1 1,250,1 12,0,2 1,125,1
ADDLINE 0,0,0 16,143,1 12,0,2 1,286,1 1,286,1 1,286,1 1,286,1 1,286,1 1,286,1
ADDLINE 0,0,0 1,155,1 1,155,1 1,155,1 3,155,1 5,155,1 1,155,1 1,310,1 12,0,2
ADDLINE 0,0,0 1,248,1 12,0,2 1,248,1 1,248,1 1,248,1 1,248,1 1,248,1 10,0,2
ADDLINE 0,0,0 1,272,1 12,0,2 1,272,1 1,272,1 1,272,1 1,136,1 1,272,1 1,272,1
ADDLINE 0,0,0 19,148,1 1,296,1 1,296,1 7,0,2 1,296,1 1,296,1 12,0,2 1,296,1
ADDLINE 7,0,2 1,322,1 12,0,2 1,322,1 1,322,1 1,322,1 1,161,1 4,161,1 1,161,1
ADDLINE 0,0,0 1,258,1 0,0,0 3,129,1 1,129,1 1,129,1 12,0,2 1,129,1 0,0,0
ADDLINE 1,141,1 1,141,1 0,0,0 1,141,1 1,141,1 1,141,1 12,0,2 4,141,1 0,0,0
ADDLINE 1,306,1 1,306,1 1,306,1 1,306,1 1,306,1 0,0,0 1,306,1 12,0,2 8,0,2
ADDLINE 0,0,0 0,0,0 0,0,0 1,166,1 12,0,2 1,332,1 20,166,1 1,332,1 0,0,0
ADDLINE 1,127,1 1,127,1 1,127,1 2,127,1 12,0,2 1,254,1 1,254,1 1,254,1 3,127,1
ADDLINE 0,0,0 1,292,1 8,0,2 1,292,1 1,292,1 19,146,1 1,292,1 1,292,1 12,0,2
ADDLINE 1,388,1 1,388,1 1,388,1 1,388,1 12,0,2 1,388,1 1,388,1 16,194,1 1,388,1
ADDLINE 0,0,0 0,0,0 0,0,0 1,390,1 1,390,1 0,0,0 12,0,2 1,195,1 1,195,1
ADDLINE 1,394,1 1,394,1 12,0,2 1,394,1 19,197,1 1,394,1 0,0,0 1,394,1 1,394,1
11,0,2 0,0,0 0,0,0 12,0,2 5,84,1 4,168,1 1,84,1 1,84,1 1,84,1
0,0,0 0,0,0 1,83,1 0,0,0 12,0,2 1,166,1 2,83,1 1,83,1 1,83,1
1,164,1 12,0,2 0,0,0 1,164,1 0,0,0 0,0,0 0,0,0 1,82,1 1,82,1
17,81,1 1,162,1 12,0,2 19,81,1 0,0,0 1,162,1 0,0,0 0,0,0 0,0,0
1,160,1 1,160,1 1,160,1 1,160,1 12,0,2 1,160,1 1,160,1 1,80,1 0,0,0
1,158,1 1,158,1 1,158,1 1,158,1 12,0,2 19,79,1 1,158,1 1,158,1 0,0,0
0,0,0 0,0,0 0,0,0 0,0,0 0,0,0 0,0,0 0,0,0 0,0,0 0,0,0
0,0,0 0,0,0 0,0,0 0,0,0 0,0,0 0,0,0 0,0,0 0,0,0 0,0,0
0,0,0 0,0,0 0,0,0 0,0,0 0,0,0 0,0,0 0,0,0 0,0,0 0,0,0