MODE 0
BALL 80
STARS 0/4800/6800
ADDLINE 5,89,1 1,89,1 12,0,2 3,89,1 2,89,1 1,89,1 1,89,1 1,89,1 1,89,1
ADDLINE 0,0,0 1,95,1 0,0,0 0,0,0 12,0,2 1,95,1 1,95,1 3,95,1 1,95,1
ADDLINE 1,91,1 1,91,1 2,91,1 1,91,1 12,0,2 1,91,1 1,91,1 1,91,1 1,91,1
ADDLINE 1,101,1 3,101,1 1,101,1 1,101,1 12,0,2 1,101,1 4,101,1 1,101,1 1,101,1
ADDLINE 1,102,1 4,102,1 1,102,1 1,102,1 12,0,2 1,102,1 1,102,1 2,102,1 1,102,1
ADDLINE 0,0,0 12,0,2 0,0,0 1,117,1 0,0,0 0,0,0 0,0,0 0,0,0 0,0,0
ADDLINE 1,121,1 1,121,1 1,121,1 1,121,1 12,0,2 2,121,1 1,121,1 1,121,1 1,121,1
ADDLINE 0,0,0 0,0,0 0,0,0 1,138,1 0,0,0 0,0,0 12,0,2 0,0,0 0,0,0
ADDLINE 0,0,0 1,111,1 12,0,2 3,111,1 1,111,1 4,111,1 0,0,0 1,111,1 3,111,1
ADDLINE 1,122,1 0,0,0 1,122,1 12,0,2 1,122,1 0,0,0 1,122,1 1,122,1 3,122,1
ADDLINE 5,133,1 12,0,2 1,133,1 0,0,0 1,133,1 0,0,0 1,133,1 0,0,0 0,0,0
ADDLINE 3,144,1 12,0,2 1,144,1 0,0,0 1,144,1 1,144,1 4,144,1 0,0,0 1,144,1
ADDLINE 5,115,1 12,0,2 1,115,1 0,0,0 0,0,0 0,0,0 1,115,1 0,0,0 0,0,0
ADDLINE 1,127,1 0,0,0 3,127,1 1,127,1 1,127,1 12,0,2 2,127,1 0,0,0 1,127,1
ADDLINE 1,138,1 0,0,0 0,0,0 12,0,2 1,138,1 0,0,0 1,138,1 0,0,0 1,138,1
ADDLINE 2,149,1 1,149,1 1,149,1 12,0,2 1,149,1 0,0,0 1,149,1 1,149,1 1,149,1
ADDLINE 0,0,0 0,0,0 3,120,1 0,0,0 1,120,1 12,0,2 0,0,0 0,0,0 0,0,0
ADDLINE 5,131,1 12,0,2 1,131,1 0,0,0 1,131,1 1,131,1 1,131,1 1,131,1 2,131,1
ADDLINE 1,136,1 1,136,1 3,136,1 1,136,1 12,0,2 1,136,1 1,136,1 1,136,1 1,136,1
ADDLINE 1,155,1 1,155,1 1,155,1 2,155,1 0,0,0 12,0,2 0,0,0 1,155,1 2,155,1
ADDLINE 1,118,1 1,118,1 3,118,1 4,118,1 4,118,1 1,118,1 12,0,2 1,118,1 1,118,1
ADDLINE 1,136,1 1,136,1 1,136,1 3,136,1 1,136,1 1,136,1 0,0,0 12,0,2 0,0,0
ADDLINE 1,148,1 0,0,0 0,0,0 0,0,0 12,0,2 0,0,0 0,0,0 0,0,0 0,0,0
ADDLINE 0,0,0 12,0,2 4,161,1 1,161,1 5,161,1 1,161,1 1,161,1 5,161,1 1,161,1
ADDLINE 0,0,0 0,0,0 0,0,0 0,0,0 0,0,0 12,0,2 0,0,0 1,129,1 1,129,1
ADDLINE 1,141,1 1,141,1 1,141,1 4,141,1 1,141,1 5,141,1 12,0,2 0,0,0 0,0,0
ADDLINE 1,153,1 3,153,1 1,153,1 1,153,1 0,0,0 0,0,0 12,0,2 0,0,0 0,0,0
ADDLINE 5,166,1 2,166,1 0,0,0 0,0,0 0,0,0 0,0,0 12,0,2 0,0,0 0,0,0
ADDLINE 1,133,1 3,133,1 0,0,0 12,0,2 1,133,1 1,133,1 1,133,1 0,0,0 0,0,0
ADDLINE 1,146,1 1,146,1 1,146,1 0,0,0 0,0,0 0,0,0 12,0,2 0,0,0 1,146,1
ADDLINE 1,184,1 1,184,1 1,184,1 12,0,2 1,184,1 1,184,1 2,184,1 1,184,1 1,184,1
ADDLINE 5,195,1 1,195,1 5,195,1 0,0,0 12,0,2 0,0,0 0,0,0 1,195,1 4,195,1
ADDLINE 2,197,1 1,197,1 1,197,1 1,197,1 1,197,1 1,197,1 0,0,0 12,0,2 0,0,0
0,0,0 1,84,1 12,0,2 0,0,0 0,0,0 1,84,1 1,84,1 2,84,1 1,84,1
12,0,2 1,79,1 1,79,1 3,79,1 1,79,1 4,79,1 1,79,1 3,79,1 1,79,1
0,0,0 0,0,0 0,0,0 1,82,1 0,0,0 0,0,0 12,0,2 0,0,0 0,0,0
4,81,1 1,81,1 12,0,2 1,81,1 0,0,0 1,81,1 1,81,1 1,81,1 4,81,1
1,80,1 1,80,1 12,0,2 1,80,1 0,0,0 1,80,1 3,80,1 1,80,1 0,0,0
3,79,1 1,79,1 12,0,2 5,79,1 0,0,0 1,79,1 1,79,1 1,79,1 0,0,0
0,0,0 0,0,0 0,0,0 0,0,0 0,0,0 0,0,0 0,0,0 0,0,0 0,0,0
0,0,0 0,0,0 0,0,0 0,0,0 0,0,0 0,0,0 0,0,0 0,0,0 0,0,0
0,0,0 0,0,0 0,0,0 0,0,0 0,0,0 0,0,0 0,0,0 0,0,0 0,0,0