MODE 0
BALL 50
STARS 0/1400/2000
ADDLINE 4,44,1 3,44,1 1,44,1 1,44,1 1,44,1 1,44,1 1,44,1 1,44,1 12,0,2
ADDLINE 1,50,1 0,0,0 12,0,2 0,0,0 0,0,0 1,50,1 1,50,1 1,50,1 1,50,1
ADDLINE 1,79,1 0,0,0 0,0,0 12,0,2 1,79,1 1,79,1 1,79,1 1,79,1 1,79,1
0,0,0 12,0,2 1,48,1 0,0,0 1,48,1 1,48,1 0,0,0 1,48,1 15,0,2
1,45,1 0,0,0 1,45,1 1,45,1 1,45,1 1,45,1 1,45,1 1,45,1 12,0,2
1,47,1 1,47,1 1,47,1 1,47,1 0,0,0 0,0,0 1,47,1 1,47,1 12,0,2
0,0,0 14,0,2 1,46,1 0,0,0 0,0,0 12,0,2 1,46,1 0,0,0 0,0,0
0,0,0 12,0,2 0,0,0 1,45,1 1,45,1 1,45,1 0,0,0 0,0,0 1,45,1
0,0,0 0,0,0 0,0,0 0,0,0 12,0,2 1,44,1 4,44,1 3,44,1 1,44,1
0,0,0 0,0,0 0,0,0 0,0,0 0,0,0 0,0,0 0,0,0 0,0,0 0,0,0
0,0,0 0,0,0 0,0,0 0,0,0 0,0,0 0,0,0 0,0,0 0,0,0 0,0,0
0,0,0 0,0,0 0,0,0 0,0,0 0,0,0 0,0,0 0,0,0 0,0,0 0,0,0