MODE 0
BALL 80
STARS 0/4800/6800
ADDLINE 1,95,1 12,0,2 0,0,0 0,0,0 1,95,1 0,0,0 0,0,0 0,0,0 0,0,0
ADDLINE 1,192,1 1,192,1 1,96,1 12,0,2 1,96,1 0,0,0 1,96,1 1,96,1 1,96,1
ADDLINE 7,0,2 1,194,1 1,97,1 12,0,2 1,97,1 0,0,0 1,97,1 1,97,1 1,97,1
ADDLINE 1,214,1 1,214,1 1,214,1 12,0,2 1,214,1 8,0,2 1,214,1 1,214,1 1,214,1
ADDLINE 0,0,0 0,0,0 0,0,0 0,0,0 1,108,1 12,0,2 1,108,1 0,0,0 11,0,2
ADDLINE 1,112,1 12,0,2 1,112,1 1,112,1 1,112,1 1,112,1 1,112,1 1,224,1 1,224,1
ADDLINE 1,128,1 12,0,2 0,0,0 1,128,1 1,128,1 1,128,1 0,0,0 0,0,0 1,128,1
ADDLINE 1,133,1 1,133,1 12,0,2 1,133,1 1,133,1 1,133,1 1,133,1 1,133,1 1,133,1
ADDLINE 0,0,0 0,0,0 0,0,0 0,0,0 8,0,2 12,0,2 1,224,1 1,224,1 1,224,1
ADDLINE 1,123,1 12,0,2 1,123,1 0,0,0 1,123,1 0,0,0 1,123,1 0,0,0 1,123,1
ADDLINE 0,0,0 0,0,0 1,134,1 0,0,0 1,134,1 0,0,0 1,268,1 12,0,2 0,0,0
ADDLINE 1,145,1 1,145,1 1,145,1 12,0,2 1,145,1 0,0,0 7,0,2 1,290,1 1,145,1
ADDLINE 1,116,1 0,0,0 1,116,1 12,0,2 1,116,1 0,0,0 1,232,1 0,0,0 0,0,0
ADDLINE 1,256,1 12,0,2 1,256,1 0,0,0 1,256,1 0,0,0 1,256,1 8,0,2 1,256,1
ADDLINE 1,139,1 0,0,0 1,139,1 0,0,0 1,139,1 12,0,2 1,139,1 0,0,0 1,139,1
ADDLINE 1,150,1 0,0,0 1,150,1 0,0,0 1,150,1 12,0,2 1,150,1 0,0,0 1,150,1
ADDLINE 1,121,1 0,0,0 0,0,0 12,0,2 1,121,1 0,0,0 1,121,1 0,0,0 1,121,1
ADDLINE 1,132,1 12,0,2 1,132,1 1,132,1 1,132,1 0,0,0 1,132,1 0,0,0 1,132,1
ADDLINE 1,144,1 0,0,0 0,0,0 1,144,1 1,144,1 1,144,1 1,144,1 12,0,2 0,0,0
ADDLINE 1,156,1 1,156,1 0,0,0 0,0,0 12,0,2 0,0,0 0,0,0 0,0,0 1,156,1
ADDLINE 1,125,1 1,250,1 1,250,1 0,0,0 12,0,2 0,0,0 1,125,1 1,125,1 1,125,1
ADDLINE 0,0,0 0,0,0 7,0,2 12,0,2 1,137,1 1,137,1 1,137,1 1,137,1 0,0,0
ADDLINE 1,149,1 1,298,1 1,298,1 0,0,0 12,0,2 1,149,1 1,149,1 0,0,0 0,0,0
ADDLINE 1,162,1 1,162,1 1,324,1 1,324,1 0,0,0 12,0,2 0,0,0 0,0,0 1,162,1
ADDLINE 0,0,0 1,130,1 1,260,1 7,0,2 1,260,1 1,130,1 12,0,2 1,130,1 1,130,1
ADDLINE 0,0,0 1,142,1 1,284,1 1,284,1 1,284,1 1,142,1 12,0,2 1,142,1 1,142,1
ADDLINE 0,0,0 12,0,2 1,154,1 1,154,1 1,154,1 1,154,1 0,0,0 0,0,0 0,0,0
ADDLINE 1,167,1 1,167,1 1,167,1 1,334,1 1,334,1 0,0,0 0,0,0 12,0,2 0,0,0
ADDLINE 1,134,1 1,134,1 12,0,2 0,0,0 7,0,2 0,0,0 0,0,0 0,0,0 1,134,1
ADDLINE 0,0,0 0,0,0 12,0,2 1,294,1 1,294,1 1,294,1 1,147,1 0,0,0 0,0,0
ADDLINE 0,0,0 11,0,2 1,390,1 1,195,1 1,195,1 1,195,1 1,195,1 0,0,0 12,0,2
ADDLINE 0,0,0 12,0,2 1,392,1 1,196,1 1,196,1 1,196,1 1,196,1 1,196,1 0,0,0
ADDLINE 0,0,0 1,198,1 1,198,1 1,198,1 1,198,1 1,198,1 1,198,1 0,0,0 12,0,2
1,85,1 12,0,2 1,85,1 1,85,1 1,85,1 0,0,0 1,170,1 1,85,1 1,85,1
1,84,1 0,0,0 0,0,0 0,0,0 0,0,0 0,0,0 1,168,1 12,0,2 0,0,0
1,79,1 1,79,1 1,79,1 1,79,1 1,79,1 1,79,1 1,158,1 12,0,2 1,79,1
0,0,0 12,0,2 1,82,1 1,82,1 1,82,1 1,82,1 1,164,1 0,0,0 1,82,1
1,78,1 1,78,1 1,78,1 1,78,1 1,78,1 1,156,1 1,156,1 12,0,2 1,78,1
0,0,0 0,0,0 0,0,0 12,0,2 0,0,0 0,0,0 19,80,1 0,0,0 1,160,1
0,0,0 0,0,0 0,0,0 0,0,0 0,0,0 0,0,0 0,0,0 0,0,0 0,0,0
0,0,0 0,0,0 0,0,0 0,0,0 0,0,0 0,0,0 0,0,0 0,0,0 0,0,0
0,0,0 0,0,0 0,0,0 0,0,0 0,0,0 0,0,0 0,0,0 0,0,0 0,0,0