MODE 0
BALL 80
STARS 0/4800/6800
ADDLINE 1,95,1 1,95,1 0,0,0 0,0,0 12,0,2 0,0,0 1,95,1 1,95,1 1,95,1
ADDLINE 1,96,1 0,0,0 0,0,0 1,96,1 1,96,1 12,0,2 0,0,0 1,96,1 1,96,1
ADDLINE 1,97,1 0,0,0 1,97,1 1,97,1 1,97,1 1,97,1 12,0,2 0,0,0 1,97,1
ADDLINE 1,107,1 0,0,0 12,0,2 1,107,1 1,107,1 1,107,1 1,107,1 0,0,0 1,107,1
ADDLINE 0,0,0 0,0,0 12,0,2 0,0,0 1,108,1 1,108,1 1,108,1 1,108,1 1,108,1
ADDLINE 1,118,1 1,118,1 1,118,1 0,0,0 12,0,2 1,118,1 1,118,1 1,118,1 0,0,0
ADDLINE 1,128,1 1,128,1 1,128,1 1,128,1 12,0,2 1,128,1 1,128,1 0,0,0 0,0,0
ADDLINE 1,139,1 1,139,1 0,0,0 12,0,2 0,0,0 1,139,1 1,139,1 0,0,0 0,0,0
ADDLINE 1,112,1 0,0,0 12,0,2 1,112,1 1,112,1 1,112,1 1,112,1 0,0,0 0,0,0
ADDLINE 0,0,0 0,0,0 1,123,1 0,0,0 0,0,0 12,0,2 1,123,1 0,0,0 1,123,1
ADDLINE 1,127,1 1,127,1 1,127,1 1,127,1 1,127,1 12,0,2 1,127,1 1,127,1 1,127,1
ADDLINE 0,0,0 0,0,0 0,0,0 0,0,0 0,0,0 0,0,0 1,145,1 12,0,2 0,0,0
ADDLINE 1,116,1 12,0,2 1,116,1 1,116,1 1,116,1 1,116,1 1,116,1 0,0,0 1,116,1
ADDLINE 0,0,0 0,0,0 1,128,1 12,0,2 0,0,0 0,0,0 1,128,1 0,0,0 1,128,1
ADDLINE 1,139,1 1,139,1 1,139,1 12,0,2 1,139,1 0,0,0 1,139,1 0,0,0 1,139,1
ADDLINE 0,0,0 0,0,0 1,150,1 0,0,0 1,150,1 0,0,0 0,0,0 12,0,2 1,150,1
ADDLINE 1,121,1 12,0,2 1,121,1 0,0,0 1,121,1 1,121,1 1,121,1 1,121,1 1,121,1
ADDLINE 1,132,1 12,0,2 0,0,0 0,0,0 1,132,1 0,0,0 0,0,0 0,0,0 1,132,1
ADDLINE 0,0,0 1,144,1 12,0,2 1,144,1 1,144,1 1,144,1 1,144,1 1,144,1 0,0,0
ADDLINE 1,156,1 1,156,1 12,0,2 1,156,1 1,156,1 1,156,1 1,156,1 1,156,1 0,0,0
ADDLINE 0,0,0 0,0,0 0,0,0 1,125,1 0,0,0 0,0,0 12,0,2 1,125,1 0,0,0
ADDLINE 0,0,0 1,137,1 1,137,1 1,137,1 12,0,2 1,137,1 1,137,1 1,137,1 1,137,1
ADDLINE 0,0,0 1,149,1 1,149,1 1,149,1 12,0,2 0,0,0 0,0,0 0,0,0 0,0,0
ADDLINE 12,0,2 1,154,1 1,154,1 1,154,1 1,154,1 1,154,1 1,154,1 1,154,1 1,154,1
ADDLINE 0,0,0 0,0,0 1,130,1 12,0,2 0,0,0 1,130,1 0,0,0 1,130,1 0,0,0
ADDLINE 12,0,2 1,135,1 1,135,1 1,135,1 1,135,1 1,135,1 1,135,1 1,135,1 1,135,1
ADDLINE 0,0,0 1,154,1 1,154,1 1,154,1 1,154,1 1,154,1 12,0,2 1,154,1 1,154,1
ADDLINE 1,159,1 12,0,2 1,159,1 1,159,1 1,159,1 1,159,1 1,159,1 1,159,1 1,159,1
ADDLINE 1,134,1 0,0,0 0,0,0 12,0,2 0,0,0 0,0,0 1,134,1 1,134,1 1,134,1
ADDLINE 1,140,1 1,140,1 1,140,1 1,140,1 1,140,1 12,0,2 1,140,1 1,140,1 1,140,1
ADDLINE 0,0,0 12,0,2 0,0,0 0,0,0 1,195,1 0,0,0 0,0,0 0,0,0 1,195,1
ADDLINE 1,196,1 1,196,1 1,196,1 12,0,2 1,196,1 1,196,1 1,196,1 0,0,0 1,196,1
ADDLINE 1,198,1 1,198,1 1,198,1 0,0,0 1,198,1 0,0,0 12,0,2 0,0,0 1,198,1
0,0,0 1,85,1 1,85,1 12,0,2 0,0,0 1,85,1 1,85,1 1,85,1 1,85,1
0,0,0 0,0,0 0,0,0 1,84,1 12,0,2 1,84,1 1,84,1 1,84,1 1,84,1
1,83,1 1,83,1 12,0,2 0,0,0 0,0,0 0,0,0 1,83,1 1,83,1 1,83,1
1,82,1 0,0,0 12,0,2 1,82,1 1,82,1 0,0,0 1,82,1 1,82,1 1,82,1
1,81,1 12,0,2 1,81,1 1,81,1 1,81,1 0,0,0 0,0,0 1,81,1 1,81,1
1,80,1 1,80,1 1,80,1 12,0,2 0,0,0 0,0,0 1,80,1 0,0,0 0,0,0
0,0,0 0,0,0 0,0,0 0,0,0 0,0,0 0,0,0 0,0,0 0,0,0 0,0,0
0,0,0 0,0,0 0,0,0 0,0,0 0,0,0 0,0,0 0,0,0 0,0,0 0,0,0
0,0,0 0,0,0 0,0,0 0,0,0 0,0,0 0,0,0 0,0,0 0,0,0 0,0,0