MODE 0
BALL 80
STARS 0/5000/6800
ADDLINE 1,95,1 1,95,1 0,0,0 0,0,0 0,0,0 0,0,0 12,0,2 0,0,0 1,95,1
ADDLINE 0,0,0 0,0,0 0,0,0 12,0,2 1,96,1 1,96,1 1,96,1 1,96,1 1,96,1
ADDLINE 0,0,0 0,0,0 1,97,1 0,0,0 0,0,0 0,0,0 0,0,0 12,0,2 1,97,1
ADDLINE 1,214,1 16,107,1 1,214,1 12,0,2 1,214,1 1,214,1 1,214,1 1,214,1 0,0,0
ADDLINE 1,108,1 1,108,1 1,108,1 1,108,1 12,0,2 1,108,1 0,0,0 0,0,0 0,0,0
ADDLINE 1,112,1 1,112,1 1,112,1 1,112,1 12,0,2 1,224,1 1,224,1 1,224,1 1,112,1
ADDLINE 1,128,1 1,128,1 1,128,1 1,128,1 1,128,1 1,256,1 20,128,1 12,0,2 0,0,0
ADDLINE 1,139,1 1,139,1 1,139,1 1,139,1 0,0,0 12,0,2 0,0,0 1,278,1 1,139,1
ADDLINE 1,224,1 1,224,1 1,112,1 12,0,2 0,0,0 1,112,1 0,0,0 0,0,0 0,0,0
ADDLINE 17,123,1 0,0,0 0,0,0 12,0,2 1,123,1 0,0,0 1,123,1 0,0,0 1,123,1
ADDLINE 1,268,1 12,0,2 1,134,1 1,134,1 1,134,1 0,0,0 1,134,1 0,0,0 1,134,1
ADDLINE 1,145,1 0,0,0 1,145,1 0,0,0 12,0,2 0,0,0 1,145,1 0,0,0 1,145,1
ADDLINE 1,116,1 12,0,2 1,116,1 0,0,0 1,116,1 1,116,1 1,116,1 0,0,0 1,116,1
ADDLINE 1,128,1 0,0,0 1,128,1 0,0,0 1,128,1 12,0,2 1,256,1 1,256,1 1,128,1
ADDLINE 1,139,1 12,0,2 1,139,1 0,0,0 1,139,1 1,139,1 1,278,1 20,139,1 1,139,1
ADDLINE 0,0,0 0,0,0 1,150,1 0,0,0 0,0,0 0,0,0 0,0,0 12,0,2 1,150,1
ADDLINE 1,115,1 1,115,1 1,115,1 1,115,1 1,115,1 1,115,1 1,115,1 12,0,2 1,115,1
ADDLINE 0,0,0 1,264,1 1,264,1 0,0,0 0,0,0 0,0,0 0,0,0 12,0,2 1,132,1
ADDLINE 1,144,1 1,288,1 20,144,1 1,288,1 1,144,1 0,0,0 12,0,2 0,0,0 0,0,0
ADDLINE 1,156,1 1,312,1 1,312,1 12,0,2 1,156,1 1,156,1 1,156,1 0,0,0 1,156,1
ADDLINE 1,125,1 0,0,0 0,0,0 12,0,2 1,125,1 1,250,1 1,250,1 0,0,0 1,125,1
ADDLINE 1,274,1 12,0,2 1,274,1 1,274,1 1,274,1 1,274,1 19,137,1 1,274,1 1,274,1
ADDLINE 1,298,1 1,298,1 12,0,2 1,298,1 16,149,1 1,298,1 1,298,1 1,298,1 1,298,1
ADDLINE 1,324,1 1,324,1 1,162,1 12,0,2 1,162,1 0,0,0 1,162,1 0,0,0 1,162,1
ADDLINE 17,130,1 1,260,1 1,130,1 0,0,0 0,0,0 12,0,2 1,130,1 0,0,0 0,0,0
ADDLINE 1,270,1 1,270,1 1,135,1 12,0,2 1,135,1 1,135,1 1,135,1 1,135,1 1,135,1
ADDLINE 1,147,1 1,147,1 1,147,1 12,0,2 1,147,1 1,147,1 1,147,1 1,147,1 1,147,1
ADDLINE 1,159,1 1,159,1 1,159,1 1,159,1 1,159,1 1,159,1 1,159,1 12,0,2 1,159,1
ADDLINE 1,268,1 1,268,1 1,268,1 1,268,1 1,268,1 1,268,1 12,0,2 0,0,0 16,134,1
ADDLINE 1,147,1 1,147,1 1,147,1 12,0,2 1,147,1 1,147,1 1,147,1 0,0,0 1,147,1
ADDLINE 0,0,0 0,0,0 1,195,1 0,0,0 1,195,1 1,195,1 1,195,1 0,0,0 12,0,2
ADDLINE 1,187,1 1,187,1 1,187,1 12,0,2 1,187,1 1,187,1 1,187,1 1,187,1 1,187,1
ADDLINE 0,0,0 0,0,0 0,0,0 0,0,0 1,198,1 1,198,1 1,198,1 12,0,2 1,198,1
1,85,1 1,85,1 1,170,1 1,170,1 1,170,1 1,170,1 12,0,2 0,0,0 0,0,0
1,168,1 1,168,1 1,168,1 19,84,1 1,168,1 1,168,1 12,0,2 1,168,1 0,0,0
16,83,1 1,166,1 1,166,1 1,166,1 1,166,1 1,166,1 12,0,2 1,166,1 0,0,0
1,82,1 1,82,1 1,82,1 0,0,0 0,0,0 0,0,0 12,0,2 0,0,0 0,0,0
0,0,0 0,0,0 12,0,2 0,0,0 1,162,1 1,162,1 1,162,1 1,81,1 0,0,0
1,80,1 1,80,1 0,0,0 0,0,0 1,160,1 17,80,1 12,0,2 0,0,0 1,80,1
0,0,0 0,0,0 0,0,0 0,0,0 0,0,0 0,0,0 0,0,0 0,0,0 0,0,0
0,0,0 0,0,0 0,0,0 0,0,0 0,0,0 0,0,0 0,0,0 0,0,0 0,0,0
0,0,0 0,0,0 0,0,0 0,0,0 0,0,0 0,0,0 0,0,0 0,0,0 0,0,0