MODE 0
BALL 80
STARS 0/5100/7300
ADDLINE 1,95,1 1,95,1 12,0,2 1,95,1 0,0,0 1,95,1 0,0,0 0,0,0 0,0,0
ADDLINE 1,96,1 1,96,1 12,0,2 1,96,1 1,96,1 1,96,1 0,0,0 1,96,1 1,96,1
ADDLINE 1,97,1 1,97,1 12,0,2 0,0,0 0,0,0 1,97,1 0,0,0 1,97,1 0,0,0
ADDLINE 1,107,1 1,107,1 12,0,2 1,107,1 0,0,0 1,107,1 0,0,0 1,107,1 1,107,1
ADDLINE 0,0,0 0,0,0 0,0,0 1,108,1 12,0,2 1,108,1 0,0,0 1,108,1 1,108,1
ADDLINE 12,0,2 1,112,1 1,112,1 1,112,1 1,112,1 1,112,1 1,112,1 1,112,1 1,112,1
ADDLINE 1,128,1 0,0,0 1,128,1 1,128,1 12,0,2 0,0,0 0,0,0 1,128,1 1,128,1
ADDLINE 1,133,1 1,133,1 1,133,1 1,133,1 1,133,1 1,133,1 12,0,2 1,133,1 1,133,1
ADDLINE 0,0,0 1,112,1 1,112,1 1,112,1 1,112,1 1,112,1 12,0,2 1,112,1 1,112,1
ADDLINE 1,123,1 0,0,0 1,123,1 0,0,0 1,123,1 12,0,2 0,0,0 0,0,0 1,123,1
ADDLINE 1,134,1 1,134,1 1,134,1 0,0,0 1,134,1 12,0,2 1,134,1 0,0,0 1,134,1
ADDLINE 0,0,0 0,0,0 1,145,1 12,0,2 0,0,0 0,0,0 1,145,1 0,0,0 0,0,0
ADDLINE 1,116,1 12,0,2 1,116,1 0,0,0 1,116,1 1,116,1 1,116,1 1,116,1 1,116,1
ADDLINE 0,0,0 0,0,0 1,128,1 0,0,0 1,128,1 12,0,2 0,0,0 0,0,0 1,128,1
ADDLINE 1,139,1 1,139,1 1,139,1 1,139,1 1,139,1 12,0,2 1,139,1 0,0,0 1,139,1
ADDLINE 1,150,1 0,0,0 0,0,0 12,0,2 1,150,1 0,0,0 1,150,1 0,0,0 0,0,0
ADDLINE 1,121,1 12,0,2 1,121,1 0,0,0 1,121,1 0,0,0 1,121,1 1,121,1 1,121,1
ADDLINE 0,0,0 0,0,0 1,132,1 0,0,0 1,132,1 12,0,2 0,0,0 0,0,0 1,132,1
ADDLINE 0,0,0 0,0,0 0,0,0 1,144,1 1,144,1 1,144,1 1,144,1 1,144,1 12,0,2
ADDLINE 1,156,1 1,156,1 12,0,2 1,156,1 1,156,1 1,156,1 0,0,0 0,0,0 0,0,0
ADDLINE 0,0,0 0,0,0 12,0,2 1,125,1 1,125,1 0,0,0 0,0,0 1,125,1 1,125,1
ADDLINE 0,0,0 12,0,2 1,137,1 1,137,1 1,137,1 0,0,0 1,137,1 1,137,1 1,137,1
ADDLINE 1,149,1 0,0,0 12,0,2 0,0,0 0,0,0 0,0,0 1,149,1 1,149,1 1,149,1
ADDLINE 1,162,1 1,162,1 12,0,2 1,162,1 0,0,0 1,162,1 1,162,1 1,162,1 1,162,1
ADDLINE 1,130,1 1,130,1 0,0,0 1,130,1 0,0,0 12,0,2 0,0,0 0,0,0 1,130,1
ADDLINE 1,142,1 1,142,1 1,142,1 1,142,1 1,142,1 12,0,2 1,142,1 0,0,0 1,142,1
ADDLINE 1,154,1 1,154,1 0,0,0 0,0,0 0,0,0 12,0,2 1,154,1 0,0,0 1,154,1
ADDLINE 0,0,0 0,0,0 1,167,1 1,167,1 1,167,1 1,167,1 1,167,1 1,167,1 12,0,2
ADDLINE 1,134,1 0,0,0 0,0,0 0,0,0 12,0,2 0,0,0 1,134,1 1,134,1 0,0,0
ADDLINE 1,147,1 1,147,1 1,147,1 1,147,1 1,147,1 12,0,2 1,147,1 0,0,0 0,0,0
ADDLINE 1,195,1 1,195,1 1,195,1 1,195,1 1,195,1 0,0,0 12,0,2 0,0,0 1,195,1
ADDLINE 1,187,1 1,187,1 1,187,1 1,187,1 1,187,1 1,187,1 1,187,1 1,187,1 12,0,2
ADDLINE 1,198,1 1,198,1 1,198,1 1,198,1 0,0,0 12,0,2 0,0,0 1,198,1 0,0,0
0,0,0 1,85,1 12,0,2 1,85,1 1,85,1 1,85,1 0,0,0 1,85,1 1,85,1
0,0,0 1,84,1 0,0,0 1,84,1 0,0,0 1,84,1 12,0,2 0,0,0 0,0,0
1,79,1 1,79,1 1,79,1 1,79,1 12,0,2 1,79,1 1,79,1 1,79,1 1,79,1
1,78,1 12,0,2 1,78,1 1,78,1 1,78,1 1,78,1 1,78,1 1,78,1 1,78,1
1,81,1 0,0,0 1,81,1 1,81,1 1,81,1 12,0,2 0,0,0 0,0,0 1,81,1
1,80,1 0,0,0 1,80,1 1,80,1 1,80,1 12,0,2 1,80,1 0,0,0 1,80,1
0,0,0 0,0,0 0,0,0 0,0,0 0,0,0 0,0,0 0,0,0 0,0,0 0,0,0
0,0,0 0,0,0 0,0,0 0,0,0 0,0,0 0,0,0 0,0,0 0,0,0 0,0,0
0,0,0 0,0,0 0,0,0 0,0,0 0,0,0 0,0,0 0,0,0 0,0,0 0,0,0