MODE 0
BALL 80
STARS 0/5100/7300
ADDLINE 1,95,1 1,95,1 1,95,1 1,95,1 1,95,1 2,95,1 1,95,1 12,0,2 0,0,0
ADDLINE 5,96,1 1,96,1 1,96,1 4,96,1 1,96,1 1,96,1 12,0,2 2,96,1 0,0,0
ADDLINE 1,97,1 1,97,1 0,0,0 0,0,0 0,0,0 12,0,2 1,97,1 1,97,1 0,0,0
ADDLINE 1,107,1 1,107,1 12,0,2 1,107,1 5,107,1 1,107,1 1,107,1 0,0,0 1,107,1
ADDLINE 1,108,1 1,108,1 2,108,1 12,0,2 1,108,1 1,108,1 1,108,1 3,108,1 0,0,0
ADDLINE 1,118,1 5,118,1 12,0,2 0,0,0 1,118,1 0,0,0 0,0,0 0,0,0 0,0,0
ADDLINE 0,0,0 0,0,0 12,0,2 4,128,1 4,128,1 0,0,0 1,128,1 1,128,1 2,128,1
ADDLINE 0,0,0 1,139,1 1,139,1 1,139,1 0,0,0 12,0,2 3,139,1 1,139,1 1,139,1
ADDLINE 0,0,0 1,112,1 1,112,1 1,112,1 0,0,0 12,0,2 1,112,1 1,112,1 1,112,1
ADDLINE 2,117,1 1,117,1 4,117,1 12,0,2 1,117,1 4,117,1 1,117,1 1,117,1 1,117,1
ADDLINE 0,0,0 0,0,0 1,134,1 12,0,2 0,0,0 0,0,0 0,0,0 0,0,0 0,0,0
ADDLINE 1,138,1 1,138,1 1,138,1 1,138,1 1,138,1 3,138,1 12,0,2 1,138,1 1,138,1
ADDLINE 0,0,0 0,0,0 0,0,0 0,0,0 0,0,0 0,0,0 12,0,2 0,0,0 1,116,1
ADDLINE 1,122,1 1,122,1 5,122,1 1,122,1 1,122,1 1,122,1 3,122,1 12,0,2 1,122,1
ADDLINE 1,139,1 0,0,0 0,0,0 0,0,0 0,0,0 12,0,2 4,139,1 0,0,0 0,0,0
ADDLINE 1,150,1 12,0,2 1,150,1 1,150,1 1,150,1 0,0,0 1,150,1 1,150,1 1,150,1
ADDLINE 1,121,1 0,0,0 0,0,0 0,0,0 2,121,1 0,0,0 12,0,2 0,0,0 1,121,1
ADDLINE 3,132,1 1,132,1 1,132,1 12,0,2 1,132,1 2,132,1 5,132,1 0,0,0 1,132,1
ADDLINE 0,0,0 1,144,1 4,144,1 1,144,1 0,0,0 0,0,0 0,0,0 0,0,0 12,0,2
ADDLINE 0,0,0 4,156,1 1,156,1 5,156,1 12,0,2 1,156,1 1,156,1 1,156,1 2,156,1
ADDLINE 0,0,0 12,0,2 0,0,0 1,125,1 0,0,0 1,125,1 1,125,1 1,125,1 0,0,0
ADDLINE 2,137,1 5,137,1 1,137,1 1,137,1 12,0,2 1,137,1 1,137,1 3,137,1 0,0,0
ADDLINE 5,149,1 1,149,1 1,149,1 1,149,1 12,0,2 1,149,1 1,149,1 2,149,1 0,0,0
ADDLINE 1,154,1 1,154,1 1,154,1 1,154,1 12,0,2 1,154,1 3,154,1 1,154,1 1,154,1
ADDLINE 0,0,0 12,0,2 0,0,0 5,130,1 0,0,0 0,0,0 0,0,0 0,0,0 0,0,0
ADDLINE 0,0,0 1,142,1 1,142,1 2,142,1 12,0,2 1,142,1 1,142,1 1,142,1 1,142,1
ADDLINE 0,0,0 1,154,1 1,154,1 3,154,1 0,0,0 1,154,1 12,0,2 0,0,0 0,0,0
ADDLINE 1,167,1 3,167,1 3,167,1 1,167,1 12,0,2 1,167,1 0,0,0 5,167,1 1,167,1
ADDLINE 4,134,1 1,134,1 1,134,1 5,134,1 12,0,2 1,134,1 0,0,0 0,0,0 0,0,0
ADDLINE 1,147,1 1,147,1 1,147,1 1,147,1 12,0,2 1,147,1 0,0,0 1,147,1 1,147,1
ADDLINE 0,0,0 1,195,1 12,0,2 1,195,1 0,0,0 1,195,1 0,0,0 4,195,1 0,0,0
ADDLINE 1,196,1 5,196,1 12,0,2 1,196,1 2,196,1 1,196,1 0,0,0 1,196,1 1,196,1
ADDLINE 0,0,0 0,0,0 0,0,0 1,198,1 2,198,1 1,198,1 12,0,2 1,198,1 1,198,1
1,85,1 1,85,1 1,85,1 12,0,2 0,0,0 1,85,1 5,85,1 1,85,1 1,85,1
4,84,1 1,84,1 5,84,1 12,0,2 0,0,0 1,84,1 3,84,1 1,84,1 1,84,1
0,0,0 0,0,0 3,83,1 12,0,2 1,83,1 1,83,1 1,83,1 1,83,1 1,83,1
0,0,0 1,82,1 1,82,1 12,0,2 0,0,0 1,82,1 1,82,1 1,82,1 2,82,1
0,0,0 1,81,1 5,81,1 1,81,1 12,0,2 0,0,0 0,0,0 0,0,0 1,81,1
0,0,0 0,0,0 0,0,0 1,80,1 4,80,1 5,80,1 1,80,1 12,0,2 1,80,1
0,0,0 0,0,0 0,0,0 0,0,0 0,0,0 0,0,0 0,0,0 0,0,0 0,0,0
0,0,0 0,0,0 0,0,0 0,0,0 0,0,0 0,0,0 0,0,0 0,0,0 0,0,0
0,0,0 0,0,0 0,0,0 0,0,0 0,0,0 0,0,0 0,0,0 0,0,0 0,0,0