MODE 0
BALL 80
STARS 0/5000/7200
ADDLINE 1,95,1 1,95,1 1,190,1 1,190,1 0,0,0 1,95,1 0,0,0 12,0,2 0,0,0
ADDLINE 1,91,1 1,91,1 1,91,1 1,91,1 12,0,2 3,91,1 1,91,1 5,91,1 2,91,1
ADDLINE 8,0,2 0,0,0 0,0,0 1,194,1 12,0,2 1,194,1 0,0,0 1,194,1 1,194,1
ADDLINE 1,102,1 1,102,1 3,102,1 1,102,1 2,102,1 1,102,1 12,0,2 1,102,1 1,102,1
ADDLINE 5,108,1 0,0,0 0,0,0 0,0,0 0,0,0 12,0,2 0,0,0 1,108,1 1,108,1
ADDLINE 1,112,1 1,112,1 12,0,2 1,112,1 3,112,1 5,112,1 1,112,1 1,112,1 1,112,1
ADDLINE 5,128,1 1,128,1 12,0,2 1,128,1 1,128,1 1,128,1 0,0,0 0,0,0 0,0,0
ADDLINE 1,133,1 1,133,1 12,0,2 5,133,1 3,133,1 1,133,1 1,133,1 2,133,1 1,133,1
ADDLINE 0,0,0 0,0,0 12,0,2 1,112,1 1,112,1 1,112,1 0,0,0 0,0,0 0,0,0
ADDLINE 0,0,0 0,0,0 8,0,2 0,0,0 1,246,1 0,0,0 0,0,0 12,0,2 0,0,0
ADDLINE 1,134,1 5,134,1 1,134,1 12,0,2 1,134,1 0,0,0 1,134,1 3,134,1 4,134,1
ADDLINE 1,145,1 0,0,0 1,145,1 12,0,2 1,145,1 0,0,0 0,0,0 0,0,0 1,145,1
ADDLINE 1,116,1 12,0,2 4,116,1 0,0,0 3,116,1 1,116,1 1,116,1 0,0,0 1,116,1
ADDLINE 0,0,0 12,0,2 1,128,1 0,0,0 1,128,1 0,0,0 1,128,1 0,0,0 1,128,1
ADDLINE 1,278,1 12,0,2 1,278,1 8,0,2 1,278,1 0,0,0 1,278,1 0,0,0 1,278,1
ADDLINE 1,150,1 0,0,0 1,150,1 0,0,0 4,150,1 0,0,0 12,0,2 0,0,0 1,150,1
ADDLINE 1,121,1 12,0,2 1,121,1 0,0,0 1,121,1 2,121,1 5,121,1 0,0,0 1,121,1
ADDLINE 1,132,1 0,0,0 1,132,1 0,0,0 0,0,0 12,0,2 1,132,1 0,0,0 0,0,0
ADDLINE 1,144,1 0,0,0 0,0,0 12,0,2 4,144,1 1,144,1 0,0,0 0,0,0 1,144,1
ADDLINE 1,312,1 1,312,1 1,312,1 12,0,2 1,312,1 1,312,1 1,312,1 8,0,2 0,0,0
ADDLINE 1,250,1 0,0,0 1,250,1 1,250,1 0,0,0 12,0,2 8,0,2 0,0,0 0,0,0
ADDLINE 0,0,0 1,137,1 1,137,1 12,0,2 0,0,0 1,137,1 1,137,1 1,137,1 1,137,1
ADDLINE 12,0,2 1,142,1 4,142,1 1,142,1 2,142,1 3,142,1 1,142,1 1,142,1 4,142,1
ADDLINE 0,0,0 1,162,1 12,0,2 0,0,0 0,0,0 0,0,0 0,0,0 1,162,1 1,162,1
ADDLINE 0,0,0 2,130,1 12,0,2 1,130,1 1,130,1 0,0,0 1,130,1 1,130,1 1,130,1
ADDLINE 1,142,1 0,0,0 12,0,2 4,142,1 1,142,1 0,0,0 4,142,1 1,142,1 1,142,1
ADDLINE 0,0,0 1,154,1 1,154,1 1,308,1 11,0,2 12,0,2 5,154,1 1,154,1 1,154,1
ADDLINE 1,334,1 1,334,1 1,334,1 0,0,0 12,0,2 8,0,2 1,334,1 1,334,1 1,334,1
ADDLINE 1,268,1 0,0,0 0,0,0 7,0,2 1,268,1 12,0,2 8,0,2 0,0,0 0,0,0
ADDLINE 0,0,0 10,0,2 1,294,1 1,294,1 1,294,1 1,294,1 1,294,1 0,0,0 12,0,2
ADDLINE 0,0,0 1,390,1 1,390,1 1,195,1 1,195,1 1,195,1 1,195,1 3,195,1 12,0,2
ADDLINE 0,0,0 2,196,1 5,196,1 1,196,1 2,196,1 1,196,1 1,196,1 1,196,1 12,0,2
ADDLINE 0,0,0 0,0,0 12,0,2 0,0,0 1,198,1 1,198,1 1,198,1 1,198,1 0,0,0
0,0,0 0,0,0 1,170,1 11,0,2 12,0,2 0,0,0 2,85,1 0,0,0 1,85,1
1,84,1 1,84,1 1,84,1 12,0,2 1,84,1 3,84,1 1,84,1 0,0,0 2,84,1
1,83,1 1,83,1 1,83,1 12,0,2 1,83,1 1,83,1 5,83,1 0,0,0 1,83,1
4,78,1 1,78,1 2,78,1 1,78,1 1,78,1 1,78,1 2,78,1 12,0,2 1,78,1
1,81,1 3,81,1 1,81,1 0,0,0 12,0,2 0,0,0 0,0,0 0,0,0 1,81,1
1,80,1 1,80,1 1,80,1 12,0,2 1,80,1 4,80,1 1,80,1 0,0,0 1,80,1
0,0,0 0,0,0 0,0,0 0,0,0 0,0,0 0,0,0 0,0,0 0,0,0 0,0,0
0,0,0 0,0,0 0,0,0 0,0,0 0,0,0 0,0,0 0,0,0 0,0,0 0,0,0
0,0,0 0,0,0 0,0,0 0,0,0 0,0,0 0,0,0 0,0,0 0,0,0 0,0,0