MODE 0
BALL 80
STARS 0/4800/6700
ADDLINE 0,0,0 0,0,0 0,0,0 12,0,2 0,0,0 1,95,1 1,95,1 1,95,1 1,95,1
ADDLINE 0,0,0 0,0,0 1,96,1 0,0,0 5,96,1 0,0,0 0,0,0 0,0,0 12,0,2
ADDLINE 0,0,0 0,0,0 4,97,1 1,97,1 12,0,2 0,0,0 3,97,1 1,97,1 1,97,1
ADDLINE 0,0,0 12,0,2 0,0,0 0,0,0 0,0,0 0,0,0 1,107,1 1,107,1 1,107,1
ADDLINE 12,0,2 1,103,1 1,103,1 5,103,1 5,103,1 1,103,1 1,103,1 1,103,1 1,103,1
ADDLINE 0,0,0 1,118,1 12,0,2 0,0,0 1,118,1 3,118,1 2,118,1 1,118,1 1,118,1
ADDLINE 0,0,0 1,128,1 5,128,1 12,0,2 0,0,0 2,128,1 1,128,1 1,128,1 1,128,1
ADDLINE 0,0,0 2,139,1 12,0,2 1,139,1 1,139,1 1,139,1 1,139,1 1,139,1 1,139,1
ADDLINE 0,0,0 5,112,1 0,0,0 12,0,2 1,112,1 1,112,1 3,112,1 1,112,1 1,112,1
ADDLINE 1,123,1 0,0,0 1,123,1 12,0,2 1,123,1 1,123,1 3,123,1 0,0,0 4,123,1
ADDLINE 1,134,1 0,0,0 3,134,1 0,0,0 1,134,1 12,0,2 0,0,0 0,0,0 1,134,1
ADDLINE 1,145,1 12,0,2 1,145,1 0,0,0 2,145,1 0,0,0 1,145,1 1,145,1 1,145,1
ADDLINE 1,116,1 0,0,0 1,116,1 12,0,2 0,0,0 0,0,0 0,0,0 0,0,0 1,116,1
ADDLINE 3,128,1 12,0,2 2,128,1 1,128,1 1,128,1 1,128,1 1,128,1 0,0,0 1,128,1
ADDLINE 4,139,1 12,0,2 0,0,0 0,0,0 0,0,0 0,0,0 1,139,1 0,0,0 1,139,1
ADDLINE 1,143,1 1,143,1 1,143,1 1,143,1 1,143,1 12,0,2 1,143,1 5,143,1 1,143,1
ADDLINE 2,121,1 0,0,0 1,121,1 0,0,0 0,0,0 12,0,2 1,121,1 0,0,0 0,0,0
ADDLINE 1,132,1 12,0,2 1,132,1 0,0,0 4,132,1 1,132,1 4,132,1 0,0,0 1,132,1
ADDLINE 0,0,0 1,144,1 0,0,0 1,144,1 2,144,1 1,144,1 12,0,2 1,144,1 1,144,1
ADDLINE 0,0,0 0,0,0 12,0,2 1,156,1 3,156,1 1,156,1 0,0,0 0,0,0 0,0,0
ADDLINE 1,119,1 1,119,1 1,119,1 3,119,1 1,119,1 4,119,1 12,0,2 1,119,1 1,119,1
ADDLINE 1,137,1 1,137,1 12,0,2 0,0,0 0,0,0 0,0,0 0,0,0 0,0,0 0,0,0
ADDLINE 1,142,1 1,142,1 12,0,2 1,142,1 1,142,1 1,142,1 1,142,1 3,142,1 1,142,1
ADDLINE 4,162,1 1,162,1 12,0,2 3,162,1 0,0,0 1,162,1 1,162,1 5,162,1 0,0,0
ADDLINE 1,130,1 3,130,1 0,0,0 1,130,1 12,0,2 1,130,1 1,130,1 1,130,1 0,0,0
ADDLINE 0,0,0 12,0,2 0,0,0 2,142,1 0,0,0 1,142,1 1,142,1 1,142,1 0,0,0
ADDLINE 1,147,1 1,147,1 1,147,1 1,147,1 12,0,2 1,147,1 1,147,1 3,147,1 5,147,1
ADDLINE 1,167,1 0,0,0 1,167,1 12,0,2 0,0,0 0,0,0 0,0,0 0,0,0 0,0,0
ADDLINE 3,134,1 12,0,2 1,134,1 1,134,1 1,134,1 1,134,1 1,134,1 0,0,0 1,134,1
ADDLINE 3,147,1 12,0,2 4,147,1 5,147,1 1,147,1 1,147,1 1,147,1 0,0,0 1,147,1
ADDLINE 1,195,1 12,0,2 1,195,1 1,195,1 2,195,1 4,195,1 1,195,1 0,0,0 1,195,1
ADDLINE 0,0,0 12,0,2 1,196,1 1,196,1 5,196,1 1,196,1 1,196,1 0,0,0 0,0,0
ADDLINE 1,188,1 1,188,1 1,188,1 1,188,1 1,188,1 5,188,1 4,188,1 1,188,1 12,0,2
2,85,1 1,85,1 1,85,1 0,0,0 0,0,0 0,0,0 12,0,2 0,0,0 1,85,1
1,84,1 3,84,1 2,84,1 1,84,1 1,84,1 12,0,2 1,84,1 1,84,1 0,0,0
1,83,1 1,83,1 1,83,1 4,83,1 1,83,1 0,0,0 12,0,2 0,0,0 0,0,0
1,82,1 0,0,0 0,0,0 0,0,0 0,0,0 12,0,2 1,82,1 1,82,1 0,0,0
1,81,1 12,0,2 3,81,1 0,0,0 1,81,1 1,81,1 1,81,1 2,81,1 0,0,0
1,80,1 0,0,0 1,80,1 12,0,2 4,80,1 3,80,1 1,80,1 1,80,1 0,0,0
0,0,0 0,0,0 0,0,0 0,0,0 0,0,0 0,0,0 0,0,0 0,0,0 0,0,0
0,0,0 0,0,0 0,0,0 0,0,0 0,0,0 0,0,0 0,0,0 0,0,0 0,0,0
0,0,0 0,0,0 0,0,0 0,0,0 0,0,0 0,0,0 0,0,0 0,0,0 0,0,0