MODE 0
BALL 80
STARS 0/5100/7300
ADDLINE 12,0,2 1,90,1 1,90,1 4,90,1 3,90,1 1,90,1 1,90,1 2,90,1 2,90,1
ADDLINE 0,0,0 0,0,0 0,0,0 12,0,2 0,0,0 1,96,1 0,0,0 1,96,1 1,96,1
ADDLINE 1,97,1 1,97,1 1,97,1 1,97,1 12,0,2 1,97,1 0,0,0 1,97,1 1,97,1
ADDLINE 1,107,1 5,107,1 1,107,1 3,107,1 0,0,0 1,107,1 12,0,2 0,0,0 0,0,0
ADDLINE 1,103,1 1,103,1 5,103,1 1,103,1 3,103,1 1,103,1 12,0,2 2,103,1 1,103,1
ADDLINE 1,118,1 1,118,1 1,118,1 1,118,1 12,0,2 0,0,0 0,0,0 1,118,1 1,118,1
ADDLINE 1,122,1 1,122,1 1,122,1 1,122,1 3,122,1 1,122,1 12,0,2 1,122,1 2,122,1
ADDLINE 0,0,0 0,0,0 0,0,0 12,0,2 0,0,0 0,0,0 0,0,0 1,139,1 0,0,0
ADDLINE 0,0,0 3,112,1 1,112,1 1,112,1 1,112,1 5,112,1 1,112,1 1,112,1 12,0,2
ADDLINE 3,123,1 0,0,0 1,123,1 0,0,0 4,123,1 0,0,0 12,0,2 0,0,0 1,123,1
ADDLINE 1,134,1 12,0,2 1,134,1 0,0,0 5,134,1 0,0,0 1,134,1 0,0,0 1,134,1
ADDLINE 1,145,1 0,0,0 12,0,2 0,0,0 1,145,1 0,0,0 1,145,1 0,0,0 1,145,1
ADDLINE 1,116,1 1,116,1 1,116,1 1,116,1 1,116,1 12,0,2 4,116,1 0,0,0 1,116,1
ADDLINE 0,0,0 0,0,0 0,0,0 12,0,2 0,0,0 0,0,0 5,128,1 0,0,0 2,128,1
ADDLINE 1,139,1 1,139,1 1,139,1 12,0,2 1,139,1 0,0,0 4,139,1 1,139,1 1,139,1
ADDLINE 3,150,1 0,0,0 0,0,0 0,0,0 1,150,1 12,0,2 5,150,1 0,0,0 0,0,0
ADDLINE 1,121,1 12,0,2 1,121,1 1,121,1 1,121,1 1,121,1 1,121,1 0,0,0 1,121,1
ADDLINE 1,132,1 0,0,0 1,132,1 12,0,2 0,0,0 0,0,0 4,132,1 0,0,0 3,132,1
ADDLINE 0,0,0 0,0,0 12,0,2 1,144,1 1,144,1 1,144,1 2,144,1 1,144,1 1,144,1
ADDLINE 0,0,0 1,156,1 1,156,1 12,0,2 0,0,0 0,0,0 1,156,1 3,156,1 0,0,0
ADDLINE 4,125,1 0,0,0 0,0,0 0,0,0 1,125,1 12,0,2 0,0,0 0,0,0 0,0,0
ADDLINE 1,137,1 5,137,1 1,137,1 12,0,2 1,137,1 1,137,1 3,137,1 1,137,1 0,0,0
ADDLINE 1,149,1 0,0,0 0,0,0 12,0,2 0,0,0 0,0,0 0,0,0 0,0,0 0,0,0
ADDLINE 0,0,0 12,0,2 3,162,1 4,162,1 1,162,1 1,162,1 1,162,1 1,162,1 1,162,1
ADDLINE 0,0,0 12,0,2 1,130,1 1,130,1 3,130,1 1,130,1 2,130,1 1,130,1 0,0,0
ADDLINE 0,0,0 12,0,2 1,142,1 1,142,1 1,142,1 1,142,1 1,142,1 1,142,1 0,0,0
ADDLINE 0,0,0 0,0,0 4,154,1 1,154,1 1,154,1 1,154,1 2,154,1 1,154,1 12,0,2
ADDLINE 4,167,1 1,167,1 12,0,2 0,0,0 1,167,1 1,167,1 3,167,1 1,167,1 0,0,0
ADDLINE 0,0,0 0,0,0 12,0,2 5,134,1 1,134,1 1,134,1 1,134,1 1,134,1 0,0,0
ADDLINE 0,0,0 0,0,0 1,147,1 1,147,1 0,0,0 0,0,0 0,0,0 0,0,0 12,0,2
ADDLINE 4,195,1 1,195,1 1,195,1 1,195,1 0,0,0 12,0,2 0,0,0 1,195,1 3,195,1
ADDLINE 5,196,1 3,196,1 12,0,2 5,196,1 0,0,0 1,196,1 1,196,1 1,196,1 1,196,1
ADDLINE 1,198,1 12,0,2 0,0,0 1,198,1 0,0,0 1,198,1 1,198,1 1,198,1 1,198,1
1,85,1 0,0,0 2,85,1 0,0,0 0,0,0 12,0,2 3,85,1 0,0,0 0,0,0
1,80,1 1,80,1 1,80,1 1,80,1 1,80,1 12,0,2 3,80,1 1,80,1 1,80,1
0,0,0 0,0,0 12,0,2 0,0,0 1,83,1 0,0,0 4,83,1 1,83,1 1,83,1
1,82,1 12,0,2 1,82,1 0,0,0 3,82,1 0,0,0 1,82,1 1,82,1 3,82,1
1,81,1 12,0,2 1,81,1 0,0,0 1,81,1 0,0,0 1,81,1 1,81,1 2,81,1
2,77,1 12,0,2 1,77,1 5,77,1 1,77,1 1,77,1 1,77,1 1,77,1 1,77,1
0,0,0 0,0,0 0,0,0 0,0,0 0,0,0 0,0,0 0,0,0 0,0,0 0,0,0
0,0,0 0,0,0 0,0,0 0,0,0 0,0,0 0,0,0 0,0,0 0,0,0 0,0,0
0,0,0 0,0,0 0,0,0 0,0,0 0,0,0 0,0,0 0,0,0 0,0,0 0,0,0