MODE 0
BALL 50
STARS 0/1400/2100
ADDLINE 5,49,1 1,49,1 0,0,0 1,49,1 12,0,2 0,0,0 1,49,1 0,0,0 1,98,1
ADDLINE 0,0,0 0,0,0 0,0,0 1,100,1 1,100,1 1,100,1 1,50,1 1,50,1 12,0,2
ADDLINE 0,0,0 1,158,1 1,158,1 0,0,0 10,0,2 0,0,0 1,79,1 12,0,2 1,158,1
0,0,0 3,48,1 12,0,2 1,48,1 1,48,1 1,48,1 1,48,1 1,96,1 0,0,0
0,0,0 1,96,1 1,48,1 1,48,1 12,0,2 1,48,1 1,48,1 15,0,2 11,0,2
12,0,2 1,84,1 1,84,1 5,42,1 1,42,1 1,42,1 1,42,1 2,42,1 5,42,1
0,0,0 7,0,2 5,46,1 1,46,1 14,0,2 0,0,0 12,0,2 4,46,1 0,0,0
5,43,1 1,86,1 2,43,1 5,43,1 12,0,2 1,43,1 0,0,0 3,43,1 1,43,1
0,0,0 1,44,1 0,0,0 0,0,0 0,0,0 1,44,1 0,0,0 12,0,2 0,0,0
0,0,0 0,0,0 0,0,0 0,0,0 0,0,0 0,0,0 0,0,0 0,0,0 0,0,0
0,0,0 0,0,0 0,0,0 0,0,0 0,0,0 0,0,0 0,0,0 0,0,0 0,0,0
0,0,0 0,0,0 0,0,0 0,0,0 0,0,0 0,0,0 0,0,0 0,0,0 0,0,0