MODE 0
BALL 80
STARS 0/5200/7300
ADDLINE 0,0,0 1,95,1 1,95,1 1,95,1 1,95,1 1,95,1 12,0,2 1,95,1 1,95,1
ADDLINE 0,0,0 0,0,0 0,0,0 1,96,1 0,0,0 0,0,0 12,0,2 0,0,0 0,0,0
ADDLINE 1,97,1 1,97,1 12,0,2 1,97,1 1,97,1 1,97,1 1,97,1 1,97,1 0,0,0
ADDLINE 0,0,0 1,107,1 12,0,2 1,107,1 1,107,1 1,107,1 1,107,1 1,107,1 0,0,0
ADDLINE 1,108,1 1,108,1 12,0,2 1,108,1 1,108,1 1,108,1 1,108,1 1,108,1 0,0,0
ADDLINE 1,118,1 1,118,1 12,0,2 1,118,1 1,118,1 1,118,1 1,118,1 1,118,1 0,0,0
ADDLINE 1,122,1 1,122,1 12,0,2 1,122,1 1,122,1 1,122,1 1,122,1 1,122,1 1,122,1
ADDLINE 0,0,0 0,0,0 0,0,0 0,0,0 0,0,0 1,139,1 12,0,2 0,0,0 0,0,0
ADDLINE 1,107,1 1,107,1 12,0,2 1,107,1 1,107,1 1,107,1 1,107,1 1,107,1 1,107,1
ADDLINE 1,123,1 12,0,2 1,123,1 1,123,1 1,123,1 1,123,1 1,123,1 0,0,0 1,123,1
ADDLINE 1,134,1 12,0,2 1,134,1 0,0,0 0,0,0 0,0,0 1,134,1 0,0,0 1,134,1
ADDLINE 1,145,1 0,0,0 1,145,1 12,0,2 1,145,1 0,0,0 1,145,1 1,145,1 1,145,1
ADDLINE 1,116,1 0,0,0 0,0,0 12,0,2 1,116,1 0,0,0 1,116,1 0,0,0 0,0,0
ADDLINE 1,128,1 1,128,1 1,128,1 1,128,1 1,128,1 12,0,2 1,128,1 0,0,0 1,128,1
ADDLINE 0,0,0 0,0,0 0,0,0 12,0,2 1,139,1 0,0,0 1,139,1 0,0,0 0,0,0
ADDLINE 1,150,1 1,150,1 1,150,1 1,150,1 1,150,1 12,0,2 1,150,1 0,0,0 1,150,1
ADDLINE 1,121,1 0,0,0 12,0,2 0,0,0 1,121,1 0,0,0 1,121,1 0,0,0 1,121,1
ADDLINE 1,132,1 0,0,0 1,132,1 0,0,0 1,132,1 12,0,2 1,132,1 0,0,0 1,132,1
ADDLINE 1,144,1 1,144,1 0,0,0 12,0,2 0,0,0 0,0,0 1,144,1 1,144,1 0,0,0
ADDLINE 1,156,1 1,156,1 1,156,1 1,156,1 12,0,2 1,156,1 1,156,1 0,0,0 0,0,0
ADDLINE 1,125,1 1,125,1 0,0,0 1,125,1 12,0,2 1,125,1 1,125,1 0,0,0 0,0,0
ADDLINE 1,137,1 1,137,1 0,0,0 1,137,1 1,137,1 12,0,2 0,0,0 1,137,1 0,0,0
ADDLINE 1,149,1 1,149,1 12,0,2 1,149,1 1,149,1 1,149,1 1,149,1 1,149,1 0,0,0
ADDLINE 1,162,1 1,162,1 0,0,0 0,0,0 0,0,0 12,0,2 1,162,1 1,162,1 0,0,0
ADDLINE 1,130,1 1,130,1 0,0,0 1,130,1 1,130,1 1,130,1 12,0,2 1,130,1 0,0,0
ADDLINE 1,142,1 1,142,1 1,142,1 0,0,0 0,0,0 12,0,2 1,142,1 1,142,1 0,0,0
ADDLINE 1,154,1 1,154,1 1,154,1 0,0,0 12,0,2 0,0,0 0,0,0 0,0,0 0,0,0
ADDLINE 0,0,0 1,167,1 1,167,1 1,167,1 1,167,1 1,167,1 12,0,2 1,167,1 1,167,1
ADDLINE 0,0,0 1,134,1 1,134,1 1,134,1 1,134,1 1,134,1 12,0,2 1,134,1 1,134,1
ADDLINE 0,0,0 12,0,2 1,147,1 1,147,1 1,147,1 1,147,1 0,0,0 1,147,1 1,147,1
ADDLINE 0,0,0 0,0,0 1,160,1 1,160,1 1,160,1 0,0,0 12,0,2 1,160,1 1,160,1
ADDLINE 0,0,0 12,0,2 1,173,1 1,173,1 1,173,1 0,0,0 0,0,0 0,0,0 0,0,0
ADDLINE 1,138,1 0,0,0 0,0,0 0,0,0 0,0,0 1,138,1 1,138,1 12,0,2 0,0,0
ADDLINE 1,200,1 1,200,1 1,200,1 1,200,1 12,0,2 1,200,1 1,200,1 1,200,1 0,0,0
ADDLINE 1,201,1 1,201,1 1,201,1 0,0,0 12,0,2 1,201,1 1,201,1 1,201,1 0,0,0
ADDLINE 1,203,1 1,203,1 12,0,2 0,0,0 1,203,1 1,203,1 1,203,1 1,203,1 0,0,0
0,0,0 1,85,1 12,0,2 1,85,1 1,85,1 1,85,1 1,85,1 1,85,1 1,85,1
0,0,0 1,84,1 0,0,0 1,84,1 1,84,1 1,84,1 0,0,0 1,84,1 12,0,2
1,79,1 1,79,1 1,79,1 1,79,1 1,79,1 1,79,1 1,79,1 1,79,1 12,0,2
0,0,0 0,0,0 12,0,2 1,82,1 1,82,1 1,82,1 0,0,0 0,0,0 0,0,0
1,81,1 1,81,1 12,0,2 1,81,1 1,81,1 1,81,1 0,0,0 1,81,1 1,81,1
0,0,0 1,80,1 0,0,0 0,0,0 0,0,0 0,0,0 12,0,2 0,0,0 1,80,1
0,0,0 0,0,0 0,0,0 0,0,0 0,0,0 0,0,0 0,0,0 0,0,0 0,0,0
0,0,0 0,0,0 0,0,0 0,0,0 0,0,0 0,0,0 0,0,0 0,0,0 0,0,0
0,0,0 0,0,0 0,0,0 0,0,0 0,0,0 0,0,0 0,0,0 0,0,0 0,0,0