MODE 0
BALL 80
STARS 0/5400/7700
ADDLINE 1,90,1 12,0,2 1,90,1 1,90,1 1,90,1 1,90,1 1,90,1 1,90,1 1,90,1
ADDLINE 1,96,1 12,0,2 1,96,1 1,96,1 1,96,1 0,0,0 1,96,1 1,96,1 1,96,1
ADDLINE 1,92,1 1,92,1 1,92,1 1,92,1 1,92,1 12,0,2 1,92,1 1,92,1 1,92,1
ADDLINE 0,0,0 0,0,0 0,0,0 0,0,0 12,0,2 0,0,0 0,0,0 0,0,0 1,107,1
ADDLINE 1,103,1 1,103,1 1,103,1 12,0,2 1,103,1 1,103,1 1,103,1 1,103,1 1,103,1
ADDLINE 0,0,0 0,0,0 1,118,1 12,0,2 0,0,0 0,0,0 0,0,0 0,0,0 0,0,0
ADDLINE 1,128,1 12,0,2 1,128,1 0,0,0 1,128,1 1,128,1 1,128,1 1,128,1 1,128,1
ADDLINE 0,0,0 12,0,2 1,139,1 0,0,0 1,139,1 1,139,1 1,139,1 1,139,1 1,139,1
ADDLINE 1,224,1 12,0,2 16,112,1 0,0,0 1,224,1 1,224,1 1,224,1 1,224,1 1,224,1
ADDLINE 1,246,1 1,246,1 1,246,1 1,246,1 1,246,1 1,246,1 1,246,1 12,0,2 16,123,1
ADDLINE 0,0,0 12,0,2 1,268,1 1,268,1 7,0,2 1,268,1 1,268,1 1,268,1 19,134,1
ADDLINE 1,138,1 1,138,1 1,138,1 1,276,1 1,276,1 12,0,2 1,276,1 1,276,1 1,276,1
ADDLINE 1,116,1 0,0,0 12,0,2 0,0,0 1,116,1 1,232,1 20,116,1 1,232,1 1,116,1
ADDLINE 1,256,1 8,0,2 1,256,1 12,0,2 1,256,1 0,0,0 1,256,1 1,256,1 1,256,1
ADDLINE 1,278,1 10,0,2 1,278,1 12,0,2 19,139,1 1,278,1 1,278,1 1,278,1 0,0,0
ADDLINE 1,150,1 0,0,0 1,300,1 1,300,1 1,300,1 12,0,2 1,300,1 11,0,2 1,300,1
ADDLINE 1,121,1 0,0,0 0,0,0 0,0,0 12,0,2 0,0,0 1,242,1 1,242,1 20,121,1
ADDLINE 1,264,1 12,0,2 1,132,1 1,132,1 1,132,1 1,132,1 1,132,1 0,0,0 1,264,1
ADDLINE 19,144,1 1,288,1 12,0,2 1,288,1 1,288,1 1,288,1 1,288,1 1,288,1 0,0,0
ADDLINE 0,0,0 12,0,2 0,0,0 1,156,1 1,156,1 1,312,1 1,312,1 1,312,1 0,0,0
ADDLINE 7,0,2 1,250,1 0,0,0 1,125,1 0,0,0 0,0,0 7,0,2 12,0,2 0,0,0
ADDLINE 17,137,1 1,274,1 1,137,1 12,0,2 1,137,1 1,274,1 1,274,1 1,274,1 0,0,0
ADDLINE 1,298,1 1,298,1 1,149,1 0,0,0 1,149,1 1,149,1 12,0,2 0,0,0 0,0,0
ADDLINE 19,162,1 1,324,1 1,324,1 1,324,1 11,0,2 12,0,2 0,0,0 1,324,1 1,324,1
ADDLINE 1,260,1 1,260,1 10,0,2 1,260,1 1,260,1 12,0,2 0,0,0 1,260,1 1,260,1
ADDLINE 1,142,1 1,284,1 0,0,0 0,0,0 1,284,1 20,142,1 12,0,2 0,0,0 1,142,1
ADDLINE 1,154,1 1,154,1 0,0,0 0,0,0 1,308,1 1,308,1 12,0,2 0,0,0 1,154,1
ADDLINE 1,167,1 0,0,0 0,0,0 0,0,0 12,0,2 1,167,1 1,167,1 0,0,0 1,167,1
ADDLINE 1,134,1 1,134,1 1,134,1 0,0,0 12,0,2 1,134,1 0,0,0 0,0,0 1,134,1
ADDLINE 1,147,1 1,294,1 1,294,1 1,147,1 1,147,1 1,147,1 12,0,2 1,147,1 0,0,0
ADDLINE 1,160,1 7,0,2 1,320,1 0,0,0 1,160,1 1,160,1 12,0,2 0,0,0 0,0,0
ADDLINE 1,173,1 1,346,1 1,346,1 12,0,2 0,0,0 1,173,1 0,0,0 1,173,1 1,173,1
ADDLINE 1,138,1 1,276,1 1,276,1 1,138,1 0,0,0 12,0,2 0,0,0 0,0,0 0,0,0
ADDLINE 1,200,1 17,200,1 1,400,1 1,200,1 1,200,1 0,0,0 12,0,2 1,400,1 11,0,2
ADDLINE 1,191,1 1,382,1 1,382,1 1,191,1 1,191,1 1,191,1 1,191,1 1,382,1 12,0,2
ADDLINE 1,203,1 1,203,1 0,0,0 0,0,0 0,0,0 0,0,0 0,0,0 12,0,2 0,0,0
1,170,1 0,0,0 1,85,1 0,0,0 12,0,2 0,0,0 1,85,1 0,0,0 1,85,1
1,168,1 12,0,2 1,84,1 1,84,1 1,84,1 1,84,1 1,84,1 0,0,0 1,84,1
1,166,1 0,0,0 1,83,1 1,83,1 1,83,1 1,83,1 1,83,1 12,0,2 0,0,0
1,164,1 12,0,2 1,82,1 1,82,1 1,82,1 1,82,1 1,82,1 0,0,0 1,82,1
17,81,1 0,0,0 12,0,2 0,0,0 0,0,0 1,162,1 1,162,1 0,0,0 1,81,1
1,160,1 1,160,1 12,0,2 1,80,1 1,160,1 20,80,1 1,160,1 1,80,1 1,80,1
0,0,0 0,0,0 0,0,0 0,0,0 0,0,0 0,0,0 0,0,0 0,0,0 0,0,0
0,0,0 0,0,0 0,0,0 0,0,0 0,0,0 0,0,0 0,0,0 0,0,0 0,0,0
0,0,0 0,0,0 0,0,0 0,0,0 0,0,0 0,0,0 0,0,0 0,0,0 0,0,0