MODE 0
BALL 80
STARS 0/5500/7700
ADDLINE 3,95,1 4,95,1 1,95,1 12,0,2 1,95,1 1,95,1 1,95,1 1,95,1 0,0,0
ADDLINE 1,96,1 1,96,1 3,96,1 12,0,2 2,96,1 0,0,0 0,0,0 0,0,0 0,0,0
ADDLINE 1,97,1 1,97,1 1,97,1 0,0,0 0,0,0 0,0,0 12,0,2 0,0,0 1,97,1
ADDLINE 1,214,1 1,214,1 1,214,1 1,214,1 12,0,2 1,214,1 1,214,1 8,0,2 1,214,1
ADDLINE 0,0,0 0,0,0 0,0,0 12,0,2 0,0,0 1,108,1 0,0,0 0,0,0 1,108,1
ADDLINE 0,0,0 1,118,1 2,118,1 1,118,1 12,0,2 1,118,1 0,0,0 1,118,1 5,118,1
ADDLINE 0,0,0 5,128,1 1,128,1 12,0,2 0,0,0 1,128,1 4,128,1 1,128,1 1,128,1
ADDLINE 8,0,2 1,278,1 12,0,2 1,278,1 1,278,1 1,278,1 1,278,1 1,278,1 1,278,1
ADDLINE 0,0,0 1,112,1 12,0,2 1,112,1 1,224,1 1,224,1 1,224,1 1,112,1 1,112,1
ADDLINE 1,246,1 1,246,1 1,246,1 12,0,2 1,246,1 10,0,2 1,246,1 0,0,0 1,246,1
ADDLINE 0,0,0 0,0,0 0,0,0 0,0,0 1,268,1 12,0,2 1,268,1 0,0,0 0,0,0
ADDLINE 1,138,1 4,138,1 1,138,1 3,138,1 1,138,1 12,0,2 1,138,1 1,138,1 1,138,1
ADDLINE 3,116,1 12,0,2 0,0,0 0,0,0 1,116,1 0,0,0 1,116,1 0,0,0 0,0,0
ADDLINE 4,128,1 0,0,0 1,128,1 0,0,0 1,128,1 12,0,2 1,128,1 0,0,0 1,128,1
ADDLINE 0,0,0 12,0,2 1,139,1 0,0,0 2,139,1 0,0,0 1,139,1 0,0,0 0,0,0
ADDLINE 5,150,1 1,300,1 1,300,1 12,0,2 2,150,1 0,0,0 1,150,1 4,150,1 1,150,1
ADDLINE 0,0,0 0,0,0 7,0,2 12,0,2 1,121,1 0,0,0 1,121,1 0,0,0 0,0,0
ADDLINE 1,132,1 0,0,0 1,264,1 12,0,2 1,132,1 1,132,1 1,132,1 0,0,0 1,132,1
ADDLINE 0,0,0 1,144,1 1,144,1 5,144,1 0,0,0 1,144,1 12,0,2 1,144,1 1,144,1
ADDLINE 0,0,0 12,0,2 11,0,2 1,312,1 0,0,0 0,0,0 0,0,0 1,156,1 0,0,0
ADDLINE 1,119,1 1,238,1 1,238,1 1,238,1 1,119,1 4,119,1 3,119,1 1,119,1 12,0,2
ADDLINE 0,0,0 0,0,0 12,0,2 1,137,1 0,0,0 0,0,0 0,0,0 0,0,0 0,0,0
ADDLINE 3,142,1 4,142,1 1,142,1 1,142,1 12,0,2 1,142,1 1,142,1 1,142,1 1,142,1
ADDLINE 1,324,1 1,324,1 1,324,1 1,324,1 0,0,0 8,0,2 12,0,2 0,0,0 0,0,0
ADDLINE 1,123,1 1,123,1 4,123,1 1,123,1 3,123,1 1,123,1 2,123,1 1,123,1 12,0,2
ADDLINE 4,142,1 1,142,1 1,142,1 1,142,1 0,0,0 12,0,2 0,0,0 0,0,0 0,0,0
ADDLINE 1,147,1 2,147,1 1,147,1 1,147,1 12,0,2 1,147,1 1,147,1 1,147,1 1,147,1
ADDLINE 0,0,0 5,167,1 1,167,1 1,167,1 1,167,1 4,167,1 12,0,2 2,167,1 1,167,1
ADDLINE 0,0,0 1,134,1 1,134,1 4,134,1 1,134,1 1,134,1 12,0,2 1,134,1 5,134,1
ADDLINE 0,0,0 1,147,1 1,147,1 1,147,1 1,147,1 1,147,1 12,0,2 1,147,1 1,147,1
ADDLINE 0,0,0 0,0,0 12,0,2 0,0,0 0,0,0 1,160,1 0,0,0 2,160,1 0,0,0
ADDLINE 1,173,1 1,173,1 4,173,1 1,173,1 1,173,1 1,173,1 12,0,2 1,346,1 0,0,0
ADDLINE 0,0,0 0,0,0 0,0,0 0,0,0 0,0,0 0,0,0 12,0,2 1,276,1 10,0,2
ADDLINE 1,200,1 4,200,1 5,200,1 4,200,1 12,0,2 1,200,1 1,200,1 1,400,1 11,0,2
ADDLINE 1,201,1 3,201,1 12,0,2 1,201,1 0,0,0 1,201,1 1,201,1 1,402,1 0,0,0
ADDLINE 1,203,1 1,203,1 12,0,2 1,203,1 0,0,0 1,203,1 1,203,1 1,203,1 0,0,0
1,170,1 1,170,1 1,170,1 0,0,0 12,0,2 1,170,1 0,0,0 16,85,1 1,170,1
1,168,1 1,168,1 1,168,1 1,168,1 12,0,2 1,168,1 1,168,1 19,84,1 1,168,1
1,83,1 12,0,2 1,83,1 1,83,1 2,83,1 4,83,1 1,166,1 0,0,0 1,83,1
0,0,0 12,0,2 1,82,1 0,0,0 0,0,0 0,0,0 0,0,0 0,0,0 1,82,1
0,0,0 2,81,1 1,81,1 12,0,2 1,81,1 1,81,1 1,81,1 1,162,1 1,81,1
0,0,0 3,80,1 1,80,1 12,0,2 4,80,1 1,80,1 1,80,1 1,160,1 2,80,1
0,0,0 0,0,0 0,0,0 0,0,0 0,0,0 0,0,0 0,0,0 0,0,0 0,0,0
0,0,0 0,0,0 0,0,0 0,0,0 0,0,0 0,0,0 0,0,0 0,0,0 0,0,0
0,0,0 0,0,0 0,0,0 0,0,0 0,0,0 0,0,0 0,0,0 0,0,0 0,0,0