MODE 0
BALL 80
STARS 0/5000/7100
ADDLINE 0,0,0 12,0,2 0,0,0 0,0,0 1,95,1 1,95,1 1,95,1 2,95,1 1,95,1
ADDLINE 0,0,0 0,0,0 1,96,1 1,96,1 12,0,2 0,0,0 0,0,0 1,96,1 3,96,1
ADDLINE 4,97,1 1,97,1 0,0,0 0,0,0 12,0,2 0,0,0 0,0,0 1,97,1 1,97,1
ADDLINE 1,107,1 1,107,1 12,0,2 1,107,1 1,107,1 1,107,1 0,0,0 3,107,1 3,107,1
ADDLINE 1,108,1 1,108,1 12,0,2 0,0,0 1,108,1 1,108,1 0,0,0 0,0,0 0,0,0
ADDLINE 1,118,1 1,118,1 4,118,1 12,0,2 5,118,1 1,118,1 1,118,1 1,118,1 0,0,0
ADDLINE 1,128,1 1,128,1 2,128,1 12,0,2 1,128,1 1,128,1 1,128,1 1,128,1 0,0,0
ADDLINE 5,139,1 2,139,1 1,139,1 12,0,2 1,139,1 3,139,1 1,139,1 1,139,1 0,0,0
ADDLINE 1,112,1 1,112,1 12,0,2 0,0,0 3,112,1 1,112,1 1,112,1 0,0,0 0,0,0
ADDLINE 3,123,1 0,0,0 1,123,1 12,0,2 1,123,1 0,0,0 2,123,1 0,0,0 1,123,1
ADDLINE 1,134,1 0,0,0 1,134,1 12,0,2 5,134,1 0,0,0 0,0,0 0,0,0 1,134,1
ADDLINE 1,145,1 12,0,2 1,145,1 0,0,0 1,145,1 0,0,0 1,145,1 1,145,1 2,145,1
ADDLINE 1,116,1 0,0,0 1,116,1 0,0,0 1,116,1 12,0,2 2,116,1 0,0,0 4,116,1
ADDLINE 1,128,1 12,0,2 5,128,1 0,0,0 5,128,1 0,0,0 1,128,1 0,0,0 1,128,1
ADDLINE 1,139,1 0,0,0 1,139,1 0,0,0 1,139,1 0,0,0 12,0,2 0,0,0 1,139,1
ADDLINE 4,150,1 12,0,2 1,150,1 0,0,0 1,150,1 1,150,1 3,150,1 1,150,1 1,150,1
ADDLINE 0,0,0 0,0,0 5,121,1 0,0,0 0,0,0 0,0,0 1,121,1 0,0,0 12,0,2
ADDLINE 1,132,1 1,132,1 1,132,1 1,132,1 1,132,1 12,0,2 1,132,1 0,0,0 4,132,1
ADDLINE 0,0,0 0,0,0 12,0,2 1,144,1 0,0,0 0,0,0 0,0,0 1,144,1 0,0,0
ADDLINE 1,156,1 1,156,1 3,156,1 1,156,1 12,0,2 1,156,1 1,156,1 5,156,1 0,0,0
ADDLINE 0,0,0 0,0,0 0,0,0 12,0,2 0,0,0 1,125,1 1,125,1 4,125,1 0,0,0
ADDLINE 1,131,1 3,131,1 1,131,1 1,131,1 1,131,1 1,131,1 1,131,1 1,131,1 12,0,2
ADDLINE 0,0,0 12,0,2 0,0,0 1,149,1 0,0,0 1,149,1 1,149,1 1,149,1 0,0,0
ADDLINE 2,162,1 2,162,1 1,162,1 4,162,1 12,0,2 4,162,1 1,162,1 1,162,1 0,0,0
ADDLINE 1,130,1 0,0,0 0,0,0 0,0,0 0,0,0 12,0,2 0,0,0 4,130,1 0,0,0
ADDLINE 1,135,1 1,135,1 12,0,2 1,135,1 5,135,1 2,135,1 1,135,1 1,135,1 1,135,1
ADDLINE 1,154,1 1,154,1 12,0,2 1,154,1 1,154,1 1,154,1 1,154,1 4,154,1 0,0,0
ADDLINE 0,0,0 0,0,0 0,0,0 1,167,1 0,0,0 1,167,1 0,0,0 0,0,0 12,0,2
ADDLINE 1,134,1 1,134,1 1,134,1 1,134,1 12,0,2 1,134,1 0,0,0 5,134,1 1,134,1
ADDLINE 3,147,1 2,147,1 3,147,1 1,147,1 12,0,2 1,147,1 0,0,0 1,147,1 0,0,0
ADDLINE 1,160,1 1,160,1 1,160,1 1,160,1 12,0,2 1,160,1 0,0,0 1,160,1 0,0,0
ADDLINE 0,0,0 0,0,0 12,0,2 0,0,0 0,0,0 1,173,1 0,0,0 0,0,0 0,0,0
ADDLINE 12,0,2 2,132,1 1,132,1 2,132,1 1,132,1 1,132,1 5,132,1 1,132,1 4,132,1
ADDLINE 0,0,0 1,200,1 1,200,1 1,200,1 0,0,0 1,200,1 1,200,1 2,200,1 12,0,2
ADDLINE 1,191,1 1,191,1 1,191,1 5,191,1 12,0,2 1,191,1 1,191,1 5,191,1 3,191,1
ADDLINE 0,0,0 0,0,0 1,203,1 0,0,0 0,0,0 0,0,0 0,0,0 12,0,2 0,0,0
1,85,1 1,85,1 0,0,0 12,0,2 0,0,0 0,0,0 0,0,0 3,85,1 1,85,1
1,84,1 1,84,1 0,0,0 12,0,2 0,0,0 3,84,1 0,0,0 0,0,0 0,0,0
2,83,1 1,83,1 1,83,1 1,83,1 5,83,1 12,0,2 1,83,1 1,83,1 0,0,0
1,82,1 3,82,1 1,82,1 1,82,1 1,82,1 12,0,2 1,82,1 1,82,1 0,0,0
1,81,1 1,81,1 2,81,1 0,0,0 12,0,2 5,81,1 1,81,1 1,81,1 0,0,0
0,0,0 0,0,0 12,0,2 0,0,0 1,80,1 1,80,1 0,0,0 5,80,1 0,0,0
0,0,0 0,0,0 0,0,0 0,0,0 0,0,0 0,0,0 0,0,0 0,0,0 0,0,0
0,0,0 0,0,0 0,0,0 0,0,0 0,0,0 0,0,0 0,0,0 0,0,0 0,0,0
0,0,0 0,0,0 0,0,0 0,0,0 0,0,0 0,0,0 0,0,0 0,0,0 0,0,0