MODE 0
BALL 80
STARS 0/6800/9700
ADDLINE 1,95,1 2,95,1 1,190,1 12,0,2 1,190,1 0,0,0 1,95,1 1,95,1 1,95,1
ADDLINE 1,96,1 3,96,1 1,96,1 12,0,2 1,96,1 0,0,0 1,96,1 5,96,1 1,96,1
ADDLINE 1,194,1 16,97,1 1,194,1 12,0,2 1,194,1 1,194,1 1,194,1 1,194,1 1,194,1
ADDLINE 2,107,1 0,0,0 1,107,1 12,0,2 0,0,0 0,0,0 0,0,0 0,0,0 0,0,0
ADDLINE 1,108,1 12,0,2 1,108,1 1,108,1 1,108,1 2,108,1 1,108,1 0,0,0 3,108,1
ADDLINE 1,118,1 12,0,2 4,118,1 1,118,1 1,118,1 1,118,1 1,118,1 0,0,0 1,118,1
ADDLINE 1,244,1 1,244,1 1,122,1 1,122,1 1,122,1 1,122,1 1,122,1 12,0,2 1,122,1
ADDLINE 19,139,1 1,278,1 1,278,1 12,0,2 1,278,1 1,278,1 1,278,1 1,278,1 0,0,0
ADDLINE 1,224,1 1,224,1 1,112,1 12,0,2 5,112,1 0,0,0 1,224,1 1,224,1 4,112,1
ADDLINE 1,246,1 12,0,2 1,246,1 0,0,0 1,246,1 1,246,1 19,123,1 1,246,1 1,246,1
ADDLINE 1,127,1 1,127,1 1,127,1 12,0,2 4,127,1 1,254,1 1,254,1 1,254,1 5,127,1
ADDLINE 0,0,0 0,0,0 1,145,1 12,0,2 1,290,1 1,290,1 1,290,1 0,0,0 1,145,1
ADDLINE 1,116,1 12,0,2 1,116,1 1,116,1 1,232,1 17,116,1 20,116,1 1,232,1 1,116,1
ADDLINE 3,128,1 0,0,0 1,128,1 0,0,0 0,0,0 12,0,2 1,256,1 1,256,1 5,128,1
ADDLINE 1,139,1 12,0,2 4,139,1 0,0,0 1,139,1 0,0,0 1,139,1 0,0,0 1,139,1
ADDLINE 1,300,1 1,300,1 1,300,1 1,300,1 16,150,1 12,0,2 1,300,1 0,0,0 1,300,1
ADDLINE 1,121,1 4,121,1 1,121,1 0,0,0 1,121,1 12,0,2 1,121,1 0,0,0 1,121,1
ADDLINE 0,0,0 0,0,0 1,132,1 0,0,0 3,132,1 12,0,2 1,132,1 0,0,0 0,0,0
ADDLINE 1,144,1 0,0,0 1,144,1 5,144,1 1,144,1 1,144,1 5,144,1 12,0,2 0,0,0
ADDLINE 2,156,1 0,0,0 12,0,2 0,0,0 0,0,0 1,156,1 1,156,1 1,156,1 0,0,0
ADDLINE 1,125,1 4,125,1 1,125,1 1,125,1 0,0,0 0,0,0 12,0,2 0,0,0 0,0,0
ADDLINE 1,274,1 1,274,1 1,274,1 1,274,1 1,274,1 16,137,1 12,0,2 0,0,0 1,274,1
ADDLINE 1,149,1 1,149,1 1,149,1 1,149,1 5,149,1 1,149,1 12,0,2 0,0,0 3,149,1
ADDLINE 1,162,1 1,162,1 1,162,1 1,162,1 2,162,1 12,0,2 0,0,0 0,0,0 0,0,0
ADDLINE 1,260,1 1,260,1 5,130,1 1,130,1 0,0,0 0,0,0 1,130,1 12,0,2 0,0,0
ADDLINE 20,142,1 1,284,1 12,0,2 0,0,0 0,0,0 1,142,1 0,0,0 0,0,0 1,142,1
ADDLINE 0,0,0 1,308,1 12,0,2 1,154,1 1,154,1 2,154,1 1,308,1 1,308,1 1,154,1
ADDLINE 1,167,1 1,334,1 1,334,1 1,334,1 1,167,1 4,167,1 1,334,1 17,167,1 12,0,2
ADDLINE 0,0,0 1,268,1 17,134,1 0,0,0 0,0,0 0,0,0 12,0,2 0,0,0 0,0,0
ADDLINE 0,0,0 1,294,1 1,294,1 12,0,2 1,147,1 1,147,1 1,147,1 5,147,1 1,147,1
ADDLINE 0,0,0 4,160,1 1,160,1 12,0,2 1,160,1 2,160,1 1,160,1 1,160,1 1,160,1
ADDLINE 0,0,0 1,346,1 1,346,1 12,0,2 1,346,1 1,346,1 1,346,1 1,346,1 16,173,1
ADDLINE 1,138,1 1,138,1 1,138,1 1,138,1 5,138,1 1,138,1 12,0,2 0,0,0 0,0,0
ADDLINE 1,190,1 1,190,1 1,190,1 1,190,1 1,190,1 1,190,1 1,190,1 4,190,1 12,0,2
ADDLINE 1,191,1 1,191,1 1,191,1 4,191,1 1,191,1 5,191,1 5,191,1 1,191,1 12,0,2
ADDLINE 1,203,1 3,203,1 1,203,1 1,203,1 1,203,1 12,0,2 0,0,0 0,0,0 0,0,0
0,0,0 1,170,1 12,0,2 19,85,1 1,170,1 1,170,1 1,170,1 1,170,1 1,170,1
0,0,0 1,84,1 0,0,0 1,168,1 1,168,1 5,84,1 12,0,2 1,84,1 0,0,0
0,0,0 1,83,1 3,166,1 1,166,1 1,83,1 1,83,1 12,0,2 1,83,1 1,83,1
0,0,0 0,0,0 0,0,0 0,0,0 0,0,0 12,0,2 0,0,0 1,82,1 0,0,0
1,81,1 1,162,1 1,162,1 1,162,1 12,0,2 1,81,1 0,0,0 1,81,1 2,81,1
4,80,1 1,160,1 17,80,1 1,160,1 12,0,2 1,80,1 0,0,0 1,80,1 1,80,1
0,0,0 0,0,0 0,0,0 0,0,0 0,0,0 0,0,0 0,0,0 0,0,0 0,0,0
0,0,0 0,0,0 0,0,0 0,0,0 0,0,0 0,0,0 0,0,0 0,0,0 0,0,0
0,0,0 0,0,0 0,0,0 0,0,0 0,0,0 0,0,0 0,0,0 0,0,0 0,0,0