MODE 0
BALL 50
STARS 0/1300/1800
ADDLINE 1,49,1 12,0,2 1,49,1 0,0,0 5,49,1 0,0,0 1,49,1 0,0,0 1,49,1
ADDLINE 1,50,1 12,0,2 0,0,0 0,0,0 1,50,1 1,50,1 4,50,1 1,50,1 1,50,1
ADDLINE 2,79,1 1,79,1 1,79,1 0,0,0 5,79,1 12,0,2 1,79,1 0,0,0 1,79,1
1,48,1 1,48,1 1,48,1 3,48,1 1,48,1 12,0,2 0,0,0 0,0,0 0,0,0
1,45,1 5,45,1 2,45,1 1,45,1 3,45,1 12,0,2 1,45,1 1,45,1 0,0,0
1,47,1 0,0,0 14,0,2 1,47,1 12,0,2 15,0,2 1,47,1 0,0,0 0,0,0
1,46,1 0,0,0 3,46,1 1,46,1 12,0,2 1,46,1 1,46,1 5,46,1 0,0,0
4,45,1 0,0,0 1,45,1 0,0,0 0,0,0 12,0,2 1,45,1 0,0,0 0,0,0
0,0,0 12,0,2 1,44,1 0,0,0 1,44,1 0,0,0 1,44,1 0,0,0 1,44,1
0,0,0 0,0,0 0,0,0 0,0,0 0,0,0 0,0,0 0,0,0 0,0,0 0,0,0
0,0,0 0,0,0 0,0,0 0,0,0 0,0,0 0,0,0 0,0,0 0,0,0 0,0,0
0,0,0 0,0,0 0,0,0 0,0,0 0,0,0 0,0,0 0,0,0 0,0,0 0,0,0