MODE 0
BALL 80
STARS 0/5000/7200
ADDLINE 8,0,2 1,190,1 1,190,1 0,0,0 0,0,0 12,0,2 1,190,1 1,190,1 1,190,1
ADDLINE 0,0,0 0,0,0 12,0,2 0,0,0 0,0,0 0,0,0 1,96,1 1,96,1 1,96,1
ADDLINE 0,0,0 1,97,1 12,0,2 0,0,0 1,97,1 1,97,1 1,97,1 1,97,1 1,97,1
ADDLINE 0,0,0 0,0,0 1,107,1 1,107,1 0,0,0 12,0,2 1,107,1 1,107,1 1,107,1
ADDLINE 11,0,2 1,216,1 0,0,0 12,0,2 0,0,0 1,108,1 1,108,1 1,108,1 1,108,1
ADDLINE 0,0,0 1,236,1 0,0,0 12,0,2 1,118,1 1,118,1 1,118,1 1,118,1 1,118,1
ADDLINE 0,0,0 12,0,2 0,0,0 1,128,1 1,128,1 1,128,1 1,128,1 1,128,1 0,0,0
ADDLINE 0,0,0 1,278,1 1,278,1 1,278,1 1,278,1 1,278,1 12,0,2 0,0,0 8,0,2
ADDLINE 0,0,0 0,0,0 1,224,1 1,224,1 1,224,1 12,0,2 8,0,2 1,224,1 1,224,1
ADDLINE 1,123,1 0,0,0 1,123,1 12,0,2 1,123,1 0,0,0 1,246,1 1,246,1 1,123,1
ADDLINE 1,134,1 0,0,0 1,134,1 0,0,0 1,134,1 12,0,2 7,0,2 0,0,0 1,134,1
ADDLINE 1,145,1 12,0,2 1,145,1 0,0,0 1,145,1 1,290,1 1,290,1 0,0,0 1,145,1
ADDLINE 0,0,0 0,0,0 0,0,0 0,0,0 1,116,1 0,0,0 0,0,0 12,0,2 1,116,1
ADDLINE 1,122,1 1,122,1 1,122,1 1,122,1 1,122,1 12,0,2 1,122,1 1,122,1 1,122,1
ADDLINE 1,139,1 12,0,2 1,139,1 0,0,0 0,0,0 0,0,0 1,139,1 0,0,0 0,0,0
ADDLINE 1,150,1 11,0,2 1,300,1 12,0,2 1,150,1 1,150,1 1,150,1 0,0,0 1,150,1
ADDLINE 1,121,1 0,0,0 12,0,2 0,0,0 1,121,1 0,0,0 0,0,0 0,0,0 1,121,1
ADDLINE 1,132,1 12,0,2 1,132,1 1,132,1 1,132,1 0,0,0 1,132,1 1,132,1 1,132,1
ADDLINE 1,144,1 1,144,1 1,144,1 12,0,2 1,144,1 1,144,1 1,144,1 0,0,0 1,144,1
ADDLINE 1,156,1 1,156,1 1,156,1 0,0,0 1,156,1 0,0,0 0,0,0 12,0,2 0,0,0
ADDLINE 1,119,1 1,119,1 1,119,1 12,0,2 1,119,1 1,119,1 1,119,1 1,119,1 1,119,1
ADDLINE 1,137,1 1,137,1 1,274,1 11,0,2 0,0,0 12,0,2 0,0,0 0,0,0 1,137,1
ADDLINE 1,142,1 1,142,1 1,284,1 12,0,2 1,284,1 1,142,1 1,142,1 1,142,1 1,142,1
ADDLINE 0,0,0 12,0,2 0,0,0 0,0,0 1,162,1 1,162,1 1,162,1 0,0,0 1,162,1
ADDLINE 1,260,1 1,260,1 1,260,1 12,0,2 1,260,1 1,260,1 1,260,1 8,0,2 1,260,1
ADDLINE 0,0,0 0,0,0 1,142,1 0,0,0 7,0,2 0,0,0 12,0,2 0,0,0 1,142,1
ADDLINE 1,147,1 1,147,1 1,147,1 12,0,2 1,294,1 1,294,1 1,147,1 1,147,1 1,147,1
ADDLINE 12,0,2 1,159,1 1,159,1 1,159,1 1,159,1 1,159,1 1,159,1 1,159,1 1,159,1
ADDLINE 0,0,0 12,0,2 0,0,0 0,0,0 0,0,0 0,0,0 0,0,0 1,268,1 11,0,2
ADDLINE 1,140,1 1,140,1 1,140,1 1,140,1 1,140,1 1,140,1 1,140,1 1,280,1 12,0,2
ADDLINE 1,160,1 1,160,1 12,0,2 1,160,1 1,160,1 1,160,1 1,160,1 1,160,1 0,0,0
ADDLINE 1,164,1 1,164,1 12,0,2 1,164,1 1,164,1 1,164,1 1,164,1 1,164,1 1,164,1
ADDLINE 1,276,1 1,276,1 0,0,0 0,0,0 0,0,0 0,0,0 0,0,0 12,0,2 8,0,2
ADDLINE 1,200,1 1,200,1 1,200,1 1,200,1 1,200,1 1,200,1 12,0,2 1,200,1 0,0,0
ADDLINE 0,0,0 0,0,0 0,0,0 12,0,2 0,0,0 1,402,1 11,0,2 1,402,1 0,0,0
ADDLINE 0,0,0 1,203,1 1,203,1 1,203,1 1,203,1 1,203,1 1,203,1 1,203,1 12,0,2
1,85,1 1,85,1 1,85,1 12,0,2 1,85,1 1,85,1 0,0,0 1,85,1 1,85,1
1,84,1 1,84,1 1,84,1 0,0,0 1,84,1 1,84,1 12,0,2 0,0,0 1,84,1
1,83,1 1,83,1 12,0,2 0,0,0 1,83,1 1,83,1 1,83,1 0,0,0 0,0,0
1,82,1 1,82,1 12,0,2 0,0,0 0,0,0 0,0,0 0,0,0 0,0,0 0,0,0
1,78,1 1,78,1 1,78,1 12,0,2 1,78,1 1,78,1 1,78,1 1,78,1 1,78,1
1,80,1 1,80,1 1,80,1 0,0,0 0,0,0 12,0,2 0,0,0 0,0,0 0,0,0
0,0,0 0,0,0 0,0,0 0,0,0 0,0,0 0,0,0 0,0,0 0,0,0 0,0,0
0,0,0 0,0,0 0,0,0 0,0,0 0,0,0 0,0,0 0,0,0 0,0,0 0,0,0
0,0,0 0,0,0 0,0,0 0,0,0 0,0,0 0,0,0 0,0,0 0,0,0 0,0,0