MODE 0
BALL 80
STARS 0/5900/8500
ADDLINE 0,0,0 0,0,0 0,0,0 12,0,2 0,0,0 0,0,0 1,190,1 1,190,1 1,95,1
ADDLINE 0,0,0 1,192,1 1,192,1 1,192,1 1,192,1 1,192,1 12,0,2 1,192,1 16,96,1
ADDLINE 0,0,0 1,97,1 1,97,1 1,194,1 1,194,1 1,194,1 12,0,2 1,97,1 0,0,0
ADDLINE 12,0,2 1,107,1 0,0,0 1,214,1 17,107,1 1,214,1 1,107,1 1,107,1 1,107,1
ADDLINE 0,0,0 12,0,2 0,0,0 0,0,0 1,216,1 1,216,1 0,0,0 1,108,1 1,108,1
ADDLINE 1,112,1 1,112,1 1,112,1 1,112,1 1,112,1 1,112,1 12,0,2 1,112,1 1,112,1
ADDLINE 0,0,0 1,256,1 1,256,1 16,128,1 12,0,2 1,256,1 1,256,1 1,256,1 1,256,1
ADDLINE 0,0,0 1,139,1 1,139,1 1,139,1 1,139,1 1,139,1 12,0,2 1,139,1 1,139,1
ADDLINE 0,0,0 1,112,1 1,112,1 1,112,1 1,112,1 1,112,1 12,0,2 0,0,0 0,0,0
ADDLINE 0,0,0 12,0,2 0,0,0 0,0,0 1,123,1 0,0,0 0,0,0 0,0,0 1,123,1
ADDLINE 1,127,1 1,127,1 1,127,1 12,0,2 1,127,1 1,127,1 1,127,1 1,127,1 1,127,1
ADDLINE 1,145,1 0,0,0 0,0,0 0,0,0 1,145,1 0,0,0 1,145,1 12,0,2 0,0,0
ADDLINE 1,116,1 12,0,2 1,116,1 1,116,1 1,116,1 0,0,0 1,116,1 0,0,0 1,116,1
ADDLINE 1,128,1 1,256,1 1,256,1 12,0,2 1,128,1 0,0,0 1,128,1 0,0,0 1,128,1
ADDLINE 1,139,1 20,139,1 1,278,1 0,0,0 1,139,1 12,0,2 1,139,1 0,0,0 1,139,1
ADDLINE 0,0,0 0,0,0 1,300,1 0,0,0 0,0,0 0,0,0 1,150,1 12,0,2 1,150,1
ADDLINE 1,115,1 1,115,1 1,115,1 1,115,1 1,115,1 1,115,1 1,115,1 12,0,2 1,115,1
ADDLINE 1,132,1 0,0,0 0,0,0 0,0,0 12,0,2 0,0,0 1,132,1 0,0,0 1,132,1
ADDLINE 0,0,0 0,0,0 0,0,0 0,0,0 12,0,2 1,144,1 1,144,1 1,144,1 1,144,1
ADDLINE 12,0,2 16,156,1 1,312,1 1,312,1 1,312,1 1,312,1 1,312,1 1,312,1 1,312,1
ADDLINE 0,0,0 1,125,1 12,0,2 0,0,0 0,0,0 0,0,0 0,0,0 1,125,1 1,125,1
ADDLINE 0,0,0 0,0,0 12,0,2 1,137,1 1,137,1 0,0,0 0,0,0 0,0,0 0,0,0
ADDLINE 0,0,0 1,149,1 1,149,1 1,149,1 12,0,2 1,149,1 1,149,1 1,149,1 1,149,1
ADDLINE 0,0,0 1,162,1 1,162,1 1,162,1 12,0,2 1,162,1 1,162,1 1,162,1 1,162,1
ADDLINE 1,130,1 1,130,1 1,130,1 1,130,1 1,130,1 0,0,0 0,0,0 12,0,2 0,0,0
ADDLINE 16,142,1 1,284,1 1,284,1 1,284,1 1,284,1 12,0,2 1,284,1 1,284,1 0,0,0
ADDLINE 1,154,1 1,154,1 12,0,2 0,0,0 1,308,1 1,154,1 1,154,1 1,154,1 0,0,0
ADDLINE 0,0,0 0,0,0 1,334,1 17,167,1 1,334,1 0,0,0 12,0,2 0,0,0 0,0,0
ADDLINE 0,0,0 1,134,1 1,268,1 12,0,2 1,268,1 1,134,1 0,0,0 0,0,0 0,0,0
ADDLINE 0,0,0 1,147,1 1,147,1 1,147,1 0,0,0 0,0,0 12,0,2 1,294,1 1,294,1
ADDLINE 0,0,0 1,320,1 1,320,1 1,320,1 1,320,1 12,0,2 1,320,1 1,320,1 19,160,1
ADDLINE 1,173,1 12,0,2 0,0,0 1,173,1 1,173,1 0,0,0 1,173,1 1,346,1 1,346,1
ADDLINE 1,276,1 19,138,1 1,276,1 12,0,2 1,276,1 1,276,1 0,0,0 1,276,1 1,276,1
ADDLINE 1,200,1 1,400,1 1,400,1 12,0,2 1,200,1 1,200,1 0,0,0 1,200,1 1,200,1
ADDLINE 1,201,1 12,0,2 0,0,0 0,0,0 1,201,1 0,0,0 1,201,1 1,201,1 1,201,1
ADDLINE 1,203,1 17,203,1 12,0,2 0,0,0 1,203,1 0,0,0 0,0,0 1,203,1 1,203,1
1,170,1 1,170,1 12,0,2 1,170,1 1,170,1 1,170,1 19,85,1 1,170,1 0,0,0
0,0,0 12,0,2 1,168,1 1,168,1 1,168,1 19,84,1 1,168,1 1,168,1 1,168,1
1,83,1 1,83,1 1,83,1 1,83,1 1,166,1 1,166,1 12,0,2 1,166,1 20,83,1
0,0,0 12,0,2 0,0,0 0,0,0 0,0,0 1,164,1 0,0,0 1,164,1 1,164,1
1,78,1 1,78,1 1,78,1 1,78,1 12,0,2 1,156,1 1,78,1 1,78,1 1,78,1
1,80,1 1,80,1 1,80,1 1,80,1 12,0,2 1,160,1 0,0,0 1,80,1 1,80,1
0,0,0 0,0,0 0,0,0 0,0,0 0,0,0 0,0,0 0,0,0 0,0,0 0,0,0
0,0,0 0,0,0 0,0,0 0,0,0 0,0,0 0,0,0 0,0,0 0,0,0 0,0,0
0,0,0 0,0,0 0,0,0 0,0,0 0,0,0 0,0,0 0,0,0 0,0,0 0,0,0