MODE 0
BALL 80
STARS 0/5100/7300
ADDLINE 1,95,1 1,95,1 12,0,2 1,95,1 2,95,1 1,95,1 1,95,1 5,95,1 0,0,0
ADDLINE 1,96,1 12,0,2 0,0,0 1,96,1 1,96,1 3,96,1 1,96,1 5,96,1 0,0,0
ADDLINE 1,97,1 12,0,2 0,0,0 0,0,0 0,0,0 1,97,1 0,0,0 0,0,0 0,0,0
ADDLINE 1,107,1 1,107,1 4,107,1 0,0,0 12,0,2 1,107,1 0,0,0 1,107,1 1,107,1
ADDLINE 4,108,1 1,108,1 1,108,1 12,0,2 1,108,1 1,108,1 0,0,0 1,108,1 1,108,1
ADDLINE 2,118,1 3,118,1 1,118,1 0,0,0 12,0,2 0,0,0 0,0,0 1,118,1 1,118,1
ADDLINE 1,128,1 1,128,1 2,128,1 1,128,1 0,0,0 1,128,1 1,128,1 12,0,2 0,0,0
ADDLINE 1,139,1 1,139,1 1,139,1 1,139,1 12,0,2 2,139,1 0,0,0 0,0,0 0,0,0
ADDLINE 1,112,1 4,112,1 5,112,1 1,112,1 12,0,2 1,112,1 0,0,0 1,112,1 1,112,1
ADDLINE 1,117,1 12,0,2 2,117,1 3,117,1 1,117,1 1,117,1 1,117,1 4,117,1 1,117,1
ADDLINE 1,134,1 0,0,0 0,0,0 0,0,0 1,134,1 0,0,0 12,0,2 0,0,0 1,134,1
ADDLINE 1,145,1 1,145,1 4,145,1 12,0,2 1,145,1 0,0,0 1,145,1 0,0,0 1,145,1
ADDLINE 0,0,0 12,0,2 1,116,1 0,0,0 0,0,0 0,0,0 4,116,1 0,0,0 1,116,1
ADDLINE 2,128,1 12,0,2 1,128,1 1,128,1 1,128,1 5,128,1 1,128,1 0,0,0 1,128,1
ADDLINE 1,139,1 12,0,2 0,0,0 0,0,0 5,139,1 0,0,0 1,139,1 0,0,0 1,139,1
ADDLINE 1,150,1 5,150,1 5,150,1 12,0,2 1,150,1 0,0,0 1,150,1 0,0,0 1,150,1
ADDLINE 0,0,0 0,0,0 1,121,1 0,0,0 1,121,1 0,0,0 12,0,2 0,0,0 1,121,1
ADDLINE 1,132,1 12,0,2 1,132,1 0,0,0 1,132,1 1,132,1 4,132,1 0,0,0 2,132,1
ADDLINE 0,0,0 12,0,2 0,0,0 5,144,1 0,0,0 0,0,0 0,0,0 0,0,0 0,0,0
ADDLINE 1,148,1 1,148,1 1,148,1 1,148,1 1,148,1 12,0,2 2,148,1 1,148,1 1,148,1
ADDLINE 1,125,1 1,125,1 2,125,1 4,125,1 1,125,1 0,0,0 1,125,1 12,0,2 0,0,0
ADDLINE 4,131,1 1,131,1 4,131,1 1,131,1 1,131,1 12,0,2 1,131,1 1,131,1 1,131,1
ADDLINE 0,0,0 0,0,0 12,0,2 0,0,0 0,0,0 0,0,0 0,0,0 0,0,0 1,149,1
ADDLINE 1,154,1 1,154,1 3,154,1 1,154,1 2,154,1 1,154,1 1,154,1 12,0,2 1,154,1
ADDLINE 12,0,2 1,123,1 1,123,1 1,123,1 1,123,1 1,123,1 1,123,1 5,123,1 4,123,1
ADDLINE 0,0,0 0,0,0 3,142,1 0,0,0 0,0,0 0,0,0 0,0,0 12,0,2 1,142,1
ADDLINE 0,0,0 1,154,1 1,154,1 1,154,1 12,0,2 1,154,1 5,154,1 1,154,1 1,154,1
ADDLINE 1,159,1 1,159,1 1,159,1 5,159,1 1,159,1 1,159,1 12,0,2 1,159,1 1,159,1
ADDLINE 5,134,1 3,134,1 12,0,2 1,134,1 3,134,1 1,134,1 0,0,0 1,134,1 1,134,1
ADDLINE 1,147,1 1,147,1 12,0,2 4,147,1 1,147,1 1,147,1 0,0,0 4,147,1 1,147,1
ADDLINE 0,0,0 0,0,0 0,0,0 5,160,1 0,0,0 12,0,2 0,0,0 1,160,1 1,160,1
ADDLINE 1,173,1 1,173,1 12,0,2 1,173,1 1,173,1 1,173,1 0,0,0 4,173,1 1,173,1
ADDLINE 1,138,1 3,138,1 0,0,0 0,0,0 12,0,2 1,138,1 0,0,0 0,0,0 0,0,0
ADDLINE 1,200,1 4,200,1 1,200,1 1,200,1 12,0,2 2,200,1 0,0,0 5,200,1 1,200,1
ADDLINE 0,0,0 0,0,0 0,0,0 12,0,2 0,0,0 1,201,1 0,0,0 0,0,0 0,0,0
ADDLINE 1,193,1 4,193,1 12,0,2 1,193,1 1,193,1 1,193,1 1,193,1 1,193,1 1,193,1
0,0,0 1,85,1 1,85,1 1,85,1 1,85,1 12,0,2 1,85,1 1,85,1 1,85,1
4,84,1 5,84,1 1,84,1 0,0,0 0,0,0 12,0,2 0,0,0 0,0,0 0,0,0
1,83,1 1,83,1 2,83,1 12,0,2 1,83,1 4,83,1 1,83,1 1,83,1 0,0,0
1,82,1 3,82,1 1,82,1 1,82,1 0,0,0 0,0,0 12,0,2 0,0,0 0,0,0
1,81,1 3,81,1 12,0,2 0,0,0 1,81,1 1,81,1 0,0,0 0,0,0 1,81,1
0,0,0 0,0,0 12,0,2 2,80,1 1,80,1 5,80,1 1,80,1 1,80,1 1,80,1
0,0,0 0,0,0 0,0,0 0,0,0 0,0,0 0,0,0 0,0,0 0,0,0 0,0,0
0,0,0 0,0,0 0,0,0 0,0,0 0,0,0 0,0,0 0,0,0 0,0,0 0,0,0
0,0,0 0,0,0 0,0,0 0,0,0 0,0,0 0,0,0 0,0,0 0,0,0 0,0,0