MODE 0
BALL 80
STARS 0/5400/7500
ADDLINE 0,0,0 1,95,1 0,0,0 1,95,1 1,95,1 1,95,1 1,95,1 5,95,1 12,0,2
ADDLINE 3,96,1 1,96,1 12,0,2 4,96,1 1,96,1 1,96,1 1,96,1 3,96,1 0,0,0
ADDLINE 0,0,0 0,0,0 12,0,2 0,0,0 0,0,0 0,0,0 0,0,0 1,97,1 0,0,0
ADDLINE 1,102,1 5,102,1 1,102,1 1,102,1 1,102,1 1,102,1 12,0,2 1,102,1 1,102,1
ADDLINE 1,108,1 1,108,1 0,0,0 12,0,2 0,0,0 1,108,1 0,0,0 1,108,1 1,108,1
ADDLINE 1,118,1 1,118,1 12,0,2 2,118,1 5,118,1 1,118,1 0,0,0 4,118,1 4,118,1
ADDLINE 1,128,1 3,128,1 12,0,2 0,0,0 0,0,0 0,0,0 0,0,0 1,128,1 1,128,1
ADDLINE 3,133,1 1,133,1 1,133,1 12,0,2 1,133,1 1,133,1 1,133,1 1,133,1 4,133,1
ADDLINE 1,112,1 1,112,1 1,112,1 0,0,0 0,0,0 1,112,1 12,0,2 5,112,1 0,0,0
ADDLINE 1,123,1 1,123,1 2,123,1 1,123,1 1,123,1 12,0,2 1,123,1 0,0,0 2,123,1
ADDLINE 1,134,1 12,0,2 0,0,0 0,0,0 1,134,1 0,0,0 5,134,1 0,0,0 1,134,1
ADDLINE 3,145,1 0,0,0 1,145,1 0,0,0 1,145,1 12,0,2 1,145,1 0,0,0 1,145,1
ADDLINE 0,0,0 0,0,0 1,116,1 0,0,0 0,0,0 12,0,2 1,116,1 0,0,0 2,116,1
ADDLINE 4,122,1 1,122,1 1,122,1 1,122,1 5,122,1 1,122,1 1,122,1 12,0,2 1,122,1
ADDLINE 1,139,1 12,0,2 0,0,0 0,0,0 0,0,0 0,0,0 1,139,1 0,0,0 0,0,0
ADDLINE 1,150,1 1,150,1 1,150,1 0,0,0 3,150,1 12,0,2 1,150,1 0,0,0 1,150,1
ADDLINE 0,0,0 0,0,0 1,121,1 0,0,0 1,121,1 0,0,0 4,121,1 12,0,2 1,121,1
ADDLINE 1,132,1 0,0,0 4,132,1 1,132,1 1,132,1 12,0,2 1,132,1 0,0,0 5,132,1
ADDLINE 1,144,1 1,144,1 1,144,1 0,0,0 0,0,0 0,0,0 12,0,2 0,0,0 0,0,0
ADDLINE 1,156,1 1,156,1 2,156,1 1,156,1 1,156,1 12,0,2 1,156,1 1,156,1 0,0,0
ADDLINE 1,125,1 5,125,1 1,125,1 5,125,1 1,125,1 12,0,2 1,125,1 4,125,1 0,0,0
ADDLINE 1,137,1 1,137,1 1,137,1 1,137,1 12,0,2 0,0,0 1,137,1 1,137,1 0,0,0
ADDLINE 2,149,1 0,0,0 0,0,0 0,0,0 0,0,0 1,149,1 12,0,2 1,149,1 0,0,0
ADDLINE 0,0,0 1,162,1 1,162,1 4,162,1 12,0,2 5,162,1 0,0,0 0,0,0 0,0,0
ADDLINE 0,0,0 2,130,1 1,130,1 1,130,1 1,130,1 0,0,0 12,0,2 4,130,1 1,130,1
ADDLINE 0,0,0 1,142,1 0,0,0 0,0,0 12,0,2 0,0,0 1,142,1 1,142,1 1,142,1
ADDLINE 0,0,0 0,0,0 1,154,1 5,154,1 1,154,1 1,154,1 1,154,1 12,0,2 4,154,1
ADDLINE 1,167,1 1,167,1 0,0,0 12,0,2 0,0,0 4,167,1 1,167,1 1,167,1 1,167,1
ADDLINE 4,134,1 1,134,1 12,0,2 2,134,1 0,0,0 1,134,1 1,134,1 1,134,1 1,134,1
ADDLINE 1,147,1 12,0,2 0,0,0 5,147,1 0,0,0 1,147,1 1,147,1 5,147,1 1,147,1
ADDLINE 5,160,1 12,0,2 1,160,1 5,160,1 0,0,0 1,160,1 1,160,1 1,160,1 1,160,1
ADDLINE 1,173,1 0,0,0 12,0,2 1,173,1 0,0,0 1,173,1 1,173,1 3,173,1 2,173,1
ADDLINE 1,138,1 1,138,1 0,0,0 1,138,1 0,0,0 0,0,0 0,0,0 12,0,2 0,0,0
ADDLINE 1,200,1 4,200,1 0,0,0 12,0,2 0,0,0 2,200,1 1,200,1 1,200,1 0,0,0
ADDLINE 1,201,1 1,201,1 1,201,1 1,201,1 0,0,0 0,0,0 12,0,2 0,0,0 0,0,0
ADDLINE 0,0,0 2,203,1 1,203,1 3,203,1 1,203,1 12,0,2 1,203,1 1,203,1 1,203,1
1,85,1 1,85,1 12,0,2 1,85,1 0,0,0 1,85,1 1,85,1 1,85,1 3,85,1
0,0,0 5,84,1 0,0,0 1,84,1 0,0,0 12,0,2 0,0,0 5,84,1 0,0,0
1,83,1 1,83,1 12,0,2 1,83,1 0,0,0 4,83,1 1,83,1 1,83,1 1,83,1
0,0,0 12,0,2 0,0,0 0,0,0 0,0,0 1,82,1 5,82,1 1,82,1 4,82,1
1,78,1 1,78,1 3,78,1 1,78,1 12,0,2 1,78,1 1,78,1 5,78,1 1,78,1
0,0,0 12,0,2 0,0,0 1,80,1 0,0,0 1,80,1 1,80,1 1,80,1 1,80,1
0,0,0 0,0,0 0,0,0 0,0,0 0,0,0 0,0,0 0,0,0 0,0,0 0,0,0
0,0,0 0,0,0 0,0,0 0,0,0 0,0,0 0,0,0 0,0,0 0,0,0 0,0,0
0,0,0 0,0,0 0,0,0 0,0,0 0,0,0 0,0,0 0,0,0 0,0,0 0,0,0