MODE 0
BALL 80
STARS 0/5400/7800
ADDLINE 0,0,0 1,190,1 1,190,1 12,0,2 0,0,0 0,0,0 0,0,0 8,0,2 1,190,1
ADDLINE 11,0,2 1,192,1 0,0,0 12,0,2 1,192,1 1,192,1 1,192,1 1,192,1 1,192,1
ADDLINE 0,0,0 1,194,1 12,0,2 1,194,1 1,194,1 19,97,1 1,194,1 1,194,1 7,0,2
ADDLINE 0,0,0 11,0,2 1,214,1 1,214,1 12,0,2 1,214,1 1,214,1 1,214,1 1,214,1
ADDLINE 1,216,1 1,216,1 1,216,1 19,108,1 12,0,2 1,216,1 0,0,0 1,216,1 1,216,1
ADDLINE 0,0,0 0,0,0 1,236,1 1,236,1 1,236,1 1,118,1 12,0,2 1,118,1 3,118,1
ADDLINE 0,0,0 1,128,1 1,256,1 1,256,1 1,256,1 3,128,1 0,0,0 12,0,2 0,0,0
ADDLINE 0,0,0 1,278,1 1,278,1 19,139,1 1,278,1 1,278,1 12,0,2 1,278,1 1,278,1
ADDLINE 11,0,2 1,224,1 1,224,1 1,224,1 1,224,1 12,0,2 0,0,0 1,112,1 1,112,1
ADDLINE 20,123,1 1,246,1 1,246,1 1,246,1 7,0,2 12,0,2 1,246,1 8,0,2 1,246,1
ADDLINE 0,0,0 1,268,1 0,0,0 0,0,0 1,268,1 12,0,2 1,134,1 0,0,0 1,134,1
ADDLINE 1,290,1 1,290,1 1,290,1 12,0,2 1,290,1 1,290,1 1,290,1 0,0,0 16,145,1
ADDLINE 1,116,1 0,0,0 1,116,1 0,0,0 1,116,1 12,0,2 1,116,1 0,0,0 2,116,1
ADDLINE 1,128,1 0,0,0 1,128,1 12,0,2 1,128,1 0,0,0 1,128,1 0,0,0 3,128,1
ADDLINE 1,278,1 1,278,1 16,139,1 12,0,2 1,278,1 1,278,1 1,278,1 0,0,0 1,278,1
ADDLINE 1,150,1 1,150,1 1,150,1 12,0,2 5,150,1 0,0,0 1,150,1 0,0,0 2,150,1
ADDLINE 0,0,0 0,0,0 1,121,1 0,0,0 12,0,2 0,0,0 1,121,1 0,0,0 1,121,1
ADDLINE 1,132,1 12,0,2 4,132,1 1,132,1 2,132,1 1,132,1 1,264,1 0,0,0 1,132,1
ADDLINE 0,0,0 1,144,1 1,288,1 1,288,1 0,0,0 1,144,1 1,288,1 17,144,1 12,0,2
ADDLINE 0,0,0 1,156,1 12,0,2 20,156,1 1,312,1 1,312,1 1,312,1 1,312,1 0,0,0
ADDLINE 1,125,1 4,125,1 12,0,2 1,250,1 1,250,1 1,250,1 20,125,1 1,250,1 0,0,0
ADDLINE 0,0,0 0,0,0 0,0,0 1,137,1 0,0,0 0,0,0 1,274,1 1,274,1 12,0,2
ADDLINE 1,142,1 1,142,1 12,0,2 1,284,1 1,284,1 1,142,1 2,142,1 5,142,1 1,142,1
ADDLINE 1,324,1 1,324,1 12,0,2 10,0,2 0,0,0 0,0,0 1,324,1 0,0,0 0,0,0
ADDLINE 1,130,1 1,130,1 12,0,2 1,260,1 1,260,1 1,130,1 1,130,1 1,130,1 0,0,0
ADDLINE 0,0,0 1,142,1 12,0,2 1,142,1 1,142,1 1,142,1 1,142,1 1,142,1 0,0,0
ADDLINE 1,154,1 1,154,1 12,0,2 4,154,1 1,154,1 5,154,1 3,154,1 4,154,1 0,0,0
ADDLINE 1,159,1 12,0,2 1,159,1 3,159,1 1,159,1 1,159,1 1,159,1 1,159,1 2,159,1
ADDLINE 1,134,1 0,0,0 12,0,2 0,0,0 0,0,0 0,0,0 3,134,1 0,0,0 1,134,1
ADDLINE 1,140,1 1,140,1 5,140,1 1,140,1 1,140,1 5,140,1 1,140,1 12,0,2 1,140,1
ADDLINE 1,160,1 1,160,1 1,160,1 12,0,2 3,160,1 4,160,1 1,160,1 0,0,0 1,160,1
ADDLINE 1,346,1 1,346,1 1,346,1 12,0,2 1,346,1 1,346,1 1,346,1 1,346,1 16,173,1
ADDLINE 0,0,0 1,276,1 1,276,1 12,0,2 1,276,1 1,276,1 1,276,1 1,276,1 19,138,1
ADDLINE 5,190,1 1,190,1 1,190,1 12,0,2 1,190,1 3,190,1 1,190,1 1,380,1 1,380,1
ADDLINE 1,201,1 1,201,1 1,201,1 12,0,2 0,0,0 0,0,0 1,402,1 0,0,0 0,0,0
ADDLINE 1,406,1 1,406,1 1,406,1 12,0,2 1,406,1 0,0,0 1,406,1 10,0,2 1,406,1
0,0,0 1,170,1 1,170,1 1,170,1 1,170,1 1,170,1 12,0,2 1,170,1 16,85,1
0,0,0 1,84,1 0,0,0 2,84,1 1,168,1 1,84,1 12,0,2 0,0,0 0,0,0
16,83,1 12,0,2 1,166,1 1,166,1 1,166,1 1,166,1 1,166,1 1,166,1 0,0,0
0,0,0 1,164,1 1,164,1 1,164,1 19,82,1 1,164,1 1,164,1 0,0,0 12,0,2
1,162,1 1,162,1 1,162,1 1,162,1 12,0,2 1,162,1 0,0,0 1,162,1 19,81,1
1,80,1 1,80,1 12,0,2 0,0,0 0,0,0 1,80,1 5,80,1 1,160,1 1,160,1
0,0,0 0,0,0 0,0,0 0,0,0 0,0,0 0,0,0 0,0,0 0,0,0 0,0,0
0,0,0 0,0,0 0,0,0 0,0,0 0,0,0 0,0,0 0,0,0 0,0,0 0,0,0
0,0,0 0,0,0 0,0,0 0,0,0 0,0,0 0,0,0 0,0,0 0,0,0 0,0,0