MODE 0
BALL 80
STARS 0/5600/7900
ADDLINE 0,0,0 1,95,1 0,0,0 2,95,1 0,0,0 12,0,2 0,0,0 1,95,1 1,95,1
ADDLINE 3,96,1 1,96,1 12,0,2 1,96,1 1,96,1 1,96,1 0,0,0 1,96,1 1,96,1
ADDLINE 4,97,1 4,97,1 12,0,2 1,97,1 1,97,1 1,97,1 0,0,0 1,97,1 1,97,1
ADDLINE 3,102,1 2,102,1 12,0,2 4,102,1 4,102,1 1,102,1 1,102,1 1,102,1 3,102,1
ADDLINE 0,0,0 0,0,0 0,0,0 1,108,1 1,108,1 1,108,1 12,0,2 1,108,1 0,0,0
ADDLINE 1,112,1 1,112,1 12,0,2 1,112,1 1,112,1 1,112,1 1,112,1 1,112,1 1,112,1
ADDLINE 0,0,0 12,0,2 0,0,0 1,128,1 0,0,0 0,0,0 0,0,0 0,0,0 0,0,0
ADDLINE 2,139,1 3,139,1 1,139,1 1,139,1 12,0,2 4,139,1 0,0,0 1,139,1 1,139,1
ADDLINE 1,112,1 1,112,1 3,112,1 1,112,1 12,0,2 1,112,1 0,0,0 1,112,1 0,0,0
ADDLINE 0,0,0 0,0,0 1,123,1 0,0,0 12,0,2 0,0,0 1,123,1 0,0,0 1,123,1
ADDLINE 1,134,1 0,0,0 5,134,1 1,134,1 1,134,1 12,0,2 1,134,1 0,0,0 2,134,1
ADDLINE 1,145,1 12,0,2 1,145,1 0,0,0 0,0,0 0,0,0 1,145,1 0,0,0 4,145,1
ADDLINE 1,116,1 0,0,0 1,116,1 12,0,2 1,116,1 1,116,1 1,116,1 0,0,0 5,116,1
ADDLINE 1,128,1 0,0,0 1,128,1 0,0,0 0,0,0 0,0,0 3,128,1 12,0,2 0,0,0
ADDLINE 1,139,1 12,0,2 1,139,1 0,0,0 1,139,1 0,0,0 3,139,1 1,139,1 4,139,1
ADDLINE 2,150,1 0,0,0 5,150,1 0,0,0 1,150,1 0,0,0 12,0,2 0,0,0 1,150,1
ADDLINE 1,121,1 12,0,2 1,121,1 1,121,1 1,121,1 1,121,1 5,121,1 0,0,0 3,121,1
ADDLINE 1,132,1 0,0,0 1,132,1 0,0,0 12,0,2 0,0,0 1,132,1 0,0,0 1,132,1
ADDLINE 1,144,1 2,144,1 5,144,1 1,144,1 12,0,2 1,144,1 1,144,1 4,144,1 0,0,0
ADDLINE 1,156,1 1,156,1 1,156,1 1,156,1 0,0,0 1,156,1 1,156,1 12,0,2 0,0,0
ADDLINE 1,125,1 2,125,1 1,125,1 1,125,1 0,0,0 12,0,2 0,0,0 0,0,0 0,0,0
ADDLINE 0,0,0 4,137,1 1,137,1 1,137,1 1,137,1 1,137,1 1,137,1 4,137,1 12,0,2
ADDLINE 0,0,0 0,0,0 0,0,0 12,0,2 0,0,0 0,0,0 0,0,0 2,149,1 0,0,0
ADDLINE 3,162,1 1,162,1 1,162,1 1,162,1 1,162,1 12,0,2 0,0,0 1,162,1 0,0,0
ADDLINE 1,130,1 1,130,1 2,130,1 1,130,1 0,0,0 0,0,0 1,130,1 12,0,2 0,0,0
ADDLINE 3,142,1 1,142,1 5,142,1 1,142,1 0,0,0 1,142,1 1,142,1 12,0,2 0,0,0
ADDLINE 1,154,1 1,154,1 1,154,1 12,0,2 0,0,0 5,154,1 1,154,1 1,154,1 0,0,0
ADDLINE 1,167,1 1,167,1 12,0,2 0,0,0 1,167,1 0,0,0 1,167,1 1,167,1 1,167,1
ADDLINE 1,134,1 1,134,1 1,134,1 12,0,2 1,134,1 0,0,0 1,134,1 2,134,1 4,134,1
ADDLINE 3,147,1 2,147,1 1,147,1 0,0,0 1,147,1 0,0,0 0,0,0 12,0,2 0,0,0
ADDLINE 1,160,1 1,160,1 1,160,1 0,0,0 0,0,0 1,160,1 1,160,1 12,0,2 0,0,0
ADDLINE 2,173,1 1,173,1 4,173,1 12,0,2 0,0,0 1,173,1 1,173,1 0,0,0 1,173,1
ADDLINE 1,138,1 3,138,1 1,138,1 12,0,2 2,138,1 0,0,0 0,0,0 0,0,0 1,138,1
ADDLINE 1,200,1 1,200,1 1,200,1 1,200,1 12,0,2 0,0,0 1,200,1 2,200,1 0,0,0
ADDLINE 1,201,1 1,201,1 4,201,1 5,201,1 0,0,0 12,0,2 1,201,1 0,0,0 0,0,0
ADDLINE 1,203,1 1,203,1 1,203,1 4,203,1 1,203,1 12,0,2 1,203,1 0,0,0 1,203,1
1,81,1 1,81,1 1,81,1 1,81,1 1,81,1 1,81,1 5,81,1 12,0,2 4,81,1
0,0,0 12,0,2 1,84,1 1,84,1 1,84,1 3,84,1 1,84,1 0,0,0 1,84,1
1,79,1 1,79,1 1,79,1 3,79,1 5,79,1 1,79,1 1,79,1 12,0,2 4,79,1
1,82,1 0,0,0 0,0,0 12,0,2 3,82,1 0,0,0 1,82,1 0,0,0 0,0,0
4,81,1 1,81,1 3,81,1 12,0,2 1,81,1 0,0,0 5,81,1 1,81,1 1,81,1
1,80,1 0,0,0 0,0,0 12,0,2 1,80,1 0,0,0 1,80,1 1,80,1 1,80,1
0,0,0 0,0,0 0,0,0 0,0,0 0,0,0 0,0,0 0,0,0 0,0,0 0,0,0
0,0,0 0,0,0 0,0,0 0,0,0 0,0,0 0,0,0 0,0,0 0,0,0 0,0,0
0,0,0 0,0,0 0,0,0 0,0,0 0,0,0 0,0,0 0,0,0 0,0,0 0,0,0