MODE 0
BALL 50
STARS 0/1500/2000
ADDLINE 1,49,1 1,49,1 0,0,0 1,49,1 0,0,0 12,0,2 0,0,0 1,49,1 0,0,0
ADDLINE 0,0,0 1,50,1 0,0,0 1,50,1 1,50,1 5,50,1 1,50,1 4,50,1 12,0,2
ADDLINE 0,0,0 1,79,1 1,79,1 1,79,1 12,0,2 1,79,1 0,0,0 3,79,1 0,0,0
1,48,1 14,0,2 12,0,2 1,48,1 1,48,1 1,48,1 0,0,0 0,0,0 0,0,0
0,0,0 0,0,0 2,48,1 3,48,1 0,0,0 1,48,1 4,48,1 0,0,0 12,0,2
0,0,0 1,44,1 1,44,1 1,44,1 1,44,1 1,44,1 2,44,1 1,44,1 12,0,2
0,0,0 1,46,1 0,0,0 1,46,1 12,0,2 1,46,1 15,0,2 1,46,1 0,0,0
0,0,0 1,45,1 5,45,1 0,0,0 1,45,1 12,0,2 1,45,1 1,45,1 0,0,0
0,0,0 0,0,0 4,44,1 1,44,1 2,44,1 1,44,1 1,44,1 12,0,2 0,0,0
0,0,0 0,0,0 0,0,0 0,0,0 0,0,0 0,0,0 0,0,0 0,0,0 0,0,0
0,0,0 0,0,0 0,0,0 0,0,0 0,0,0 0,0,0 0,0,0 0,0,0 0,0,0
0,0,0 0,0,0 0,0,0 0,0,0 0,0,0 0,0,0 0,0,0 0,0,0 0,0,0