MODE 0
BALL 80
STARS 0/5600/8000
ADDLINE 0,0,0 0,0,0 0,0,0 12,0,2 0,0,0 0,0,0 0,0,0 1,190,1 0,0,0
ADDLINE 1,96,1 1,96,1 1,96,1 0,0,0 1,96,1 1,96,1 12,0,2 1,96,1 0,0,0
ADDLINE 1,97,1 0,0,0 1,97,1 12,0,2 0,0,0 0,0,0 1,194,1 1,194,1 0,0,0
ADDLINE 1,107,1 0,0,0 0,0,0 1,107,1 0,0,0 12,0,2 1,214,1 7,0,2 1,107,1
ADDLINE 1,216,1 1,216,1 1,216,1 12,0,2 1,216,1 0,0,0 8,0,2 1,216,1 0,0,0
ADDLINE 1,118,1 1,118,1 1,118,1 0,0,0 1,118,1 12,0,2 1,118,1 1,118,1 0,0,0
ADDLINE 0,0,0 0,0,0 0,0,0 12,0,2 1,128,1 0,0,0 1,128,1 1,128,1 1,128,1
ADDLINE 0,0,0 1,278,1 1,278,1 1,278,1 1,278,1 12,0,2 1,278,1 0,0,0 8,0,2
ADDLINE 0,0,0 1,112,1 1,112,1 1,112,1 1,112,1 0,0,0 0,0,0 1,112,1 12,0,2
ADDLINE 1,117,1 1,117,1 1,117,1 12,0,2 1,117,1 1,117,1 1,117,1 1,117,1 1,117,1
ADDLINE 1,134,1 12,0,2 0,0,0 1,134,1 0,0,0 0,0,0 1,134,1 1,134,1 0,0,0
ADDLINE 1,138,1 1,138,1 1,138,1 1,138,1 1,138,1 12,0,2 1,138,1 1,138,1 1,138,1
ADDLINE 1,116,1 1,116,1 1,116,1 1,116,1 1,116,1 12,0,2 1,116,1 0,0,0 1,116,1
ADDLINE 1,128,1 1,128,1 1,128,1 1,128,1 1,128,1 12,0,2 1,128,1 0,0,0 1,128,1
ADDLINE 0,0,0 0,0,0 1,139,1 12,0,2 0,0,0 0,0,0 0,0,0 0,0,0 1,139,1
ADDLINE 1,150,1 12,0,2 1,300,1 11,0,2 1,300,1 1,150,1 1,150,1 1,150,1 1,150,1
ADDLINE 1,121,1 11,0,2 1,242,1 12,0,2 1,242,1 0,0,0 1,121,1 1,121,1 1,121,1
ADDLINE 1,132,1 12,0,2 1,264,1 0,0,0 1,264,1 0,0,0 1,264,1 1,132,1 1,132,1
ADDLINE 1,288,1 1,288,1 1,288,1 12,0,2 1,288,1 10,0,2 1,288,1 1,288,1 1,288,1
ADDLINE 1,148,1 1,148,1 1,148,1 12,0,2 1,296,1 1,296,1 1,296,1 1,148,1 1,148,1
ADDLINE 0,0,0 0,0,0 1,125,1 12,0,2 0,0,0 0,0,0 1,125,1 0,0,0 0,0,0
ADDLINE 1,137,1 1,137,1 1,137,1 12,0,2 1,137,1 1,137,1 1,137,1 0,0,0 1,137,1
ADDLINE 1,149,1 1,149,1 1,149,1 12,0,2 1,149,1 1,149,1 1,149,1 0,0,0 1,149,1
ADDLINE 1,154,1 1,154,1 1,154,1 1,154,1 1,308,1 1,308,1 1,308,1 12,0,2 1,154,1
ADDLINE 1,130,1 1,130,1 1,130,1 0,0,0 0,0,0 7,0,2 12,0,2 0,0,0 0,0,0
ADDLINE 1,135,1 1,270,1 1,270,1 12,0,2 1,270,1 1,270,1 1,270,1 1,135,1 1,135,1
ADDLINE 1,154,1 12,0,2 7,0,2 0,0,0 1,154,1 1,154,1 1,154,1 1,154,1 1,154,1
ADDLINE 1,167,1 1,334,1 0,0,0 12,0,2 0,0,0 0,0,0 0,0,0 0,0,0 0,0,0
ADDLINE 1,134,1 1,134,1 12,0,2 1,134,1 1,134,1 0,0,0 1,134,1 1,134,1 0,0,0
ADDLINE 1,147,1 1,147,1 0,0,0 1,147,1 1,147,1 12,0,2 0,0,0 0,0,0 0,0,0
ADDLINE 0,0,0 0,0,0 1,160,1 1,160,1 12,0,2 0,0,0 0,0,0 1,160,1 1,160,1
ADDLINE 0,0,0 1,173,1 1,173,1 1,173,1 0,0,0 1,173,1 12,0,2 0,0,0 0,0,0
ADDLINE 0,0,0 0,0,0 8,0,2 1,276,1 0,0,0 1,276,1 1,276,1 1,276,1 12,0,2
ADDLINE 1,152,1 1,152,1 1,152,1 12,0,2 0,0,0 0,0,0 1,152,1 1,152,1 1,152,1
ADDLINE 1,165,1 1,165,1 1,165,1 1,165,1 1,165,1 0,0,0 12,0,2 0,0,0 0,0,0
ADDLINE 1,178,1 1,178,1 1,178,1 1,178,1 1,178,1 0,0,0 0,0,0 12,0,2 0,0,0
ADDLINE 1,204,1 1,204,1 1,204,1 12,0,2 1,204,1 1,204,1 1,204,1 0,0,0 1,204,1
ADDLINE 1,206,1 1,206,1 1,206,1 12,0,2 1,206,1 0,0,0 0,0,0 0,0,0 1,206,1
ADDLINE 1,198,1 1,198,1 1,198,1 1,198,1 1,198,1 12,0,2 1,198,1 1,198,1 1,198,1
1,170,1 1,170,1 1,170,1 1,170,1 0,0,0 12,0,2 19,85,1 1,170,1 0,0,0
1,80,1 1,80,1 1,80,1 1,80,1 1,80,1 1,160,1 1,160,1 1,160,1 12,0,2
1,83,1 1,83,1 1,83,1 1,83,1 0,0,0 12,0,2 0,0,0 0,0,0 0,0,0
1,78,1 1,78,1 1,78,1 1,78,1 1,78,1 1,78,1 1,156,1 1,78,1 12,0,2
0,0,0 1,81,1 12,0,2 0,0,0 0,0,0 0,0,0 0,0,0 1,81,1 0,0,0
1,80,1 1,80,1 12,0,2 1,80,1 1,80,1 1,80,1 1,160,1 1,80,1 0,0,0
0,0,0 0,0,0 0,0,0 0,0,0 0,0,0 0,0,0 0,0,0 0,0,0 0,0,0
0,0,0 0,0,0 0,0,0 0,0,0 0,0,0 0,0,0 0,0,0 0,0,0 0,0,0
0,0,0 0,0,0 0,0,0 0,0,0 0,0,0 0,0,0 0,0,0 0,0,0 0,0,0