MODE 0
BALL 80
STARS 0/5500/7800
ADDLINE 0,0,0 0,0,0 0,0,0 0,0,0 1,95,1 12,0,2 0,0,0 1,95,1 1,95,1
ADDLINE 1,91,1 1,91,1 1,91,1 1,91,1 1,91,1 1,91,1 1,91,1 12,0,2 1,91,1
ADDLINE 0,0,0 12,0,2 1,97,1 0,0,0 1,97,1 0,0,0 0,0,0 0,0,0 1,97,1
ADDLINE 1,107,1 12,0,2 1,107,1 0,0,0 1,107,1 1,107,1 1,107,1 1,107,1 1,107,1
ADDLINE 1,108,1 0,0,0 1,108,1 12,0,2 1,108,1 1,108,1 1,108,1 0,0,0 0,0,0
ADDLINE 1,118,1 12,0,2 1,118,1 0,0,0 1,118,1 1,118,1 1,118,1 0,0,0 1,118,1
ADDLINE 1,128,1 0,0,0 1,128,1 0,0,0 12,0,2 0,0,0 0,0,0 0,0,0 1,128,1
ADDLINE 1,139,1 0,0,0 1,139,1 12,0,2 1,139,1 1,139,1 1,139,1 0,0,0 1,139,1
ADDLINE 0,0,0 0,0,0 1,112,1 0,0,0 12,0,2 0,0,0 1,112,1 0,0,0 1,112,1
ADDLINE 0,0,0 12,0,2 0,0,0 1,123,1 0,0,0 1,123,1 1,123,1 1,123,1 1,123,1
ADDLINE 0,0,0 12,0,2 1,134,1 1,134,1 0,0,0 1,134,1 1,134,1 1,134,1 1,134,1
ADDLINE 0,0,0 0,0,0 1,145,1 0,0,0 12,0,2 1,145,1 1,145,1 1,145,1 1,145,1
ADDLINE 0,0,0 1,116,1 1,116,1 0,0,0 12,0,2 1,116,1 1,116,1 1,116,1 1,116,1
ADDLINE 0,0,0 1,128,1 1,128,1 1,128,1 0,0,0 12,0,2 0,0,0 1,128,1 1,128,1
ADDLINE 0,0,0 1,139,1 1,139,1 1,139,1 1,139,1 1,139,1 12,0,2 0,0,0 0,0,0
ADDLINE 0,0,0 1,150,1 1,150,1 1,150,1 1,150,1 1,150,1 1,150,1 0,0,0 12,0,2
ADDLINE 0,0,0 1,121,1 1,121,1 1,121,1 1,121,1 1,121,1 1,121,1 12,0,2 1,121,1
ADDLINE 1,132,1 1,132,1 1,132,1 1,132,1 1,132,1 0,0,0 12,0,2 0,0,0 1,132,1
ADDLINE 1,144,1 1,144,1 1,144,1 1,144,1 1,144,1 12,0,2 0,0,0 0,0,0 1,144,1
ADDLINE 1,156,1 1,156,1 1,156,1 1,156,1 1,156,1 12,0,2 1,156,1 1,156,1 0,0,0
ADDLINE 1,125,1 1,125,1 1,125,1 1,125,1 0,0,0 12,0,2 1,125,1 1,125,1 0,0,0
ADDLINE 1,137,1 1,137,1 1,137,1 0,0,0 12,0,2 1,137,1 0,0,0 0,0,0 1,137,1
ADDLINE 1,149,1 1,149,1 1,149,1 1,149,1 12,0,2 0,0,0 0,0,0 1,149,1 0,0,0
ADDLINE 1,162,1 1,162,1 0,0,0 12,0,2 0,0,0 1,162,1 1,162,1 1,162,1 0,0,0
ADDLINE 1,130,1 1,130,1 12,0,2 1,130,1 1,130,1 1,130,1 1,130,1 1,130,1 0,0,0
ADDLINE 1,142,1 1,142,1 0,0,0 0,0,0 0,0,0 1,142,1 1,142,1 12,0,2 0,0,0
ADDLINE 1,154,1 1,154,1 1,154,1 1,154,1 12,0,2 1,154,1 1,154,1 0,0,0 1,154,1
ADDLINE 0,0,0 0,0,0 12,0,2 1,167,1 1,167,1 1,167,1 1,167,1 1,167,1 0,0,0
ADDLINE 1,128,1 1,128,1 1,128,1 1,128,1 1,128,1 1,128,1 1,128,1 1,128,1 12,0,2
ADDLINE 0,0,0 12,0,2 0,0,0 0,0,0 0,0,0 0,0,0 1,147,1 0,0,0 1,147,1
ADDLINE 1,152,1 1,152,1 1,152,1 1,152,1 1,152,1 1,152,1 1,152,1 1,152,1 12,0,2
ADDLINE 0,0,0 0,0,0 0,0,0 0,0,0 0,0,0 0,0,0 12,0,2 1,173,1 0,0,0
ADDLINE 1,138,1 1,138,1 1,138,1 1,138,1 1,138,1 1,138,1 12,0,2 1,138,1 0,0,0
ADDLINE 0,0,0 0,0,0 0,0,0 0,0,0 0,0,0 1,152,1 12,0,2 1,152,1 0,0,0
ADDLINE 1,157,1 1,157,1 1,157,1 1,157,1 1,157,1 1,157,1 12,0,2 1,157,1 1,157,1
ADDLINE 1,178,1 1,178,1 1,178,1 1,178,1 0,0,0 12,0,2 0,0,0 1,178,1 0,0,0
ADDLINE 1,194,1 1,194,1 1,194,1 1,194,1 1,194,1 1,194,1 12,0,2 1,194,1 1,194,1
ADDLINE 1,196,1 1,196,1 1,196,1 1,196,1 1,196,1 1,196,1 12,0,2 1,196,1 1,196,1
ADDLINE 1,198,1 1,198,1 1,198,1 1,198,1 1,198,1 1,198,1 12,0,2 1,198,1 1,198,1
1,85,1 12,0,2 1,85,1 1,85,1 1,85,1 0,0,0 0,0,0 1,85,1 1,85,1
0,0,0 0,0,0 1,84,1 1,84,1 1,84,1 12,0,2 1,84,1 1,84,1 1,84,1
0,0,0 1,83,1 1,83,1 1,83,1 1,83,1 0,0,0 0,0,0 12,0,2 1,83,1
0,0,0 1,82,1 1,82,1 1,82,1 1,82,1 1,82,1 1,82,1 0,0,0 12,0,2
0,0,0 1,81,1 1,81,1 1,81,1 1,81,1 1,81,1 1,81,1 1,81,1 12,0,2
0,0,0 1,80,1 1,80,1 0,0,0 12,0,2 0,0,0 0,0,0 0,0,0 0,0,0
0,0,0 0,0,0 0,0,0 0,0,0 0,0,0 0,0,0 0,0,0 0,0,0 0,0,0
0,0,0 0,0,0 0,0,0 0,0,0 0,0,0 0,0,0 0,0,0 0,0,0 0,0,0
0,0,0 0,0,0 0,0,0 0,0,0 0,0,0 0,0,0 0,0,0 0,0,0 0,0,0