MODE 0
BALL 80
STARS 0/5700/8200
ADDLINE 1,95,1 0,0,0 0,0,0 0,0,0 1,95,1 0,0,0 0,0,0 12,0,2 0,0,0
ADDLINE 1,96,1 12,0,2 1,96,1 0,0,0 1,96,1 0,0,0 1,192,1 17,96,1 1,96,1
ADDLINE 1,97,1 12,0,2 1,97,1 0,0,0 1,97,1 0,0,0 1,194,1 1,194,1 1,97,1
ADDLINE 1,214,1 1,214,1 1,214,1 12,0,2 1,214,1 0,0,0 1,214,1 1,214,1 16,107,1
ADDLINE 1,108,1 0,0,0 1,216,1 12,0,2 1,108,1 0,0,0 0,0,0 0,0,0 1,108,1
ADDLINE 1,118,1 1,236,1 20,118,1 12,0,2 1,118,1 0,0,0 1,118,1 0,0,0 1,118,1
ADDLINE 0,0,0 1,256,1 1,256,1 1,256,1 1,128,1 12,0,2 1,128,1 0,0,0 1,128,1
ADDLINE 1,139,1 12,0,2 17,139,1 1,278,1 1,139,1 0,0,0 1,139,1 1,139,1 1,139,1
ADDLINE 1,224,1 12,0,2 16,112,1 1,224,1 1,224,1 1,224,1 1,224,1 1,224,1 0,0,0
ADDLINE 1,123,1 1,123,1 12,0,2 1,123,1 1,123,1 1,123,1 1,123,1 1,123,1 0,0,0
ADDLINE 1,134,1 0,0,0 1,134,1 1,134,1 1,134,1 1,134,1 1,134,1 12,0,2 0,0,0
ADDLINE 1,145,1 12,0,2 0,0,0 0,0,0 1,145,1 1,145,1 0,0,0 0,0,0 1,145,1
ADDLINE 16,116,1 1,232,1 1,232,1 1,232,1 12,0,2 1,232,1 1,232,1 1,232,1 0,0,0
ADDLINE 1,128,1 1,128,1 1,128,1 1,128,1 0,0,0 0,0,0 12,0,2 0,0,0 0,0,0
ADDLINE 1,139,1 1,139,1 1,139,1 1,139,1 0,0,0 1,139,1 12,0,2 0,0,0 1,139,1
ADDLINE 1,150,1 1,150,1 1,150,1 1,150,1 1,150,1 1,150,1 0,0,0 12,0,2 0,0,0
ADDLINE 1,121,1 1,121,1 1,121,1 1,121,1 1,121,1 1,121,1 12,0,2 1,121,1 0,0,0
ADDLINE 16,132,1 1,264,1 1,264,1 1,264,1 1,264,1 1,264,1 1,264,1 12,0,2 0,0,0
ADDLINE 1,144,1 1,144,1 1,288,1 17,144,1 12,0,2 1,144,1 1,144,1 1,144,1 1,144,1
ADDLINE 1,156,1 1,156,1 1,312,1 12,0,2 0,0,0 1,156,1 1,156,1 1,156,1 1,156,1
ADDLINE 1,125,1 1,125,1 1,125,1 12,0,2 0,0,0 0,0,0 0,0,0 1,125,1 1,125,1
ADDLINE 1,137,1 1,137,1 1,137,1 1,137,1 1,137,1 1,137,1 12,0,2 0,0,0 1,137,1
ADDLINE 1,149,1 1,149,1 1,149,1 1,149,1 0,0,0 12,0,2 0,0,0 0,0,0 1,149,1
ADDLINE 1,324,1 12,0,2 0,0,0 0,0,0 0,0,0 1,162,1 1,162,1 1,162,1 1,162,1
ADDLINE 19,130,1 12,0,2 1,260,1 1,260,1 1,260,1 1,260,1 1,260,1 0,0,0 1,260,1
ADDLINE 1,284,1 1,284,1 1,142,1 1,142,1 1,142,1 1,142,1 12,0,2 0,0,0 1,142,1
ADDLINE 1,154,1 1,154,1 1,154,1 1,154,1 12,0,2 0,0,0 0,0,0 1,154,1 1,154,1
ADDLINE 0,0,0 0,0,0 12,0,2 1,334,1 1,334,1 1,167,1 1,167,1 1,167,1 1,167,1
ADDLINE 1,268,1 1,268,1 12,0,2 19,134,1 1,268,1 1,268,1 1,268,1 1,268,1 1,268,1
ADDLINE 1,147,1 1,147,1 0,0,0 12,0,2 1,294,1 1,147,1 0,0,0 0,0,0 0,0,0
ADDLINE 1,320,1 1,320,1 12,0,2 16,160,1 1,320,1 1,320,1 1,320,1 1,320,1 0,0,0
ADDLINE 1,173,1 1,173,1 0,0,0 1,173,1 0,0,0 0,0,0 12,0,2 0,0,0 0,0,0
ADDLINE 1,132,1 1,132,1 12,0,2 1,132,1 1,132,1 1,132,1 1,132,1 1,132,1 1,132,1
ADDLINE 0,0,0 0,0,0 0,0,0 1,152,1 0,0,0 0,0,0 12,0,2 0,0,0 0,0,0
ADDLINE 1,165,1 1,165,1 12,0,2 1,165,1 0,0,0 1,165,1 1,165,1 1,165,1 0,0,0
ADDLINE 0,0,0 1,178,1 0,0,0 1,178,1 0,0,0 1,178,1 1,178,1 1,178,1 12,0,2
ADDLINE 0,0,0 12,0,2 1,204,1 1,204,1 1,204,1 1,408,1 1,408,1 1,408,1 1,204,1
ADDLINE 0,0,0 12,0,2 1,412,1 1,412,1 1,412,1 1,412,1 19,206,1 1,412,1 1,412,1
ADDLINE 0,0,0 12,0,2 1,208,1 1,208,1 1,208,1 1,208,1 1,208,1 1,208,1 1,208,1
0,0,0 1,85,1 12,0,2 0,0,0 1,85,1 1,85,1 1,85,1 1,85,1 1,85,1
0,0,0 1,168,1 1,84,1 0,0,0 12,0,2 1,84,1 1,84,1 1,84,1 1,84,1
17,83,1 1,166,1 12,0,2 1,83,1 0,0,0 0,0,0 1,83,1 1,83,1 1,83,1
1,156,1 1,156,1 12,0,2 1,78,1 1,156,1 1,156,1 1,156,1 1,78,1 1,78,1
1,162,1 1,81,1 12,0,2 1,81,1 1,162,1 20,81,1 0,0,0 0,0,0 1,81,1
0,0,0 12,0,2 0,0,0 1,80,1 1,160,1 1,160,1 1,160,1 0,0,0 0,0,0
0,0,0 0,0,0 0,0,0 0,0,0 0,0,0 0,0,0 0,0,0 0,0,0 0,0,0
0,0,0 0,0,0 0,0,0 0,0,0 0,0,0 0,0,0 0,0,0 0,0,0 0,0,0
0,0,0 0,0,0 0,0,0 0,0,0 0,0,0 0,0,0 0,0,0 0,0,0 0,0,0