MODE 0
BALL 80
STARS 0/5300/7600
ADDLINE 0,0,0 1,95,1 3,95,1 1,95,1 0,0,0 5,95,1 12,0,2 0,0,0 0,0,0
ADDLINE 0,0,0 1,96,1 1,96,1 1,96,1 12,0,2 1,96,1 1,96,1 1,96,1 1,96,1
ADDLINE 0,0,0 2,97,1 1,97,1 3,97,1 12,0,2 1,97,1 1,97,1 0,0,0 0,0,0
ADDLINE 1,102,1 1,102,1 1,102,1 5,102,1 1,102,1 1,102,1 1,102,1 1,102,1 12,0,2
ADDLINE 0,0,0 12,0,2 0,0,0 0,0,0 0,0,0 0,0,0 0,0,0 2,108,1 0,0,0
ADDLINE 1,118,1 1,118,1 1,118,1 4,118,1 1,118,1 4,118,1 12,0,2 1,118,1 0,0,0
ADDLINE 0,0,0 0,0,0 12,0,2 0,0,0 0,0,0 1,128,1 0,0,0 1,128,1 0,0,0
ADDLINE 1,139,1 4,139,1 1,139,1 1,139,1 12,0,2 1,139,1 0,0,0 2,139,1 0,0,0
ADDLINE 0,0,0 0,0,0 0,0,0 1,112,1 0,0,0 5,112,1 12,0,2 1,112,1 0,0,0
ADDLINE 0,0,0 0,0,0 0,0,0 12,0,2 0,0,0 0,0,0 1,123,1 0,0,0 0,0,0
ADDLINE 1,134,1 1,134,1 5,134,1 3,134,1 1,134,1 5,134,1 12,0,2 1,134,1 0,0,0
ADDLINE 1,145,1 1,145,1 1,145,1 1,145,1 1,145,1 2,145,1 12,0,2 1,145,1 0,0,0
ADDLINE 1,116,1 4,116,1 1,116,1 12,0,2 0,0,0 0,0,0 1,116,1 1,116,1 1,116,1
ADDLINE 1,128,1 3,128,1 1,128,1 1,128,1 1,128,1 0,0,0 0,0,0 12,0,2 0,0,0
ADDLINE 2,139,1 1,139,1 1,139,1 1,139,1 1,139,1 12,0,2 1,139,1 4,139,1 0,0,0
ADDLINE 1,150,1 0,0,0 12,0,2 1,150,1 5,150,1 1,150,1 1,150,1 0,0,0 1,150,1
ADDLINE 1,121,1 0,0,0 12,0,2 1,121,1 2,121,1 1,121,1 4,121,1 0,0,0 0,0,0
ADDLINE 1,132,1 2,132,1 12,0,2 0,0,0 1,132,1 1,132,1 1,132,1 0,0,0 0,0,0
ADDLINE 1,144,1 1,144,1 1,144,1 1,144,1 12,0,2 0,0,0 1,144,1 1,144,1 1,144,1
ADDLINE 2,156,1 1,156,1 3,156,1 1,156,1 0,0,0 12,0,2 0,0,0 0,0,0 1,156,1
ADDLINE 1,125,1 1,125,1 1,125,1 0,0,0 1,125,1 5,125,1 12,0,2 0,0,0 2,125,1
ADDLINE 1,137,1 0,0,0 0,0,0 12,0,2 2,137,1 0,0,0 0,0,0 1,137,1 1,137,1
ADDLINE 0,0,0 0,0,0 1,149,1 1,149,1 1,149,1 12,0,2 1,149,1 3,149,1 5,149,1
ADDLINE 0,0,0 1,162,1 1,162,1 0,0,0 12,0,2 0,0,0 1,162,1 1,162,1 5,162,1
ADDLINE 0,0,0 1,130,1 0,0,0 12,0,2 1,130,1 2,130,1 1,130,1 1,130,1 3,130,1
ADDLINE 0,0,0 1,142,1 12,0,2 1,142,1 1,142,1 1,142,1 4,142,1 1,142,1 2,142,1
ADDLINE 0,0,0 12,0,2 0,0,0 1,154,1 3,154,1 1,154,1 1,154,1 1,154,1 1,154,1
ADDLINE 1,167,1 1,167,1 12,0,2 1,167,1 0,0,0 3,167,1 1,167,1 4,167,1 3,167,1
ADDLINE 0,0,0 5,134,1 0,0,0 1,134,1 0,0,0 0,0,0 12,0,2 0,0,0 0,0,0
ADDLINE 1,147,1 1,147,1 12,0,2 1,147,1 1,147,1 1,147,1 1,147,1 1,147,1 0,0,0
ADDLINE 0,0,0 0,0,0 0,0,0 0,0,0 0,0,0 1,160,1 1,160,1 4,160,1 12,0,2
ADDLINE 0,0,0 1,173,1 1,173,1 1,173,1 1,173,1 1,173,1 1,173,1 3,173,1 12,0,2
ADDLINE 0,0,0 5,138,1 0,0,0 1,138,1 12,0,2 3,138,1 1,138,1 1,138,1 0,0,0
ADDLINE 0,0,0 1,152,1 0,0,0 1,152,1 12,0,2 1,152,1 1,152,1 4,152,1 0,0,0
ADDLINE 0,0,0 1,165,1 0,0,0 12,0,2 0,0,0 3,165,1 0,0,0 0,0,0 0,0,0
ADDLINE 0,0,0 1,178,1 1,178,1 1,178,1 1,178,1 5,178,1 0,0,0 1,178,1 12,0,2
ADDLINE 1,204,1 1,204,1 3,204,1 1,204,1 1,204,1 12,0,2 1,204,1 0,0,0 0,0,0
ADDLINE 1,206,1 1,206,1 1,206,1 3,206,1 1,206,1 0,0,0 0,0,0 12,0,2 0,0,0
ADDLINE 4,208,1 1,208,1 1,208,1 1,208,1 1,208,1 2,208,1 1,208,1 12,0,2 0,0,0
1,85,1 1,85,1 1,85,1 1,85,1 1,85,1 0,0,0 0,0,0 12,0,2 0,0,0
2,84,1 1,84,1 1,84,1 1,84,1 1,84,1 12,0,2 1,84,1 1,84,1 0,0,0
1,83,1 4,83,1 1,83,1 3,83,1 12,0,2 0,0,0 4,83,1 1,83,1 0,0,0
0,0,0 0,0,0 12,0,2 0,0,0 0,0,0 1,82,1 0,0,0 1,82,1 0,0,0
0,0,0 1,81,1 4,81,1 1,81,1 1,81,1 1,81,1 12,0,2 0,0,0 0,0,0
0,0,0 12,0,2 1,80,1 5,80,1 2,80,1 1,80,1 1,80,1 1,80,1 0,0,0
0,0,0 0,0,0 0,0,0 0,0,0 0,0,0 0,0,0 0,0,0 0,0,0 0,0,0
0,0,0 0,0,0 0,0,0 0,0,0 0,0,0 0,0,0 0,0,0 0,0,0 0,0,0
0,0,0 0,0,0 0,0,0 0,0,0 0,0,0 0,0,0 0,0,0 0,0,0 0,0,0