MODE 0
BALL 80
STARS 0/6100/8500
ADDLINE 0,0,0 0,0,0 12,0,2 0,0,0 1,95,1 2,95,1 1,95,1 0,0,0 1,95,1
ADDLINE 1,96,1 0,0,0 1,96,1 4,96,1 12,0,2 1,96,1 0,0,0 0,0,0 1,96,1
ADDLINE 1,97,1 0,0,0 3,97,1 0,0,0 0,0,0 12,0,2 0,0,0 0,0,0 0,0,0
ADDLINE 1,107,1 12,0,2 1,107,1 0,0,0 1,107,1 1,107,1 5,107,1 1,107,1 0,0,0
ADDLINE 1,108,1 0,0,0 1,108,1 12,0,2 1,108,1 1,108,1 4,108,1 1,108,1 0,0,0
ADDLINE 3,118,1 0,0,0 12,0,2 0,0,0 0,0,0 0,0,0 0,0,0 0,0,0 0,0,0
ADDLINE 1,122,1 1,122,1 1,122,1 12,0,2 1,122,1 1,122,1 1,122,1 1,244,1 1,244,1
ADDLINE 1,278,1 1,278,1 1,278,1 0,0,0 0,0,0 0,0,0 1,278,1 12,0,2 10,0,2
ADDLINE 1,112,1 1,112,1 2,112,1 3,112,1 12,0,2 0,0,0 4,112,1 0,0,0 1,224,1
ADDLINE 0,0,0 12,0,2 4,123,1 1,123,1 1,123,1 1,123,1 0,0,0 0,0,0 0,0,0
ADDLINE 2,134,1 1,134,1 1,134,1 12,0,2 1,134,1 3,134,1 4,134,1 1,134,1 0,0,0
ADDLINE 1,145,1 1,145,1 1,145,1 0,0,0 1,145,1 1,145,1 1,145,1 12,0,2 0,0,0
ADDLINE 1,111,1 1,111,1 1,111,1 5,111,1 1,111,1 1,111,1 3,111,1 12,0,2 1,111,1
ADDLINE 1,128,1 1,128,1 5,128,1 12,0,2 2,128,1 1,128,1 1,128,1 0,0,0 1,128,1
ADDLINE 2,139,1 1,139,1 1,139,1 12,0,2 1,139,1 3,139,1 1,139,1 0,0,0 1,139,1
ADDLINE 1,150,1 0,0,0 0,0,0 0,0,0 0,0,0 0,0,0 12,0,2 0,0,0 4,150,1
ADDLINE 1,115,1 12,0,2 1,115,1 5,115,1 1,115,1 3,115,1 4,115,1 1,115,1 1,115,1
ADDLINE 1,132,1 0,0,0 0,0,0 12,0,2 1,132,1 1,132,1 1,264,1 11,0,2 1,132,1
ADDLINE 2,137,1 1,137,1 1,137,1 5,137,1 1,137,1 12,0,2 1,274,1 1,274,1 1,137,1
ADDLINE 1,148,1 2,148,1 1,148,1 1,148,1 1,148,1 12,0,2 4,148,1 5,148,1 4,148,1
ADDLINE 1,119,1 1,119,1 1,119,1 1,119,1 1,119,1 12,0,2 1,119,1 1,119,1 1,119,1
ADDLINE 1,274,1 0,0,0 0,0,0 12,0,2 8,0,2 0,0,0 1,274,1 1,274,1 1,274,1
ADDLINE 5,142,1 1,142,1 1,142,1 12,0,2 1,284,1 1,284,1 1,284,1 1,142,1 1,142,1
ADDLINE 1,324,1 12,0,2 1,324,1 0,0,0 1,324,1 10,0,2 0,0,0 0,0,0 0,0,0
ADDLINE 1,260,1 12,0,2 1,260,1 0,0,0 1,260,1 1,260,1 1,260,1 10,0,2 1,260,1
ADDLINE 0,0,0 0,0,0 1,142,1 0,0,0 1,142,1 1,142,1 1,284,1 12,0,2 1,142,1
ADDLINE 1,154,1 12,0,2 3,154,1 0,0,0 1,154,1 4,154,1 1,154,1 0,0,0 1,154,1
ADDLINE 0,0,0 12,0,2 0,0,0 0,0,0 5,167,1 4,167,1 1,167,1 0,0,0 11,0,2
ADDLINE 7,0,2 1,268,1 1,134,1 0,0,0 1,134,1 1,134,1 1,134,1 12,0,2 1,268,1
ADDLINE 1,294,1 1,294,1 1,147,1 12,0,2 1,147,1 1,147,1 1,294,1 11,0,2 0,0,0
ADDLINE 0,0,0 0,0,0 0,0,0 12,0,2 0,0,0 0,0,0 0,0,0 0,0,0 4,160,1
ADDLINE 1,164,1 3,164,1 1,164,1 1,164,1 1,164,1 1,164,1 12,0,2 1,164,1 1,164,1
ADDLINE 1,138,1 1,138,1 2,138,1 0,0,0 12,0,2 0,0,0 0,0,0 1,138,1 0,0,0
ADDLINE 0,0,0 0,0,0 0,0,0 0,0,0 0,0,0 1,152,1 1,152,1 3,152,1 12,0,2
ADDLINE 0,0,0 12,0,2 4,165,1 1,165,1 1,165,1 1,165,1 1,165,1 4,165,1 0,0,0
ADDLINE 0,0,0 0,0,0 1,178,1 5,178,1 1,178,1 1,178,1 1,178,1 0,0,0 12,0,2
ADDLINE 1,204,1 12,0,2 1,204,1 4,204,1 1,204,1 1,204,1 3,204,1 0,0,0 1,204,1
ADDLINE 1,412,1 12,0,2 1,412,1 1,412,1 1,412,1 1,412,1 1,412,1 8,0,2 1,412,1
ADDLINE 0,0,0 0,0,0 0,0,0 0,0,0 0,0,0 12,0,2 1,416,1 10,0,2 1,416,1
1,81,1 12,0,2 1,81,1 1,81,1 1,81,1 1,81,1 4,81,1 1,81,1 1,81,1
0,0,0 12,0,2 0,0,0 0,0,0 0,0,0 0,0,0 1,84,1 0,0,0 0,0,0
1,83,1 12,0,2 1,83,1 1,83,1 2,83,1 2,83,1 1,83,1 0,0,0 5,83,1
0,0,0 0,0,0 1,82,1 5,82,1 5,82,1 1,82,1 1,82,1 12,0,2 1,82,1
1,78,1 1,78,1 1,78,1 3,78,1 1,78,1 1,78,1 3,78,1 12,0,2 1,78,1
1,80,1 12,0,2 2,80,1 1,80,1 1,80,1 1,80,1 1,80,1 0,0,0 1,80,1
0,0,0 0,0,0 0,0,0 0,0,0 0,0,0 0,0,0 0,0,0 0,0,0 0,0,0
0,0,0 0,0,0 0,0,0 0,0,0 0,0,0 0,0,0 0,0,0 0,0,0 0,0,0
0,0,0 0,0,0 0,0,0 0,0,0 0,0,0 0,0,0 0,0,0 0,0,0 0,0,0