MODE 0
BALL 80
STARS 0/5400/7900
ADDLINE 4,95,1 1,95,1 12,0,2 1,95,1 0,0,0 1,95,1 2,95,1 5,95,1 1,95,1
ADDLINE 1,96,1 1,96,1 0,0,0 1,96,1 0,0,0 12,0,2 0,0,0 0,0,0 0,0,0
ADDLINE 1,97,1 1,97,1 12,0,2 1,97,1 1,97,1 1,97,1 2,97,1 1,97,1 0,0,0
ADDLINE 1,107,1 1,107,1 0,0,0 1,107,1 0,0,0 12,0,2 0,0,0 0,0,0 0,0,0
ADDLINE 5,108,1 1,108,1 12,0,2 1,108,1 0,0,0 1,108,1 3,108,1 2,108,1 1,108,1
ADDLINE 0,0,0 12,0,2 0,0,0 1,118,1 0,0,0 1,118,1 1,118,1 5,118,1 0,0,0
ADDLINE 1,128,1 1,128,1 1,128,1 1,128,1 12,0,2 5,128,1 1,128,1 1,128,1 0,0,0
ADDLINE 0,0,0 0,0,0 0,0,0 1,139,1 0,0,0 0,0,0 12,0,2 4,139,1 0,0,0
ADDLINE 1,112,1 3,112,1 12,0,2 1,112,1 0,0,0 1,112,1 3,112,1 1,112,1 0,0,0
ADDLINE 0,0,0 0,0,0 0,0,0 0,0,0 1,123,1 1,123,1 1,123,1 0,0,0 12,0,2
ADDLINE 0,0,0 1,134,1 1,134,1 2,134,1 2,134,1 1,134,1 1,134,1 1,134,1 12,0,2
ADDLINE 0,0,0 5,145,1 1,145,1 3,145,1 1,145,1 1,145,1 1,145,1 1,145,1 12,0,2
ADDLINE 0,0,0 1,116,1 1,116,1 1,116,1 4,116,1 2,116,1 5,116,1 12,0,2 0,0,0
ADDLINE 0,0,0 0,0,0 12,0,2 0,0,0 1,128,1 1,128,1 0,0,0 0,0,0 1,128,1
ADDLINE 1,139,1 1,139,1 1,139,1 0,0,0 0,0,0 12,0,2 0,0,0 0,0,0 0,0,0
ADDLINE 1,150,1 2,150,1 3,150,1 12,0,2 1,150,1 3,150,1 1,150,1 1,150,1 0,0,0
ADDLINE 1,121,1 2,121,1 1,121,1 12,0,2 1,121,1 1,121,1 1,121,1 1,121,1 0,0,0
ADDLINE 1,132,1 1,132,1 1,132,1 12,0,2 4,132,1 1,132,1 1,132,1 0,0,0 0,0,0
ADDLINE 1,144,1 1,144,1 2,144,1 4,144,1 2,144,1 1,144,1 0,0,0 12,0,2 0,0,0
ADDLINE 5,156,1 1,156,1 1,156,1 1,156,1 0,0,0 12,0,2 0,0,0 1,156,1 0,0,0
ADDLINE 1,119,1 1,119,1 1,119,1 1,119,1 1,119,1 1,119,1 1,119,1 4,119,1 12,0,2
ADDLINE 1,137,1 1,137,1 1,137,1 12,0,2 0,0,0 0,0,0 0,0,0 1,137,1 0,0,0
ADDLINE 1,149,1 2,149,1 3,149,1 0,0,0 1,149,1 1,149,1 12,0,2 0,0,0 0,0,0
ADDLINE 5,162,1 12,0,2 0,0,0 0,0,0 1,162,1 1,162,1 1,162,1 2,162,1 0,0,0
ADDLINE 1,130,1 0,0,0 12,0,2 1,130,1 2,130,1 2,130,1 1,130,1 1,130,1 0,0,0
ADDLINE 0,0,0 1,142,1 0,0,0 1,142,1 1,142,1 1,142,1 1,142,1 5,142,1 12,0,2
ADDLINE 0,0,0 0,0,0 0,0,0 1,154,1 1,154,1 3,154,1 1,154,1 0,0,0 12,0,2
ADDLINE 1,159,1 2,159,1 1,159,1 3,159,1 1,159,1 1,159,1 12,0,2 1,159,1 5,159,1
ADDLINE 1,134,1 1,134,1 0,0,0 0,0,0 12,0,2 1,134,1 0,0,0 0,0,0 0,0,0
ADDLINE 1,147,1 1,147,1 12,0,2 1,147,1 1,147,1 1,147,1 3,147,1 1,147,1 0,0,0
ADDLINE 4,160,1 5,160,1 0,0,0 0,0,0 0,0,0 12,0,2 0,0,0 1,160,1 0,0,0
ADDLINE 1,173,1 1,173,1 12,0,2 3,173,1 1,173,1 1,173,1 1,173,1 1,173,1 0,0,0
ADDLINE 0,0,0 0,0,0 0,0,0 1,138,1 0,0,0 0,0,0 12,0,2 0,0,0 0,0,0
ADDLINE 1,152,1 1,152,1 12,0,2 1,152,1 2,152,1 1,152,1 0,0,0 1,152,1 1,152,1
ADDLINE 0,0,0 1,165,1 0,0,0 3,165,1 0,0,0 5,165,1 0,0,0 1,165,1 12,0,2
ADDLINE 1,178,1 1,178,1 12,0,2 1,178,1 0,0,0 1,178,1 0,0,0 2,178,1 0,0,0
ADDLINE 1,194,1 2,194,1 5,194,1 12,0,2 1,194,1 1,194,1 1,194,1 1,194,1 1,194,1
ADDLINE 1,206,1 12,0,2 0,0,0 0,0,0 1,206,1 5,206,1 3,206,1 1,206,1 1,206,1
ADDLINE 0,0,0 12,0,2 1,208,1 1,208,1 3,208,1 1,208,1 1,208,1 1,208,1 1,208,1
1,85,1 5,85,1 12,0,2 0,0,0 0,0,0 1,85,1 2,85,1 1,85,1 1,85,1
0,0,0 0,0,0 0,0,0 12,0,2 0,0,0 3,84,1 1,84,1 1,84,1 1,84,1
0,0,0 12,0,2 5,83,1 1,83,1 0,0,0 1,83,1 1,83,1 1,83,1 1,83,1
4,82,1 12,0,2 1,82,1 1,82,1 0,0,0 3,82,1 1,82,1 1,82,1 2,82,1
0,0,0 0,0,0 1,81,1 4,81,1 12,0,2 1,81,1 1,81,1 1,81,1 1,81,1
0,0,0 1,80,1 12,0,2 0,0,0 0,0,0 0,0,0 1,80,1 1,80,1 1,80,1
0,0,0 0,0,0 0,0,0 0,0,0 0,0,0 0,0,0 0,0,0 0,0,0 0,0,0
0,0,0 0,0,0 0,0,0 0,0,0 0,0,0 0,0,0 0,0,0 0,0,0 0,0,0
0,0,0 0,0,0 0,0,0 0,0,0 0,0,0 0,0,0 0,0,0 0,0,0 0,0,0