MODE 0
BALL 80
STARS 0/5700/8200
ADDLINE 3,95,1 1,95,1 1,95,1 12,0,2 0,0,0 0,0,0 4,95,1 1,95,1 0,0,0
ADDLINE 1,96,1 0,0,0 12,0,2 0,0,0 1,96,1 0,0,0 0,0,0 0,0,0 0,0,0
ADDLINE 1,97,1 0,0,0 0,0,0 12,0,2 1,97,1 0,0,0 1,97,1 2,97,1 1,97,1
ADDLINE 1,102,1 4,102,1 1,102,1 1,102,1 3,102,1 1,102,1 12,0,2 1,102,1 1,102,1
ADDLINE 0,0,0 0,0,0 0,0,0 0,0,0 0,0,0 12,0,2 0,0,0 3,108,1 1,108,1
ADDLINE 0,0,0 12,0,2 1,118,1 1,118,1 1,118,1 1,118,1 0,0,0 0,0,0 5,118,1
ADDLINE 1,128,1 0,0,0 0,0,0 0,0,0 12,0,2 0,0,0 1,128,1 0,0,0 4,128,1
ADDLINE 1,139,1 3,139,1 1,139,1 1,139,1 1,139,1 12,0,2 1,139,1 0,0,0 0,0,0
ADDLINE 1,112,1 1,112,1 5,112,1 1,112,1 12,0,2 0,0,0 4,112,1 0,0,0 0,0,0
ADDLINE 1,117,1 1,117,1 1,117,1 12,0,2 1,117,1 4,117,1 1,117,1 1,117,1 1,117,1
ADDLINE 1,127,1 3,127,1 1,127,1 12,0,2 1,127,1 5,127,1 1,127,1 1,127,1 1,127,1
ADDLINE 1,138,1 4,138,1 1,138,1 12,0,2 1,138,1 1,138,1 5,138,1 1,138,1 3,138,1
ADDLINE 1,111,1 1,111,1 1,111,1 12,0,2 1,111,1 1,111,1 1,111,1 1,111,1 4,111,1
ADDLINE 0,0,0 0,0,0 0,0,0 12,0,2 1,128,1 0,0,0 0,0,0 0,0,0 2,128,1
ADDLINE 1,139,1 1,139,1 1,139,1 2,139,1 5,139,1 12,0,2 1,139,1 0,0,0 1,139,1
ADDLINE 4,150,1 1,150,1 1,150,1 12,0,2 0,0,0 0,0,0 1,150,1 0,0,0 1,150,1
ADDLINE 1,121,1 1,121,1 1,121,1 12,0,2 1,121,1 5,121,1 1,121,1 0,0,0 3,121,1
ADDLINE 0,0,0 0,0,0 0,0,0 12,0,2 0,0,0 0,0,0 1,132,1 0,0,0 0,0,0
ADDLINE 1,144,1 1,144,1 1,144,1 2,144,1 1,144,1 12,0,2 0,0,0 0,0,0 0,0,0
ADDLINE 1,148,1 1,148,1 1,148,1 1,148,1 3,148,1 12,0,2 5,148,1 1,148,1 1,148,1
ADDLINE 5,125,1 1,125,1 1,125,1 1,125,1 12,0,2 0,0,0 1,125,1 2,125,1 1,125,1
ADDLINE 1,131,1 1,131,1 5,131,1 3,131,1 12,0,2 1,131,1 2,131,1 1,131,1 1,131,1
ADDLINE 2,149,1 12,0,2 0,0,0 1,149,1 0,0,0 1,149,1 0,0,0 1,149,1 0,0,0
ADDLINE 1,154,1 1,154,1 1,154,1 3,154,1 1,154,1 12,0,2 1,154,1 1,154,1 1,154,1
ADDLINE 0,0,0 0,0,0 1,130,1 12,0,2 1,130,1 0,0,0 4,130,1 0,0,0 1,130,1
ADDLINE 3,142,1 1,142,1 1,142,1 12,0,2 1,142,1 5,142,1 1,142,1 0,0,0 1,142,1
ADDLINE 1,154,1 12,0,2 0,0,0 0,0,0 0,0,0 0,0,0 0,0,0 0,0,0 1,154,1
ADDLINE 0,0,0 0,0,0 12,0,2 1,167,1 1,167,1 1,167,1 0,0,0 0,0,0 0,0,0
ADDLINE 0,0,0 3,134,1 0,0,0 1,134,1 0,0,0 12,0,2 1,134,1 1,134,1 0,0,0
ADDLINE 0,0,0 0,0,0 4,147,1 1,147,1 12,0,2 0,0,0 0,0,0 1,147,1 0,0,0
ADDLINE 0,0,0 12,0,2 1,160,1 3,160,1 1,160,1 1,160,1 1,160,1 0,0,0 0,0,0
ADDLINE 1,173,1 1,173,1 0,0,0 0,0,0 4,173,1 1,173,1 1,173,1 12,0,2 0,0,0
ADDLINE 5,138,1 1,138,1 12,0,2 0,0,0 0,0,0 0,0,0 0,0,0 1,138,1 0,0,0
ADDLINE 1,152,1 1,152,1 1,152,1 1,152,1 1,152,1 1,152,1 12,0,2 1,152,1 0,0,0
ADDLINE 1,165,1 2,165,1 1,165,1 1,165,1 1,165,1 5,165,1 12,0,2 3,165,1 0,0,0
ADDLINE 1,178,1 2,178,1 1,178,1 0,0,0 12,0,2 0,0,0 0,0,0 0,0,0 1,178,1
ADDLINE 0,0,0 0,0,0 0,0,0 5,204,1 1,204,1 0,0,0 1,204,1 0,0,0 12,0,2
ADDLINE 1,196,1 12,0,2 1,196,1 1,196,1 1,196,1 4,196,1 2,196,1 1,196,1 4,196,1
ADDLINE 1,208,1 0,0,0 0,0,0 1,208,1 12,0,2 0,0,0 1,208,1 1,208,1 1,208,1
1,85,1 3,85,1 1,85,1 12,0,2 1,85,1 5,85,1 1,85,1 0,0,0 1,85,1
0,0,0 0,0,0 1,84,1 0,0,0 12,0,2 0,0,0 0,0,0 0,0,0 0,0,0
1,79,1 12,0,2 1,79,1 1,79,1 3,79,1 1,79,1 1,79,1 1,79,1 4,79,1
1,78,1 12,0,2 4,78,1 1,78,1 1,78,1 1,78,1 1,78,1 1,78,1 4,78,1
0,0,0 0,0,0 0,0,0 1,81,1 1,81,1 1,81,1 12,0,2 0,0,0 0,0,0
1,77,1 1,77,1 12,0,2 5,77,1 2,77,1 1,77,1 1,77,1 1,77,1 2,77,1
0,0,0 0,0,0 0,0,0 0,0,0 0,0,0 0,0,0 0,0,0 0,0,0 0,0,0
0,0,0 0,0,0 0,0,0 0,0,0 0,0,0 0,0,0 0,0,0 0,0,0 0,0,0
0,0,0 0,0,0 0,0,0 0,0,0 0,0,0 0,0,0 0,0,0 0,0,0 0,0,0