MODE 0
BALL 50
STARS 0/2200/3200
ADDLINE 1,49,1 12,0,2 1,49,1 0,0,0 0,0,0 1,98,1 1,98,1 0,0,0 1,49,1
ADDLINE 1,45,1 12,0,2 1,45,1 1,45,1 2,45,1 1,45,1 1,45,1 1,45,1 5,45,1
ADDLINE 3,79,1 0,0,0 0,0,0 12,0,2 0,0,0 1,79,1 1,79,1 1,79,1 1,79,1
1,48,1 1,48,1 1,96,1 1,96,1 12,0,2 9,0,2 1,48,1 15,0,2 5,48,1
4,48,1 5,48,1 1,96,1 7,0,2 1,96,1 1,48,1 1,96,1 12,0,2 0,0,0
1,44,1 1,44,1 1,88,1 4,44,1 1,88,1 12,0,2 1,44,1 2,44,1 0,0,0
0,0,0 14,0,2 12,0,2 3,46,1 1,46,1 1,46,1 1,92,1 1,92,1 0,0,0
1,45,1 12,0,2 1,45,1 1,45,1 1,45,1 1,45,1 7,0,2 1,90,1 0,0,0
1,44,1 0,0,0 1,44,1 1,44,1 0,0,0 0,0,0 12,0,2 0,0,0 3,44,1
0,0,0 0,0,0 0,0,0 0,0,0 0,0,0 0,0,0 0,0,0 0,0,0 0,0,0
0,0,0 0,0,0 0,0,0 0,0,0 0,0,0 0,0,0 0,0,0 0,0,0 0,0,0
0,0,0 0,0,0 0,0,0 0,0,0 0,0,0 0,0,0 0,0,0 0,0,0 0,0,0