MODE 0
BALL 80
STARS 0/5900/8400
ADDLINE 0,0,0 1,95,1 1,95,1 1,95,1 1,95,1 0,0,0 12,0,2 7,0,2 1,95,1
ADDLINE 0,0,0 0,0,0 1,96,1 1,96,1 1,96,1 12,0,2 1,192,1 0,0,0 0,0,0
ADDLINE 0,0,0 0,0,0 1,97,1 0,0,0 0,0,0 0,0,0 12,0,2 0,0,0 0,0,0
ADDLINE 0,0,0 1,214,1 1,214,1 0,0,0 0,0,0 1,107,1 12,0,2 1,107,1 1,107,1
ADDLINE 0,0,0 1,216,1 7,0,2 12,0,2 1,108,1 1,108,1 0,0,0 1,108,1 1,108,1
ADDLINE 1,118,1 1,236,1 1,236,1 12,0,2 1,236,1 11,0,2 0,0,0 1,118,1 1,118,1
ADDLINE 0,0,0 1,128,1 0,0,0 1,128,1 0,0,0 12,0,2 1,256,1 1,128,1 1,128,1
ADDLINE 0,0,0 1,278,1 1,278,1 1,278,1 12,0,2 1,278,1 1,278,1 16,139,1 1,278,1
ADDLINE 0,0,0 12,0,2 1,112,1 0,0,0 0,0,0 0,0,0 0,0,0 1,112,1 1,112,1
ADDLINE 1,123,1 12,0,2 1,123,1 0,0,0 1,246,1 0,0,0 1,246,1 1,123,1 1,123,1
ADDLINE 1,134,1 1,268,1 1,268,1 12,0,2 1,268,1 20,134,1 1,268,1 1,134,1 1,134,1
ADDLINE 1,145,1 17,145,1 1,290,1 12,0,2 1,290,1 11,0,2 1,290,1 1,145,1 1,145,1
ADDLINE 1,232,1 1,232,1 1,232,1 12,0,2 1,232,1 8,0,2 1,232,1 1,232,1 1,232,1
ADDLINE 1,128,1 1,256,1 12,0,2 0,0,0 0,0,0 0,0,0 1,256,1 0,0,0 0,0,0
ADDLINE 1,139,1 1,278,1 20,139,1 12,0,2 1,139,1 1,139,1 1,278,1 7,0,2 1,139,1
ADDLINE 0,0,0 12,0,2 1,300,1 8,0,2 1,300,1 1,300,1 1,300,1 0,0,0 1,300,1
ADDLINE 1,242,1 1,242,1 20,121,1 12,0,2 1,121,1 1,121,1 1,121,1 1,121,1 1,121,1
ADDLINE 20,132,1 0,0,0 1,264,1 1,264,1 0,0,0 0,0,0 1,132,1 12,0,2 0,0,0
ADDLINE 1,288,1 1,288,1 12,0,2 1,144,1 0,0,0 1,144,1 0,0,0 1,144,1 1,144,1
ADDLINE 1,156,1 1,156,1 12,0,2 1,312,1 0,0,0 1,156,1 0,0,0 1,156,1 1,156,1
ADDLINE 1,125,1 1,125,1 12,0,2 7,0,2 0,0,0 1,125,1 1,125,1 1,125,1 1,125,1
ADDLINE 1,137,1 1,137,1 0,0,0 1,274,1 0,0,0 12,0,2 0,0,0 0,0,0 0,0,0
ADDLINE 1,298,1 1,298,1 12,0,2 1,298,1 16,149,1 1,298,1 1,298,1 1,298,1 1,298,1
ADDLINE 0,0,0 0,0,0 12,0,2 1,162,1 0,0,0 1,324,1 0,0,0 1,324,1 1,162,1
ADDLINE 12,0,2 1,130,1 1,130,1 1,130,1 1,130,1 1,260,1 17,130,1 1,260,1 1,130,1
ADDLINE 0,0,0 1,284,1 1,142,1 1,142,1 1,142,1 1,284,1 12,0,2 1,284,1 1,142,1
ADDLINE 10,0,2 1,308,1 1,308,1 1,308,1 1,308,1 1,308,1 12,0,2 1,308,1 1,308,1
ADDLINE 0,0,0 1,334,1 1,167,1 12,0,2 0,0,0 0,0,0 0,0,0 0,0,0 0,0,0
ADDLINE 10,0,2 1,268,1 1,268,1 1,268,1 1,268,1 1,268,1 0,0,0 1,268,1 12,0,2
ADDLINE 0,0,0 0,0,0 12,0,2 1,147,1 1,147,1 1,147,1 0,0,0 0,0,0 1,147,1
ADDLINE 1,160,1 1,160,1 1,160,1 1,160,1 0,0,0 0,0,0 12,0,2 0,0,0 1,160,1
ADDLINE 0,0,0 12,0,2 1,346,1 0,0,0 0,0,0 1,173,1 0,0,0 0,0,0 1,173,1
ADDLINE 0,0,0 1,276,1 20,138,1 1,276,1 0,0,0 0,0,0 12,0,2 1,138,1 1,138,1
ADDLINE 1,304,1 12,0,2 16,152,1 1,304,1 1,304,1 11,0,2 1,304,1 1,304,1 1,304,1
ADDLINE 1,165,1 0,0,0 12,0,2 1,330,1 1,330,1 0,0,0 1,330,1 1,165,1 1,165,1
ADDLINE 1,356,1 1,356,1 8,0,2 19,178,1 1,356,1 12,0,2 0,0,0 1,356,1 1,356,1
ADDLINE 1,408,1 1,408,1 1,408,1 12,0,2 16,204,1 1,408,1 1,408,1 1,408,1 1,408,1
ADDLINE 0,0,0 0,0,0 1,206,1 12,0,2 1,206,1 1,206,1 1,206,1 1,206,1 1,206,1
ADDLINE 1,198,1 1,198,1 1,198,1 12,0,2 1,198,1 1,198,1 1,198,1 1,198,1 1,198,1
1,170,1 12,0,2 1,170,1 16,85,1 1,170,1 0,0,0 1,170,1 1,170,1 1,170,1
1,168,1 12,0,2 0,0,0 16,84,1 0,0,0 0,0,0 1,168,1 1,168,1 1,168,1
1,83,1 12,0,2 1,83,1 1,83,1 1,83,1 0,0,0 1,83,1 1,83,1 1,166,1
0,0,0 0,0,0 1,82,1 1,82,1 1,82,1 12,0,2 1,82,1 1,164,1 1,164,1
1,81,1 12,0,2 1,81,1 1,81,1 1,81,1 1,81,1 1,81,1 1,162,1 17,81,1
1,80,1 0,0,0 1,80,1 1,80,1 1,80,1 0,0,0 12,0,2 1,160,1 0,0,0
0,0,0 0,0,0 0,0,0 0,0,0 0,0,0 0,0,0 0,0,0 0,0,0 0,0,0
0,0,0 0,0,0 0,0,0 0,0,0 0,0,0 0,0,0 0,0,0 0,0,0 0,0,0
0,0,0 0,0,0 0,0,0 0,0,0 0,0,0 0,0,0 0,0,0 0,0,0 0,0,0