MODE 0
BALL 80
STARS 0/5700/8200
ADDLINE 4,90,1 1,180,1 12,0,2 1,180,1 1,180,1 1,180,1 1,90,1 1,90,1 1,90,1
ADDLINE 1,192,1 0,0,0 12,0,2 0,0,0 10,0,2 0,0,0 0,0,0 0,0,0 1,192,1
ADDLINE 1,194,1 12,0,2 1,194,1 1,194,1 1,194,1 1,194,1 1,194,1 10,0,2 1,194,1
ADDLINE 1,107,1 0,0,0 4,107,1 12,0,2 0,0,0 0,0,0 1,214,1 0,0,0 1,107,1
ADDLINE 1,108,1 12,0,2 1,108,1 1,108,1 2,108,1 0,0,0 1,108,1 0,0,0 1,108,1
ADDLINE 1,118,1 0,0,0 12,0,2 0,0,0 3,118,1 0,0,0 0,0,0 0,0,0 1,118,1
ADDLINE 1,122,1 12,0,2 1,244,1 1,244,1 1,244,1 1,122,1 4,122,1 1,122,1 1,122,1
ADDLINE 0,0,0 0,0,0 1,278,1 7,0,2 1,278,1 0,0,0 0,0,0 12,0,2 0,0,0
ADDLINE 1,112,1 12,0,2 1,224,1 1,224,1 1,224,1 0,0,0 1,112,1 1,112,1 3,112,1
ADDLINE 1,246,1 12,0,2 0,0,0 1,123,1 0,0,0 2,123,1 1,123,1 3,123,1 1,123,1
ADDLINE 7,0,2 12,0,2 1,134,1 1,134,1 0,0,0 1,134,1 1,134,1 4,134,1 1,134,1
ADDLINE 0,0,0 0,0,0 0,0,0 0,0,0 12,0,2 0,0,0 4,145,1 1,145,1 1,145,1
ADDLINE 1,116,1 3,116,1 12,0,2 1,116,1 0,0,0 0,0,0 1,116,1 3,116,1 1,116,1
ADDLINE 1,128,1 1,128,1 12,0,2 1,128,1 0,0,0 1,128,1 1,128,1 5,128,1 4,128,1
ADDLINE 1,139,1 1,139,1 0,0,0 12,0,2 0,0,0 1,139,1 1,139,1 1,278,1 1,278,1
ADDLINE 2,150,1 1,150,1 0,0,0 12,0,2 0,0,0 0,0,0 1,150,1 1,300,1 7,0,2
ADDLINE 1,121,1 4,121,1 1,121,1 0,0,0 12,0,2 0,0,0 0,0,0 1,242,1 1,242,1
ADDLINE 1,264,1 1,264,1 1,264,1 0,0,0 8,0,2 12,0,2 0,0,0 1,264,1 1,264,1
ADDLINE 1,144,1 4,144,1 1,144,1 1,144,1 12,0,2 0,0,0 1,144,1 3,144,1 0,0,0
ADDLINE 3,156,1 1,156,1 1,156,1 1,156,1 1,156,1 0,0,0 0,0,0 12,0,2 0,0,0
ADDLINE 1,119,1 5,119,1 1,119,1 1,119,1 5,119,1 1,119,1 1,119,1 1,119,1 12,0,2
ADDLINE 1,137,1 1,137,1 1,137,1 1,137,1 2,137,1 12,0,2 0,0,0 1,274,1 0,0,0
ADDLINE 1,298,1 1,298,1 1,298,1 1,298,1 0,0,0 1,298,1 1,298,1 12,0,2 10,0,2
ADDLINE 1,324,1 1,324,1 10,0,2 0,0,0 0,0,0 1,324,1 1,324,1 12,0,2 0,0,0
ADDLINE 1,130,1 1,260,1 0,0,0 1,260,1 1,130,1 4,130,1 1,130,1 12,0,2 0,0,0
ADDLINE 2,142,1 1,142,1 12,0,2 1,142,1 0,0,0 0,0,0 0,0,0 1,142,1 0,0,0
ADDLINE 1,154,1 1,154,1 0,0,0 0,0,0 0,0,0 0,0,0 12,0,2 0,0,0 0,0,0
ADDLINE 0,0,0 1,167,1 0,0,0 1,167,1 0,0,0 12,0,2 0,0,0 0,0,0 0,0,0
ADDLINE 0,0,0 1,134,1 12,0,2 1,134,1 1,134,1 1,134,1 2,134,1 1,134,1 1,134,1
ADDLINE 0,0,0 3,147,1 0,0,0 0,0,0 0,0,0 0,0,0 0,0,0 0,0,0 12,0,2
ADDLINE 0,0,0 5,160,1 3,160,1 1,160,1 2,160,1 1,160,1 1,160,1 1,160,1 12,0,2
ADDLINE 0,0,0 0,0,0 12,0,2 1,173,1 0,0,0 0,0,0 0,0,0 0,0,0 0,0,0
ADDLINE 1,132,1 3,132,1 12,0,2 1,264,1 1,264,1 1,132,1 1,132,1 1,132,1 1,132,1
ADDLINE 1,152,1 1,152,1 12,0,2 7,0,2 0,0,0 1,152,1 3,152,1 4,152,1 1,152,1
ADDLINE 1,314,1 1,314,1 12,0,2 1,314,1 1,314,1 1,157,1 1,157,1 1,157,1 2,157,1
ADDLINE 7,0,2 0,0,0 12,0,2 1,178,1 0,0,0 0,0,0 0,0,0 0,0,0 0,0,0
ADDLINE 1,408,1 1,408,1 0,0,0 5,204,1 1,204,1 12,0,2 0,0,0 0,0,0 1,204,1
ADDLINE 0,0,0 12,0,2 0,0,0 1,412,1 0,0,0 0,0,0 1,206,1 4,206,1 1,206,1
ADDLINE 0,0,0 12,0,2 1,208,1 1,416,1 7,0,2 1,416,1 1,208,1 1,208,1 1,208,1
0,0,0 12,0,2 19,85,1 1,170,1 1,170,1 1,170,1 1,170,1 1,170,1 1,170,1
0,0,0 1,168,1 12,0,2 1,168,1 1,168,1 3,84,1 1,84,1 1,84,1 1,84,1
0,0,0 1,83,1 0,0,0 0,0,0 12,0,2 1,166,1 1,83,1 1,83,1 2,83,1
0,0,0 0,0,0 1,164,1 1,164,1 19,82,1 12,0,2 1,164,1 1,164,1 1,164,1
1,81,1 0,0,0 0,0,0 0,0,0 12,0,2 1,162,1 0,0,0 1,81,1 1,81,1
5,77,1 2,77,1 1,154,1 1,77,1 1,154,1 3,77,1 12,0,2 1,77,1 1,77,1
0,0,0 0,0,0 0,0,0 0,0,0 0,0,0 0,0,0 0,0,0 0,0,0 0,0,0
0,0,0 0,0,0 0,0,0 0,0,0 0,0,0 0,0,0 0,0,0 0,0,0 0,0,0
0,0,0 0,0,0 0,0,0 0,0,0 0,0,0 0,0,0 0,0,0 0,0,0 0,0,0