MODE 0
BALL 80
STARS 0/5400/7800
ADDLINE 3,95,1 1,95,1 0,0,0 0,0,0 0,0,0 12,0,2 0,0,0 1,95,1 0,0,0
ADDLINE 1,96,1 4,96,1 1,96,1 1,96,1 1,96,1 1,96,1 12,0,2 1,96,1 0,0,0
ADDLINE 5,97,1 3,97,1 1,97,1 0,0,0 12,0,2 1,97,1 0,0,0 0,0,0 0,0,0
ADDLINE 1,102,1 1,102,1 1,102,1 12,0,2 5,102,1 5,102,1 1,102,1 1,102,1 4,102,1
ADDLINE 1,108,1 1,108,1 1,108,1 0,0,0 0,0,0 12,0,2 0,0,0 0,0,0 0,0,0
ADDLINE 0,0,0 0,0,0 0,0,0 12,0,2 1,118,1 2,118,1 1,118,1 0,0,0 0,0,0
ADDLINE 0,0,0 1,128,1 4,128,1 1,128,1 1,128,1 1,128,1 0,0,0 12,0,2 1,128,1
ADDLINE 0,0,0 0,0,0 0,0,0 0,0,0 1,139,1 3,139,1 12,0,2 1,139,1 0,0,0
ADDLINE 5,112,1 1,112,1 1,112,1 1,112,1 0,0,0 12,0,2 0,0,0 0,0,0 0,0,0
ADDLINE 1,123,1 5,123,1 1,123,1 12,0,2 4,123,1 0,0,0 1,123,1 2,123,1 1,123,1
ADDLINE 1,134,1 0,0,0 12,0,2 0,0,0 1,134,1 0,0,0 1,134,1 4,134,1 1,134,1
ADDLINE 5,145,1 12,0,2 1,145,1 1,145,1 1,145,1 0,0,0 1,145,1 1,145,1 1,145,1
ADDLINE 1,116,1 12,0,2 2,116,1 1,116,1 3,116,1 0,0,0 1,116,1 4,116,1 1,116,1
ADDLINE 1,128,1 12,0,2 1,128,1 1,128,1 1,128,1 0,0,0 2,128,1 1,128,1 1,128,1
ADDLINE 1,139,1 12,0,2 3,139,1 1,139,1 1,139,1 0,0,0 1,139,1 0,0,0 0,0,0
ADDLINE 1,150,1 12,0,2 1,150,1 1,150,1 1,150,1 0,0,0 5,150,1 5,150,1 1,150,1
ADDLINE 1,121,1 0,0,0 2,121,1 12,0,2 0,0,0 0,0,0 4,121,1 2,121,1 1,121,1
ADDLINE 1,126,1 1,126,1 1,126,1 1,126,1 1,126,1 12,0,2 1,126,1 1,126,1 1,126,1
ADDLINE 0,0,0 0,0,0 12,0,2 0,0,0 5,144,1 1,144,1 2,144,1 0,0,0 2,144,1
ADDLINE 1,148,1 5,148,1 1,148,1 1,148,1 1,148,1 1,148,1 4,148,1 12,0,2 1,148,1
ADDLINE 1,125,1 1,125,1 1,125,1 12,0,2 1,125,1 1,125,1 1,125,1 0,0,0 1,125,1
ADDLINE 5,137,1 3,137,1 1,137,1 12,0,2 1,137,1 1,137,1 1,137,1 0,0,0 1,137,1
ADDLINE 1,149,1 1,149,1 1,149,1 0,0,0 0,0,0 0,0,0 1,149,1 12,0,2 0,0,0
ADDLINE 1,162,1 1,162,1 4,162,1 12,0,2 3,162,1 0,0,0 1,162,1 1,162,1 1,162,1
ADDLINE 0,0,0 0,0,0 2,130,1 0,0,0 1,130,1 12,0,2 1,130,1 1,130,1 3,130,1
ADDLINE 1,135,1 1,135,1 4,135,1 12,0,2 1,135,1 1,135,1 1,135,1 1,135,1 4,135,1
ADDLINE 1,154,1 1,154,1 1,154,1 12,0,2 1,154,1 0,0,0 0,0,0 0,0,0 0,0,0
ADDLINE 0,0,0 1,167,1 12,0,2 3,167,1 1,167,1 1,167,1 1,167,1 1,167,1 1,167,1
ADDLINE 0,0,0 12,0,2 0,0,0 0,0,0 0,0,0 0,0,0 0,0,0 5,134,1 1,134,1
ADDLINE 1,147,1 12,0,2 0,0,0 3,147,1 2,147,1 1,147,1 0,0,0 1,147,1 1,147,1
ADDLINE 1,160,1 0,0,0 1,160,1 1,160,1 0,0,0 12,0,2 0,0,0 3,160,1 1,160,1
ADDLINE 2,173,1 0,0,0 0,0,0 12,0,2 0,0,0 4,173,1 1,173,1 0,0,0 0,0,0
ADDLINE 1,138,1 1,138,1 0,0,0 0,0,0 0,0,0 12,0,2 0,0,0 0,0,0 1,138,1
ADDLINE 1,152,1 1,152,1 12,0,2 1,152,1 1,152,1 2,152,1 2,152,1 0,0,0 1,152,1
ADDLINE 1,165,1 12,0,2 0,0,0 5,165,1 1,165,1 1,165,1 1,165,1 0,0,0 0,0,0
ADDLINE 0,0,0 1,178,1 1,178,1 1,178,1 1,178,1 0,0,0 12,0,2 0,0,0 4,178,1
ADDLINE 5,194,1 1,194,1 1,194,1 1,194,1 12,0,2 1,194,1 1,194,1 1,194,1 3,194,1
ADDLINE 0,0,0 1,206,1 12,0,2 0,0,0 1,206,1 1,206,1 1,206,1 0,0,0 5,206,1
ADDLINE 2,198,1 3,198,1 1,198,1 1,198,1 12,0,2 1,198,1 1,198,1 1,198,1 1,198,1
1,85,1 12,0,2 1,85,1 0,0,0 1,85,1 1,85,1 1,85,1 1,85,1 1,85,1
1,84,1 0,0,0 2,84,1 0,0,0 12,0,2 0,0,0 4,84,1 0,0,0 1,84,1
1,83,1 12,0,2 1,83,1 2,83,1 5,83,1 1,83,1 1,83,1 0,0,0 1,83,1
3,82,1 12,0,2 0,0,0 0,0,0 0,0,0 0,0,0 0,0,0 0,0,0 1,82,1
1,81,1 12,0,2 1,81,1 2,81,1 1,81,1 4,81,1 1,81,1 0,0,0 1,81,1
1,80,1 0,0,0 3,80,1 1,80,1 1,80,1 1,80,1 1,80,1 12,0,2 0,0,0
0,0,0 0,0,0 0,0,0 0,0,0 0,0,0 0,0,0 0,0,0 0,0,0 0,0,0
0,0,0 0,0,0 0,0,0 0,0,0 0,0,0 0,0,0 0,0,0 0,0,0 0,0,0
0,0,0 0,0,0 0,0,0 0,0,0 0,0,0 0,0,0 0,0,0 0,0,0 0,0,0