MODE 0
BALL 80
STARS 0/5700/8200
ADDLINE 1,90,1 1,90,1 12,0,2 2,90,1 1,90,1 1,90,1 1,90,1 4,90,1 1,90,1
ADDLINE 0,0,0 0,0,0 0,0,0 0,0,0 0,0,0 1,96,1 0,0,0 0,0,0 12,0,2
ADDLINE 0,0,0 1,97,1 1,97,1 1,97,1 0,0,0 2,97,1 12,0,2 3,97,1 1,97,1
ADDLINE 0,0,0 1,107,1 1,107,1 1,107,1 0,0,0 1,107,1 0,0,0 12,0,2 0,0,0
ADDLINE 0,0,0 1,108,1 1,108,1 1,108,1 0,0,0 4,108,1 12,0,2 1,108,1 1,108,1
ADDLINE 0,0,0 3,118,1 0,0,0 0,0,0 0,0,0 3,118,1 12,0,2 1,118,1 2,118,1
ADDLINE 1,128,1 1,128,1 12,0,2 2,128,1 0,0,0 5,128,1 1,128,1 1,128,1 1,128,1
ADDLINE 1,139,1 1,139,1 12,0,2 3,139,1 0,0,0 1,139,1 0,0,0 0,0,0 0,0,0
ADDLINE 1,112,1 1,112,1 0,0,0 1,112,1 12,0,2 1,112,1 0,0,0 2,112,1 1,112,1
ADDLINE 1,123,1 0,0,0 0,0,0 12,0,2 0,0,0 1,123,1 2,123,1 0,0,0 3,123,1
ADDLINE 1,134,1 0,0,0 12,0,2 1,134,1 1,134,1 1,134,1 1,134,1 0,0,0 0,0,0
ADDLINE 1,145,1 1,145,1 0,0,0 0,0,0 12,0,2 5,145,1 1,145,1 0,0,0 0,0,0
ADDLINE 4,116,1 1,116,1 5,116,1 1,116,1 12,0,2 0,0,0 1,116,1 0,0,0 0,0,0
ADDLINE 1,128,1 1,128,1 1,128,1 1,128,1 1,128,1 1,128,1 5,128,1 12,0,2 0,0,0
ADDLINE 2,139,1 1,139,1 1,139,1 1,139,1 1,139,1 0,0,0 12,0,2 0,0,0 0,0,0
ADDLINE 1,150,1 1,150,1 1,150,1 2,150,1 1,150,1 0,0,0 0,0,0 12,0,2 0,0,0
ADDLINE 1,121,1 1,121,1 1,121,1 1,121,1 1,121,1 12,0,2 4,121,1 5,121,1 0,0,0
ADDLINE 1,132,1 2,132,1 1,132,1 1,132,1 1,132,1 0,0,0 12,0,2 0,0,0 0,0,0
ADDLINE 1,137,1 1,137,1 1,137,1 2,137,1 1,137,1 12,0,2 1,137,1 1,137,1 3,137,1
ADDLINE 3,148,1 1,148,1 1,148,1 1,148,1 1,148,1 12,0,2 1,148,1 5,148,1 1,148,1
ADDLINE 1,125,1 1,125,1 12,0,2 0,0,0 0,0,0 0,0,0 1,125,1 5,125,1 1,125,1
ADDLINE 1,137,1 1,137,1 12,0,2 0,0,0 0,0,0 4,137,1 1,137,1 1,137,1 3,137,1
ADDLINE 1,149,1 0,0,0 12,0,2 0,0,0 0,0,0 1,149,1 1,149,1 1,149,1 1,149,1
ADDLINE 1,162,1 12,0,2 0,0,0 1,162,1 1,162,1 1,162,1 3,162,1 5,162,1 1,162,1
ADDLINE 0,0,0 0,0,0 12,0,2 3,130,1 1,130,1 3,130,1 1,130,1 1,130,1 1,130,1
ADDLINE 0,0,0 0,0,0 0,0,0 12,0,2 0,0,0 0,0,0 0,0,0 0,0,0 4,142,1
ADDLINE 1,154,1 1,154,1 1,154,1 1,154,1 1,154,1 5,154,1 12,0,2 0,0,0 1,154,1
ADDLINE 1,159,1 1,159,1 2,159,1 1,159,1 1,159,1 1,159,1 1,159,1 1,159,1 12,0,2
ADDLINE 3,134,1 0,0,0 0,0,0 0,0,0 0,0,0 0,0,0 0,0,0 12,0,2 0,0,0
ADDLINE 1,147,1 12,0,2 3,147,1 1,147,1 1,147,1 1,147,1 5,147,1 0,0,0 1,147,1
ADDLINE 1,160,1 0,0,0 0,0,0 0,0,0 12,0,2 0,0,0 2,160,1 0,0,0 1,160,1
ADDLINE 1,164,1 1,164,1 4,164,1 1,164,1 1,164,1 1,164,1 1,164,1 12,0,2 1,164,1
ADDLINE 0,0,0 0,0,0 0,0,0 0,0,0 12,0,2 0,0,0 3,138,1 0,0,0 0,0,0
ADDLINE 1,152,1 12,0,2 3,152,1 3,152,1 1,152,1 0,0,0 1,152,1 1,152,1 1,152,1
ADDLINE 1,165,1 0,0,0 1,165,1 12,0,2 1,165,1 0,0,0 1,165,1 5,165,1 1,165,1
ADDLINE 1,178,1 12,0,2 1,178,1 0,0,0 1,178,1 0,0,0 1,178,1 5,178,1 4,178,1
ADDLINE 4,204,1 12,0,2 1,204,1 1,204,1 1,204,1 4,204,1 1,204,1 0,0,0 0,0,0
ADDLINE 0,0,0 0,0,0 3,206,1 1,206,1 2,206,1 1,206,1 1,206,1 12,0,2 0,0,0
ADDLINE 0,0,0 12,0,2 1,208,1 1,208,1 1,208,1 1,208,1 0,0,0 0,0,0 0,0,0
0,0,0 4,85,1 0,0,0 12,0,2 5,85,1 1,85,1 1,85,1 1,85,1 1,85,1
1,84,1 1,84,1 12,0,2 1,84,1 0,0,0 1,84,1 2,84,1 1,84,1 1,84,1
1,83,1 1,83,1 12,0,2 1,83,1 0,0,0 5,83,1 4,83,1 1,83,1 1,83,1
1,82,1 0,0,0 12,0,2 1,82,1 0,0,0 0,0,0 0,0,0 5,82,1 1,82,1
4,81,1 12,0,2 1,81,1 0,0,0 0,0,0 1,81,1 0,0,0 5,81,1 1,81,1
1,80,1 12,0,2 1,80,1 1,80,1 0,0,0 3,80,1 1,80,1 1,80,1 1,80,1
0,0,0 0,0,0 0,0,0 0,0,0 0,0,0 0,0,0 0,0,0 0,0,0 0,0,0
0,0,0 0,0,0 0,0,0 0,0,0 0,0,0 0,0,0 0,0,0 0,0,0 0,0,0
0,0,0 0,0,0 0,0,0 0,0,0 0,0,0 0,0,0 0,0,0 0,0,0 0,0,0