MODE 0
BALL 80
STARS 0/5700/8100
ADDLINE 0,0,0 0,0,0 0,0,0 0,0,0 0,0,0 12,0,2 1,190,1 17,95,1 1,95,1
ADDLINE 0,0,0 1,96,1 1,192,1 1,192,1 0,0,0 1,96,1 12,0,2 1,192,1 1,96,1
ADDLINE 0,0,0 0,0,0 12,0,2 20,97,1 1,194,1 1,97,1 0,0,0 4,97,1 2,97,1
ADDLINE 0,0,0 16,107,1 1,214,1 1,214,1 12,0,2 1,214,1 1,214,1 1,214,1 1,214,1
ADDLINE 0,0,0 1,216,1 17,108,1 1,216,1 1,216,1 12,0,2 1,108,1 1,108,1 4,108,1
ADDLINE 1,236,1 1,236,1 1,236,1 17,118,1 1,236,1 12,0,2 1,118,1 2,118,1 1,118,1
ADDLINE 19,128,1 1,256,1 1,256,1 1,256,1 1,256,1 1,256,1 12,0,2 1,256,1 0,0,0
ADDLINE 0,0,0 1,278,1 1,278,1 1,278,1 1,278,1 19,139,1 1,278,1 1,278,1 12,0,2
ADDLINE 0,0,0 1,112,1 1,112,1 1,112,1 0,0,0 1,224,1 1,224,1 2,112,1 12,0,2
ADDLINE 0,0,0 2,123,1 1,123,1 5,123,1 1,123,1 1,123,1 12,0,2 2,123,1 1,123,1
ADDLINE 0,0,0 1,134,1 5,134,1 1,134,1 0,0,0 1,134,1 12,0,2 1,134,1 3,134,1
ADDLINE 1,145,1 1,145,1 1,145,1 1,145,1 12,0,2 1,145,1 0,0,0 1,145,1 1,145,1
ADDLINE 0,0,0 12,0,2 0,0,0 0,0,0 0,0,0 5,116,1 0,0,0 0,0,0 0,0,0
ADDLINE 0,0,0 1,256,1 1,256,1 1,256,1 1,256,1 1,256,1 12,0,2 16,128,1 1,256,1
ADDLINE 0,0,0 1,139,1 1,139,1 1,139,1 2,139,1 1,139,1 12,0,2 1,139,1 1,139,1
ADDLINE 1,143,1 1,143,1 1,143,1 2,143,1 1,143,1 2,143,1 12,0,2 1,143,1 1,143,1
ADDLINE 0,0,0 1,121,1 1,121,1 1,121,1 1,121,1 3,121,1 0,0,0 0,0,0 12,0,2
ADDLINE 3,126,1 1,126,1 5,126,1 1,126,1 1,126,1 1,126,1 12,0,2 1,126,1 1,126,1
ADDLINE 1,144,1 0,0,0 12,0,2 0,0,0 1,144,1 1,144,1 1,144,1 4,144,1 3,144,1
ADDLINE 1,312,1 12,0,2 1,312,1 16,156,1 1,312,1 1,312,1 1,312,1 1,312,1 1,312,1
ADDLINE 1,125,1 12,0,2 1,125,1 0,0,0 1,125,1 2,125,1 1,125,1 1,125,1 1,125,1
ADDLINE 1,137,1 12,0,2 4,137,1 0,0,0 1,137,1 1,137,1 3,137,1 1,137,1 1,137,1
ADDLINE 1,149,1 0,0,0 3,149,1 0,0,0 0,0,0 12,0,2 1,149,1 0,0,0 0,0,0
ADDLINE 1,162,1 12,0,2 1,162,1 1,162,1 1,162,1 1,162,1 2,162,1 0,0,0 1,162,1
ADDLINE 2,130,1 12,0,2 1,130,1 1,130,1 1,130,1 1,130,1 1,130,1 0,0,0 0,0,0
ADDLINE 5,142,1 12,0,2 1,142,1 4,142,1 1,142,1 1,142,1 1,142,1 0,0,0 1,284,1
ADDLINE 1,308,1 0,0,0 0,0,0 0,0,0 0,0,0 0,0,0 12,0,2 1,308,1 20,154,1
ADDLINE 17,167,1 1,334,1 1,167,1 1,167,1 1,167,1 12,0,2 0,0,0 1,334,1 1,334,1
ADDLINE 1,268,1 1,268,1 1,134,1 1,134,1 1,134,1 0,0,0 12,0,2 0,0,0 4,134,1
ADDLINE 3,147,1 1,147,1 1,294,1 1,294,1 0,0,0 12,0,2 2,147,1 0,0,0 1,147,1
ADDLINE 0,0,0 1,320,1 1,320,1 19,160,1 1,320,1 1,320,1 1,320,1 12,0,2 1,320,1
ADDLINE 0,0,0 0,0,0 1,346,1 1,346,1 1,346,1 0,0,0 12,0,2 0,0,0 0,0,0
ADDLINE 1,138,1 0,0,0 0,0,0 12,0,2 1,138,1 4,138,1 1,138,1 1,138,1 0,0,0
ADDLINE 2,152,1 1,152,1 3,152,1 0,0,0 12,0,2 0,0,0 0,0,0 1,152,1 0,0,0
ADDLINE 1,314,1 1,314,1 1,157,1 1,157,1 1,157,1 1,157,1 1,157,1 1,157,1 12,0,2
ADDLINE 20,178,1 1,356,1 12,0,2 0,0,0 0,0,0 0,0,0 0,0,0 0,0,0 0,0,0
ADDLINE 0,0,0 1,408,1 12,0,2 1,204,1 1,408,1 1,408,1 0,0,0 0,0,0 0,0,0
ADDLINE 1,206,1 1,206,1 1,206,1 5,206,1 12,0,2 17,206,1 1,412,1 1,206,1 0,0,0
ADDLINE 1,208,1 4,208,1 1,208,1 3,208,1 12,0,2 0,0,0 0,0,0 1,208,1 0,0,0
1,85,1 0,0,0 4,85,1 1,85,1 0,0,0 12,0,2 1,170,1 0,0,0 1,85,1
1,80,1 3,80,1 1,80,1 1,80,1 1,80,1 1,80,1 1,80,1 12,0,2 5,80,1
0,0,0 0,0,0 0,0,0 0,0,0 12,0,2 0,0,0 5,83,1 0,0,0 1,83,1
1,78,1 1,78,1 1,78,1 1,78,1 1,78,1 12,0,2 1,78,1 3,78,1 1,78,1
1,81,1 0,0,0 0,0,0 4,81,1 3,81,1 4,81,1 12,0,2 0,0,0 1,81,1
1,77,1 1,77,1 12,0,2 1,77,1 1,77,1 1,77,1 2,77,1 1,77,1 1,77,1
0,0,0 0,0,0 0,0,0 0,0,0 0,0,0 0,0,0 0,0,0 0,0,0 0,0,0
0,0,0 0,0,0 0,0,0 0,0,0 0,0,0 0,0,0 0,0,0 0,0,0 0,0,0
0,0,0 0,0,0 0,0,0 0,0,0 0,0,0 0,0,0 0,0,0 0,0,0 0,0,0