MODE 0
BALL 50
STARS 0/200/300
0,0,0 0,0,0 0,0,0 1,32,1 0,0,0 1,32,1 12,0,2 0,0,0 0,0,0
0,0,0 0,0,0 0,0,0 1,32,1 0,0,0 1,32,1 12,0,2 0,0,0 0,0,0
0,0,0 0,0,0 0,0,0 1,32,1 0,0,0 1,32,1 12,0,2 0,0,0 0,0,0
0,0,0 0,0,0 0,0,0 1,32,1 0,0,0 1,32,1 12,0,2 0,0,0 0,0,0
0,0,0 0,0,0 0,0,0 1,32,1 0,0,0 1,32,1 12,0,2 0,0,0 0,0,0
0,0,0 0,0,0 0,0,0 1,32,1 0,0,0 6,32,1 12,0,2 0,0,0 0,0,0
0,0,0 0,0,0 0,0,0 0,0,0 0,0,0 0,0,0 0,0,0 0,0,0 0,0,0
0,0,0 0,0,0 0,0,0 0,0,0 0,0,0 0,0,0 0,0,0 0,0,0 0,0,0
0,0,0 0,0,0 0,0,0 0,0,0 0,0,0 0,0,0 0,0,0 0,0,0 0,0,0