MODE 0
BALL 80
STARS 0/5900/8400
ADDLINE 1,95,1 0,0,0 1,95,1 0,0,0 12,0,2 0,0,0 0,0,0 0,0,0 0,0,0
ADDLINE 1,192,1 12,0,2 1,192,1 8,0,2 1,192,1 1,192,1 1,192,1 0,0,0 1,192,1
ADDLINE 0,0,0 0,0,0 1,97,1 12,0,2 1,97,1 1,97,1 1,97,1 0,0,0 1,97,1
ADDLINE 1,102,1 1,102,1 1,102,1 1,102,1 1,102,1 1,102,1 1,102,1 12,0,2 1,102,1
ADDLINE 0,0,0 0,0,0 0,0,0 0,0,0 12,0,2 0,0,0 0,0,0 0,0,0 1,108,1
ADDLINE 1,112,1 1,112,1 12,0,2 1,112,1 1,112,1 1,112,1 1,112,1 1,224,1 1,224,1
ADDLINE 1,256,1 1,256,1 12,0,2 1,256,1 1,256,1 1,256,1 1,256,1 1,256,1 10,0,2
ADDLINE 0,0,0 0,0,0 0,0,0 1,139,1 12,0,2 0,0,0 0,0,0 1,278,1 0,0,0
ADDLINE 0,0,0 1,112,1 0,0,0 1,112,1 12,0,2 1,112,1 1,112,1 1,112,1 0,0,0
ADDLINE 1,123,1 1,123,1 1,123,1 1,123,1 12,0,2 0,0,0 0,0,0 1,123,1 1,123,1
ADDLINE 1,127,1 1,127,1 1,127,1 1,127,1 1,127,1 1,127,1 1,127,1 12,0,2 1,127,1
ADDLINE 1,145,1 1,145,1 1,145,1 1,145,1 0,0,0 12,0,2 0,0,0 0,0,0 0,0,0
ADDLINE 0,0,0 0,0,0 12,0,2 0,0,0 0,0,0 1,116,1 1,116,1 1,116,1 1,116,1
ADDLINE 0,0,0 1,256,1 7,0,2 0,0,0 0,0,0 12,0,2 1,128,1 1,128,1 1,128,1
ADDLINE 0,0,0 0,0,0 1,278,1 1,278,1 1,139,1 12,0,2 1,139,1 1,139,1 1,139,1
ADDLINE 1,150,1 1,150,1 1,150,1 1,150,1 12,0,2 0,0,0 0,0,0 1,150,1 1,150,1
ADDLINE 1,115,1 1,115,1 1,115,1 1,115,1 1,115,1 1,115,1 1,115,1 12,0,2 1,230,1
ADDLINE 1,132,1 1,132,1 1,132,1 1,132,1 0,0,0 12,0,2 0,0,0 0,0,0 7,0,2
ADDLINE 0,0,0 12,0,2 0,0,0 8,0,2 1,288,1 1,288,1 1,288,1 1,288,1 1,288,1
ADDLINE 0,0,0 1,156,1 12,0,2 1,156,1 0,0,0 0,0,0 1,156,1 1,156,1 1,156,1
ADDLINE 0,0,0 1,125,1 12,0,2 1,250,1 1,250,1 0,0,0 1,125,1 1,125,1 1,125,1
ADDLINE 1,274,1 0,0,0 12,0,2 10,0,2 0,0,0 0,0,0 1,274,1 1,274,1 1,274,1
ADDLINE 1,149,1 12,0,2 1,298,1 1,298,1 1,298,1 11,0,2 0,0,0 1,149,1 1,149,1
ADDLINE 1,162,1 1,162,1 0,0,0 1,162,1 1,324,1 12,0,2 0,0,0 1,162,1 1,162,1
ADDLINE 1,260,1 1,260,1 12,0,2 1,260,1 1,260,1 8,0,2 1,260,1 1,260,1 1,260,1
ADDLINE 1,142,1 1,142,1 0,0,0 1,142,1 12,0,2 0,0,0 1,142,1 1,142,1 1,142,1
ADDLINE 1,154,1 0,0,0 0,0,0 12,0,2 0,0,0 1,154,1 1,154,1 1,154,1 1,154,1
ADDLINE 1,167,1 1,167,1 1,167,1 0,0,0 1,167,1 0,0,0 1,167,1 12,0,2 0,0,0
ADDLINE 1,134,1 1,134,1 1,134,1 12,0,2 1,134,1 0,0,0 1,134,1 0,0,0 1,134,1
ADDLINE 1,147,1 1,147,1 1,147,1 12,0,2 1,147,1 0,0,0 1,147,1 0,0,0 1,147,1
ADDLINE 1,160,1 1,160,1 1,160,1 12,0,2 1,160,1 0,0,0 1,160,1 0,0,0 1,160,1
ADDLINE 0,0,0 0,0,0 0,0,0 12,0,2 1,173,1 0,0,0 1,173,1 0,0,0 1,173,1
ADDLINE 1,132,1 1,132,1 1,132,1 1,132,1 1,132,1 1,132,1 1,132,1 12,0,2 1,264,1
ADDLINE 0,0,0 0,0,0 12,0,2 0,0,0 0,0,0 0,0,0 1,304,1 0,0,0 10,0,2
ADDLINE 1,330,1 1,330,1 1,330,1 1,330,1 1,330,1 12,0,2 1,330,1 10,0,2 1,330,1
ADDLINE 1,356,1 1,356,1 1,356,1 0,0,0 12,0,2 10,0,2 1,356,1 0,0,0 0,0,0
ADDLINE 1,194,1 1,194,1 1,194,1 1,194,1 1,388,1 12,0,2 1,388,1 1,194,1 1,194,1
ADDLINE 1,206,1 1,206,1 0,0,0 12,0,2 0,0,0 0,0,0 1,206,1 1,206,1 1,206,1
ADDLINE 1,208,1 1,208,1 12,0,2 0,0,0 0,0,0 1,208,1 1,208,1 1,208,1 1,208,1
1,85,1 1,85,1 1,85,1 12,0,2 0,0,0 0,0,0 1,85,1 1,85,1 0,0,0
1,168,1 1,168,1 1,168,1 12,0,2 8,0,2 1,168,1 1,168,1 0,0,0 0,0,0
1,83,1 1,83,1 1,83,1 1,83,1 12,0,2 1,83,1 1,83,1 0,0,0 1,83,1
1,164,1 1,164,1 1,164,1 6,164,1 0,0,0 1,164,1 12,0,2 8,0,2 1,164,1
1,81,1 1,81,1 1,81,1 1,81,1 12,0,2 1,81,1 0,0,0 1,81,1 1,81,1
1,80,1 1,80,1 1,80,1 1,80,1 1,80,1 1,80,1 12,0,2 0,0,0 1,80,1
0,0,0 0,0,0 0,0,0 0,0,0 0,0,0 0,0,0 0,0,0 0,0,0 0,0,0
0,0,0 0,0,0 0,0,0 0,0,0 0,0,0 0,0,0 0,0,0 0,0,0 0,0,0
0,0,0 0,0,0 0,0,0 0,0,0 0,0,0 0,0,0 0,0,0 0,0,0 0,0,0