MODE 0
BALL 80
STARS 0/6200/8800
ADDLINE 0,0,0 1,190,1 0,0,0 1,95,1 0,0,0 0,0,0 0,0,0 0,0,0 12,0,2
ADDLINE 0,0,0 1,96,1 1,96,1 0,0,0 12,0,2 0,0,0 1,96,1 0,0,0 0,0,0
ADDLINE 0,0,0 1,97,1 1,97,1 1,97,1 0,0,0 1,97,1 1,97,1 12,0,2 0,0,0
ADDLINE 0,0,0 1,107,1 1,107,1 0,0,0 0,0,0 0,0,0 12,0,2 1,107,1 0,0,0
ADDLINE 0,0,0 12,0,2 16,108,1 1,216,1 1,216,1 1,216,1 1,216,1 1,216,1 1,216,1
ADDLINE 1,118,1 20,118,1 1,236,1 1,118,1 1,118,1 0,0,0 12,0,2 1,118,1 0,0,0
ADDLINE 0,0,0 1,256,1 1,256,1 1,128,1 1,128,1 12,0,2 1,128,1 1,128,1 0,0,0
ADDLINE 0,0,0 1,139,1 1,139,1 1,139,1 1,139,1 0,0,0 0,0,0 12,0,2 0,0,0
ADDLINE 0,0,0 1,112,1 0,0,0 1,112,1 1,112,1 1,112,1 1,112,1 1,112,1 12,0,2
ADDLINE 0,0,0 1,123,1 0,0,0 12,0,2 0,0,0 1,123,1 1,123,1 1,246,1 1,246,1
ADDLINE 1,134,1 1,134,1 1,134,1 1,134,1 12,0,2 1,134,1 1,134,1 1,268,1 17,134,1
ADDLINE 1,138,1 1,138,1 1,138,1 1,138,1 12,0,2 1,138,1 1,138,1 1,276,1 1,276,1
ADDLINE 1,232,1 1,232,1 16,116,1 1,232,1 12,0,2 1,232,1 1,232,1 1,232,1 1,232,1
ADDLINE 0,0,0 1,128,1 0,0,0 12,0,2 0,0,0 0,0,0 0,0,0 0,0,0 0,0,0
ADDLINE 0,0,0 1,278,1 12,0,2 1,139,1 1,139,1 1,139,1 1,139,1 1,139,1 1,139,1
ADDLINE 0,0,0 17,150,1 12,0,2 0,0,0 0,0,0 1,150,1 0,0,0 1,150,1 1,150,1
ADDLINE 1,121,1 1,242,1 12,0,2 1,121,1 1,121,1 1,121,1 0,0,0 1,121,1 1,121,1
ADDLINE 1,132,1 1,264,1 12,0,2 1,264,1 1,132,1 1,132,1 0,0,0 1,132,1 1,132,1
ADDLINE 1,288,1 12,0,2 19,144,1 1,288,1 1,288,1 1,288,1 1,288,1 0,0,0 1,288,1
ADDLINE 1,156,1 12,0,2 1,312,1 1,312,1 1,156,1 1,156,1 1,156,1 0,0,0 1,156,1
ADDLINE 1,119,1 12,0,2 1,119,1 1,119,1 1,119,1 1,119,1 1,119,1 1,119,1 1,119,1
ADDLINE 1,137,1 12,0,2 1,137,1 1,137,1 1,137,1 1,137,1 1,137,1 0,0,0 0,0,0
ADDLINE 1,149,1 12,0,2 1,149,1 1,149,1 1,149,1 1,298,1 1,298,1 0,0,0 1,149,1
ADDLINE 1,162,1 0,0,0 1,324,1 0,0,0 12,0,2 1,324,1 17,162,1 1,324,1 1,162,1
ADDLINE 1,260,1 12,0,2 1,260,1 19,130,1 1,260,1 1,260,1 1,260,1 1,260,1 1,260,1
ADDLINE 1,142,1 0,0,0 1,284,1 1,284,1 1,284,1 0,0,0 1,142,1 12,0,2 0,0,0
ADDLINE 1,154,1 12,0,2 1,154,1 1,154,1 1,154,1 1,154,1 1,154,1 0,0,0 1,154,1
ADDLINE 1,167,1 0,0,0 1,334,1 1,334,1 1,334,1 12,0,2 0,0,0 0,0,0 1,167,1
ADDLINE 1,268,1 0,0,0 1,268,1 17,134,1 12,0,2 0,0,0 1,134,1 0,0,0 0,0,0
ADDLINE 20,147,1 1,294,1 0,0,0 1,294,1 1,294,1 1,147,1 1,147,1 12,0,2 0,0,0
ADDLINE 1,320,1 1,320,1 1,160,1 12,0,2 1,160,1 1,160,1 0,0,0 0,0,0 0,0,0
ADDLINE 1,173,1 1,173,1 0,0,0 0,0,0 1,173,1 12,0,2 0,0,0 1,173,1 0,0,0
ADDLINE 1,138,1 1,138,1 0,0,0 0,0,0 12,0,2 0,0,0 0,0,0 0,0,0 0,0,0
ADDLINE 1,152,1 1,304,1 1,304,1 12,0,2 1,152,1 1,152,1 1,152,1 1,152,1 0,0,0
ADDLINE 1,165,1 20,165,1 1,330,1 0,0,0 1,165,1 1,165,1 12,0,2 1,165,1 0,0,0
ADDLINE 1,178,1 1,356,1 0,0,0 0,0,0 0,0,0 12,0,2 0,0,0 0,0,0 0,0,0
ADDLINE 1,204,1 12,0,2 1,204,1 1,204,1 1,204,1 1,204,1 1,204,1 0,0,0 1,204,1
ADDLINE 1,206,1 12,0,2 1,206,1 1,206,1 1,412,1 1,412,1 1,412,1 0,0,0 1,206,1
ADDLINE 1,416,1 12,0,2 1,416,1 1,416,1 1,416,1 19,208,1 1,416,1 1,416,1 1,416,1
10,0,2 12,0,2 1,85,1 0,0,0 1,85,1 1,85,1 1,85,1 1,85,1 1,85,1
1,168,1 1,168,1 1,84,1 0,0,0 0,0,0 0,0,0 1,84,1 12,0,2 0,0,0
1,83,1 12,0,2 1,83,1 0,0,0 1,83,1 1,83,1 1,83,1 1,83,1 1,83,1
1,82,1 12,0,2 1,82,1 0,0,0 1,82,1 1,82,1 1,82,1 1,82,1 1,82,1
1,78,1 1,78,1 1,78,1 12,0,2 1,78,1 1,78,1 6,78,1 1,78,1 1,78,1
1,160,1 1,160,1 8,0,2 1,160,1 1,160,1 1,160,1 12,0,2 1,160,1 0,0,0
0,0,0 0,0,0 0,0,0 0,0,0 0,0,0 0,0,0 0,0,0 0,0,0 0,0,0
0,0,0 0,0,0 0,0,0 0,0,0 0,0,0 0,0,0 0,0,0 0,0,0 0,0,0
0,0,0 0,0,0 0,0,0 0,0,0 0,0,0 0,0,0 0,0,0 0,0,0 0,0,0