MODE 0
BALL 80
STARS 0/5300/7600
ADDLINE 5,95,1 1,95,1 0,0,0 1,95,1 0,0,0 0,0,0 0,0,0 12,0,2 0,0,0
ADDLINE 1,91,1 1,91,1 1,91,1 1,91,1 12,0,2 1,91,1 1,91,1 2,91,1 3,91,1
ADDLINE 0,0,0 1,97,1 0,0,0 1,97,1 12,0,2 0,0,0 0,0,0 1,97,1 3,97,1
ADDLINE 0,0,0 1,107,1 12,0,2 1,107,1 1,107,1 1,107,1 0,0,0 2,107,1 2,107,1
ADDLINE 0,0,0 5,108,1 0,0,0 1,108,1 1,108,1 1,108,1 0,0,0 12,0,2 0,0,0
ADDLINE 0,0,0 1,118,1 12,0,2 1,118,1 1,118,1 4,118,1 0,0,0 1,118,1 0,0,0
ADDLINE 0,0,0 5,128,1 12,0,2 3,128,1 0,0,0 0,0,0 0,0,0 1,128,1 0,0,0
ADDLINE 1,139,1 1,139,1 12,0,2 2,139,1 1,139,1 1,139,1 1,139,1 1,139,1 0,0,0
ADDLINE 0,0,0 0,0,0 0,0,0 1,112,1 1,112,1 3,112,1 12,0,2 1,112,1 0,0,0
ADDLINE 1,123,1 1,123,1 1,123,1 1,123,1 1,123,1 12,0,2 0,0,0 0,0,0 4,123,1
ADDLINE 1,134,1 1,134,1 1,134,1 1,134,1 1,134,1 1,134,1 0,0,0 12,0,2 0,0,0
ADDLINE 1,145,1 2,145,1 2,145,1 1,145,1 3,145,1 1,145,1 12,0,2 0,0,0 0,0,0
ADDLINE 1,116,1 4,116,1 1,116,1 1,116,1 4,116,1 3,116,1 0,0,0 12,0,2 0,0,0
ADDLINE 0,0,0 1,128,1 1,128,1 1,128,1 1,128,1 1,128,1 12,0,2 0,0,0 1,128,1
ADDLINE 0,0,0 0,0,0 5,139,1 1,139,1 1,139,1 1,139,1 0,0,0 12,0,2 1,139,1
ADDLINE 1,150,1 0,0,0 0,0,0 12,0,2 1,150,1 3,150,1 0,0,0 0,0,0 0,0,0
ADDLINE 0,0,0 12,0,2 0,0,0 0,0,0 1,121,1 1,121,1 1,121,1 0,0,0 0,0,0
ADDLINE 0,0,0 2,132,1 1,132,1 1,132,1 5,132,1 1,132,1 1,132,1 12,0,2 1,132,1
ADDLINE 0,0,0 1,144,1 1,144,1 1,144,1 0,0,0 12,0,2 1,144,1 1,144,1 1,144,1
ADDLINE 0,0,0 3,156,1 1,156,1 0,0,0 12,0,2 1,156,1 4,156,1 1,156,1 1,156,1
ADDLINE 0,0,0 12,0,2 0,0,0 0,0,0 1,125,1 5,125,1 4,125,1 1,125,1 1,125,1
ADDLINE 4,131,1 5,131,1 1,131,1 12,0,2 1,131,1 1,131,1 1,131,1 3,131,1 1,131,1
ADDLINE 0,0,0 5,149,1 1,149,1 12,0,2 1,149,1 1,149,1 1,149,1 1,149,1 1,149,1
ADDLINE 12,0,2 1,154,1 1,154,1 1,154,1 4,154,1 3,154,1 1,154,1 1,154,1 1,154,1
ADDLINE 1,130,1 0,0,0 12,0,2 0,0,0 0,0,0 0,0,0 4,130,1 1,130,1 1,130,1
ADDLINE 1,142,1 2,142,1 1,142,1 0,0,0 1,142,1 0,0,0 0,0,0 12,0,2 0,0,0
ADDLINE 3,154,1 1,154,1 1,154,1 0,0,0 0,0,0 0,0,0 0,0,0 12,0,2 0,0,0
ADDLINE 1,167,1 1,167,1 1,167,1 1,167,1 1,167,1 1,167,1 12,0,2 5,167,1 0,0,0
ADDLINE 0,0,0 0,0,0 12,0,2 2,134,1 0,0,0 4,134,1 0,0,0 0,0,0 0,0,0
ADDLINE 1,147,1 1,147,1 12,0,2 1,147,1 0,0,0 1,147,1 5,147,1 1,147,1 1,147,1
ADDLINE 0,0,0 12,0,2 0,0,0 1,160,1 0,0,0 1,160,1 1,160,1 1,160,1 0,0,0
ADDLINE 1,173,1 5,173,1 2,173,1 1,173,1 12,0,2 1,173,1 1,173,1 4,173,1 0,0,0
ADDLINE 0,0,0 0,0,0 0,0,0 0,0,0 12,0,2 1,138,1 0,0,0 0,0,0 0,0,0
ADDLINE 1,152,1 1,152,1 1,152,1 1,152,1 12,0,2 1,152,1 1,152,1 4,152,1 0,0,0
ADDLINE 1,165,1 1,165,1 1,165,1 1,165,1 0,0,0 0,0,0 0,0,0 12,0,2 0,0,0
ADDLINE 1,178,1 1,178,1 1,178,1 1,178,1 12,0,2 3,178,1 3,178,1 5,178,1 0,0,0
ADDLINE 2,204,1 1,204,1 1,204,1 1,204,1 4,204,1 0,0,0 0,0,0 12,0,2 0,0,0
ADDLINE 1,206,1 1,206,1 1,206,1 1,206,1 12,0,2 1,206,1 1,206,1 1,206,1 0,0,0
ADDLINE 1,208,1 4,208,1 1,208,1 1,208,1 12,0,2 5,208,1 5,208,1 1,208,1 0,0,0
0,0,0 0,0,0 1,85,1 0,0,0 0,0,0 0,0,0 0,0,0 12,0,2 1,85,1
0,0,0 12,0,2 1,84,1 1,84,1 6,84,1 0,0,0 0,0,0 0,0,0 1,84,1
1,83,1 12,0,2 1,83,1 3,83,1 1,83,1 0,0,0 2,83,1 5,83,1 1,83,1
4,82,1 12,0,2 1,82,1 1,82,1 1,82,1 0,0,0 1,82,1 1,82,1 4,82,1
1,81,1 0,0,0 12,0,2 0,0,0 0,0,0 0,0,0 5,81,1 1,81,1 1,81,1
1,80,1 1,80,1 1,80,1 1,80,1 12,0,2 1,80,1 0,0,0 1,80,1 2,80,1
0,0,0 0,0,0 0,0,0 0,0,0 0,0,0 0,0,0 0,0,0 0,0,0 0,0,0
0,0,0 0,0,0 0,0,0 0,0,0 0,0,0 0,0,0 0,0,0 0,0,0 0,0,0
0,0,0 0,0,0 0,0,0 0,0,0 0,0,0 0,0,0 0,0,0 0,0,0 0,0,0