MODE 0
BALL 80
STARS 0/5700/8000
ADDLINE 0,0,0 0,0,0 4,95,1 3,95,1 1,95,1 1,95,1 1,95,1 0,0,0 12,0,2
ADDLINE 0,0,0 0,0,0 0,0,0 12,0,2 1,96,1 1,96,1 1,96,1 0,0,0 0,0,0
ADDLINE 1,97,1 1,97,1 0,0,0 12,0,2 1,97,1 5,97,1 0,0,0 0,0,0 0,0,0
ADDLINE 0,0,0 0,0,0 12,0,2 4,107,1 1,107,1 1,107,1 1,107,1 1,107,1 1,107,1
ADDLINE 0,0,0 0,0,0 0,0,0 0,0,0 0,0,0 12,0,2 0,0,0 1,108,1 1,108,1
ADDLINE 1,118,1 0,0,0 5,118,1 2,118,1 1,118,1 1,118,1 12,0,2 0,0,0 0,0,0
ADDLINE 2,128,1 1,128,1 1,128,1 12,0,2 1,128,1 0,0,0 1,128,1 1,128,1 4,128,1
ADDLINE 1,139,1 0,0,0 12,0,2 0,0,0 5,139,1 0,0,0 4,139,1 1,139,1 1,139,1
ADDLINE 1,112,1 0,0,0 0,0,0 12,0,2 0,0,0 0,0,0 1,112,1 1,112,1 1,112,1
ADDLINE 1,123,1 12,0,2 1,123,1 3,123,1 1,123,1 1,123,1 1,123,1 0,0,0 1,123,1
ADDLINE 1,127,1 12,0,2 2,127,1 1,127,1 1,127,1 1,127,1 1,127,1 1,127,1 1,127,1
ADDLINE 1,145,1 0,0,0 1,145,1 2,145,1 4,145,1 1,145,1 3,145,1 12,0,2 0,0,0
ADDLINE 1,111,1 1,111,1 1,111,1 1,111,1 1,111,1 4,111,1 1,111,1 12,0,2 5,111,1
ADDLINE 0,0,0 0,0,0 12,0,2 0,0,0 0,0,0 0,0,0 5,128,1 0,0,0 0,0,0
ADDLINE 1,139,1 0,0,0 2,139,1 12,0,2 1,139,1 1,139,1 1,139,1 0,0,0 1,139,1
ADDLINE 4,150,1 0,0,0 1,150,1 12,0,2 1,150,1 1,150,1 1,150,1 0,0,0 1,150,1
ADDLINE 1,121,1 12,0,2 1,121,1 3,121,1 5,121,1 4,121,1 1,121,1 0,0,0 1,121,1
ADDLINE 1,132,1 12,0,2 1,132,1 0,0,0 1,132,1 5,132,1 1,132,1 0,0,0 1,132,1
ADDLINE 1,137,1 1,137,1 1,137,1 1,137,1 12,0,2 1,137,1 1,137,1 5,137,1 5,137,1
ADDLINE 0,0,0 0,0,0 0,0,0 0,0,0 12,0,2 1,156,1 3,156,1 1,156,1 1,156,1
ADDLINE 1,119,1 1,119,1 1,119,1 1,119,1 12,0,2 1,119,1 1,119,1 2,119,1 3,119,1
ADDLINE 1,131,1 1,131,1 1,131,1 2,131,1 12,0,2 1,131,1 4,131,1 1,131,1 1,131,1
ADDLINE 0,0,0 0,0,0 1,149,1 0,0,0 1,149,1 12,0,2 0,0,0 0,0,0 0,0,0
ADDLINE 4,154,1 1,154,1 1,154,1 12,0,2 1,154,1 1,154,1 1,154,1 3,154,1 1,154,1
ADDLINE 0,0,0 0,0,0 4,130,1 12,0,2 1,130,1 1,130,1 1,130,1 1,130,1 1,130,1
ADDLINE 1,135,1 3,135,1 1,135,1 12,0,2 1,135,1 1,135,1 5,135,1 4,135,1 1,135,1
ADDLINE 1,154,1 1,154,1 1,154,1 0,0,0 12,0,2 0,0,0 0,0,0 0,0,0 0,0,0
ADDLINE 3,167,1 0,0,0 0,0,0 0,0,0 0,0,0 12,0,2 0,0,0 0,0,0 4,167,1
ADDLINE 1,134,1 1,134,1 1,134,1 1,134,1 0,0,0 12,0,2 0,0,0 0,0,0 1,134,1
ADDLINE 1,147,1 0,0,0 1,147,1 0,0,0 1,147,1 0,0,0 2,147,1 12,0,2 0,0,0
ADDLINE 0,0,0 1,160,1 1,160,1 0,0,0 1,160,1 5,160,1 1,160,1 1,160,1 12,0,2
ADDLINE 0,0,0 1,173,1 1,173,1 12,0,2 0,0,0 0,0,0 4,173,1 0,0,0 0,0,0
ADDLINE 0,0,0 12,0,2 2,138,1 0,0,0 0,0,0 0,0,0 1,138,1 1,138,1 0,0,0
ADDLINE 2,152,1 1,152,1 1,152,1 1,152,1 0,0,0 4,152,1 12,0,2 2,152,1 0,0,0
ADDLINE 1,165,1 1,165,1 1,165,1 1,165,1 12,0,2 3,165,1 1,165,1 0,0,0 0,0,0
ADDLINE 1,178,1 1,178,1 1,178,1 0,0,0 0,0,0 0,0,0 12,0,2 0,0,0 0,0,0
ADDLINE 3,204,1 1,204,1 1,204,1 12,0,2 1,204,1 0,0,0 1,204,1 1,204,1 5,204,1
ADDLINE 1,196,1 1,196,1 2,196,1 1,196,1 3,196,1 12,0,2 1,196,1 1,196,1 1,196,1
ADDLINE 1,208,1 12,0,2 0,0,0 0,0,0 0,0,0 0,0,0 0,0,0 0,0,0 1,208,1
5,85,1 1,85,1 1,85,1 0,0,0 12,0,2 0,0,0 0,0,0 0,0,0 0,0,0
1,80,1 1,80,1 1,80,1 1,80,1 1,80,1 12,0,2 4,80,1 1,80,1 1,80,1
0,0,0 0,0,0 0,0,0 0,0,0 1,83,1 0,0,0 2,83,1 0,0,0 12,0,2
1,78,1 1,78,1 6,78,1 12,0,2 1,78,1 1,78,1 3,78,1 1,78,1 1,78,1
0,0,0 4,81,1 1,81,1 0,0,0 0,0,0 1,81,1 1,81,1 12,0,2 1,81,1
1,77,1 1,77,1 1,77,1 12,0,2 4,77,1 1,77,1 5,77,1 1,77,1 3,77,1
0,0,0 0,0,0 0,0,0 0,0,0 0,0,0 0,0,0 0,0,0 0,0,0 0,0,0
0,0,0 0,0,0 0,0,0 0,0,0 0,0,0 0,0,0 0,0,0 0,0,0 0,0,0
0,0,0 0,0,0 0,0,0 0,0,0 0,0,0 0,0,0 0,0,0 0,0,0 0,0,0