MODE 0
BALL 80
STARS 0/5400/7800
ADDLINE 0,0,0 12,0,2 17,95,1 1,190,1 1,95,1 0,0,0 1,95,1 4,95,1 1,95,1
ADDLINE 1,96,1 12,0,2 1,192,1 1,192,1 1,96,1 0,0,0 5,96,1 1,96,1 1,96,1
ADDLINE 1,97,1 12,0,2 1,97,1 1,97,1 3,97,1 0,0,0 1,194,1 0,0,0 0,0,0
ADDLINE 1,214,1 12,0,2 1,214,1 1,214,1 1,214,1 1,214,1 1,214,1 10,0,2 1,214,1
ADDLINE 0,0,0 0,0,0 0,0,0 0,0,0 0,0,0 0,0,0 1,216,1 12,0,2 1,108,1
ADDLINE 1,118,1 1,118,1 5,118,1 12,0,2 3,118,1 1,118,1 1,118,1 0,0,0 1,118,1
ADDLINE 0,0,0 12,0,2 2,128,1 0,0,0 0,0,0 0,0,0 4,128,1 0,0,0 0,0,0
ADDLINE 1,139,1 12,0,2 1,139,1 1,139,1 1,139,1 0,0,0 1,139,1 1,139,1 3,139,1
ADDLINE 1,112,1 0,0,0 1,224,1 1,112,1 1,112,1 0,0,0 12,0,2 0,0,0 1,112,1
ADDLINE 1,246,1 19,123,1 1,246,1 1,246,1 1,246,1 1,246,1 12,0,2 1,246,1 1,246,1
ADDLINE 1,134,1 1,268,1 1,268,1 0,0,0 0,0,0 12,0,2 1,268,1 1,268,1 1,134,1
ADDLINE 1,290,1 1,290,1 8,0,2 0,0,0 12,0,2 1,290,1 19,145,1 1,290,1 1,290,1
ADDLINE 1,232,1 20,116,1 0,0,0 0,0,0 12,0,2 0,0,0 1,232,1 1,232,1 1,116,1
ADDLINE 19,128,1 1,256,1 12,0,2 11,0,2 1,256,1 1,256,1 1,256,1 1,256,1 1,256,1
ADDLINE 0,0,0 1,278,1 0,0,0 12,0,2 1,278,1 1,139,1 1,278,1 1,278,1 4,139,1
ADDLINE 0,0,0 0,0,0 0,0,0 0,0,0 0,0,0 12,0,2 0,0,0 7,0,2 5,150,1
ADDLINE 1,121,1 1,121,1 4,121,1 1,121,1 1,121,1 12,0,2 0,0,0 1,242,1 1,121,1
ADDLINE 1,264,1 1,264,1 1,264,1 1,264,1 12,0,2 1,264,1 19,132,1 1,264,1 1,264,1
ADDLINE 1,288,1 1,288,1 1,288,1 1,288,1 1,288,1 1,288,1 10,0,2 12,0,2 0,0,0
ADDLINE 5,156,1 1,156,1 1,156,1 0,0,0 0,0,0 0,0,0 12,0,2 0,0,0 0,0,0
ADDLINE 1,125,1 1,125,1 4,125,1 0,0,0 0,0,0 0,0,0 0,0,0 12,0,2 7,0,2
ADDLINE 5,137,1 1,137,1 1,137,1 1,137,1 1,137,1 1,137,1 12,0,2 0,0,0 1,274,1
ADDLINE 1,298,1 1,298,1 1,149,1 4,149,1 1,298,1 11,0,2 12,0,2 1,298,1 0,0,0
ADDLINE 19,162,1 1,324,1 1,324,1 1,324,1 1,324,1 12,0,2 1,324,1 0,0,0 10,0,2
ADDLINE 1,260,1 1,260,1 1,130,1 1,260,1 17,130,1 0,0,0 12,0,2 0,0,0 1,260,1
ADDLINE 5,142,1 1,142,1 1,142,1 1,284,1 1,284,1 12,0,2 0,0,0 0,0,0 1,142,1
ADDLINE 1,154,1 1,154,1 2,154,1 1,154,1 0,0,0 1,154,1 12,0,2 0,0,0 0,0,0
ADDLINE 0,0,0 12,0,2 0,0,0 1,167,1 0,0,0 0,0,0 0,0,0 0,0,0 0,0,0
ADDLINE 0,0,0 1,134,1 3,134,1 2,134,1 12,0,2 1,134,1 1,134,1 1,134,1 0,0,0
ADDLINE 0,0,0 1,294,1 1,294,1 1,147,1 0,0,0 1,147,1 12,0,2 1,147,1 0,0,0
ADDLINE 0,0,0 20,160,1 1,320,1 1,320,1 0,0,0 2,160,1 12,0,2 1,160,1 0,0,0
ADDLINE 1,173,1 1,346,1 17,173,1 1,346,1 0,0,0 0,0,0 0,0,0 1,173,1 12,0,2
ADDLINE 8,0,2 1,276,1 1,276,1 1,276,1 1,276,1 1,276,1 1,276,1 16,138,1 12,0,2
ADDLINE 10,0,2 0,0,0 0,0,0 0,0,0 0,0,0 1,304,1 12,0,2 0,0,0 0,0,0
ADDLINE 1,330,1 1,330,1 1,165,1 1,165,1 12,0,2 1,330,1 17,165,1 1,330,1 1,165,1
ADDLINE 0,0,0 0,0,0 0,0,0 5,178,1 12,0,2 1,356,1 1,356,1 1,356,1 1,178,1
ADDLINE 1,408,1 1,408,1 1,408,1 12,0,2 1,408,1 1,408,1 1,408,1 19,204,1 1,408,1
ADDLINE 1,412,1 0,0,0 12,0,2 8,0,2 1,412,1 1,412,1 1,412,1 1,412,1 1,412,1
ADDLINE 5,198,1 12,0,2 1,198,1 1,198,1 1,198,1 1,198,1 1,198,1 4,198,1 1,198,1
1,170,1 10,0,2 1,170,1 1,170,1 1,170,1 12,0,2 0,0,0 0,0,0 1,170,1
4,84,1 12,0,2 1,168,1 5,84,1 1,84,1 0,0,0 6,84,1 1,84,1 1,84,1
0,0,0 1,166,1 1,166,1 1,166,1 8,0,2 1,166,1 1,166,1 1,166,1 12,0,2
0,0,0 1,82,1 1,82,1 1,82,1 1,82,1 1,82,1 1,82,1 1,164,1 12,0,2
0,0,0 0,0,0 12,0,2 0,0,0 1,162,1 1,81,1 1,81,1 1,162,1 11,0,2
4,80,1 2,80,1 1,160,1 11,0,2 0,0,0 0,0,0 0,0,0 12,0,2 0,0,0
0,0,0 0,0,0 0,0,0 0,0,0 0,0,0 0,0,0 0,0,0 0,0,0 0,0,0
0,0,0 0,0,0 0,0,0 0,0,0 0,0,0 0,0,0 0,0,0 0,0,0 0,0,0
0,0,0 0,0,0 0,0,0 0,0,0 0,0,0 0,0,0 0,0,0 0,0,0 0,0,0