MODE 0
BALL 80
STARS 0/5900/8400
ADDLINE 1,95,1 4,95,1 0,0,0 12,0,2 0,0,0 0,0,0 1,95,1 0,0,0 3,95,1
ADDLINE 1,96,1 12,0,2 0,0,0 0,0,0 1,96,1 1,96,1 1,96,1 0,0,0 1,96,1
ADDLINE 1,97,1 5,97,1 1,97,1 1,97,1 1,97,1 12,0,2 1,97,1 0,0,0 4,97,1
ADDLINE 1,107,1 1,107,1 0,0,0 0,0,0 1,107,1 12,0,2 0,0,0 0,0,0 0,0,0
ADDLINE 5,108,1 12,0,2 1,108,1 4,108,1 1,108,1 1,108,1 1,108,1 2,108,1 0,0,0
ADDLINE 4,118,1 0,0,0 1,118,1 0,0,0 1,118,1 1,118,1 12,0,2 0,0,0 0,0,0
ADDLINE 1,128,1 12,0,2 0,0,0 0,0,0 2,128,1 0,0,0 0,0,0 1,128,1 0,0,0
ADDLINE 1,139,1 0,0,0 1,139,1 0,0,0 1,139,1 1,139,1 0,0,0 12,0,2 0,0,0
ADDLINE 1,112,1 0,0,0 1,112,1 12,0,2 0,0,0 1,112,1 4,112,1 0,0,0 5,112,1
ADDLINE 3,123,1 0,0,0 1,123,1 0,0,0 0,0,0 0,0,0 12,0,2 0,0,0 0,0,0
ADDLINE 1,134,1 12,0,2 1,134,1 0,0,0 1,134,1 4,134,1 1,134,1 2,134,1 1,134,1
ADDLINE 1,145,1 0,0,0 1,145,1 0,0,0 12,0,2 0,0,0 1,145,1 3,145,1 1,145,1
ADDLINE 1,111,1 12,0,2 1,111,1 1,111,1 4,111,1 2,111,1 1,111,1 1,111,1 1,111,1
ADDLINE 1,128,1 12,0,2 0,0,0 0,0,0 1,128,1 0,0,0 1,128,1 1,128,1 1,128,1
ADDLINE 3,139,1 12,0,2 1,139,1 1,139,1 3,139,1 0,0,0 2,139,1 1,139,1 1,139,1
ADDLINE 2,143,1 1,143,1 1,143,1 1,143,1 4,143,1 12,0,2 1,143,1 1,143,1 5,143,1
ADDLINE 1,121,1 12,0,2 1,121,1 0,0,0 0,0,0 0,0,0 1,121,1 0,0,0 0,0,0
ADDLINE 1,126,1 4,126,1 1,126,1 2,126,1 1,126,1 12,0,2 1,126,1 1,126,1 1,126,1
ADDLINE 0,0,0 0,0,0 0,0,0 0,0,0 0,0,0 12,0,2 0,0,0 1,144,1 0,0,0
ADDLINE 1,156,1 4,156,1 3,156,1 1,156,1 12,0,2 5,156,1 0,0,0 1,156,1 1,156,1
ADDLINE 0,0,0 0,0,0 0,0,0 1,125,1 12,0,2 1,125,1 0,0,0 1,125,1 1,125,1
ADDLINE 2,131,1 4,131,1 1,131,1 5,131,1 1,131,1 4,131,1 12,0,2 1,131,1 1,131,1
ADDLINE 0,0,0 1,149,1 1,149,1 1,149,1 1,149,1 1,149,1 12,0,2 1,149,1 1,149,1
ADDLINE 0,0,0 1,162,1 1,162,1 5,162,1 1,162,1 2,162,1 12,0,2 1,162,1 1,162,1
ADDLINE 0,0,0 1,130,1 1,130,1 5,130,1 1,130,1 1,130,1 12,0,2 0,0,0 0,0,0
ADDLINE 0,0,0 1,142,1 2,142,1 1,142,1 1,142,1 1,142,1 12,0,2 1,142,1 1,142,1
ADDLINE 0,0,0 0,0,0 0,0,0 4,154,1 0,0,0 0,0,0 0,0,0 4,154,1 12,0,2
ADDLINE 0,0,0 12,0,2 0,0,0 0,0,0 0,0,0 0,0,0 1,167,1 0,0,0 1,167,1
ADDLINE 0,0,0 1,134,1 0,0,0 4,134,1 12,0,2 1,134,1 1,134,1 0,0,0 5,134,1
ADDLINE 0,0,0 12,0,2 0,0,0 2,147,1 0,0,0 1,147,1 1,147,1 1,147,1 0,0,0
ADDLINE 3,160,1 12,0,2 5,160,1 0,0,0 0,0,0 1,160,1 1,160,1 1,160,1 0,0,0
ADDLINE 4,173,1 0,0,0 0,0,0 1,173,1 12,0,2 1,173,1 0,0,0 0,0,0 1,173,1
ADDLINE 3,138,1 1,138,1 0,0,0 1,138,1 12,0,2 1,138,1 1,138,1 0,0,0 0,0,0
ADDLINE 2,152,1 1,152,1 12,0,2 1,152,1 0,0,0 0,0,0 0,0,0 1,152,1 0,0,0
ADDLINE 1,165,1 2,165,1 0,0,0 0,0,0 0,0,0 12,0,2 4,165,1 1,165,1 0,0,0
ADDLINE 1,178,1 1,178,1 1,178,1 3,178,1 1,178,1 12,0,2 0,0,0 1,178,1 0,0,0
ADDLINE 2,194,1 12,0,2 1,194,1 2,194,1 1,194,1 1,194,1 1,194,1 3,194,1 1,194,1
ADDLINE 0,0,0 0,0,0 12,0,2 0,0,0 1,206,1 1,206,1 1,206,1 1,206,1 1,206,1
ADDLINE 4,198,1 1,198,1 1,198,1 12,0,2 4,198,1 1,198,1 1,198,1 1,198,1 1,198,1
1,81,1 1,81,1 3,81,1 1,81,1 1,81,1 12,0,2 1,81,1 6,81,1 1,81,1
1,84,1 1,84,1 5,84,1 0,0,0 12,0,2 0,0,0 1,84,1 0,0,0 1,84,1
1,79,1 1,79,1 1,79,1 1,79,1 1,79,1 3,79,1 5,79,1 12,0,2 4,79,1
1,82,1 0,0,0 12,0,2 0,0,0 0,0,0 0,0,0 0,0,0 0,0,0 2,82,1
1,78,1 1,78,1 4,78,1 12,0,2 1,78,1 1,78,1 1,78,1 1,78,1 1,78,1
1,80,1 12,0,2 5,80,1 0,0,0 2,80,1 1,80,1 1,80,1 1,80,1 1,80,1
0,0,0 0,0,0 0,0,0 0,0,0 0,0,0 0,0,0 0,0,0 0,0,0 0,0,0
0,0,0 0,0,0 0,0,0 0,0,0 0,0,0 0,0,0 0,0,0 0,0,0 0,0,0
0,0,0 0,0,0 0,0,0 0,0,0 0,0,0 0,0,0 0,0,0 0,0,0 0,0,0