MODE 0
BALL 50
STARS 0/1600/2400
ADDLINE 0,0,0 1,53,1 1,53,1 1,53,1 1,53,1 1,53,1 1,53,1 12,0,2 0,0,0
ADDLINE 0,0,0 0,0,0 1,54,1 1,54,1 0,0,0 1,54,1 1,54,1 0,0,0 12,0,2
ADDLINE 1,61,1 12,0,2 1,61,1 1,61,1 0,0,0 1,61,1 1,61,1 0,0,0 1,61,1
ADDLINE 1,62,1 0,0,0 0,0,0 0,0,0 1,62,1 1,62,1 0,0,0 12,0,2 0,0,0
ADDLINE 1,56,1 1,56,1 12,0,2 1,56,1 1,56,1 1,56,1 1,56,1 1,56,1 1,56,1
ADDLINE 1,88,1 1,88,1 12,0,2 1,88,1 1,88,1 0,0,0 1,88,1 1,88,1 0,0,0
0,0,0 1,52,1 12,0,2 1,52,1 0,0,0 1,52,1 1,52,1 1,52,1 1,52,1
0,0,0 1,51,1 0,0,0 4,51,1 0,0,0 12,0,2 0,0,0 1,51,1 0,0,0
1,48,1 1,48,1 4,48,1 3,48,1 1,48,1 4,48,1 0,0,0 1,48,1 12,0,2
0,0,0 1,49,1 0,0,0 12,0,2 0,0,0 3,49,1 0,0,0 0,0,0 0,0,0
0,0,0 1,48,1 0,0,0 1,48,1 12,0,2 1,48,1 4,48,1 3,48,1 1,48,1
0,0,0 1,47,1 0,0,0 1,47,1 0,0,0 1,47,1 0,0,0 0,0,0 12,0,2
0,0,0 0,0,0 0,0,0 0,0,0 0,0,0 0,0,0 0,0,0 0,0,0 0,0,0
0,0,0 0,0,0 0,0,0 0,0,0 0,0,0 0,0,0 0,0,0 0,0,0 0,0,0
0,0,0 0,0,0 0,0,0 0,0,0 0,0,0 0,0,0 0,0,0 0,0,0 0,0,0