MODE 0
BALL 80
STARS 0/4500/6200
ADDLINE 0,0,0 8,0,2 1,190,1 1,190,1 12,0,2 0,0,0 0,0,0 0,0,0 0,0,0
ADDLINE 1,192,1 1,192,1 0,0,0 0,0,0 0,0,0 8,0,2 12,0,2 0,0,0 0,0,0
ADDLINE 1,194,1 1,194,1 0,0,0 0,0,0 12,0,2 1,97,1 1,97,1 0,0,0 1,97,1
ADDLINE 7,0,2 0,0,0 0,0,0 1,214,1 1,214,1 12,0,2 0,0,0 8,0,2 1,214,1
ADDLINE 1,216,1 1,216,1 1,108,1 0,0,0 12,0,2 0,0,0 1,108,1 0,0,0 1,108,1
ADDLINE 1,118,1 12,0,2 0,0,0 0,0,0 0,0,0 0,0,0 0,0,0 0,0,0 1,118,1
ADDLINE 0,0,0 0,0,0 1,128,1 1,128,1 12,0,2 1,128,1 1,128,1 1,128,1 1,128,1
ADDLINE 0,0,0 1,139,1 1,139,1 1,139,1 12,0,2 1,139,1 1,139,1 1,139,1 1,139,1
ADDLINE 0,0,0 0,0,0 0,0,0 12,0,2 0,0,0 1,112,1 1,112,1 1,112,1 1,112,1
ADDLINE 0,0,0 1,246,1 12,0,2 0,0,0 8,0,2 1,246,1 0,0,0 1,246,1 0,0,0
ADDLINE 0,0,0 1,134,1 1,134,1 1,134,1 1,134,1 1,134,1 12,0,2 1,134,1 1,134,1
ADDLINE 0,0,0 0,0,0 0,0,0 0,0,0 12,0,2 0,0,0 0,0,0 1,145,1 1,145,1
ADDLINE 0,0,0 1,232,1 1,116,1 1,116,1 1,116,1 1,116,1 12,0,2 1,116,1 1,116,1
ADDLINE 10,0,2 1,256,1 1,256,1 1,256,1 1,256,1 1,256,1 12,0,2 1,256,1 1,256,1
ADDLINE 1,264,1 1,264,1 1,132,1 1,132,1 1,132,1 1,132,1 12,0,2 1,132,1 1,132,1
ADDLINE 0,0,0 1,150,1 1,150,1 1,150,1 1,150,1 1,150,1 0,0,0 12,0,2 0,0,0
ADDLINE 1,115,1 1,115,1 1,115,1 1,115,1 1,115,1 1,115,1 1,115,1 12,0,2 1,115,1
ADDLINE 0,0,0 12,0,2 1,132,1 1,132,1 0,0,0 0,0,0 0,0,0 0,0,0 1,132,1
ADDLINE 0,0,0 0,0,0 12,0,2 1,288,1 1,288,1 1,288,1 1,144,1 1,144,1 1,144,1
ADDLINE 1,156,1 12,0,2 1,156,1 1,312,1 7,0,2 1,312,1 1,156,1 1,312,1 1,312,1
ADDLINE 0,0,0 0,0,0 1,125,1 1,250,1 1,250,1 1,250,1 1,125,1 12,0,2 7,0,2
ADDLINE 1,137,1 12,0,2 1,137,1 1,137,1 1,137,1 1,137,1 1,137,1 0,0,0 1,274,1
ADDLINE 0,0,0 0,0,0 0,0,0 0,0,0 0,0,0 12,0,2 0,0,0 0,0,0 1,149,1
ADDLINE 1,154,1 1,154,1 1,154,1 1,154,1 1,154,1 12,0,2 1,154,1 1,154,1 1,154,1
ADDLINE 1,130,1 1,130,1 1,130,1 1,130,1 1,130,1 12,0,2 0,0,0 0,0,0 0,0,0
ADDLINE 1,135,1 1,135,1 1,135,1 1,135,1 1,135,1 1,135,1 1,270,1 12,0,2 1,135,1
ADDLINE 0,0,0 1,308,1 1,308,1 1,308,1 1,308,1 0,0,0 12,0,2 10,0,2 1,308,1
ADDLINE 1,167,1 1,167,1 0,0,0 0,0,0 0,0,0 0,0,0 0,0,0 12,0,2 0,0,0
ADDLINE 1,134,1 0,0,0 12,0,2 1,134,1 1,134,1 0,0,0 1,134,1 1,134,1 0,0,0
ADDLINE 1,147,1 1,147,1 0,0,0 1,147,1 0,0,0 0,0,0 1,147,1 12,0,2 0,0,0
ADDLINE 1,160,1 1,160,1 1,160,1 1,160,1 1,160,1 12,0,2 1,160,1 1,160,1 0,0,0
ADDLINE 0,0,0 0,0,0 0,0,0 1,173,1 12,0,2 0,0,0 1,173,1 0,0,0 1,173,1
ADDLINE 0,0,0 1,138,1 1,138,1 1,138,1 1,138,1 0,0,0 12,0,2 1,138,1 1,138,1
ADDLINE 0,0,0 1,152,1 1,152,1 12,0,2 0,0,0 0,0,0 1,152,1 1,152,1 1,152,1
ADDLINE 0,0,0 0,0,0 0,0,0 0,0,0 1,165,1 1,165,1 1,165,1 12,0,2 1,165,1
ADDLINE 0,0,0 0,0,0 1,178,1 0,0,0 1,178,1 12,0,2 1,178,1 0,0,0 0,0,0
ADDLINE 1,204,1 1,204,1 1,204,1 0,0,0 0,0,0 12,0,2 0,0,0 0,0,0 0,0,0
ADDLINE 1,196,1 1,196,1 1,196,1 1,196,1 1,196,1 12,0,2 1,196,1 1,196,1 1,196,1
ADDLINE 0,0,0 0,0,0 0,0,0 12,0,2 1,208,1 0,0,0 1,208,1 1,208,1 1,208,1
0,0,0 1,85,1 1,85,1 1,85,1 1,85,1 1,85,1 0,0,0 12,0,2 0,0,0
12,0,2 1,160,1 1,80,1 1,80,1 1,80,1 1,80,1 1,80,1 1,80,1 1,80,1
11,0,2 1,166,1 1,83,1 1,83,1 1,83,1 6,83,1 0,0,0 12,0,2 0,0,0
0,0,0 1,82,1 1,82,1 1,82,1 1,82,1 1,82,1 12,0,2 1,82,1 1,82,1
0,0,0 1,81,1 0,0,0 0,0,0 1,81,1 1,81,1 12,0,2 0,0,0 0,0,0
1,77,1 1,77,1 1,77,1 1,77,1 1,77,1 1,77,1 1,77,1 1,77,1 12,0,2
0,0,0 0,0,0 0,0,0 0,0,0 0,0,0 0,0,0 0,0,0 0,0,0 0,0,0
0,0,0 0,0,0 0,0,0 0,0,0 0,0,0 0,0,0 0,0,0 0,0,0 0,0,0
0,0,0 0,0,0 0,0,0 0,0,0 0,0,0 0,0,0 0,0,0 0,0,0 0,0,0