MODE 0
BALL 80
STARS 0/5700/8200
ADDLINE 0,0,0 12,0,2 0,0,0 0,0,0 0,0,0 0,0,0 1,95,1 1,95,1 1,95,1
ADDLINE 0,0,0 0,0,0 1,96,1 1,96,1 1,96,1 0,0,0 12,0,2 1,96,1 1,96,1
ADDLINE 1,97,1 1,97,1 0,0,0 0,0,0 0,0,0 12,0,2 0,0,0 0,0,0 1,97,1
ADDLINE 1,107,1 1,107,1 12,0,2 1,107,1 1,107,1 0,0,0 1,107,1 1,107,1 1,107,1
ADDLINE 1,108,1 0,0,0 12,0,2 1,108,1 1,108,1 0,0,0 0,0,0 0,0,0 1,108,1
ADDLINE 1,118,1 12,0,2 0,0,0 0,0,0 0,0,0 1,118,1 1,118,1 0,0,0 0,0,0
ADDLINE 1,128,1 1,128,1 1,128,1 12,0,2 0,0,0 1,128,1 1,128,1 1,128,1 0,0,0
ADDLINE 1,139,1 1,139,1 0,0,0 12,0,2 1,139,1 1,139,1 0,0,0 0,0,0 0,0,0
ADDLINE 1,112,1 1,112,1 0,0,0 0,0,0 12,0,2 0,0,0 0,0,0 1,112,1 1,112,1
ADDLINE 1,117,1 1,117,1 1,117,1 1,117,1 12,0,2 1,117,1 1,117,1 1,117,1 1,117,1
ADDLINE 0,0,0 0,0,0 0,0,0 1,134,1 12,0,2 1,134,1 0,0,0 0,0,0 0,0,0
ADDLINE 0,0,0 1,145,1 1,145,1 1,145,1 12,0,2 1,145,1 1,145,1 1,145,1 1,145,1
ADDLINE 0,0,0 0,0,0 12,0,2 1,116,1 0,0,0 0,0,0 0,0,0 1,116,1 1,116,1
ADDLINE 0,0,0 1,128,1 1,128,1 1,128,1 1,128,1 1,128,1 12,0,2 1,128,1 1,128,1
ADDLINE 0,0,0 1,139,1 1,139,1 1,139,1 1,139,1 1,139,1 12,0,2 1,139,1 1,139,1
ADDLINE 12,0,2 1,143,1 1,143,1 1,143,1 1,143,1 1,143,1 1,143,1 1,143,1 1,143,1
ADDLINE 0,0,0 1,121,1 1,121,1 1,121,1 1,121,1 1,121,1 12,0,2 0,0,0 0,0,0
ADDLINE 1,126,1 1,126,1 1,126,1 1,126,1 1,126,1 1,126,1 12,0,2 1,126,1 1,126,1
ADDLINE 0,0,0 1,144,1 12,0,2 1,144,1 0,0,0 1,144,1 1,144,1 1,144,1 0,0,0
ADDLINE 0,0,0 1,156,1 0,0,0 1,156,1 0,0,0 0,0,0 0,0,0 12,0,2 0,0,0
ADDLINE 1,119,1 1,119,1 12,0,2 1,119,1 1,119,1 1,119,1 1,119,1 1,119,1 1,119,1
ADDLINE 0,0,0 0,0,0 0,0,0 0,0,0 0,0,0 1,137,1 1,137,1 12,0,2 1,137,1
ADDLINE 1,149,1 1,149,1 1,149,1 1,149,1 12,0,2 1,149,1 1,149,1 1,149,1 0,0,0
ADDLINE 1,162,1 1,162,1 1,162,1 1,162,1 12,0,2 1,162,1 1,162,1 1,162,1 0,0,0
ADDLINE 1,130,1 1,130,1 1,130,1 1,130,1 12,0,2 1,130,1 1,130,1 1,130,1 0,0,0
ADDLINE 1,142,1 1,142,1 1,142,1 1,142,1 12,0,2 1,142,1 1,142,1 1,142,1 0,0,0
ADDLINE 1,154,1 1,154,1 1,154,1 1,154,1 12,0,2 1,154,1 1,154,1 1,154,1 0,0,0
ADDLINE 1,167,1 1,167,1 1,167,1 1,167,1 12,0,2 0,0,0 0,0,0 1,167,1 1,167,1
ADDLINE 1,134,1 1,134,1 1,134,1 1,134,1 0,0,0 1,134,1 12,0,2 0,0,0 1,134,1
ADDLINE 1,147,1 12,0,2 0,0,0 0,0,0 0,0,0 0,0,0 1,147,1 0,0,0 1,147,1
ADDLINE 0,0,0 1,160,1 1,160,1 1,160,1 1,160,1 12,0,2 1,160,1 0,0,0 1,160,1
ADDLINE 0,0,0 1,173,1 1,173,1 1,173,1 1,173,1 0,0,0 12,0,2 0,0,0 0,0,0
ADDLINE 0,0,0 0,0,0 12,0,2 0,0,0 1,138,1 1,138,1 1,138,1 1,138,1 0,0,0
ADDLINE 1,152,1 1,152,1 0,0,0 0,0,0 1,152,1 1,152,1 12,0,2 0,0,0 0,0,0
ADDLINE 1,165,1 1,165,1 0,0,0 1,165,1 1,165,1 12,0,2 0,0,0 1,165,1 1,165,1
ADDLINE 1,178,1 1,178,1 0,0,0 12,0,2 0,0,0 0,0,0 1,178,1 1,178,1 1,178,1
ADDLINE 0,0,0 12,0,2 1,204,1 1,204,1 1,204,1 0,0,0 1,204,1 1,204,1 1,204,1
ADDLINE 12,0,2 1,196,1 1,196,1 1,196,1 1,196,1 1,196,1 1,196,1 1,196,1 1,196,1
ADDLINE 0,0,0 0,0,0 1,208,1 0,0,0 0,0,0 12,0,2 1,208,1 1,208,1 1,208,1
1,85,1 1,85,1 12,0,2 1,85,1 1,85,1 1,85,1 1,85,1 1,85,1 0,0,0
0,0,0 0,0,0 0,0,0 0,0,0 6,84,1 1,84,1 12,0,2 1,84,1 0,0,0
0,0,0 1,83,1 1,83,1 1,83,1 1,83,1 1,83,1 1,83,1 1,83,1 12,0,2
0,0,0 1,82,1 1,82,1 1,82,1 0,0,0 12,0,2 0,0,0 1,82,1 0,0,0
0,0,0 1,81,1 1,81,1 1,81,1 12,0,2 1,81,1 1,81,1 1,81,1 1,81,1
0,0,0 1,80,1 1,80,1 1,80,1 12,0,2 1,80,1 1,80,1 1,80,1 1,80,1
0,0,0 0,0,0 0,0,0 0,0,0 0,0,0 0,0,0 0,0,0 0,0,0 0,0,0
0,0,0 0,0,0 0,0,0 0,0,0 0,0,0 0,0,0 0,0,0 0,0,0 0,0,0
0,0,0 0,0,0 0,0,0 0,0,0 0,0,0 0,0,0 0,0,0 0,0,0 0,0,0