MODE 0
BALL 80
STARS 0/5400/7700
ADDLINE 1,95,1 1,95,1 1,95,1 12,0,2 1,95,1 1,95,1 1,95,1 0,0,0 1,95,1
ADDLINE 0,0,0 0,0,0 1,96,1 12,0,2 1,96,1 1,96,1 1,96,1 0,0,0 0,0,0
ADDLINE 1,97,1 12,0,2 1,97,1 0,0,0 1,97,1 1,97,1 1,97,1 1,97,1 1,97,1
ADDLINE 1,107,1 0,0,0 0,0,0 0,0,0 0,0,0 0,0,0 12,0,2 0,0,0 0,0,0
ADDLINE 1,103,1 1,103,1 12,0,2 1,103,1 1,103,1 1,103,1 1,103,1 1,103,1 1,103,1
ADDLINE 1,118,1 12,0,2 0,0,0 0,0,0 0,0,0 0,0,0 0,0,0 0,0,0 1,118,1
ADDLINE 1,122,1 1,122,1 1,122,1 1,122,1 1,122,1 1,122,1 1,122,1 12,0,2 1,122,1
ADDLINE 0,0,0 12,0,2 0,0,0 0,0,0 1,139,1 0,0,0 0,0,0 0,0,0 1,139,1
ADDLINE 1,112,1 1,112,1 1,112,1 12,0,2 1,112,1 1,112,1 1,112,1 0,0,0 1,112,1
ADDLINE 1,246,1 1,246,1 1,246,1 12,0,2 16,123,1 1,246,1 1,246,1 1,246,1 1,246,1
ADDLINE 1,134,1 0,0,0 12,0,2 0,0,0 1,134,1 1,134,1 1,134,1 1,134,1 1,134,1
ADDLINE 1,290,1 12,0,2 0,0,0 0,0,0 1,145,1 1,145,1 1,145,1 1,145,1 1,145,1
ADDLINE 20,116,1 1,232,1 1,116,1 0,0,0 0,0,0 0,0,0 12,0,2 0,0,0 0,0,0
ADDLINE 1,256,1 1,256,1 1,256,1 1,256,1 1,256,1 1,256,1 16,128,1 12,0,2 0,0,0
ADDLINE 1,278,1 1,278,1 1,278,1 1,278,1 1,278,1 1,278,1 16,139,1 12,0,2 0,0,0
ADDLINE 1,150,1 20,150,1 0,0,0 0,0,0 0,0,0 0,0,0 0,0,0 12,0,2 0,0,0
ADDLINE 1,121,1 1,242,1 12,0,2 1,121,1 1,121,1 0,0,0 1,242,1 1,242,1 1,121,1
ADDLINE 1,132,1 1,132,1 1,132,1 0,0,0 12,0,2 0,0,0 1,264,1 17,132,1 1,132,1
ADDLINE 1,144,1 1,144,1 12,0,2 0,0,0 0,0,0 1,144,1 1,288,1 0,0,0 1,144,1
ADDLINE 1,156,1 0,0,0 0,0,0 1,156,1 1,156,1 12,0,2 0,0,0 0,0,0 1,156,1
ADDLINE 0,0,0 1,250,1 16,125,1 1,250,1 1,250,1 12,0,2 1,250,1 1,250,1 1,250,1
ADDLINE 1,137,1 1,137,1 12,0,2 1,137,1 1,137,1 0,0,0 20,137,1 1,274,1 1,137,1
ADDLINE 1,298,1 12,0,2 1,298,1 1,298,1 1,298,1 1,298,1 19,149,1 1,298,1 1,298,1
ADDLINE 1,154,1 12,0,2 1,154,1 1,154,1 1,154,1 1,308,1 1,308,1 1,308,1 1,154,1
ADDLINE 1,130,1 0,0,0 1,130,1 1,130,1 0,0,0 12,0,2 0,0,0 1,130,1 1,130,1
ADDLINE 0,0,0 1,142,1 1,142,1 12,0,2 1,142,1 1,142,1 1,142,1 1,142,1 1,142,1
ADDLINE 1,294,1 1,294,1 12,0,2 1,147,1 1,147,1 1,147,1 1,147,1 1,147,1 1,147,1
ADDLINE 20,167,1 1,334,1 1,167,1 1,167,1 1,167,1 12,0,2 1,167,1 0,0,0 1,167,1
ADDLINE 0,0,0 1,268,1 1,134,1 1,134,1 1,134,1 0,0,0 1,134,1 12,0,2 1,134,1
ADDLINE 1,140,1 1,140,1 1,140,1 1,140,1 1,140,1 1,140,1 1,140,1 12,0,2 1,140,1
ADDLINE 1,160,1 0,0,0 0,0,0 0,0,0 0,0,0 0,0,0 0,0,0 12,0,2 0,0,0
ADDLINE 1,164,1 12,0,2 1,164,1 1,164,1 1,164,1 1,164,1 1,164,1 1,164,1 1,164,1
ADDLINE 1,138,1 0,0,0 1,138,1 0,0,0 0,0,0 0,0,0 12,0,2 0,0,0 0,0,0
ADDLINE 1,152,1 12,0,2 1,152,1 1,152,1 1,152,1 0,0,0 1,152,1 0,0,0 1,152,1
ADDLINE 1,165,1 0,0,0 12,0,2 0,0,0 1,165,1 0,0,0 1,165,1 0,0,0 1,165,1
ADDLINE 1,178,1 1,356,1 1,356,1 0,0,0 1,178,1 12,0,2 1,178,1 0,0,0 1,178,1
ADDLINE 1,204,1 1,408,1 17,204,1 1,408,1 1,408,1 1,408,1 1,204,1 1,204,1 12,0,2
ADDLINE 1,206,1 1,412,1 1,412,1 1,412,1 17,206,1 1,412,1 0,0,0 12,0,2 0,0,0
ADDLINE 1,416,1 1,416,1 19,208,1 1,416,1 1,416,1 1,416,1 1,416,1 12,0,2 0,0,0
1,85,1 1,85,1 0,0,0 0,0,0 12,0,2 0,0,0 1,85,1 1,85,1 1,85,1
1,84,1 1,84,1 1,84,1 0,0,0 1,84,1 12,0,2 0,0,0 1,84,1 1,84,1
1,166,1 1,166,1 1,83,1 12,0,2 1,83,1 1,83,1 0,0,0 6,83,1 1,83,1
7,0,2 1,164,1 1,82,1 0,0,0 1,82,1 1,82,1 12,0,2 0,0,0 0,0,0
1,162,1 1,162,1 1,81,1 1,81,1 0,0,0 0,0,0 0,0,0 12,0,2 0,0,0
1,80,1 1,80,1 0,0,0 12,0,2 1,80,1 0,0,0 1,80,1 1,80,1 1,80,1
0,0,0 0,0,0 0,0,0 0,0,0 0,0,0 0,0,0 0,0,0 0,0,0 0,0,0
0,0,0 0,0,0 0,0,0 0,0,0 0,0,0 0,0,0 0,0,0 0,0,0 0,0,0
0,0,0 0,0,0 0,0,0 0,0,0 0,0,0 0,0,0 0,0,0 0,0,0 0,0,0