MODE 0
BALL 80
STARS 0/5900/8400
ADDLINE 1,95,1 1,95,1 1,95,1 0,0,0 0,0,0 12,0,2 0,0,0 0,0,0 0,0,0
ADDLINE 1,96,1 1,96,1 1,96,1 0,0,0 0,0,0 12,0,2 0,0,0 0,0,0 0,0,0
ADDLINE 1,97,1 1,97,1 1,97,1 12,0,2 1,97,1 1,97,1 1,97,1 1,97,1 0,0,0
ADDLINE 1,107,1 1,107,1 1,107,1 0,0,0 1,107,1 1,107,1 1,107,1 12,0,2 0,0,0
ADDLINE 1,108,1 0,0,0 0,0,0 0,0,0 1,108,1 1,108,1 12,0,2 0,0,0 1,108,1
ADDLINE 0,0,0 12,0,2 1,118,1 1,118,1 1,118,1 1,118,1 0,0,0 1,118,1 0,0,0
ADDLINE 0,0,0 0,0,0 0,0,0 1,128,1 1,128,1 0,0,0 0,0,0 12,0,2 0,0,0
ADDLINE 1,139,1 1,139,1 0,0,0 0,0,0 12,0,2 1,139,1 0,0,0 1,139,1 1,139,1
ADDLINE 1,112,1 1,112,1 1,112,1 1,112,1 12,0,2 1,112,1 0,0,0 1,112,1 1,112,1
ADDLINE 1,123,1 12,0,2 1,123,1 0,0,0 1,123,1 1,123,1 1,123,1 1,123,1 1,123,1
ADDLINE 1,134,1 12,0,2 1,134,1 0,0,0 1,134,1 1,134,1 1,134,1 1,134,1 1,134,1
ADDLINE 0,0,0 12,0,2 1,145,1 1,145,1 0,0,0 0,0,0 0,0,0 0,0,0 1,145,1
ADDLINE 1,111,1 1,111,1 1,111,1 1,111,1 1,111,1 1,111,1 1,111,1 12,0,2 1,111,1
ADDLINE 1,128,1 1,128,1 1,128,1 0,0,0 0,0,0 12,0,2 0,0,0 0,0,0 0,0,0
ADDLINE 1,132,1 1,132,1 1,132,1 12,0,2 1,132,1 1,132,1 1,132,1 1,132,1 1,132,1
ADDLINE 1,150,1 0,0,0 12,0,2 0,0,0 1,150,1 1,150,1 1,150,1 1,150,1 1,150,1
ADDLINE 1,121,1 12,0,2 1,121,1 0,0,0 1,121,1 1,121,1 1,121,1 1,121,1 1,121,1
ADDLINE 1,132,1 12,0,2 1,132,1 0,0,0 1,132,1 1,132,1 1,132,1 1,132,1 1,132,1
ADDLINE 0,0,0 1,144,1 1,144,1 1,144,1 12,0,2 1,144,1 1,144,1 1,144,1 1,144,1
ADDLINE 12,0,2 1,148,1 1,148,1 1,148,1 1,148,1 1,148,1 1,148,1 1,148,1 1,148,1
ADDLINE 0,0,0 1,125,1 1,125,1 1,125,1 12,0,2 1,125,1 1,125,1 1,125,1 1,125,1
ADDLINE 1,131,1 1,131,1 1,131,1 1,131,1 12,0,2 1,131,1 1,131,1 1,131,1 1,131,1
ADDLINE 0,0,0 12,0,2 1,149,1 0,0,0 0,0,0 0,0,0 1,149,1 0,0,0 1,149,1
ADDLINE 1,154,1 1,154,1 1,154,1 12,0,2 1,154,1 1,154,1 1,154,1 1,154,1 1,154,1
ADDLINE 0,0,0 0,0,0 12,0,2 0,0,0 0,0,0 1,130,1 0,0,0 0,0,0 0,0,0
ADDLINE 1,142,1 1,142,1 1,142,1 1,142,1 12,0,2 1,142,1 1,142,1 1,142,1 0,0,0
ADDLINE 0,0,0 0,0,0 0,0,0 1,154,1 0,0,0 1,154,1 1,154,1 1,154,1 12,0,2
ADDLINE 0,0,0 0,0,0 0,0,0 12,0,2 0,0,0 1,167,1 1,167,1 1,167,1 0,0,0
ADDLINE 1,134,1 1,134,1 1,134,1 1,134,1 0,0,0 1,134,1 12,0,2 0,0,0 0,0,0
ADDLINE 1,147,1 0,0,0 0,0,0 1,147,1 1,147,1 12,0,2 1,147,1 1,147,1 0,0,0
ADDLINE 0,0,0 12,0,2 1,160,1 0,0,0 1,160,1 0,0,0 0,0,0 0,0,0 0,0,0
ADDLINE 0,0,0 1,173,1 0,0,0 1,173,1 12,0,2 0,0,0 1,173,1 0,0,0 1,173,1
ADDLINE 0,0,0 1,138,1 0,0,0 1,138,1 1,138,1 1,138,1 1,138,1 12,0,2 0,0,0
ADDLINE 0,0,0 0,0,0 1,152,1 1,152,1 12,0,2 1,152,1 1,152,1 1,152,1 0,0,0
ADDLINE 0,0,0 1,165,1 1,165,1 0,0,0 0,0,0 1,165,1 1,165,1 1,165,1 12,0,2
ADDLINE 0,0,0 1,178,1 1,178,1 0,0,0 12,0,2 1,178,1 1,178,1 1,178,1 0,0,0
ADDLINE 1,194,1 1,194,1 1,194,1 12,0,2 1,194,1 1,194,1 1,194,1 1,194,1 1,194,1
ADDLINE 1,206,1 12,0,2 0,0,0 0,0,0 0,0,0 0,0,0 0,0,0 0,0,0 0,0,0
ADDLINE 1,198,1 1,198,1 1,198,1 1,198,1 1,198,1 12,0,2 1,198,1 1,198,1 1,198,1
1,81,1 1,81,1 1,81,1 12,0,2 1,81,1 1,81,1 1,81,1 1,81,1 1,81,1
1,84,1 1,84,1 6,84,1 0,0,0 0,0,0 12,0,2 0,0,0 0,0,0 0,0,0
1,79,1 1,79,1 1,79,1 12,0,2 1,79,1 1,79,1 1,79,1 1,79,1 1,79,1
1,82,1 12,0,2 0,0,0 0,0,0 1,82,1 1,82,1 1,82,1 1,82,1 1,82,1
1,78,1 1,78,1 1,78,1 12,0,2 1,78,1 1,78,1 1,78,1 1,78,1 1,78,1
1,80,1 0,0,0 1,80,1 0,0,0 1,80,1 12,0,2 0,0,0 0,0,0 1,80,1
0,0,0 0,0,0 0,0,0 0,0,0 0,0,0 0,0,0 0,0,0 0,0,0 0,0,0
0,0,0 0,0,0 0,0,0 0,0,0 0,0,0 0,0,0 0,0,0 0,0,0 0,0,0
0,0,0 0,0,0 0,0,0 0,0,0 0,0,0 0,0,0 0,0,0 0,0,0 0,0,0