MODE 0
BALL 80
STARS 0/5300/7600
ADDLINE 0,0,0 0,0,0 0,0,0 0,0,0 1,95,1 12,0,2 1,95,1 0,0,0 1,95,1
ADDLINE 1,96,1 3,96,1 3,96,1 12,0,2 1,96,1 1,96,1 1,96,1 0,0,0 1,96,1
ADDLINE 1,97,1 1,97,1 2,97,1 0,0,0 12,0,2 0,0,0 1,97,1 0,0,0 5,97,1
ADDLINE 1,107,1 3,107,1 1,107,1 1,107,1 1,107,1 12,0,2 1,107,1 0,0,0 1,107,1
ADDLINE 0,0,0 0,0,0 0,0,0 0,0,0 1,108,1 12,0,2 0,0,0 0,0,0 1,108,1
ADDLINE 1,112,1 12,0,2 4,112,1 1,112,1 1,112,1 1,112,1 1,112,1 2,112,1 3,112,1
ADDLINE 1,128,1 12,0,2 0,0,0 0,0,0 0,0,0 0,0,0 0,0,0 0,0,0 0,0,0
ADDLINE 1,139,1 2,139,1 1,139,1 12,0,2 1,139,1 1,139,1 1,139,1 0,0,0 3,139,1
ADDLINE 0,0,0 12,0,2 1,112,1 0,0,0 4,112,1 1,112,1 1,112,1 0,0,0 1,112,1
ADDLINE 0,0,0 12,0,2 0,0,0 1,123,1 3,123,1 5,123,1 1,123,1 1,123,1 0,0,0
ADDLINE 4,134,1 5,134,1 1,134,1 1,134,1 1,134,1 1,134,1 12,0,2 4,134,1 0,0,0
ADDLINE 1,145,1 1,145,1 1,145,1 1,145,1 1,145,1 1,145,1 12,0,2 1,145,1 0,0,0
ADDLINE 1,116,1 4,116,1 1,116,1 1,116,1 0,0,0 12,0,2 0,0,0 1,116,1 0,0,0
ADDLINE 1,128,1 1,128,1 4,128,1 1,128,1 12,0,2 3,128,1 0,0,0 1,128,1 0,0,0
ADDLINE 2,139,1 1,139,1 0,0,0 12,0,2 0,0,0 1,139,1 0,0,0 0,0,0 1,139,1
ADDLINE 5,150,1 0,0,0 12,0,2 1,150,1 1,150,1 1,150,1 1,150,1 0,0,0 0,0,0
ADDLINE 0,0,0 0,0,0 1,121,1 1,121,1 1,121,1 1,121,1 1,121,1 12,0,2 0,0,0
ADDLINE 0,0,0 2,132,1 1,132,1 4,132,1 1,132,1 4,132,1 1,132,1 12,0,2 0,0,0
ADDLINE 1,144,1 1,144,1 12,0,2 0,0,0 0,0,0 0,0,0 4,144,1 3,144,1 0,0,0
ADDLINE 5,156,1 12,0,2 0,0,0 1,156,1 1,156,1 1,156,1 1,156,1 1,156,1 0,0,0
ADDLINE 1,125,1 12,0,2 0,0,0 0,0,0 0,0,0 1,125,1 0,0,0 0,0,0 0,0,0
ADDLINE 1,137,1 1,137,1 1,137,1 1,137,1 0,0,0 12,0,2 0,0,0 1,137,1 1,137,1
ADDLINE 3,149,1 3,149,1 1,149,1 1,149,1 12,0,2 0,0,0 1,149,1 2,149,1 1,149,1
ADDLINE 1,162,1 2,162,1 1,162,1 1,162,1 12,0,2 0,0,0 1,162,1 4,162,1 1,162,1
ADDLINE 1,130,1 1,130,1 0,0,0 0,0,0 12,0,2 0,0,0 1,130,1 5,130,1 1,130,1
ADDLINE 1,142,1 1,142,1 12,0,2 1,142,1 1,142,1 0,0,0 1,142,1 1,142,1 5,142,1
ADDLINE 1,154,1 1,154,1 3,154,1 1,154,1 1,154,1 12,0,2 0,0,0 0,0,0 2,154,1
ADDLINE 2,167,1 1,167,1 1,167,1 12,0,2 1,167,1 1,167,1 4,167,1 0,0,0 1,167,1
ADDLINE 5,134,1 0,0,0 1,134,1 12,0,2 0,0,0 0,0,0 0,0,0 0,0,0 0,0,0
ADDLINE 1,140,1 12,0,2 1,140,1 1,140,1 5,140,1 1,140,1 1,140,1 1,140,1 1,140,1
ADDLINE 1,160,1 0,0,0 0,0,0 0,0,0 0,0,0 12,0,2 0,0,0 0,0,0 1,160,1
ADDLINE 5,173,1 12,0,2 1,173,1 2,173,1 1,173,1 0,0,0 1,173,1 0,0,0 1,173,1
ADDLINE 1,138,1 0,0,0 1,138,1 1,138,1 3,138,1 12,0,2 1,138,1 0,0,0 2,138,1
ADDLINE 1,152,1 12,0,2 1,152,1 1,152,1 1,152,1 1,152,1 1,152,1 0,0,0 1,152,1
ADDLINE 0,0,0 0,0,0 0,0,0 0,0,0 1,165,1 0,0,0 0,0,0 12,0,2 2,165,1
ADDLINE 1,170,1 1,170,1 4,170,1 1,170,1 1,170,1 12,0,2 1,170,1 5,170,1 5,170,1
ADDLINE 1,194,1 1,194,1 1,194,1 1,194,1 5,194,1 1,194,1 12,0,2 4,194,1 1,194,1
ADDLINE 3,206,1 1,206,1 3,206,1 0,0,0 12,0,2 0,0,0 0,0,0 1,206,1 4,206,1
ADDLINE 1,208,1 1,208,1 1,208,1 12,0,2 0,0,0 1,208,1 1,208,1 1,208,1 1,208,1
0,0,0 1,85,1 1,85,1 1,85,1 4,85,1 1,85,1 6,85,1 12,0,2 3,85,1
0,0,0 0,0,0 0,0,0 0,0,0 0,0,0 1,84,1 1,84,1 12,0,2 0,0,0
1,83,1 4,83,1 2,83,1 1,83,1 0,0,0 12,0,2 0,0,0 1,83,1 0,0,0
1,82,1 1,82,1 1,82,1 0,0,0 1,82,1 3,82,1 0,0,0 12,0,2 0,0,0
5,81,1 1,81,1 1,81,1 12,0,2 0,0,0 1,81,1 1,81,1 1,81,1 0,0,0
1,80,1 1,80,1 1,80,1 1,80,1 12,0,2 0,0,0 4,80,1 5,80,1 0,0,0
0,0,0 0,0,0 0,0,0 0,0,0 0,0,0 0,0,0 0,0,0 0,0,0 0,0,0
0,0,0 0,0,0 0,0,0 0,0,0 0,0,0 0,0,0 0,0,0 0,0,0 0,0,0
0,0,0 0,0,0 0,0,0 0,0,0 0,0,0 0,0,0 0,0,0 0,0,0 0,0,0