MODE 0
BALL 80
STARS 0/5600/8000
ADDLINE 5,95,1 1,95,1 1,95,1 1,95,1 12,0,2 0,0,0 0,0,0 0,0,0 0,0,0
ADDLINE 1,96,1 0,0,0 12,0,2 0,0,0 0,0,0 1,96,1 1,96,1 0,0,0 0,0,0
ADDLINE 1,97,1 12,0,2 0,0,0 0,0,0 0,0,0 0,0,0 11,0,2 0,0,0 3,97,1
ADDLINE 0,0,0 2,107,1 12,0,2 1,107,1 1,107,1 1,214,1 1,214,1 1,214,1 5,107,1
ADDLINE 0,0,0 1,108,1 0,0,0 0,0,0 12,0,2 1,108,1 1,108,1 1,108,1 1,108,1
ADDLINE 0,0,0 8,0,2 12,0,2 0,0,0 0,0,0 1,236,1 1,236,1 1,236,1 1,236,1
ADDLINE 0,0,0 2,128,1 1,128,1 1,128,1 1,128,1 2,128,1 5,128,1 1,128,1 12,0,2
ADDLINE 0,0,0 1,278,1 12,0,2 0,0,0 8,0,2 0,0,0 0,0,0 0,0,0 0,0,0
ADDLINE 0,0,0 1,112,1 12,0,2 1,112,1 4,112,1 1,112,1 1,112,1 1,112,1 1,112,1
ADDLINE 0,0,0 12,0,2 0,0,0 0,0,0 1,123,1 0,0,0 11,0,2 0,0,0 0,0,0
ADDLINE 4,127,1 1,127,1 1,127,1 3,127,1 1,127,1 12,0,2 1,254,1 1,254,1 1,127,1
ADDLINE 1,138,1 1,138,1 2,138,1 1,138,1 1,138,1 12,0,2 4,138,1 1,138,1 1,138,1
ADDLINE 1,111,1 5,111,1 2,111,1 1,111,1 3,111,1 12,0,2 1,111,1 1,111,1 1,111,1
ADDLINE 0,0,0 0,0,0 0,0,0 0,0,0 1,128,1 0,0,0 12,0,2 0,0,0 1,128,1
ADDLINE 1,132,1 12,0,2 1,132,1 2,132,1 1,132,1 1,132,1 1,132,1 1,132,1 1,132,1
ADDLINE 1,150,1 12,0,2 5,150,1 1,150,1 1,150,1 1,150,1 1,300,1 0,0,0 1,150,1
ADDLINE 1,242,1 12,0,2 1,242,1 1,242,1 1,242,1 1,242,1 1,242,1 10,0,2 1,242,1
ADDLINE 0,0,0 12,0,2 2,132,1 0,0,0 0,0,0 0,0,0 0,0,0 0,0,0 1,132,1
ADDLINE 5,144,1 0,0,0 4,144,1 12,0,2 1,144,1 0,0,0 1,144,1 0,0,0 0,0,0
ADDLINE 1,156,1 12,0,2 1,156,1 1,156,1 1,156,1 0,0,0 2,156,1 1,156,1 1,156,1
ADDLINE 1,250,1 12,0,2 0,0,0 0,0,0 1,250,1 8,0,2 1,250,1 1,250,1 1,250,1
ADDLINE 1,137,1 1,137,1 1,137,1 12,0,2 1,274,1 11,0,2 1,274,1 1,137,1 1,137,1
ADDLINE 1,149,1 1,149,1 5,149,1 12,0,2 0,0,0 0,0,0 0,0,0 0,0,0 3,149,1
ADDLINE 1,324,1 1,324,1 1,324,1 12,0,2 1,324,1 1,324,1 1,324,1 10,0,2 1,324,1
ADDLINE 1,130,1 1,130,1 1,130,1 12,0,2 1,130,1 3,130,1 1,260,1 0,0,0 1,130,1
ADDLINE 5,135,1 1,135,1 1,135,1 1,135,1 1,135,1 3,135,1 1,135,1 12,0,2 4,135,1
ADDLINE 8,0,2 0,0,0 0,0,0 0,0,0 1,308,1 1,308,1 1,308,1 12,0,2 1,308,1
ADDLINE 0,0,0 12,0,2 0,0,0 0,0,0 0,0,0 0,0,0 0,0,0 1,167,1 1,167,1
ADDLINE 2,134,1 0,0,0 12,0,2 0,0,0 1,134,1 1,134,1 0,0,0 4,134,1 1,134,1
ADDLINE 8,0,2 0,0,0 1,294,1 1,294,1 0,0,0 1,294,1 1,294,1 12,0,2 1,294,1
ADDLINE 0,0,0 1,160,1 0,0,0 5,160,1 0,0,0 0,0,0 12,0,2 0,0,0 1,160,1
ADDLINE 0,0,0 0,0,0 0,0,0 0,0,0 12,0,2 1,173,1 1,173,1 1,173,1 1,173,1
ADDLINE 2,138,1 1,138,1 1,138,1 12,0,2 0,0,0 1,138,1 3,138,1 0,0,0 1,138,1
ADDLINE 0,0,0 12,0,2 0,0,0 0,0,0 1,152,1 2,152,1 1,152,1 0,0,0 5,152,1
ADDLINE 0,0,0 1,165,1 1,165,1 1,165,1 1,165,1 1,330,1 11,0,2 12,0,2 1,165,1
ADDLINE 0,0,0 1,178,1 1,356,1 1,356,1 0,0,0 12,0,2 0,0,0 1,356,1 3,178,1
ADDLINE 1,408,1 1,408,1 1,408,1 10,0,2 1,408,1 12,0,2 1,408,1 0,0,0 1,408,1
ADDLINE 4,206,1 0,0,0 12,0,2 0,0,0 1,412,1 0,0,0 1,206,1 0,0,0 2,206,1
ADDLINE 1,198,1 1,198,1 1,198,1 1,198,1 1,198,1 1,198,1 1,198,1 12,0,2 5,198,1
1,85,1 1,85,1 12,0,2 4,85,1 0,0,0 3,85,1 0,0,0 2,85,1 1,85,1
1,84,1 1,84,1 12,0,2 1,84,1 0,0,0 1,84,1 0,0,0 1,84,1 1,84,1
1,83,1 1,83,1 0,0,0 6,83,1 12,0,2 4,83,1 0,0,0 1,83,1 1,83,1
0,0,0 2,82,1 0,0,0 1,82,1 0,0,0 1,82,1 0,0,0 12,0,2 0,0,0
1,81,1 1,81,1 1,81,1 1,81,1 12,0,2 1,81,1 3,81,1 1,81,1 0,0,0
1,160,1 1,160,1 1,160,1 1,160,1 0,0,0 1,160,1 12,0,2 1,160,1 8,0,2
0,0,0 0,0,0 0,0,0 0,0,0 0,0,0 0,0,0 0,0,0 0,0,0 0,0,0
0,0,0 0,0,0 0,0,0 0,0,0 0,0,0 0,0,0 0,0,0 0,0,0 0,0,0
0,0,0 0,0,0 0,0,0 0,0,0 0,0,0 0,0,0 0,0,0 0,0,0 0,0,0