MODE 0
BALL 80
STARS 0/5400/7800
ADDLINE 0,0,0 1,95,1 1,95,1 12,0,2 1,95,1 1,95,1 0,0,0 1,95,1 5,95,1
ADDLINE 12,0,2 1,91,1 4,91,1 1,91,1 4,91,1 1,91,1 1,91,1 1,91,1 1,91,1
ADDLINE 0,0,0 2,97,1 0,0,0 12,0,2 0,0,0 0,0,0 0,0,0 0,0,0 0,0,0
ADDLINE 0,0,0 2,107,1 12,0,2 1,107,1 1,107,1 1,107,1 1,107,1 1,107,1 5,107,1
ADDLINE 0,0,0 5,108,1 12,0,2 3,108,1 0,0,0 0,0,0 0,0,0 0,0,0 0,0,0
ADDLINE 1,118,1 1,118,1 12,0,2 1,118,1 0,0,0 1,118,1 1,118,1 1,118,1 1,118,1
ADDLINE 0,0,0 1,128,1 0,0,0 3,128,1 0,0,0 0,0,0 12,0,2 1,128,1 4,128,1
ADDLINE 1,139,1 1,139,1 12,0,2 1,139,1 1,139,1 1,139,1 0,0,0 1,139,1 1,139,1
ADDLINE 0,0,0 3,112,1 12,0,2 0,0,0 0,0,0 1,112,1 0,0,0 2,112,1 1,112,1
ADDLINE 0,0,0 12,0,2 0,0,0 0,0,0 1,123,1 1,123,1 1,123,1 0,0,0 1,123,1
ADDLINE 0,0,0 1,134,1 1,134,1 1,134,1 1,134,1 4,134,1 1,134,1 0,0,0 12,0,2
ADDLINE 0,0,0 0,0,0 0,0,0 12,0,2 0,0,0 1,145,1 2,145,1 5,145,1 0,0,0
ADDLINE 1,116,1 1,116,1 1,116,1 1,116,1 12,0,2 0,0,0 1,116,1 5,116,1 0,0,0
ADDLINE 4,128,1 5,128,1 1,128,1 1,128,1 1,128,1 0,0,0 12,0,2 1,128,1 0,0,0
ADDLINE 1,139,1 3,139,1 1,139,1 1,139,1 1,139,1 1,139,1 4,139,1 12,0,2 0,0,0
ADDLINE 1,150,1 1,150,1 1,150,1 1,150,1 1,150,1 1,150,1 2,150,1 12,0,2 0,0,0
ADDLINE 1,121,1 4,121,1 1,121,1 1,121,1 1,121,1 12,0,2 0,0,0 0,0,0 0,0,0
ADDLINE 1,132,1 1,132,1 3,132,1 1,132,1 2,132,1 0,0,0 0,0,0 12,0,2 0,0,0
ADDLINE 1,137,1 12,0,2 4,137,1 4,137,1 3,137,1 1,137,1 2,137,1 1,137,1 1,137,1
ADDLINE 0,0,0 12,0,2 1,156,1 1,156,1 1,156,1 1,156,1 1,156,1 1,156,1 1,156,1
ADDLINE 0,0,0 0,0,0 0,0,0 0,0,0 0,0,0 0,0,0 12,0,2 1,125,1 1,125,1
ADDLINE 1,137,1 3,137,1 1,137,1 1,137,1 1,137,1 1,137,1 0,0,0 12,0,2 0,0,0
ADDLINE 4,149,1 5,149,1 1,149,1 0,0,0 0,0,0 12,0,2 0,0,0 0,0,0 0,0,0
ADDLINE 1,162,1 1,162,1 1,162,1 12,0,2 0,0,0 1,162,1 1,162,1 1,162,1 4,162,1
ADDLINE 5,130,1 1,130,1 12,0,2 0,0,0 0,0,0 1,130,1 2,130,1 1,130,1 1,130,1
ADDLINE 1,135,1 1,135,1 12,0,2 1,135,1 1,135,1 1,135,1 1,135,1 4,135,1 1,135,1
ADDLINE 0,0,0 12,0,2 0,0,0 1,154,1 1,154,1 5,154,1 1,154,1 1,154,1 4,154,1
ADDLINE 1,167,1 12,0,2 1,167,1 0,0,0 0,0,0 0,0,0 1,167,1 0,0,0 0,0,0
ADDLINE 1,134,1 12,0,2 1,134,1 1,134,1 4,134,1 0,0,0 1,134,1 3,134,1 1,134,1
ADDLINE 2,147,1 0,0,0 0,0,0 12,0,2 1,147,1 0,0,0 1,147,1 1,147,1 4,147,1
ADDLINE 1,152,1 1,152,1 1,152,1 1,152,1 1,152,1 12,0,2 5,152,1 1,152,1 1,152,1
ADDLINE 3,173,1 0,0,0 0,0,0 12,0,2 1,173,1 0,0,0 0,0,0 0,0,0 1,173,1
ADDLINE 1,138,1 0,0,0 1,138,1 0,0,0 4,138,1 12,0,2 1,138,1 0,0,0 4,138,1
ADDLINE 1,152,1 12,0,2 5,152,1 0,0,0 1,152,1 0,0,0 5,152,1 0,0,0 3,152,1
ADDLINE 1,165,1 12,0,2 1,165,1 0,0,0 1,165,1 0,0,0 4,165,1 0,0,0 1,165,1
ADDLINE 0,0,0 0,0,0 1,178,1 0,0,0 1,178,1 12,0,2 1,178,1 0,0,0 1,178,1
ADDLINE 1,194,1 1,194,1 2,194,1 1,194,1 5,194,1 12,0,2 1,194,1 1,194,1 1,194,1
ADDLINE 3,206,1 1,206,1 1,206,1 0,0,0 12,0,2 0,0,0 1,206,1 1,206,1 1,206,1
ADDLINE 1,208,1 2,208,1 1,208,1 0,0,0 12,0,2 0,0,0 1,208,1 5,208,1 1,208,1
2,81,1 1,81,1 1,81,1 1,81,1 12,0,2 1,81,1 1,81,1 1,81,1 1,81,1
1,80,1 1,80,1 1,80,1 3,80,1 12,0,2 6,80,1 5,80,1 1,80,1 2,80,1
0,0,0 0,0,0 0,0,0 12,0,2 0,0,0 1,83,1 1,83,1 1,83,1 3,83,1
12,0,2 1,78,1 2,78,1 1,78,1 1,78,1 5,78,1 3,78,1 1,78,1 1,78,1
0,0,0 12,0,2 0,0,0 0,0,0 0,0,0 0,0,0 1,81,1 1,81,1 1,81,1
0,0,0 0,0,0 0,0,0 1,80,1 1,80,1 0,0,0 12,0,2 0,0,0 0,0,0
0,0,0 0,0,0 0,0,0 0,0,0 0,0,0 0,0,0 0,0,0 0,0,0 0,0,0
0,0,0 0,0,0 0,0,0 0,0,0 0,0,0 0,0,0 0,0,0 0,0,0 0,0,0
0,0,0 0,0,0 0,0,0 0,0,0 0,0,0 0,0,0 0,0,0 0,0,0 0,0,0