MODE 0
BALL 80
STARS 0/5800/8400
ADDLINE 3,95,1 1,95,1 12,0,2 1,95,1 0,0,0 5,95,1 1,95,1 1,95,1 2,95,1
ADDLINE 1,96,1 1,96,1 0,0,0 1,96,1 0,0,0 12,0,2 0,0,0 0,0,0 0,0,0
ADDLINE 1,97,1 0,0,0 0,0,0 0,0,0 0,0,0 1,97,1 12,0,2 1,97,1 0,0,0
ADDLINE 0,0,0 0,0,0 1,107,1 4,107,1 1,107,1 1,107,1 5,107,1 1,107,1 12,0,2
ADDLINE 0,0,0 12,0,2 0,0,0 0,0,0 1,108,1 0,0,0 0,0,0 0,0,0 0,0,0
ADDLINE 1,118,1 3,118,1 1,118,1 0,0,0 0,0,0 12,0,2 0,0,0 1,118,1 1,118,1
ADDLINE 1,128,1 3,128,1 4,128,1 12,0,2 0,0,0 1,128,1 1,128,1 0,0,0 0,0,0
ADDLINE 1,139,1 1,139,1 1,139,1 12,0,2 0,0,0 1,139,1 0,0,0 0,0,0 1,139,1
ADDLINE 1,112,1 3,112,1 12,0,2 0,0,0 2,112,1 1,112,1 1,112,1 0,0,0 0,0,0
ADDLINE 0,0,0 0,0,0 4,123,1 1,123,1 1,123,1 12,0,2 1,123,1 1,123,1 1,123,1
ADDLINE 1,134,1 12,0,2 1,134,1 5,134,1 1,134,1 0,0,0 1,134,1 1,134,1 1,134,1
ADDLINE 1,145,1 0,0,0 1,145,1 3,145,1 4,145,1 0,0,0 1,145,1 12,0,2 0,0,0
ADDLINE 1,111,1 1,111,1 1,111,1 4,111,1 1,111,1 12,0,2 1,111,1 1,111,1 2,111,1
ADDLINE 0,0,0 0,0,0 0,0,0 0,0,0 0,0,0 0,0,0 12,0,2 0,0,0 1,128,1
ADDLINE 1,139,1 12,0,2 1,139,1 1,139,1 3,139,1 1,139,1 3,139,1 0,0,0 1,139,1
ADDLINE 1,150,1 12,0,2 1,150,1 1,150,1 1,150,1 1,150,1 1,150,1 0,0,0 2,150,1
ADDLINE 5,115,1 12,0,2 1,115,1 1,115,1 1,115,1 1,115,1 4,115,1 1,115,1 5,115,1
ADDLINE 1,132,1 12,0,2 1,132,1 4,132,1 1,132,1 2,132,1 1,132,1 0,0,0 1,132,1
ADDLINE 3,137,1 1,137,1 1,137,1 1,137,1 3,137,1 12,0,2 5,137,1 5,137,1 1,137,1
ADDLINE 1,156,1 12,0,2 0,0,0 0,0,0 0,0,0 0,0,0 1,156,1 1,156,1 1,156,1
ADDLINE 1,119,1 1,119,1 2,119,1 1,119,1 1,119,1 12,0,2 1,119,1 1,119,1 1,119,1
ADDLINE 5,137,1 1,137,1 1,137,1 12,0,2 1,137,1 0,0,0 0,0,0 0,0,0 3,137,1
ADDLINE 4,142,1 1,142,1 1,142,1 12,0,2 5,142,1 1,142,1 1,142,1 1,142,1 1,142,1
ADDLINE 0,0,0 0,0,0 0,0,0 12,0,2 0,0,0 0,0,0 0,0,0 0,0,0 1,162,1
ADDLINE 4,123,1 1,123,1 5,123,1 1,123,1 2,123,1 12,0,2 1,123,1 1,123,1 1,123,1
ADDLINE 1,135,1 1,135,1 1,135,1 2,135,1 1,135,1 12,0,2 1,135,1 1,135,1 1,135,1
ADDLINE 1,147,1 1,147,1 1,147,1 1,147,1 1,147,1 12,0,2 5,147,1 4,147,1 1,147,1
ADDLINE 2,167,1 1,167,1 3,167,1 0,0,0 1,167,1 12,0,2 0,0,0 0,0,0 0,0,0
ADDLINE 0,0,0 12,0,2 0,0,0 0,0,0 1,134,1 0,0,0 1,134,1 5,134,1 0,0,0
ADDLINE 0,0,0 12,0,2 1,147,1 1,147,1 1,147,1 1,147,1 1,147,1 1,147,1 0,0,0
ADDLINE 1,160,1 5,160,1 12,0,2 0,0,0 0,0,0 0,0,0 0,0,0 1,160,1 0,0,0
ADDLINE 2,164,1 1,164,1 1,164,1 3,164,1 1,164,1 1,164,1 1,164,1 1,164,1 12,0,2
ADDLINE 1,138,1 5,138,1 1,138,1 0,0,0 0,0,0 0,0,0 12,0,2 1,138,1 0,0,0
ADDLINE 0,0,0 0,0,0 0,0,0 0,0,0 0,0,0 12,0,2 0,0,0 4,152,1 0,0,0
ADDLINE 1,165,1 1,165,1 1,165,1 1,165,1 1,165,1 2,165,1 12,0,2 1,165,1 0,0,0
ADDLINE 3,178,1 1,178,1 0,0,0 1,178,1 1,178,1 1,178,1 3,178,1 12,0,2 0,0,0
ADDLINE 0,0,0 0,0,0 1,204,1 0,0,0 0,0,0 0,0,0 0,0,0 0,0,0 12,0,2
ADDLINE 1,196,1 1,196,1 1,196,1 12,0,2 3,196,1 1,196,1 1,196,1 1,196,1 1,196,1
ADDLINE 3,198,1 1,198,1 1,198,1 12,0,2 1,198,1 1,198,1 4,198,1 1,198,1 5,198,1
1,85,1 1,85,1 1,85,1 12,0,2 1,85,1 0,0,0 1,85,1 0,0,0 0,0,0
1,84,1 1,84,1 4,84,1 12,0,2 2,84,1 0,0,0 1,84,1 1,84,1 2,84,1
1,83,1 5,83,1 1,83,1 12,0,2 1,83,1 0,0,0 5,83,1 1,83,1 1,83,1
1,82,1 6,82,1 1,82,1 12,0,2 4,82,1 0,0,0 1,82,1 1,82,1 1,82,1
0,0,0 0,0,0 0,0,0 0,0,0 1,81,1 12,0,2 4,81,1 1,81,1 3,81,1
3,77,1 1,77,1 1,77,1 2,77,1 1,77,1 12,0,2 1,77,1 1,77,1 1,77,1
0,0,0 0,0,0 0,0,0 0,0,0 0,0,0 0,0,0 0,0,0 0,0,0 0,0,0
0,0,0 0,0,0 0,0,0 0,0,0 0,0,0 0,0,0 0,0,0 0,0,0 0,0,0
0,0,0 0,0,0 0,0,0 0,0,0 0,0,0 0,0,0 0,0,0 0,0,0 0,0,0