MODE 0
BALL 50
STARS 0/1900/2600
ADDLINE 1,100,1 1,100,1 1,100,1 1,100,1 12,0,2 1,100,1 8,0,2 1,100,1 1,100,1
ADDLINE 0,0,0 1,54,1 12,0,2 1,54,1 0,0,0 1,54,1 1,54,1 1,54,1 1,54,1
ADDLINE 1,61,1 0,0,0 12,0,2 1,61,1 0,0,0 1,61,1 0,0,0 1,61,1 0,0,0
ADDLINE 0,0,0 1,118,1 1,118,1 1,118,1 1,118,1 1,118,1 12,0,2 1,118,1 1,118,1
ADDLINE 0,0,0 1,126,1 0,0,0 10,0,2 0,0,0 12,0,2 0,0,0 1,126,1 0,0,0
ADDLINE 8,0,2 1,176,1 12,0,2 1,176,1 1,176,1 1,176,1 1,176,1 1,176,1 0,0,0
1,52,1 1,52,1 0,0,0 0,0,0 1,52,1 1,52,1 0,0,0 0,0,0 12,0,2
0,0,0 1,51,1 1,51,1 0,0,0 1,51,1 1,51,1 1,51,1 1,51,1 12,0,2
1,50,1 1,50,1 4,50,1 0,0,0 1,50,1 12,0,2 1,50,1 1,50,1 0,0,0
1,49,1 1,98,1 0,0,0 1,98,1 1,49,1 1,49,1 0,0,0 12,0,2 0,0,0
0,0,0 0,0,0 11,0,2 12,0,2 1,48,1 1,48,1 1,48,1 0,0,0 1,48,1
1,47,1 0,0,0 1,94,1 1,47,1 1,47,1 1,47,1 12,0,2 0,0,0 1,47,1
0,0,0 0,0,0 0,0,0 0,0,0 0,0,0 0,0,0 0,0,0 0,0,0 0,0,0
0,0,0 0,0,0 0,0,0 0,0,0 0,0,0 0,0,0 0,0,0 0,0,0 0,0,0
0,0,0 0,0,0 0,0,0 0,0,0 0,0,0 0,0,0 0,0,0 0,0,0 0,0,0