MODE 0
BALL 80
STARS 0/6100/8600
ADDLINE 1,105,1 1,105,1 1,105,1 0,0,0 1,105,1 12,0,2 0,0,0 0,0,0 1,105,1
ADDLINE 1,101,1 1,101,1 1,101,1 12,0,2 1,101,1 1,101,1 1,101,1 1,101,1 1,101,1
ADDLINE 0,0,0 0,0,0 1,107,1 0,0,0 1,107,1 1,107,1 1,107,1 12,0,2 1,107,1
ADDLINE 1,118,1 1,118,1 1,118,1 12,0,2 1,118,1 1,118,1 1,118,1 0,0,0 1,118,1
ADDLINE 0,0,0 0,0,0 0,0,0 0,0,0 0,0,0 12,0,2 0,0,0 0,0,0 1,119,1
ADDLINE 1,130,1 12,0,2 1,130,1 1,130,1 1,130,1 1,130,1 1,130,1 0,0,0 1,130,1
ADDLINE 1,141,1 0,0,0 1,141,1 0,0,0 0,0,0 12,0,2 1,141,1 0,0,0 1,141,1
ADDLINE 1,153,1 12,0,2 1,153,1 1,153,1 1,153,1 0,0,0 1,153,1 1,153,1 1,153,1
ADDLINE 1,123,1 0,0,0 1,123,1 0,0,0 12,0,2 0,0,0 0,0,0 0,0,0 0,0,0
ADDLINE 1,135,1 1,135,1 12,0,2 1,135,1 1,135,1 1,135,1 1,135,1 0,0,0 1,135,1
ADDLINE 1,147,1 1,147,1 0,0,0 12,0,2 0,0,0 0,0,0 0,0,0 0,0,0 0,0,0
ADDLINE 1,159,1 1,159,1 1,159,1 1,159,1 1,159,1 0,0,0 0,0,0 12,0,2 0,0,0
ADDLINE 1,127,1 1,127,1 1,127,1 1,127,1 1,127,1 0,0,0 1,127,1 12,0,2 0,0,0
ADDLINE 1,140,1 1,140,1 1,140,1 1,140,1 0,0,0 12,0,2 1,140,1 1,140,1 0,0,0
ADDLINE 1,152,1 1,152,1 1,152,1 1,152,1 0,0,0 0,0,0 1,152,1 12,0,2 0,0,0
ADDLINE 1,164,1 1,164,1 1,164,1 1,164,1 1,164,1 0,0,0 12,0,2 0,0,0 1,164,1
ADDLINE 1,132,1 1,132,1 1,132,1 1,132,1 1,132,1 0,0,0 0,0,0 12,0,2 0,0,0
ADDLINE 1,144,1 1,144,1 1,144,1 0,0,0 12,0,2 0,0,0 1,144,1 1,144,1 0,0,0
ADDLINE 1,157,1 1,157,1 0,0,0 0,0,0 12,0,2 0,0,0 0,0,0 1,157,1 1,157,1
ADDLINE 1,170,1 0,0,0 0,0,0 1,170,1 12,0,2 1,170,1 0,0,0 1,170,1 1,170,1
ADDLINE 1,136,1 1,136,1 12,0,2 1,136,1 0,0,0 1,136,1 0,0,0 1,136,1 1,136,1
ADDLINE 1,149,1 1,149,1 1,149,1 1,149,1 12,0,2 1,149,1 0,0,0 1,149,1 1,149,1
ADDLINE 1,162,1 1,162,1 1,162,1 1,162,1 12,0,2 1,162,1 0,0,0 1,162,1 1,162,1
ADDLINE 1,176,1 1,176,1 1,176,1 0,0,0 12,0,2 0,0,0 0,0,0 1,176,1 1,176,1
ADDLINE 1,141,1 12,0,2 1,141,1 1,141,1 1,141,1 0,0,0 1,141,1 1,141,1 1,141,1
ADDLINE 1,154,1 12,0,2 1,154,1 1,154,1 1,154,1 0,0,0 1,154,1 1,154,1 1,154,1
ADDLINE 1,167,1 0,0,0 0,0,0 12,0,2 0,0,0 0,0,0 1,167,1 1,167,1 1,167,1
ADDLINE 1,181,1 1,181,1 1,181,1 12,0,2 1,181,1 0,0,0 1,181,1 1,181,1 1,181,1
ADDLINE 0,0,0 0,0,0 0,0,0 0,0,0 1,145,1 0,0,0 12,0,2 0,0,0 0,0,0
ADDLINE 1,151,1 1,151,1 1,151,1 1,151,1 1,151,1 1,151,1 1,151,1 12,0,2 1,151,1
ADDLINE 0,0,0 0,0,0 0,0,0 0,0,0 12,0,2 0,0,0 1,173,1 0,0,0 1,173,1
ADDLINE 1,178,1 1,178,1 1,178,1 1,178,1 1,178,1 1,178,1 1,178,1 12,0,2 1,178,1
ADDLINE 1,149,1 12,0,2 0,0,0 0,0,0 1,149,1 1,149,1 1,149,1 0,0,0 1,149,1
ADDLINE 1,164,1 12,0,2 1,164,1 1,164,1 1,164,1 1,164,1 1,164,1 0,0,0 1,164,1
ADDLINE 1,178,1 12,0,2 1,178,1 0,0,0 0,0,0 0,0,0 0,0,0 0,0,0 1,178,1
ADDLINE 1,192,1 12,0,2 1,192,1 0,0,0 1,192,1 1,192,1 1,192,1 1,192,1 1,192,1
ADDLINE 1,146,1 1,146,1 1,146,1 1,146,1 12,0,2 1,146,1 1,146,1 1,146,1 1,146,1
ADDLINE 1,168,1 0,0,0 12,0,2 0,0,0 0,0,0 1,168,1 1,168,1 1,168,1 1,168,1
ADDLINE 0,0,0 12,0,2 1,183,1 1,183,1 1,183,1 1,183,1 1,183,1 1,183,1 1,183,1
ADDLINE 12,0,2 1,214,1 1,214,1 1,214,1 1,214,1 1,214,1 1,214,1 1,214,1 1,214,1
ADDLINE 0,0,0 12,0,2 0,0,0 0,0,0 0,0,0 0,0,0 1,227,1 1,227,1 1,227,1
ADDLINE 1,228,1 1,228,1 1,228,1 1,228,1 1,228,1 0,0,0 0,0,0 12,0,2 0,0,0
15,0,2 12,0,2 0,0,0 0,0,0 1,94,1 1,94,1 1,94,1 1,94,1 1,94,1
0,0,0 1,93,1 1,93,1 12,0,2 1,93,1 1,93,1 1,93,1 1,93,1 1,93,1
0,0,0 1,92,1 0,0,0 0,0,0 12,0,2 1,92,1 1,92,1 1,92,1 1,92,1
0,0,0 0,0,0 1,91,1 1,91,1 12,0,2 0,0,0 1,91,1 1,91,1 1,91,1
1,90,1 12,0,2 1,90,1 1,90,1 1,90,1 0,0,0 0,0,0 1,90,1 1,90,1
1,89,1 12,0,2 1,89,1 1,89,1 1,89,1 1,89,1 14,0,2 1,89,1 1,89,1
0,0,0 0,0,0 0,0,0 0,0,0 0,0,0 0,0,0 0,0,0 0,0,0 0,0,0
0,0,0 0,0,0 0,0,0 0,0,0 0,0,0 0,0,0 0,0,0 0,0,0 0,0,0
0,0,0 0,0,0 0,0,0 0,0,0 0,0,0 0,0,0 0,0,0 0,0,0 0,0,0