MODE 0
BALL 80
STARS 0/8000/11500
ADDLINE 20,105,1 0,0,0 12,0,2 0,0,0 0,0,0 0,0,0 0,0,0 1,105,1 1,105,1
ADDLINE 1,212,1 1,212,1 1,106,1 1,106,1 1,106,1 12,0,2 0,0,0 1,106,1 1,106,1
ADDLINE 1,107,1 0,0,0 1,107,1 0,0,0 1,107,1 1,107,1 12,0,2 0,0,0 1,107,1
ADDLINE 1,118,1 0,0,0 0,0,0 0,0,0 1,118,1 12,0,2 0,0,0 0,0,0 1,118,1
ADDLINE 1,119,1 1,119,1 12,0,2 0,0,0 0,0,0 0,0,0 1,119,1 1,119,1 0,0,0
ADDLINE 1,260,1 1,260,1 1,260,1 8,0,2 1,260,1 0,0,0 12,0,2 0,0,0 0,0,0
ADDLINE 1,282,1 1,282,1 12,0,2 1,282,1 1,282,1 1,282,1 1,282,1 19,141,1 0,0,0
ADDLINE 19,153,1 1,306,1 12,0,2 1,306,1 1,306,1 1,306,1 1,306,1 1,306,1 0,0,0
ADDLINE 1,246,1 0,0,0 12,0,2 1,123,1 1,123,1 1,123,1 0,0,0 1,123,1 1,123,1
ADDLINE 1,128,1 1,128,1 1,128,1 12,0,2 1,128,1 1,128,1 1,128,1 1,128,1 1,128,1
ADDLINE 1,147,1 0,0,0 0,0,0 1,147,1 0,0,0 12,0,2 1,147,1 1,147,1 0,0,0
ADDLINE 1,151,1 1,151,1 1,151,1 1,302,1 1,302,1 12,0,2 1,151,1 1,151,1 1,151,1
ADDLINE 1,127,1 1,127,1 1,127,1 1,254,1 17,127,1 12,0,2 1,254,1 11,0,2 1,127,1
ADDLINE 1,140,1 1,140,1 1,140,1 1,280,1 1,280,1 12,0,2 1,280,1 0,0,0 1,140,1
ADDLINE 11,0,2 0,0,0 1,152,1 0,0,0 12,0,2 1,304,1 1,304,1 0,0,0 1,152,1
ADDLINE 1,328,1 12,0,2 1,328,1 0,0,0 1,328,1 1,328,1 20,164,1 1,328,1 1,164,1
ADDLINE 1,264,1 12,0,2 1,264,1 10,0,2 1,264,1 1,264,1 17,132,1 1,264,1 1,264,1
ADDLINE 1,144,1 12,0,2 1,288,1 0,0,0 1,288,1 0,0,0 1,288,1 1,288,1 1,144,1
ADDLINE 1,314,1 1,314,1 1,314,1 12,0,2 1,314,1 10,0,2 1,314,1 1,314,1 1,314,1
ADDLINE 1,162,1 1,162,1 1,162,1 12,0,2 1,324,1 1,324,1 1,324,1 1,162,1 1,162,1
ADDLINE 0,0,0 0,0,0 1,272,1 0,0,0 0,0,0 0,0,0 1,136,1 0,0,0 12,0,2
ADDLINE 1,298,1 17,149,1 1,298,1 12,0,2 1,149,1 1,149,1 1,149,1 0,0,0 1,149,1
ADDLINE 17,162,1 1,324,1 1,324,1 12,0,2 1,162,1 1,162,1 1,162,1 0,0,0 1,162,1
ADDLINE 1,334,1 1,334,1 1,167,1 1,167,1 1,167,1 1,167,1 1,167,1 12,0,2 1,167,1
ADDLINE 1,282,1 1,282,1 16,141,1 1,282,1 1,282,1 12,0,2 1,282,1 1,282,1 0,0,0
ADDLINE 1,147,1 1,147,1 1,147,1 12,0,2 1,294,1 1,294,1 1,294,1 1,147,1 1,147,1
ADDLINE 1,167,1 12,0,2 0,0,0 0,0,0 1,334,1 17,167,1 1,334,1 1,167,1 1,167,1
ADDLINE 0,0,0 1,181,1 1,181,1 0,0,0 12,0,2 1,362,1 0,0,0 1,362,1 0,0,0
ADDLINE 1,290,1 1,290,1 1,290,1 12,0,2 1,290,1 1,290,1 19,145,1 1,290,1 1,290,1
ADDLINE 1,318,1 1,318,1 12,0,2 1,318,1 16,159,1 1,318,1 1,318,1 1,318,1 0,0,0
ADDLINE 10,0,2 0,0,0 0,0,0 1,346,1 1,346,1 1,346,1 1,346,1 12,0,2 1,346,1
ADDLINE 11,0,2 1,374,1 1,187,1 1,187,1 1,187,1 12,0,2 1,187,1 0,0,0 1,187,1
ADDLINE 0,0,0 12,0,2 1,149,1 0,0,0 0,0,0 0,0,0 1,298,1 0,0,0 0,0,0
ADDLINE 0,0,0 1,328,1 1,164,1 1,164,1 1,164,1 0,0,0 7,0,2 1,328,1 12,0,2
ADDLINE 7,0,2 1,356,1 1,356,1 1,178,1 1,178,1 12,0,2 1,356,1 1,356,1 0,0,0
ADDLINE 1,384,1 19,192,1 1,384,1 1,384,1 1,384,1 1,384,1 12,0,2 1,384,1 0,0,0
ADDLINE 1,308,1 1,308,1 1,308,1 12,0,2 1,308,1 0,0,0 1,308,1 1,308,1 16,154,1
ADDLINE 1,160,1 1,160,1 1,160,1 1,160,1 1,160,1 12,0,2 1,160,1 1,160,1 1,160,1
ADDLINE 1,174,1 1,348,1 1,348,1 1,174,1 1,174,1 12,0,2 1,174,1 1,174,1 1,174,1
ADDLINE 1,225,1 17,225,1 1,450,1 1,225,1 1,225,1 12,0,2 1,225,1 1,225,1 1,225,1
ADDLINE 0,0,0 0,0,0 1,454,1 12,0,2 1,227,1 0,0,0 0,0,0 0,0,0 0,0,0
ADDLINE 1,217,1 1,217,1 1,217,1 1,217,1 1,217,1 1,217,1 1,217,1 12,0,2 1,217,1
1,188,1 1,188,1 15,0,2 1,94,1 0,0,0 1,94,1 12,0,2 0,0,0 0,0,0
1,89,1 1,89,1 1,89,1 1,89,1 12,0,2 1,89,1 1,89,1 1,89,1 1,89,1
1,92,1 1,92,1 0,0,0 12,0,2 0,0,0 1,92,1 1,92,1 1,92,1 1,92,1
1,87,1 1,87,1 1,87,1 1,87,1 12,0,2 1,87,1 1,87,1 1,87,1 1,87,1
1,90,1 1,90,1 12,0,2 0,0,0 1,90,1 0,0,0 1,90,1 14,0,2 1,90,1
1,89,1 1,89,1 1,89,1 1,89,1 1,89,1 1,89,1 12,0,2 1,89,1 0,0,0
0,0,0 0,0,0 0,0,0 0,0,0 0,0,0 0,0,0 0,0,0 0,0,0 0,0,0
0,0,0 0,0,0 0,0,0 0,0,0 0,0,0 0,0,0 0,0,0 0,0,0 0,0,0
0,0,0 0,0,0 0,0,0 0,0,0 0,0,0 0,0,0 0,0,0 0,0,0 0,0,0