MODE 0
BALL 80
STARS 0/5700/8000
ADDLINE 1,105,1 1,105,1 0,0,0 1,105,1 12,0,2 0,0,0 0,0,0 1,105,1 1,105,1
ADDLINE 1,106,1 1,106,1 12,0,2 1,106,1 1,106,1 1,106,1 0,0,0 1,106,1 1,106,1
ADDLINE 0,0,0 0,0,0 0,0,0 12,0,2 0,0,0 1,107,1 0,0,0 1,107,1 0,0,0
ADDLINE 0,0,0 1,118,1 1,118,1 1,118,1 0,0,0 1,118,1 12,0,2 1,118,1 0,0,0
ADDLINE 0,0,0 1,119,1 1,119,1 1,119,1 0,0,0 1,119,1 12,0,2 0,0,0 0,0,0
ADDLINE 1,124,1 1,124,1 1,124,1 1,124,1 12,0,2 1,124,1 1,124,1 1,124,1 1,124,1
ADDLINE 0,0,0 1,141,1 1,141,1 1,141,1 12,0,2 1,141,1 0,0,0 0,0,0 0,0,0
ADDLINE 0,0,0 1,153,1 1,153,1 1,153,1 12,0,2 1,153,1 0,0,0 1,153,1 1,153,1
ADDLINE 0,0,0 0,0,0 12,0,2 0,0,0 0,0,0 1,123,1 0,0,0 1,123,1 1,123,1
ADDLINE 1,128,1 1,128,1 1,128,1 1,128,1 1,128,1 1,128,1 1,128,1 1,128,1 12,0,2
ADDLINE 1,147,1 1,147,1 1,147,1 1,147,1 1,147,1 12,0,2 0,0,0 0,0,0 0,0,0
ADDLINE 1,159,1 1,159,1 1,159,1 1,159,1 1,159,1 12,0,2 0,0,0 1,159,1 1,159,1
ADDLINE 0,0,0 0,0,0 0,0,0 0,0,0 0,0,0 12,0,2 0,0,0 1,127,1 1,127,1
ADDLINE 0,0,0 0,0,0 1,140,1 1,140,1 0,0,0 12,0,2 0,0,0 0,0,0 0,0,0
ADDLINE 1,145,1 1,145,1 1,145,1 1,145,1 1,145,1 1,145,1 1,145,1 1,145,1 12,0,2
ADDLINE 1,156,1 1,156,1 1,156,1 1,156,1 1,156,1 1,156,1 1,156,1 1,156,1 12,0,2
ADDLINE 1,132,1 1,132,1 1,132,1 1,132,1 1,132,1 0,0,0 12,0,2 0,0,0 0,0,0
ADDLINE 1,144,1 1,144,1 1,144,1 1,144,1 12,0,2 0,0,0 1,144,1 1,144,1 1,144,1
ADDLINE 1,157,1 0,0,0 0,0,0 12,0,2 0,0,0 1,157,1 1,157,1 1,157,1 0,0,0
ADDLINE 1,170,1 12,0,2 1,170,1 1,170,1 1,170,1 1,170,1 1,170,1 1,170,1 0,0,0
ADDLINE 0,0,0 12,0,2 1,136,1 1,136,1 1,136,1 1,136,1 1,136,1 1,136,1 0,0,0
ADDLINE 0,0,0 0,0,0 1,149,1 1,149,1 1,149,1 1,149,1 1,149,1 1,149,1 12,0,2
ADDLINE 1,162,1 0,0,0 0,0,0 1,162,1 1,162,1 1,162,1 1,162,1 12,0,2 0,0,0
ADDLINE 1,176,1 1,176,1 12,0,2 1,176,1 1,176,1 1,176,1 1,176,1 0,0,0 0,0,0
ADDLINE 1,141,1 1,141,1 0,0,0 0,0,0 0,0,0 0,0,0 12,0,2 0,0,0 0,0,0
ADDLINE 1,154,1 1,154,1 1,154,1 1,154,1 12,0,2 0,0,0 1,154,1 1,154,1 1,154,1
ADDLINE 1,167,1 1,167,1 1,167,1 12,0,2 0,0,0 1,167,1 1,167,1 0,0,0 1,167,1
ADDLINE 0,0,0 1,181,1 1,181,1 1,181,1 0,0,0 1,181,1 1,181,1 1,181,1 12,0,2
ADDLINE 0,0,0 1,145,1 0,0,0 0,0,0 12,0,2 1,145,1 0,0,0 0,0,0 0,0,0
ADDLINE 0,0,0 1,159,1 1,159,1 1,159,1 1,159,1 1,159,1 12,0,2 1,159,1 1,159,1
ADDLINE 0,0,0 1,173,1 1,173,1 1,173,1 0,0,0 12,0,2 0,0,0 1,173,1 0,0,0
ADDLINE 0,0,0 1,187,1 1,187,1 1,187,1 1,187,1 1,187,1 12,0,2 1,187,1 1,187,1
ADDLINE 0,0,0 1,149,1 1,149,1 1,149,1 0,0,0 1,149,1 0,0,0 0,0,0 12,0,2
ADDLINE 0,0,0 1,164,1 1,164,1 1,164,1 12,0,2 1,164,1 1,164,1 1,164,1 1,164,1
ADDLINE 0,0,0 0,0,0 0,0,0 0,0,0 12,0,2 1,178,1 0,0,0 1,178,1 0,0,0
ADDLINE 0,0,0 1,192,1 1,192,1 1,192,1 1,192,1 1,192,1 0,0,0 1,192,1 12,0,2
ADDLINE 1,146,1 1,146,1 1,146,1 1,146,1 1,146,1 12,0,2 1,146,1 1,146,1 1,146,1
ADDLINE 1,168,1 1,168,1 1,168,1 1,168,1 1,168,1 12,0,2 0,0,0 0,0,0 1,168,1
ADDLINE 1,183,1 1,183,1 1,183,1 1,183,1 0,0,0 12,0,2 0,0,0 0,0,0 1,183,1
ADDLINE 1,225,1 0,0,0 0,0,0 12,0,2 0,0,0 1,225,1 1,225,1 1,225,1 1,225,1
ADDLINE 0,0,0 12,0,2 1,227,1 1,227,1 1,227,1 1,227,1 1,227,1 1,227,1 1,227,1
ADDLINE 0,0,0 0,0,0 0,0,0 12,0,2 0,0,0 1,228,1 1,228,1 1,228,1 1,228,1
1,94,1 1,94,1 0,0,0 15,0,2 1,94,1 1,94,1 1,94,1 0,0,0 1,94,1
0,0,0 0,0,0 0,0,0 1,93,1 1,93,1 1,93,1 1,93,1 1,93,1 1,93,1
0,0,0 1,92,1 0,0,0 1,92,1 1,92,1 1,92,1 1,92,1 1,92,1 1,92,1
0,0,0 1,91,1 1,91,1 1,91,1 1,91,1 0,0,0 0,0,0 0,0,0 1,91,1
14,0,2 0,0,0 0,0,0 0,0,0 0,0,0 0,0,0 1,90,1 1,90,1 1,90,1
1,89,1 1,89,1 0,0,0 0,0,0 0,0,0 0,0,0 1,89,1 0,0,0 0,0,0
0,0,0 0,0,0 0,0,0 0,0,0 0,0,0 0,0,0 0,0,0 0,0,0 0,0,0
0,0,0 0,0,0 0,0,0 0,0,0 0,0,0 0,0,0 0,0,0 0,0,0 0,0,0
0,0,0 0,0,0 0,0,0 0,0,0 0,0,0 0,0,0 0,0,0 0,0,0 0,0,0