MODE 0
BALL 80
STARS 0/5800/8200
ADDLINE 1,105,1 1,105,1 1,105,1 0,0,0 1,105,1 12,0,2 1,105,1 0,0,0 0,0,0
ADDLINE 1,106,1 1,106,1 1,106,1 0,0,0 1,106,1 0,0,0 12,0,2 0,0,0 1,106,1
ADDLINE 1,107,1 0,0,0 0,0,0 0,0,0 0,0,0 12,0,2 1,107,1 0,0,0 0,0,0
ADDLINE 0,0,0 12,0,2 1,118,1 1,118,1 1,118,1 0,0,0 0,0,0 0,0,0 1,118,1
ADDLINE 1,119,1 0,0,0 1,119,1 0,0,0 12,0,2 0,0,0 1,119,1 0,0,0 0,0,0
ADDLINE 0,0,0 0,0,0 0,0,0 0,0,0 1,130,1 12,0,2 1,130,1 0,0,0 0,0,0
ADDLINE 1,141,1 1,141,1 1,141,1 0,0,0 12,0,2 0,0,0 1,141,1 0,0,0 1,141,1
ADDLINE 1,153,1 1,153,1 1,153,1 1,153,1 1,153,1 1,153,1 12,0,2 0,0,0 1,153,1
ADDLINE 1,123,1 1,123,1 1,123,1 1,123,1 1,123,1 0,0,0 1,123,1 12,0,2 0,0,0
ADDLINE 1,128,1 1,128,1 1,128,1 1,128,1 1,128,1 1,128,1 12,0,2 1,128,1 1,128,1
ADDLINE 1,147,1 12,0,2 0,0,0 0,0,0 1,147,1 1,147,1 0,0,0 1,147,1 1,147,1
ADDLINE 1,151,1 1,151,1 1,151,1 1,151,1 1,151,1 1,151,1 1,151,1 12,0,2 1,151,1
ADDLINE 1,121,1 1,121,1 1,121,1 1,121,1 1,121,1 1,121,1 1,121,1 12,0,2 1,121,1
ADDLINE 0,0,0 12,0,2 0,0,0 0,0,0 1,140,1 0,0,0 1,140,1 0,0,0 1,140,1
ADDLINE 1,152,1 1,152,1 1,152,1 1,152,1 1,152,1 12,0,2 1,152,1 0,0,0 1,152,1
ADDLINE 1,164,1 1,164,1 1,164,1 1,164,1 1,164,1 12,0,2 0,0,0 0,0,0 1,164,1
ADDLINE 1,126,1 1,126,1 1,126,1 1,126,1 1,126,1 12,0,2 1,126,1 1,126,1 1,126,1
ADDLINE 0,0,0 0,0,0 0,0,0 12,0,2 0,0,0 0,0,0 1,144,1 0,0,0 0,0,0
ADDLINE 0,0,0 0,0,0 0,0,0 0,0,0 0,0,0 1,157,1 0,0,0 12,0,2 0,0,0
ADDLINE 1,170,1 1,170,1 1,170,1 1,170,1 12,0,2 1,170,1 0,0,0 1,170,1 1,170,1
ADDLINE 1,136,1 1,136,1 1,136,1 1,136,1 12,0,2 1,136,1 0,0,0 1,136,1 1,136,1
ADDLINE 1,149,1 1,149,1 1,149,1 1,149,1 12,0,2 1,149,1 0,0,0 1,149,1 1,149,1
ADDLINE 1,162,1 1,162,1 1,162,1 1,162,1 12,0,2 1,162,1 0,0,0 1,162,1 1,162,1
ADDLINE 1,167,1 1,167,1 1,167,1 1,167,1 1,167,1 1,167,1 12,0,2 1,167,1 1,167,1
ADDLINE 1,141,1 0,0,0 12,0,2 0,0,0 0,0,0 0,0,0 0,0,0 1,141,1 0,0,0
ADDLINE 0,0,0 1,154,1 1,154,1 1,154,1 1,154,1 1,154,1 1,154,1 1,154,1 12,0,2
ADDLINE 0,0,0 1,167,1 12,0,2 1,167,1 1,167,1 1,167,1 1,167,1 1,167,1 0,0,0
ADDLINE 1,181,1 1,181,1 12,0,2 0,0,0 0,0,0 1,181,1 1,181,1 1,181,1 1,181,1
ADDLINE 1,145,1 1,145,1 1,145,1 12,0,2 0,0,0 0,0,0 0,0,0 0,0,0 0,0,0
ADDLINE 1,159,1 1,159,1 1,159,1 12,0,2 1,159,1 1,159,1 1,159,1 1,159,1 0,0,0
ADDLINE 1,173,1 1,173,1 12,0,2 0,0,0 0,0,0 0,0,0 1,173,1 1,173,1 0,0,0
ADDLINE 1,187,1 1,187,1 0,0,0 0,0,0 1,187,1 1,187,1 12,0,2 0,0,0 0,0,0
ADDLINE 0,0,0 0,0,0 12,0,2 0,0,0 1,149,1 1,149,1 1,149,1 1,149,1 0,0,0
ADDLINE 0,0,0 1,164,1 0,0,0 1,164,1 1,164,1 1,164,1 12,0,2 1,164,1 1,164,1
ADDLINE 0,0,0 0,0,0 0,0,0 1,178,1 12,0,2 0,0,0 0,0,0 1,178,1 1,178,1
ADDLINE 0,0,0 1,192,1 1,192,1 12,0,2 0,0,0 1,192,1 1,192,1 1,192,1 1,192,1
ADDLINE 1,154,1 1,154,1 12,0,2 1,154,1 1,154,1 1,154,1 1,154,1 1,154,1 0,0,0
ADDLINE 1,168,1 1,168,1 12,0,2 1,168,1 1,168,1 1,168,1 1,168,1 1,168,1 0,0,0
ADDLINE 1,183,1 1,183,1 12,0,2 1,183,1 1,183,1 1,183,1 1,183,1 1,183,1 0,0,0
ADDLINE 1,225,1 1,225,1 12,0,2 0,0,0 0,0,0 1,225,1 0,0,0 1,225,1 0,0,0
ADDLINE 1,216,1 1,216,1 12,0,2 1,216,1 1,216,1 1,216,1 1,216,1 1,216,1 1,216,1
ADDLINE 0,0,0 0,0,0 12,0,2 1,228,1 1,228,1 1,228,1 0,0,0 1,228,1 1,228,1
0,0,0 15,0,2 1,94,1 0,0,0 12,0,2 0,0,0 1,94,1 0,0,0 1,94,1
1,93,1 12,0,2 1,93,1 1,93,1 1,93,1 0,0,0 1,93,1 0,0,0 1,93,1
1,92,1 0,0,0 0,0,0 0,0,0 1,92,1 12,0,2 1,92,1 0,0,0 0,0,0
1,91,1 12,0,2 1,91,1 1,91,1 1,91,1 1,91,1 1,91,1 14,0,2 1,91,1
1,90,1 12,0,2 1,90,1 1,90,1 1,90,1 1,90,1 1,90,1 0,0,0 1,90,1
1,89,1 12,0,2 1,89,1 1,89,1 1,89,1 1,89,1 1,89,1 0,0,0 1,89,1
0,0,0 0,0,0 0,0,0 0,0,0 0,0,0 0,0,0 0,0,0 0,0,0 0,0,0
0,0,0 0,0,0 0,0,0 0,0,0 0,0,0 0,0,0 0,0,0 0,0,0 0,0,0
0,0,0 0,0,0 0,0,0 0,0,0 0,0,0 0,0,0 0,0,0 0,0,0 0,0,0