MODE 0
BALL 80
STARS 0/5600/8000
ADDLINE 0,0,0 1,105,1 1,105,1 3,105,1 0,0,0 1,105,1 12,0,2 7,0,2 1,105,1
ADDLINE 12,0,2 1,101,1 1,101,1 1,101,1 1,101,1 3,101,1 1,202,1 1,202,1 5,101,1
ADDLINE 0,0,0 0,0,0 0,0,0 1,107,1 0,0,0 12,0,2 0,0,0 2,107,1 1,107,1
ADDLINE 1,112,1 3,112,1 12,0,2 1,112,1 1,112,1 1,112,1 3,112,1 1,112,1 5,112,1
ADDLINE 0,0,0 1,119,1 0,0,0 0,0,0 0,0,0 0,0,0 0,0,0 12,0,2 0,0,0
ADDLINE 11,0,2 1,260,1 12,0,2 1,130,1 1,130,1 4,130,1 1,130,1 1,130,1 1,130,1
ADDLINE 0,0,0 1,282,1 0,0,0 0,0,0 0,0,0 1,141,1 0,0,0 0,0,0 12,0,2
ADDLINE 0,0,0 1,153,1 1,153,1 1,153,1 1,153,1 5,153,1 12,0,2 1,153,1 0,0,0
ADDLINE 0,0,0 0,0,0 0,0,0 12,0,2 0,0,0 0,0,0 0,0,0 4,123,1 0,0,0
ADDLINE 1,128,1 1,128,1 1,128,1 1,256,1 1,256,1 1,256,1 1,128,1 1,128,1 12,0,2
ADDLINE 1,147,1 12,0,2 0,0,0 0,0,0 7,0,2 0,0,0 0,0,0 0,0,0 0,0,0
ADDLINE 1,159,1 12,0,2 0,0,0 1,318,1 1,318,1 1,318,1 3,159,1 1,159,1 2,159,1
ADDLINE 0,0,0 0,0,0 12,0,2 1,127,1 1,127,1 1,127,1 1,127,1 5,127,1 1,127,1
ADDLINE 10,0,2 0,0,0 12,0,2 0,0,0 1,280,1 1,280,1 1,280,1 1,280,1 1,280,1
ADDLINE 1,304,1 1,304,1 1,152,1 0,0,0 12,0,2 0,0,0 1,152,1 1,152,1 3,152,1
ADDLINE 1,164,1 1,164,1 1,164,1 1,164,1 1,164,1 12,0,2 0,0,0 0,0,0 0,0,0
ADDLINE 1,264,1 1,264,1 1,264,1 1,264,1 1,264,1 1,264,1 1,264,1 12,0,2 8,0,2
ADDLINE 3,144,1 4,144,1 1,144,1 1,144,1 5,144,1 1,144,1 1,144,1 12,0,2 0,0,0
ADDLINE 1,150,1 4,150,1 1,150,1 5,150,1 5,150,1 1,150,1 12,0,2 1,150,1 1,150,1
ADDLINE 2,170,1 1,170,1 1,170,1 1,170,1 0,0,0 12,0,2 11,0,2 1,340,1 1,170,1
ADDLINE 1,136,1 0,0,0 0,0,0 12,0,2 0,0,0 1,272,1 1,272,1 1,272,1 1,136,1
ADDLINE 1,149,1 0,0,0 0,0,0 0,0,0 12,0,2 0,0,0 1,149,1 3,149,1 1,149,1
ADDLINE 1,162,1 1,162,1 1,162,1 1,162,1 3,162,1 12,0,2 0,0,0 0,0,0 0,0,0
ADDLINE 1,176,1 4,176,1 1,176,1 1,176,1 1,176,1 2,176,1 0,0,0 12,0,2 0,0,0
ADDLINE 1,141,1 1,141,1 4,141,1 1,141,1 1,141,1 1,141,1 0,0,0 12,0,2 0,0,0
ADDLINE 1,154,1 1,154,1 1,154,1 1,154,1 3,154,1 0,0,0 0,0,0 12,0,2 0,0,0
ADDLINE 2,167,1 1,167,1 1,167,1 1,167,1 3,167,1 0,0,0 12,0,2 0,0,0 0,0,0
ADDLINE 0,0,0 1,362,1 12,0,2 1,362,1 1,181,1 1,362,1 11,0,2 1,362,1 1,181,1
ADDLINE 0,0,0 0,0,0 7,0,2 12,0,2 0,0,0 1,290,1 0,0,0 1,290,1 0,0,0
ADDLINE 0,0,0 1,318,1 1,318,1 1,318,1 0,0,0 5,159,1 0,0,0 1,159,1 12,0,2
ADDLINE 0,0,0 5,173,1 12,0,2 1,173,1 0,0,0 1,173,1 0,0,0 1,173,1 0,0,0
ADDLINE 0,0,0 1,374,1 8,0,2 1,374,1 1,374,1 1,374,1 0,0,0 1,374,1 12,0,2
ADDLINE 0,0,0 1,298,1 0,0,0 0,0,0 12,0,2 1,298,1 8,0,2 1,298,1 0,0,0
ADDLINE 1,164,1 1,164,1 12,0,2 1,164,1 1,164,1 1,164,1 3,164,1 3,164,1 0,0,0
ADDLINE 0,0,0 0,0,0 11,0,2 1,356,1 1,178,1 4,178,1 5,178,1 1,178,1 12,0,2
ADDLINE 1,183,1 1,366,1 1,366,1 1,366,1 1,183,1 1,183,1 1,183,1 1,183,1 12,0,2
ADDLINE 1,154,1 2,154,1 1,154,1 1,154,1 1,154,1 1,308,1 11,0,2 12,0,2 0,0,0
ADDLINE 5,168,1 1,168,1 1,168,1 1,168,1 3,168,1 1,336,1 12,0,2 1,336,1 0,0,0
ADDLINE 1,183,1 1,183,1 2,183,1 1,183,1 1,183,1 1,183,1 12,0,2 1,183,1 0,0,0
ADDLINE 1,225,1 1,225,1 1,225,1 3,225,1 1,225,1 1,225,1 12,0,2 2,225,1 0,0,0
ADDLINE 5,227,1 1,227,1 1,227,1 2,227,1 1,227,1 1,227,1 0,0,0 12,0,2 11,0,2
ADDLINE 1,228,1 1,228,1 0,0,0 12,0,2 0,0,0 0,0,0 0,0,0 1,228,1 1,228,1
1,94,1 1,94,1 1,94,1 1,94,1 3,94,1 1,94,1 0,0,0 12,0,2 0,0,0
1,93,1 4,93,1 1,93,1 1,93,1 12,0,2 15,0,2 0,0,0 4,93,1 0,0,0
1,92,1 1,92,1 5,92,1 1,184,1 12,0,2 1,184,1 1,92,1 0,0,0 0,0,0
1,91,1 5,91,1 2,91,1 1,182,1 11,0,2 12,0,2 0,0,0 0,0,0 1,91,1
1,90,1 1,90,1 0,0,0 0,0,0 0,0,0 0,0,0 0,0,0 12,0,2 14,0,2
4,89,1 1,98,1 0,0,0 1,89,1 1,89,1 1,89,1 1,89,1 12,0,2 0,0,0
0,0,0 0,0,0 0,0,0 0,0,0 0,0,0 0,0,0 0,0,0 0,0,0 0,0,0
0,0,0 0,0,0 0,0,0 0,0,0 0,0,0 0,0,0 0,0,0 0,0,0 0,0,0
0,0,0 0,0,0 0,0,0 0,0,0 0,0,0 0,0,0 0,0,0 0,0,0 0,0,0