MODE 0
BALL 80
STARS 0/5800/8200
ADDLINE 0,0,0 12,0,2 0,0,0 0,0,0 0,0,0 0,0,0 0,0,0 4,105,1 1,105,1
ADDLINE 0,0,0 12,0,2 1,106,1 0,0,0 1,106,1 2,106,1 0,0,0 1,106,1 1,106,1
ADDLINE 3,107,1 1,107,1 0,0,0 0,0,0 1,107,1 1,107,1 0,0,0 12,0,2 0,0,0
ADDLINE 1,118,1 3,118,1 1,118,1 12,0,2 0,0,0 0,0,0 0,0,0 1,118,1 1,118,1
ADDLINE 1,119,1 1,119,1 4,119,1 12,0,2 1,119,1 1,119,1 0,0,0 1,119,1 2,119,1
ADDLINE 0,0,0 0,0,0 0,0,0 0,0,0 1,130,1 0,0,0 0,0,0 12,0,2 3,130,1
ADDLINE 1,135,1 1,135,1 1,135,1 12,0,2 1,135,1 5,135,1 1,135,1 1,135,1 1,135,1
ADDLINE 1,153,1 1,153,1 1,153,1 0,0,0 0,0,0 12,0,2 0,0,0 0,0,0 2,153,1
ADDLINE 5,123,1 1,123,1 1,123,1 3,123,1 0,0,0 0,0,0 12,0,2 0,0,0 1,123,1
ADDLINE 12,0,2 1,128,1 1,128,1 1,128,1 1,128,1 3,128,1 3,128,1 1,128,1 1,128,1
ADDLINE 0,0,0 0,0,0 0,0,0 0,0,0 12,0,2 5,147,1 1,147,1 1,147,1 1,147,1
ADDLINE 0,0,0 1,159,1 1,159,1 4,159,1 12,0,2 1,159,1 5,159,1 1,159,1 1,159,1
ADDLINE 0,0,0 1,127,1 1,127,1 1,127,1 12,0,2 1,127,1 5,127,1 1,127,1 1,127,1
ADDLINE 1,133,1 1,133,1 1,133,1 5,133,1 12,0,2 1,133,1 1,133,1 1,133,1 3,133,1
ADDLINE 0,0,0 1,152,1 1,152,1 4,152,1 0,0,0 0,0,0 0,0,0 0,0,0 12,0,2
ADDLINE 0,0,0 1,164,1 1,164,1 1,164,1 0,0,0 3,164,1 12,0,2 1,164,1 2,164,1
ADDLINE 0,0,0 1,132,1 0,0,0 0,0,0 12,0,2 1,132,1 0,0,0 1,132,1 1,132,1
ADDLINE 3,144,1 1,144,1 1,144,1 1,144,1 12,0,2 5,144,1 0,0,0 1,144,1 1,144,1
ADDLINE 3,157,1 1,157,1 1,157,1 0,0,0 0,0,0 0,0,0 0,0,0 12,0,2 0,0,0
ADDLINE 1,162,1 1,162,1 4,162,1 12,0,2 3,162,1 1,162,1 1,162,1 1,162,1 1,162,1
ADDLINE 0,0,0 0,0,0 1,136,1 12,0,2 1,136,1 1,136,1 5,136,1 1,136,1 1,136,1
ADDLINE 1,142,1 1,142,1 5,142,1 12,0,2 1,142,1 1,142,1 1,142,1 3,142,1 1,142,1
ADDLINE 1,162,1 1,162,1 1,162,1 0,0,0 0,0,0 0,0,0 2,162,1 12,0,2 0,0,0
ADDLINE 1,167,1 1,167,1 2,167,1 12,0,2 1,167,1 3,167,1 1,167,1 1,167,1 1,167,1
ADDLINE 1,141,1 12,0,2 0,0,0 0,0,0 0,0,0 0,0,0 1,141,1 1,141,1 1,141,1
ADDLINE 1,154,1 12,0,2 5,154,1 2,154,1 1,154,1 0,0,0 1,154,1 1,154,1 4,154,1
ADDLINE 0,0,0 0,0,0 1,167,1 1,167,1 1,167,1 12,0,2 4,167,1 1,167,1 1,167,1
ADDLINE 0,0,0 0,0,0 0,0,0 0,0,0 1,181,1 1,181,1 0,0,0 0,0,0 12,0,2
ADDLINE 0,0,0 1,145,1 4,145,1 3,145,1 1,145,1 1,145,1 12,0,2 0,0,0 0,0,0
ADDLINE 0,0,0 0,0,0 0,0,0 12,0,2 0,0,0 0,0,0 0,0,0 1,159,1 1,159,1
ADDLINE 1,173,1 1,173,1 0,0,0 0,0,0 1,173,1 1,173,1 4,173,1 12,0,2 0,0,0
ADDLINE 1,178,1 3,178,1 4,178,1 1,178,1 1,178,1 2,178,1 1,178,1 1,178,1 12,0,2
ADDLINE 1,149,1 1,149,1 1,149,1 12,0,2 0,0,0 0,0,0 0,0,0 0,0,0 0,0,0
ADDLINE 4,164,1 1,164,1 12,0,2 0,0,0 1,164,1 1,164,1 1,164,1 1,164,1 0,0,0
ADDLINE 1,178,1 1,178,1 0,0,0 0,0,0 0,0,0 12,0,2 0,0,0 0,0,0 1,178,1
ADDLINE 1,192,1 4,192,1 1,192,1 12,0,2 2,192,1 5,192,1 0,0,0 0,0,0 1,192,1
ADDLINE 1,154,1 1,154,1 1,154,1 12,0,2 3,154,1 4,154,1 1,154,1 0,0,0 1,154,1
ADDLINE 2,168,1 1,168,1 1,168,1 0,0,0 0,0,0 0,0,0 0,0,0 12,0,2 0,0,0
ADDLINE 1,183,1 1,183,1 1,183,1 12,0,2 1,183,1 0,0,0 3,183,1 1,183,1 1,183,1
ADDLINE 1,225,1 3,225,1 5,225,1 12,0,2 1,225,1 0,0,0 3,225,1 1,225,1 1,225,1
ADDLINE 1,216,1 5,216,1 1,216,1 12,0,2 1,216,1 1,216,1 1,216,1 1,216,1 1,216,1
ADDLINE 0,0,0 0,0,0 0,0,0 12,0,2 1,228,1 0,0,0 1,228,1 1,228,1 4,228,1
0,0,0 0,0,0 0,0,0 1,94,1 1,94,1 1,94,1 1,94,1 1,94,1 12,0,2
1,93,1 1,93,1 12,0,2 1,93,1 4,93,1 5,93,1 1,93,1 3,93,1 15,0,2
0,0,0 1,92,1 0,0,0 4,92,1 12,0,2 0,0,0 0,0,0 0,0,0 0,0,0
0,0,0 1,91,1 1,91,1 1,91,1 1,91,1 2,91,1 12,0,2 3,91,1 1,91,1
0,0,0 2,90,1 1,90,1 1,90,1 3,90,1 1,90,1 12,0,2 1,90,1 0,0,0
14,0,2 1,89,1 1,89,1 1,89,1 1,89,1 1,89,1 12,0,2 5,89,1 0,0,0
0,0,0 0,0,0 0,0,0 0,0,0 0,0,0 0,0,0 0,0,0 0,0,0 0,0,0
0,0,0 0,0,0 0,0,0 0,0,0 0,0,0 0,0,0 0,0,0 0,0,0 0,0,0
0,0,0 0,0,0 0,0,0 0,0,0 0,0,0 0,0,0 0,0,0 0,0,0 0,0,0