MODE 0
BALL 80
STARS 0/5800/8200
ADDLINE 4,105,1 12,0,2 1,105,1 0,0,0 5,105,1 1,105,1 3,105,1 1,105,1 1,105,1
ADDLINE 1,106,1 0,0,0 4,106,1 12,0,2 1,106,1 1,106,1 1,106,1 0,0,0 1,106,1
ADDLINE 1,107,1 0,0,0 1,107,1 12,0,2 1,107,1 1,107,1 1,107,1 0,0,0 3,107,1
ADDLINE 0,0,0 0,0,0 1,118,1 0,0,0 1,118,1 12,0,2 1,118,1 0,0,0 1,118,1
ADDLINE 5,119,1 0,0,0 1,119,1 12,0,2 1,119,1 0,0,0 1,119,1 0,0,0 3,119,1
ADDLINE 0,0,0 0,0,0 4,130,1 0,0,0 1,130,1 12,0,2 0,0,0 0,0,0 1,130,1
ADDLINE 1,141,1 12,0,2 1,141,1 0,0,0 1,141,1 1,141,1 2,141,1 0,0,0 5,141,1
ADDLINE 1,153,1 0,0,0 1,153,1 0,0,0 12,0,2 0,0,0 1,153,1 0,0,0 3,153,1
ADDLINE 5,123,1 12,0,2 1,123,1 1,123,1 1,123,1 1,123,1 1,123,1 0,0,0 1,123,1
ADDLINE 1,135,1 1,135,1 1,135,1 1,135,1 3,135,1 4,135,1 1,135,1 12,0,2 0,0,0
ADDLINE 1,147,1 3,147,1 1,147,1 1,147,1 1,147,1 1,147,1 12,0,2 0,0,0 0,0,0
ADDLINE 1,159,1 2,159,1 1,159,1 4,159,1 1,159,1 1,159,1 0,0,0 12,0,2 0,0,0
ADDLINE 1,127,1 1,127,1 3,127,1 1,127,1 1,127,1 1,127,1 5,127,1 12,0,2 0,0,0
ADDLINE 1,140,1 1,140,1 1,140,1 1,140,1 0,0,0 0,0,0 0,0,0 12,0,2 0,0,0
ADDLINE 3,152,1 2,152,1 12,0,2 0,0,0 0,0,0 0,0,0 0,0,0 1,152,1 1,152,1
ADDLINE 1,164,1 1,164,1 0,0,0 2,164,1 1,164,1 4,164,1 0,0,0 12,0,2 0,0,0
ADDLINE 1,132,1 1,132,1 12,0,2 0,0,0 5,132,1 0,0,0 0,0,0 0,0,0 0,0,0
ADDLINE 1,144,1 1,144,1 1,144,1 0,0,0 12,0,2 0,0,0 0,0,0 0,0,0 0,0,0
ADDLINE 5,150,1 1,150,1 12,0,2 1,150,1 3,150,1 1,150,1 2,150,1 1,150,1 1,150,1
ADDLINE 1,170,1 1,170,1 0,0,0 0,0,0 0,0,0 0,0,0 12,0,2 0,0,0 1,170,1
ADDLINE 1,136,1 1,136,1 1,136,1 1,136,1 1,136,1 12,0,2 0,0,0 0,0,0 3,136,1
ADDLINE 2,149,1 2,149,1 0,0,0 0,0,0 12,0,2 0,0,0 1,149,1 1,149,1 5,149,1
ADDLINE 1,162,1 1,162,1 0,0,0 12,0,2 0,0,0 0,0,0 0,0,0 0,0,0 0,0,0
ADDLINE 1,167,1 1,167,1 1,167,1 1,167,1 1,167,1 4,167,1 1,167,1 1,167,1 12,0,2
ADDLINE 1,141,1 4,141,1 3,141,1 1,141,1 1,141,1 1,141,1 0,0,0 12,0,2 0,0,0
ADDLINE 4,147,1 1,147,1 1,147,1 1,147,1 3,147,1 1,147,1 12,0,2 1,147,1 1,147,1
ADDLINE 1,167,1 5,167,1 1,167,1 1,167,1 1,167,1 1,167,1 12,0,2 0,0,0 1,167,1
ADDLINE 0,0,0 0,0,0 1,181,1 0,0,0 1,181,1 0,0,0 1,181,1 0,0,0 12,0,2
ADDLINE 5,145,1 1,145,1 1,145,1 1,145,1 1,145,1 12,0,2 3,145,1 0,0,0 1,145,1
ADDLINE 0,0,0 0,0,0 1,159,1 0,0,0 12,0,2 0,0,0 2,159,1 0,0,0 1,159,1
ADDLINE 1,173,1 4,173,1 2,173,1 0,0,0 1,173,1 12,0,2 1,173,1 0,0,0 1,173,1
ADDLINE 1,187,1 1,187,1 1,187,1 12,0,2 1,187,1 0,0,0 1,187,1 0,0,0 1,187,1
ADDLINE 1,149,1 5,149,1 1,149,1 0,0,0 5,149,1 12,0,2 1,149,1 0,0,0 1,149,1
ADDLINE 1,164,1 0,0,0 0,0,0 0,0,0 1,164,1 12,0,2 1,164,1 0,0,0 0,0,0
ADDLINE 1,169,1 12,0,2 1,169,1 1,169,1 1,169,1 1,169,1 3,169,1 4,169,1 5,169,1
ADDLINE 1,192,1 0,0,0 0,0,0 0,0,0 0,0,0 0,0,0 0,0,0 12,0,2 0,0,0
ADDLINE 1,146,1 1,146,1 1,146,1 3,146,1 12,0,2 1,146,1 1,146,1 1,146,1 4,146,1
ADDLINE 1,160,1 1,160,1 1,160,1 3,160,1 12,0,2 1,160,1 1,160,1 5,160,1 1,160,1
ADDLINE 1,183,1 1,183,1 1,183,1 4,183,1 12,0,2 0,0,0 1,183,1 1,183,1 5,183,1
ADDLINE 0,0,0 0,0,0 0,0,0 0,0,0 0,0,0 12,0,2 3,225,1 1,225,1 1,225,1
ADDLINE 0,0,0 0,0,0 0,0,0 12,0,2 0,0,0 0,0,0 0,0,0 1,227,1 1,227,1
ADDLINE 1,228,1 1,228,1 1,228,1 5,228,1 1,228,1 12,0,2 0,0,0 1,228,1 4,228,1
1,94,1 2,94,1 0,0,0 0,0,0 0,0,0 0,0,0 12,0,2 0,0,0 15,0,2
1,93,1 0,0,0 0,0,0 12,0,2 0,0,0 1,93,1 1,93,1 1,93,1 1,93,1
1,92,1 0,0,0 1,92,1 4,92,1 12,0,2 0,0,0 5,92,1 1,92,1 1,92,1
1,91,1 1,91,1 12,0,2 5,91,1 1,91,1 0,0,0 1,91,1 3,91,1 1,91,1
1,90,1 1,90,1 12,0,2 14,0,2 0,0,0 0,0,0 0,0,0 3,90,1 2,90,1
1,85,1 5,85,1 1,85,1 1,85,1 1,85,1 1,85,1 1,85,1 0,0,0 1,85,1
0,0,0 0,0,0 0,0,0 0,0,0 0,0,0 0,0,0 0,0,0 0,0,0 0,0,0
0,0,0 0,0,0 0,0,0 0,0,0 0,0,0 0,0,0 0,0,0 0,0,0 0,0,0
0,0,0 0,0,0 0,0,0 0,0,0 0,0,0 0,0,0 0,0,0 0,0,0 0,0,0