MODE 0
BALL 80
STARS 0/6700/9600
ADDLINE 0,0,0 0,0,0 0,0,0 0,0,0 0,0,0 12,0,2 1,210,1 0,0,0 0,0,0
ADDLINE 1,106,1 3,106,1 5,106,1 1,106,1 1,106,1 1,106,1 12,0,2 0,0,0 0,0,0
ADDLINE 1,107,1 0,0,0 0,0,0 12,0,2 0,0,0 1,107,1 4,107,1 1,107,1 1,107,1
ADDLINE 0,0,0 0,0,0 0,0,0 0,0,0 1,118,1 12,0,2 0,0,0 0,0,0 1,118,1
ADDLINE 0,0,0 12,0,2 1,119,1 1,119,1 1,119,1 2,119,1 5,119,1 0,0,0 0,0,0
ADDLINE 0,0,0 1,130,1 1,130,1 5,130,1 1,130,1 3,130,1 1,130,1 12,0,2 1,130,1
ADDLINE 1,141,1 1,141,1 1,141,1 12,0,2 1,141,1 0,0,0 0,0,0 0,0,0 1,141,1
ADDLINE 1,153,1 4,153,1 2,153,1 12,0,2 0,0,0 1,306,1 1,306,1 1,306,1 0,0,0
ADDLINE 0,0,0 0,0,0 1,246,1 0,0,0 12,0,2 1,246,1 20,123,1 0,0,0 0,0,0
ADDLINE 0,0,0 0,0,0 1,270,1 20,135,1 1,270,1 1,270,1 12,0,2 1,270,1 0,0,0
ADDLINE 1,147,1 1,147,1 1,294,1 12,0,2 1,294,1 1,147,1 1,147,1 1,147,1 0,0,0
ADDLINE 1,159,1 4,159,1 3,159,1 0,0,0 1,159,1 2,159,1 1,159,1 12,0,2 0,0,0
ADDLINE 4,121,1 1,121,1 2,121,1 1,121,1 4,121,1 1,121,1 1,121,1 12,0,2 1,121,1
ADDLINE 1,140,1 1,140,1 2,140,1 12,0,2 1,140,1 1,140,1 1,140,1 0,0,0 1,140,1
ADDLINE 1,152,1 1,152,1 5,152,1 12,0,2 5,152,1 1,152,1 1,152,1 0,0,0 1,152,1
ADDLINE 1,164,1 1,328,1 1,328,1 1,328,1 0,0,0 12,0,2 0,0,0 0,0,0 1,164,1
ADDLINE 1,264,1 12,0,2 19,132,1 1,264,1 1,264,1 1,264,1 1,264,1 1,264,1 1,264,1
ADDLINE 1,144,1 0,0,0 12,0,2 1,288,1 4,144,1 1,144,1 5,144,1 0,0,0 1,144,1
ADDLINE 1,150,1 1,150,1 1,300,1 1,300,1 1,300,1 12,0,2 5,150,1 1,150,1 2,150,1
ADDLINE 1,340,1 1,340,1 1,340,1 19,170,1 1,340,1 12,0,2 1,340,1 1,340,1 1,340,1
ADDLINE 1,130,1 1,130,1 1,260,1 1,260,1 1,260,1 12,0,2 1,260,1 1,260,1 1,130,1
ADDLINE 5,149,1 0,0,0 12,0,2 0,0,0 0,0,0 0,0,0 1,298,1 17,149,1 2,149,1
ADDLINE 1,154,1 1,154,1 1,154,1 12,0,2 1,154,1 1,154,1 1,308,1 1,308,1 1,154,1
ADDLINE 1,352,1 1,352,1 1,352,1 1,352,1 16,176,1 12,0,2 1,352,1 1,352,1 0,0,0
ADDLINE 2,141,1 0,0,0 1,141,1 12,0,2 1,141,1 1,141,1 1,141,1 0,0,0 1,141,1
ADDLINE 0,0,0 0,0,0 1,154,1 12,0,2 1,154,1 1,154,1 4,154,1 0,0,0 1,154,1
ADDLINE 1,167,1 12,0,2 2,167,1 0,0,0 5,167,1 1,167,1 1,167,1 0,0,0 1,334,1
ADDLINE 0,0,0 12,0,2 1,362,1 1,362,1 1,362,1 1,362,1 1,362,1 1,362,1 19,181,1
ADDLINE 0,0,0 2,145,1 0,0,0 0,0,0 1,145,1 0,0,0 0,0,0 12,0,2 1,290,1
ADDLINE 0,0,0 12,0,2 0,0,0 1,318,1 1,318,1 1,318,1 0,0,0 1,159,1 1,159,1
ADDLINE 1,346,1 1,346,1 1,346,1 1,346,1 19,173,1 1,346,1 12,0,2 1,346,1 0,0,0
ADDLINE 3,187,1 1,187,1 1,187,1 0,0,0 12,0,2 1,374,1 1,187,1 1,187,1 5,187,1
ADDLINE 1,149,1 4,149,1 1,149,1 12,0,2 1,149,1 0,0,0 1,149,1 1,149,1 0,0,0
ADDLINE 1,164,1 2,164,1 1,164,1 1,164,1 0,0,0 0,0,0 12,0,2 0,0,0 0,0,0
ADDLINE 4,178,1 1,178,1 1,178,1 1,178,1 12,0,2 1,178,1 0,0,0 1,356,1 1,356,1
ADDLINE 1,384,1 1,384,1 1,384,1 12,0,2 0,0,0 1,384,1 1,384,1 1,384,1 19,192,1
ADDLINE 1,154,1 1,308,1 17,154,1 12,0,2 1,154,1 1,154,1 5,154,1 0,0,0 1,308,1
ADDLINE 1,336,1 1,336,1 1,336,1 12,0,2 1,168,1 0,0,0 0,0,0 0,0,0 1,168,1
ADDLINE 17,183,1 1,366,1 1,183,1 3,183,1 1,183,1 12,0,2 4,183,1 1,183,1 1,183,1
ADDLINE 1,450,1 12,0,2 0,0,0 0,0,0 1,225,1 0,0,0 1,225,1 4,225,1 1,225,1
ADDLINE 1,216,1 1,216,1 1,216,1 3,216,1 4,216,1 12,0,2 1,216,1 1,216,1 1,216,1
ADDLINE 0,0,0 1,228,1 0,0,0 0,0,0 1,228,1 2,228,1 0,0,0 1,228,1 12,0,2
15,0,2 0,0,0 1,188,1 12,0,2 1,188,1 10,0,2 1,188,1 1,94,1 1,94,1
3,93,1 10,0,2 1,186,1 1,93,1 12,0,2 1,186,1 1,186,1 1,93,1 1,93,1
1,92,1 1,184,1 1,184,1 5,92,1 12,0,2 4,92,1 0,0,0 1,92,1 1,92,1
5,91,1 1,182,1 1,182,1 1,91,1 12,0,2 1,91,1 0,0,0 2,91,1 1,91,1
1,180,1 10,0,2 1,180,1 1,180,1 1,180,1 1,180,1 12,0,2 1,480,1 14,0,2
1,85,1 1,170,1 1,170,1 1,85,1 12,0,2 1,85,1 1,85,1 1,85,1 3,85,1
0,0,0 0,0,0 0,0,0 0,0,0 0,0,0 0,0,0 0,0,0 0,0,0 0,0,0
0,0,0 0,0,0 0,0,0 0,0,0 0,0,0 0,0,0 0,0,0 0,0,0 0,0,0
0,0,0 0,0,0 0,0,0 0,0,0 0,0,0 0,0,0 0,0,0 0,0,0 0,0,0