MODE 0
BALL 80
STARS 0/6000/8600
ADDLINE 1,106,1 0,0,0 0,0,0 12,0,2 1,106,1 0,0,0 1,106,1 1,106,1 1,106,1
ADDLINE 1,107,1 12,0,2 1,107,1 0,0,0 1,107,1 0,0,0 0,0,0 1,107,1 1,107,1
ADDLINE 0,0,0 0,0,0 0,0,0 0,0,0 12,0,2 1,108,1 0,0,0 1,108,1 1,108,1
ADDLINE 0,0,0 1,119,1 1,119,1 1,119,1 12,0,2 1,119,1 0,0,0 1,119,1 1,119,1
ADDLINE 1,120,1 0,0,0 1,120,1 1,120,1 0,0,0 0,0,0 0,0,0 12,0,2 0,0,0
ADDLINE 1,131,1 0,0,0 12,0,2 0,0,0 1,131,1 1,131,1 0,0,0 1,131,1 0,0,0
ADDLINE 1,142,1 1,142,1 0,0,0 12,0,2 1,142,1 1,142,1 0,0,0 0,0,0 0,0,0
ADDLINE 1,154,1 1,154,1 12,0,2 0,0,0 1,154,1 1,154,1 1,154,1 1,154,1 0,0,0
ADDLINE 1,124,1 1,124,1 1,124,1 0,0,0 0,0,0 0,0,0 0,0,0 12,0,2 0,0,0
ADDLINE 1,129,1 1,129,1 1,129,1 12,0,2 1,129,1 1,129,1 1,129,1 1,129,1 1,129,1
ADDLINE 1,141,1 1,141,1 1,141,1 12,0,2 1,141,1 1,141,1 1,141,1 1,141,1 1,141,1
ADDLINE 1,152,1 1,152,1 1,152,1 12,0,2 1,152,1 1,152,1 1,152,1 1,152,1 1,152,1
ADDLINE 1,122,1 1,122,1 1,122,1 12,0,2 1,122,1 1,122,1 1,122,1 1,122,1 1,122,1
ADDLINE 0,0,0 0,0,0 12,0,2 0,0,0 1,141,1 0,0,0 0,0,0 0,0,0 1,141,1
ADDLINE 1,153,1 1,153,1 1,153,1 1,153,1 1,153,1 12,0,2 1,153,1 0,0,0 1,153,1
ADDLINE 1,165,1 1,165,1 1,165,1 12,0,2 0,0,0 0,0,0 1,165,1 0,0,0 1,165,1
ADDLINE 1,133,1 1,133,1 1,133,1 12,0,2 1,133,1 1,133,1 1,133,1 0,0,0 1,133,1
ADDLINE 0,0,0 0,0,0 12,0,2 0,0,0 0,0,0 0,0,0 1,145,1 0,0,0 0,0,0
ADDLINE 1,158,1 1,158,1 1,158,1 1,158,1 1,158,1 0,0,0 0,0,0 12,0,2 0,0,0
ADDLINE 1,163,1 1,163,1 1,163,1 1,163,1 1,163,1 12,0,2 1,163,1 1,163,1 1,163,1
ADDLINE 1,137,1 1,137,1 1,137,1 1,137,1 12,0,2 0,0,0 1,137,1 1,137,1 1,137,1
ADDLINE 1,143,1 1,143,1 1,143,1 1,143,1 12,0,2 1,143,1 1,143,1 1,143,1 1,143,1
ADDLINE 1,163,1 0,0,0 0,0,0 1,163,1 12,0,2 1,163,1 0,0,0 1,163,1 0,0,0
ADDLINE 1,168,1 1,168,1 1,168,1 1,168,1 1,168,1 12,0,2 1,168,1 1,168,1 1,168,1
ADDLINE 0,0,0 0,0,0 1,142,1 0,0,0 1,142,1 0,0,0 1,142,1 12,0,2 1,142,1
ADDLINE 1,155,1 1,155,1 1,155,1 12,0,2 1,155,1 1,155,1 1,155,1 0,0,0 1,155,1
ADDLINE 1,168,1 12,0,2 0,0,0 0,0,0 0,0,0 0,0,0 0,0,0 0,0,0 1,168,1
ADDLINE 0,0,0 12,0,2 0,0,0 0,0,0 1,182,1 0,0,0 0,0,0 1,182,1 1,182,1
ADDLINE 0,0,0 0,0,0 0,0,0 0,0,0 0,0,0 0,0,0 1,146,1 1,146,1 12,0,2
ADDLINE 1,160,1 1,160,1 1,160,1 1,160,1 1,160,1 12,0,2 1,160,1 1,160,1 0,0,0
ADDLINE 1,174,1 0,0,0 0,0,0 0,0,0 1,174,1 1,174,1 12,0,2 0,0,0 0,0,0
ADDLINE 1,188,1 0,0,0 0,0,0 1,188,1 1,188,1 0,0,0 12,0,2 1,188,1 0,0,0
ADDLINE 1,150,1 1,150,1 1,150,1 0,0,0 12,0,2 1,150,1 1,150,1 0,0,0 0,0,0
ADDLINE 1,165,1 0,0,0 12,0,2 0,0,0 1,165,1 1,165,1 1,165,1 1,165,1 0,0,0
ADDLINE 1,179,1 12,0,2 1,179,1 1,179,1 1,179,1 1,179,1 1,179,1 1,179,1 0,0,0
ADDLINE 1,193,1 0,0,0 0,0,0 12,0,2 1,193,1 1,193,1 0,0,0 0,0,0 0,0,0
ADDLINE 1,147,1 1,147,1 1,147,1 1,147,1 1,147,1 12,0,2 1,147,1 1,147,1 1,147,1
ADDLINE 1,161,1 1,161,1 1,161,1 1,161,1 1,161,1 12,0,2 1,161,1 1,161,1 1,161,1
ADDLINE 1,175,1 1,175,1 1,175,1 1,175,1 1,175,1 12,0,2 1,175,1 1,175,1 1,175,1
ADDLINE 1,226,1 1,226,1 1,226,1 1,226,1 1,226,1 12,0,2 0,0,0 0,0,0 1,226,1
ADDLINE 1,217,1 1,217,1 1,217,1 1,217,1 1,217,1 12,0,2 1,217,1 1,217,1 1,217,1
ADDLINE 1,229,1 12,0,2 0,0,0 0,0,0 0,0,0 0,0,0 0,0,0 0,0,0 1,229,1
1,91,1 1,91,1 1,91,1 1,91,1 12,0,2 1,91,1 1,91,1 1,91,1 1,91,1
0,0,0 15,0,2 12,0,2 1,94,1 0,0,0 1,94,1 1,94,1 1,94,1 1,94,1
1,89,1 1,89,1 1,89,1 1,89,1 12,0,2 1,89,1 1,89,1 1,89,1 1,89,1
1,92,1 1,92,1 1,92,1 1,92,1 0,0,0 0,0,0 0,0,0 12,0,2 0,0,0
1,87,1 1,87,1 1,87,1 1,87,1 12,0,2 1,87,1 1,87,1 1,87,1 1,87,1
0,0,0 0,0,0 0,0,0 1,90,1 0,0,0 1,90,1 14,0,2 12,0,2 0,0,0
0,0,0 0,0,0 0,0,0 0,0,0 0,0,0 0,0,0 0,0,0 0,0,0 0,0,0
0,0,0 0,0,0 0,0,0 0,0,0 0,0,0 0,0,0 0,0,0 0,0,0 0,0,0
0,0,0 0,0,0 0,0,0 0,0,0 0,0,0 0,0,0 0,0,0 0,0,0 0,0,0