MODE 0
BALL 80
STARS 0/5900/8200
ADDLINE 1,106,1 12,0,2 1,212,1 0,0,0 0,0,0 7,0,2 1,212,1 1,106,1 1,106,1
ADDLINE 1,102,1 1,102,1 1,102,1 1,102,1 12,0,2 1,204,1 1,204,1 1,102,1 1,102,1
ADDLINE 0,0,0 0,0,0 12,0,2 0,0,0 0,0,0 0,0,0 1,108,1 1,108,1 1,108,1
ADDLINE 1,113,1 1,113,1 1,113,1 1,113,1 1,113,1 12,0,2 1,113,1 1,113,1 1,113,1
ADDLINE 0,0,0 0,0,0 0,0,0 0,0,0 1,120,1 12,0,2 0,0,0 0,0,0 0,0,0
ADDLINE 1,131,1 1,131,1 1,131,1 12,0,2 1,131,1 1,131,1 1,262,1 11,0,2 1,131,1
ADDLINE 0,0,0 0,0,0 1,142,1 0,0,0 12,0,2 0,0,0 1,284,1 0,0,0 1,142,1
ADDLINE 1,154,1 12,0,2 1,154,1 1,154,1 1,308,1 11,0,2 1,308,1 0,0,0 1,154,1
ADDLINE 1,124,1 0,0,0 1,124,1 1,124,1 1,248,1 12,0,2 1,248,1 0,0,0 0,0,0
ADDLINE 1,136,1 1,136,1 1,136,1 12,0,2 1,136,1 1,136,1 1,136,1 1,272,1 11,0,2
ADDLINE 1,148,1 1,148,1 1,148,1 0,0,0 0,0,0 12,0,2 1,148,1 0,0,0 0,0,0
ADDLINE 1,160,1 1,320,1 1,320,1 12,0,2 1,160,1 1,160,1 0,0,0 0,0,0 1,160,1
ADDLINE 1,128,1 0,0,0 7,0,2 1,256,1 1,128,1 12,0,2 0,0,0 1,128,1 1,128,1
ADDLINE 1,141,1 12,0,2 1,282,1 1,282,1 11,0,2 1,282,1 1,141,1 1,141,1 1,141,1
ADDLINE 1,153,1 12,0,2 1,153,1 0,0,0 1,306,1 1,306,1 1,153,1 1,153,1 1,153,1
ADDLINE 1,165,1 12,0,2 1,165,1 0,0,0 1,165,1 1,165,1 1,165,1 1,165,1 1,165,1
ADDLINE 0,0,0 0,0,0 0,0,0 0,0,0 12,0,2 1,133,1 1,133,1 1,133,1 1,133,1
ADDLINE 0,0,0 12,0,2 1,145,1 1,290,1 11,0,2 1,290,1 1,145,1 1,145,1 1,145,1
ADDLINE 1,158,1 1,158,1 1,158,1 1,316,1 1,316,1 12,0,2 1,158,1 1,158,1 0,0,0
ADDLINE 1,171,1 1,171,1 0,0,0 0,0,0 0,0,0 12,0,2 1,171,1 1,171,1 0,0,0
ADDLINE 1,137,1 1,137,1 1,137,1 1,137,1 1,137,1 1,137,1 1,137,1 12,0,2 0,0,0
ADDLINE 1,150,1 1,150,1 1,150,1 1,150,1 1,150,1 1,150,1 0,0,0 12,0,2 0,0,0
ADDLINE 1,326,1 1,326,1 1,326,1 1,326,1 1,326,1 1,326,1 12,0,2 8,0,2 0,0,0
ADDLINE 1,177,1 1,177,1 1,177,1 1,177,1 1,177,1 0,0,0 12,0,2 0,0,0 1,177,1
ADDLINE 1,142,1 1,142,1 1,142,1 1,142,1 0,0,0 0,0,0 0,0,0 12,0,2 0,0,0
ADDLINE 1,155,1 1,155,1 1,155,1 1,155,1 0,0,0 0,0,0 12,0,2 0,0,0 0,0,0
ADDLINE 1,168,1 1,168,1 1,168,1 12,0,2 0,0,0 0,0,0 0,0,0 0,0,0 1,168,1
ADDLINE 1,173,1 1,173,1 1,173,1 1,173,1 12,0,2 1,173,1 1,173,1 1,173,1 1,173,1
ADDLINE 0,0,0 0,0,0 0,0,0 1,146,1 0,0,0 1,146,1 0,0,0 0,0,0 12,0,2
ADDLINE 0,0,0 1,160,1 1,160,1 1,160,1 12,0,2 1,160,1 1,160,1 1,160,1 1,160,1
ADDLINE 0,0,0 1,174,1 1,174,1 1,174,1 0,0,0 0,0,0 0,0,0 0,0,0 12,0,2
ADDLINE 12,0,2 1,179,1 1,179,1 1,179,1 1,179,1 1,179,1 1,179,1 1,179,1 1,179,1
ADDLINE 0,0,0 1,150,1 1,150,1 1,150,1 0,0,0 0,0,0 12,0,2 0,0,0 0,0,0
ADDLINE 0,0,0 1,165,1 1,165,1 1,165,1 12,0,2 1,165,1 1,165,1 1,165,1 1,165,1
ADDLINE 0,0,0 0,0,0 0,0,0 0,0,0 0,0,0 0,0,0 12,0,2 1,179,1 0,0,0
ADDLINE 1,184,1 12,0,2 1,184,1 1,184,1 1,184,1 1,184,1 1,184,1 1,184,1 1,184,1
ADDLINE 1,147,1 1,147,1 1,147,1 1,147,1 1,147,1 1,147,1 1,147,1 12,0,2 1,147,1
ADDLINE 1,169,1 1,169,1 1,169,1 0,0,0 0,0,0 0,0,0 12,0,2 0,0,0 1,169,1
ADDLINE 1,368,1 1,368,1 12,0,2 8,0,2 1,368,1 1,368,1 1,368,1 1,368,1 1,368,1
ADDLINE 1,226,1 12,0,2 0,0,0 1,452,1 1,226,1 1,226,1 1,226,1 1,226,1 1,226,1
ADDLINE 1,456,1 12,0,2 10,0,2 0,0,0 1,456,1 1,456,1 1,456,1 1,456,1 1,456,1
ADDLINE 1,229,1 1,229,1 12,0,2 0,0,0 1,229,1 1,229,1 1,229,1 1,229,1 1,229,1
0,0,0 12,0,2 0,0,0 11,0,2 15,0,2 1,190,1 1,190,1 1,95,1 1,95,1
11,0,2 1,188,1 12,0,2 1,94,1 1,94,1 1,94,1 1,94,1 1,94,1 1,94,1
0,0,0 1,186,1 12,0,2 1,93,1 1,93,1 1,93,1 1,93,1 1,93,1 1,93,1
11,0,2 1,184,1 12,0,2 1,92,1 1,92,1 1,92,1 1,92,1 1,92,1 1,92,1
14,0,2 1,182,1 0,0,0 0,0,0 0,0,0 12,0,2 1,91,1 1,91,1 1,91,1
11,0,2 1,180,1 1,90,1 1,90,1 1,90,1 0,0,0 0,0,0 0,0,0 12,0,2
0,0,0 0,0,0 0,0,0 0,0,0 0,0,0 0,0,0 0,0,0 0,0,0 0,0,0
0,0,0 0,0,0 0,0,0 0,0,0 0,0,0 0,0,0 0,0,0 0,0,0 0,0,0
0,0,0 0,0,0 0,0,0 0,0,0 0,0,0 0,0,0 0,0,0 0,0,0 0,0,0