MODE 0
BALL 80
STARS 0/5800/8300
ADDLINE 1,106,1 1,106,1 0,0,0 1,106,1 1,106,1 0,0,0 0,0,0 12,0,2 0,0,0
ADDLINE 1,107,1 1,107,1 0,0,0 12,0,2 0,0,0 0,0,0 1,107,1 1,107,1 0,0,0
ADDLINE 1,108,1 1,108,1 1,108,1 1,108,1 0,0,0 1,108,1 0,0,0 12,0,2 0,0,0
ADDLINE 0,0,0 0,0,0 1,119,1 0,0,0 12,0,2 0,0,0 0,0,0 0,0,0 1,119,1
ADDLINE 0,0,0 12,0,2 1,120,1 1,120,1 1,120,1 1,120,1 0,0,0 1,120,1 1,120,1
ADDLINE 0,0,0 1,131,1 0,0,0 1,131,1 0,0,0 0,0,0 12,0,2 0,0,0 1,131,1
ADDLINE 1,142,1 1,142,1 1,142,1 1,142,1 12,0,2 1,142,1 1,142,1 0,0,0 1,142,1
ADDLINE 0,0,0 1,154,1 12,0,2 1,154,1 0,0,0 1,154,1 0,0,0 0,0,0 1,154,1
ADDLINE 0,0,0 1,124,1 12,0,2 1,124,1 0,0,0 1,124,1 1,124,1 1,124,1 1,124,1
ADDLINE 1,136,1 1,136,1 12,0,2 1,136,1 1,136,1 1,136,1 1,136,1 1,136,1 0,0,0
ADDLINE 1,148,1 1,148,1 12,0,2 1,148,1 1,148,1 1,148,1 1,148,1 1,148,1 0,0,0
ADDLINE 0,0,0 1,160,1 12,0,2 1,160,1 1,160,1 1,160,1 1,160,1 1,160,1 0,0,0
ADDLINE 1,122,1 1,122,1 12,0,2 1,122,1 1,122,1 1,122,1 1,122,1 1,122,1 1,122,1
ADDLINE 0,0,0 0,0,0 0,0,0 1,141,1 12,0,2 0,0,0 0,0,0 1,141,1 0,0,0
ADDLINE 1,146,1 1,146,1 12,0,2 1,146,1 1,146,1 1,146,1 1,146,1 1,146,1 1,146,1
ADDLINE 1,165,1 1,165,1 12,0,2 1,165,1 0,0,0 1,165,1 1,165,1 1,165,1 1,165,1
ADDLINE 1,133,1 1,133,1 12,0,2 1,133,1 0,0,0 1,133,1 1,133,1 1,133,1 1,133,1
ADDLINE 0,0,0 1,145,1 0,0,0 0,0,0 0,0,0 0,0,0 0,0,0 0,0,0 12,0,2
ADDLINE 1,158,1 1,158,1 1,158,1 1,158,1 1,158,1 12,0,2 1,158,1 0,0,0 1,158,1
ADDLINE 1,171,1 1,171,1 1,171,1 1,171,1 1,171,1 0,0,0 1,171,1 12,0,2 0,0,0
ADDLINE 1,131,1 1,131,1 1,131,1 1,131,1 1,131,1 12,0,2 1,131,1 1,131,1 1,131,1
ADDLINE 1,150,1 1,150,1 1,150,1 1,150,1 1,150,1 12,0,2 0,0,0 0,0,0 0,0,0
ADDLINE 1,155,1 1,155,1 1,155,1 1,155,1 1,155,1 12,0,2 1,155,1 1,155,1 1,155,1
ADDLINE 1,177,1 12,0,2 0,0,0 0,0,0 0,0,0 0,0,0 1,177,1 0,0,0 1,177,1
ADDLINE 1,142,1 12,0,2 1,142,1 1,142,1 1,142,1 1,142,1 1,142,1 0,0,0 1,142,1
ADDLINE 1,155,1 12,0,2 1,155,1 0,0,0 1,155,1 1,155,1 1,155,1 0,0,0 1,155,1
ADDLINE 1,168,1 0,0,0 1,168,1 12,0,2 1,168,1 1,168,1 1,168,1 0,0,0 1,168,1
ADDLINE 1,182,1 1,182,1 1,182,1 1,182,1 0,0,0 1,182,1 1,182,1 12,0,2 0,0,0
ADDLINE 1,146,1 1,146,1 1,146,1 1,146,1 0,0,0 12,0,2 0,0,0 1,146,1 0,0,0
ADDLINE 1,160,1 1,160,1 1,160,1 1,160,1 0,0,0 1,160,1 1,160,1 12,0,2 0,0,0
ADDLINE 1,174,1 0,0,0 12,0,2 0,0,0 0,0,0 0,0,0 0,0,0 0,0,0 1,174,1
ADDLINE 1,188,1 0,0,0 1,188,1 1,188,1 1,188,1 1,188,1 0,0,0 12,0,2 0,0,0
ADDLINE 1,150,1 0,0,0 0,0,0 12,0,2 0,0,0 0,0,0 1,150,1 1,150,1 1,150,1
ADDLINE 1,165,1 1,165,1 1,165,1 0,0,0 1,165,1 1,165,1 0,0,0 12,0,2 0,0,0
ADDLINE 1,179,1 1,179,1 1,179,1 0,0,0 1,179,1 0,0,0 12,0,2 1,179,1 0,0,0
ADDLINE 1,193,1 0,0,0 0,0,0 12,0,2 1,193,1 0,0,0 1,193,1 0,0,0 1,193,1
ADDLINE 0,0,0 1,155,1 1,155,1 1,155,1 0,0,0 1,155,1 0,0,0 1,155,1 12,0,2
ADDLINE 0,0,0 1,169,1 1,169,1 1,169,1 0,0,0 1,169,1 0,0,0 1,169,1 12,0,2
ADDLINE 1,184,1 1,184,1 1,184,1 1,184,1 12,0,2 1,184,1 0,0,0 1,184,1 0,0,0
ADDLINE 0,0,0 1,226,1 1,226,1 1,226,1 12,0,2 1,226,1 0,0,0 1,226,1 0,0,0
ADDLINE 0,0,0 1,228,1 1,228,1 1,228,1 12,0,2 1,228,1 1,228,1 1,228,1 1,228,1
ADDLINE 1,229,1 0,0,0 1,229,1 12,0,2 1,229,1 1,229,1 1,229,1 0,0,0 1,229,1
1,95,1 1,95,1 1,95,1 1,95,1 12,0,2 1,95,1 0,0,0 1,95,1 1,95,1
0,0,0 1,94,1 1,94,1 1,94,1 0,0,0 1,94,1 15,0,2 12,0,2 0,0,0
0,0,0 1,93,1 1,93,1 1,93,1 12,0,2 1,93,1 1,93,1 1,93,1 1,93,1
0,0,0 14,0,2 1,92,1 1,92,1 1,92,1 1,92,1 1,92,1 12,0,2 0,0,0
0,0,0 1,91,1 1,91,1 1,91,1 12,0,2 1,91,1 1,91,1 1,91,1 0,0,0
0,0,0 0,0,0 12,0,2 1,90,1 0,0,0 1,90,1 1,90,1 1,90,1 0,0,0
0,0,0 0,0,0 0,0,0 0,0,0 0,0,0 0,0,0 0,0,0 0,0,0 0,0,0
0,0,0 0,0,0 0,0,0 0,0,0 0,0,0 0,0,0 0,0,0 0,0,0 0,0,0
0,0,0 0,0,0 0,0,0 0,0,0 0,0,0 0,0,0 0,0,0 0,0,0 0,0,0