MODE 0
BALL 80
STARS 0/5850/8250
ADDLINE 1,106,1 1,106,1 1,106,1 12,0,2 1,106,1 0,0,0 1,106,1 1,106,1 1,106,1
ADDLINE 1,107,1 1,107,1 1,107,1 0,0,0 1,107,1 12,0,2 0,0,0 0,0,0 1,107,1
ADDLINE 1,103,1 1,103,1 1,103,1 12,0,2 1,103,1 1,103,1 1,103,1 1,103,1 1,103,1
ADDLINE 0,0,0 0,0,0 0,0,0 12,0,2 0,0,0 0,0,0 0,0,0 0,0,0 1,119,1
ADDLINE 1,114,1 1,114,1 1,114,1 1,114,1 1,114,1 12,0,2 1,114,1 1,114,1 1,114,1
ADDLINE 1,131,1 0,0,0 1,131,1 0,0,0 1,131,1 0,0,0 12,0,2 0,0,0 0,0,0
ADDLINE 1,142,1 0,0,0 1,142,1 12,0,2 1,142,1 0,0,0 1,142,1 1,142,1 1,142,1
ADDLINE 1,154,1 0,0,0 1,154,1 12,0,2 1,154,1 0,0,0 1,154,1 0,0,0 0,0,0
ADDLINE 1,124,1 0,0,0 1,124,1 12,0,2 1,124,1 0,0,0 1,124,1 0,0,0 1,124,1
ADDLINE 1,129,1 1,129,1 1,129,1 1,129,1 1,129,1 12,0,2 1,129,1 1,129,1 1,129,1
ADDLINE 1,148,1 0,0,0 12,0,2 0,0,0 0,0,0 0,0,0 1,148,1 1,148,1 1,148,1
ADDLINE 1,160,1 12,0,2 0,0,0 0,0,0 0,0,0 0,0,0 0,0,0 0,0,0 1,160,1
ADDLINE 1,128,1 1,128,1 1,128,1 1,128,1 1,128,1 0,0,0 12,0,2 0,0,0 1,128,1
ADDLINE 1,134,1 1,134,1 1,134,1 1,134,1 1,134,1 12,0,2 1,134,1 1,134,1 1,134,1
ADDLINE 1,146,1 1,146,1 1,146,1 1,146,1 1,146,1 12,0,2 1,146,1 1,146,1 1,146,1
ADDLINE 0,0,0 0,0,0 0,0,0 0,0,0 12,0,2 0,0,0 1,165,1 1,165,1 1,165,1
ADDLINE 0,0,0 12,0,2 1,133,1 1,133,1 1,133,1 1,133,1 1,133,1 1,133,1 1,133,1
ADDLINE 1,138,1 12,0,2 1,138,1 1,138,1 1,138,1 1,138,1 1,138,1 1,138,1 1,138,1
ADDLINE 1,151,1 1,151,1 1,151,1 1,151,1 1,151,1 1,151,1 1,151,1 1,151,1 12,0,2
ADDLINE 1,171,1 1,171,1 1,171,1 1,171,1 1,171,1 1,171,1 12,0,2 0,0,0 0,0,0
ADDLINE 1,137,1 1,137,1 1,137,1 1,137,1 12,0,2 0,0,0 0,0,0 1,137,1 1,137,1
ADDLINE 1,150,1 0,0,0 0,0,0 12,0,2 0,0,0 1,150,1 1,150,1 1,150,1 1,150,1
ADDLINE 1,163,1 0,0,0 0,0,0 12,0,2 0,0,0 0,0,0 1,163,1 1,163,1 1,163,1
ADDLINE 0,0,0 0,0,0 12,0,2 0,0,0 0,0,0 0,0,0 1,177,1 1,177,1 1,177,1
ADDLINE 0,0,0 12,0,2 0,0,0 0,0,0 0,0,0 1,142,1 1,142,1 1,142,1 1,142,1
ADDLINE 1,155,1 1,155,1 1,155,1 12,0,2 0,0,0 1,155,1 1,155,1 1,155,1 1,155,1
ADDLINE 1,160,1 1,160,1 1,160,1 12,0,2 1,160,1 1,160,1 1,160,1 1,160,1 1,160,1
ADDLINE 0,0,0 1,182,1 12,0,2 1,182,1 1,182,1 1,182,1 0,0,0 0,0,0 0,0,0
ADDLINE 1,139,1 1,139,1 12,0,2 1,139,1 1,139,1 1,139,1 1,139,1 1,139,1 1,139,1
ADDLINE 0,0,0 1,160,1 0,0,0 1,160,1 0,0,0 0,0,0 0,0,0 12,0,2 0,0,0
ADDLINE 1,165,1 1,165,1 1,165,1 1,165,1 12,0,2 1,165,1 1,165,1 1,165,1 1,165,1
ADDLINE 0,0,0 0,0,0 0,0,0 1,188,1 0,0,0 12,0,2 0,0,0 1,188,1 0,0,0
ADDLINE 12,0,2 1,143,1 1,143,1 1,143,1 1,143,1 1,143,1 1,143,1 1,143,1 1,143,1
ADDLINE 0,0,0 0,0,0 0,0,0 0,0,0 0,0,0 0,0,0 12,0,2 1,165,1 0,0,0
ADDLINE 1,179,1 1,179,1 1,179,1 1,179,1 12,0,2 1,179,1 1,179,1 1,179,1 0,0,0
ADDLINE 1,193,1 1,193,1 1,193,1 1,193,1 0,0,0 0,0,0 12,0,2 0,0,0 0,0,0
ADDLINE 1,147,1 12,0,2 1,147,1 1,147,1 1,147,1 1,147,1 1,147,1 1,147,1 1,147,1
ADDLINE 0,0,0 12,0,2 1,169,1 1,169,1 1,169,1 1,169,1 1,169,1 1,169,1 1,169,1
ADDLINE 0,0,0 0,0,0 0,0,0 0,0,0 12,0,2 1,184,1 1,184,1 1,184,1 1,184,1
ADDLINE 1,226,1 1,226,1 1,226,1 1,226,1 0,0,0 0,0,0 12,0,2 0,0,0 0,0,0
ADDLINE 1,228,1 1,228,1 1,228,1 1,228,1 1,228,1 12,0,2 0,0,0 0,0,0 0,0,0
ADDLINE 1,218,1 1,218,1 1,218,1 1,218,1 1,218,1 12,0,2 1,218,1 1,218,1 1,218,1
1,95,1 1,95,1 1,95,1 1,95,1 0,0,0 0,0,0 12,0,2 15,0,2 0,0,0
0,0,0 0,0,0 1,94,1 1,94,1 1,94,1 12,0,2 0,0,0 1,94,1 0,0,0
0,0,0 1,93,1 1,93,1 1,93,1 1,93,1 1,93,1 1,93,1 12,0,2 0,0,0
0,0,0 1,92,1 1,92,1 1,92,1 1,92,1 1,92,1 1,92,1 12,0,2 1,92,1
14,0,2 0,0,0 12,0,2 1,91,1 1,91,1 1,91,1 0,0,0 0,0,0 1,91,1
1,90,1 1,90,1 12,0,2 1,90,1 1,90,1 1,90,1 0,0,0 1,90,1 1,90,1
0,0,0 0,0,0 0,0,0 0,0,0 0,0,0 0,0,0 0,0,0 0,0,0 0,0,0
0,0,0 0,0,0 0,0,0 0,0,0 0,0,0 0,0,0 0,0,0 0,0,0 0,0,0
0,0,0 0,0,0 0,0,0 0,0,0 0,0,0 0,0,0 0,0,0 0,0,0 0,0,0