MODE 0
BALL 80
STARS 0/6000/8600
ADDLINE 1,212,1 1,212,1 1,212,1 1,212,1 12,0,2 1,212,1 0,0,0 16,106,1 1,212,1
ADDLINE 1,107,1 0,0,0 1,107,1 0,0,0 1,214,1 12,0,2 0,0,0 1,107,1 1,107,1
ADDLINE 1,216,1 0,0,0 1,216,1 12,0,2 1,216,1 19,108,1 1,216,1 1,216,1 1,216,1
ADDLINE 1,119,1 0,0,0 0,0,0 1,119,1 12,0,2 1,238,1 1,238,1 0,0,0 0,0,0
ADDLINE 1,120,1 1,120,1 0,0,0 12,0,2 0,0,0 1,120,1 1,120,1 1,120,1 0,0,0
ADDLINE 1,262,1 1,262,1 1,262,1 1,262,1 1,262,1 16,131,1 1,262,1 1,262,1 12,0,2
ADDLINE 1,142,1 1,142,1 12,0,2 0,0,0 0,0,0 1,284,1 1,284,1 0,0,0 0,0,0
ADDLINE 1,154,1 12,0,2 0,0,0 1,154,1 0,0,0 1,308,1 20,154,1 1,308,1 1,154,1
ADDLINE 0,0,0 12,0,2 1,248,1 1,248,1 1,248,1 1,248,1 16,124,1 1,248,1 1,248,1
ADDLINE 1,272,1 12,0,2 19,136,1 1,272,1 1,272,1 0,0,0 1,272,1 1,272,1 1,272,1
ADDLINE 1,141,1 1,282,1 1,282,1 12,0,2 1,141,1 1,141,1 1,141,1 1,141,1 1,141,1
ADDLINE 1,160,1 1,160,1 1,160,1 12,0,2 1,160,1 0,0,0 1,160,1 1,320,1 1,320,1
ADDLINE 1,256,1 1,256,1 1,128,1 12,0,2 1,128,1 0,0,0 1,128,1 1,256,1 20,128,1
ADDLINE 17,141,1 1,282,1 12,0,2 0,0,0 0,0,0 0,0,0 1,141,1 0,0,0 1,282,1
ADDLINE 1,306,1 1,306,1 1,153,1 12,0,2 1,153,1 1,153,1 1,153,1 0,0,0 1,153,1
ADDLINE 0,0,0 0,0,0 1,165,1 12,0,2 1,165,1 1,165,1 1,165,1 0,0,0 1,165,1
ADDLINE 1,127,1 1,127,1 1,127,1 12,0,2 1,127,1 1,127,1 1,127,1 1,127,1 1,127,1
ADDLINE 1,145,1 0,0,0 0,0,0 0,0,0 12,0,2 0,0,0 1,145,1 0,0,0 0,0,0
ADDLINE 16,158,1 1,316,1 1,316,1 1,316,1 12,0,2 1,316,1 0,0,0 1,316,1 1,316,1
ADDLINE 1,171,1 1,171,1 12,0,2 1,171,1 0,0,0 1,171,1 0,0,0 1,171,1 1,171,1
ADDLINE 1,137,1 1,137,1 12,0,2 1,137,1 0,0,0 1,137,1 1,137,1 1,137,1 1,137,1
ADDLINE 1,150,1 1,150,1 0,0,0 1,150,1 0,0,0 0,0,0 0,0,0 12,0,2 0,0,0
ADDLINE 1,326,1 16,163,1 12,0,2 1,326,1 1,326,1 1,326,1 1,326,1 1,326,1 1,326,1
ADDLINE 0,0,0 0,0,0 0,0,0 1,177,1 0,0,0 0,0,0 12,0,2 1,177,1 1,177,1
ADDLINE 12,0,2 1,135,1 1,135,1 1,135,1 1,135,1 1,135,1 1,135,1 1,135,1 1,135,1
ADDLINE 0,0,0 1,310,1 1,310,1 1,310,1 16,155,1 1,310,1 12,0,2 1,310,1 1,310,1
ADDLINE 0,0,0 1,336,1 1,336,1 1,336,1 1,168,1 1,168,1 12,0,2 1,168,1 1,168,1
ADDLINE 1,182,1 1,364,1 17,182,1 1,364,1 12,0,2 0,0,0 0,0,0 1,182,1 1,182,1
ADDLINE 1,146,1 1,292,1 1,292,1 1,292,1 0,0,0 1,146,1 12,0,2 0,0,0 1,146,1
ADDLINE 1,160,1 1,160,1 0,0,0 12,0,2 0,0,0 1,160,1 0,0,0 0,0,0 0,0,0
ADDLINE 0,0,0 0,0,0 1,174,1 1,174,1 0,0,0 0,0,0 0,0,0 1,174,1 12,0,2
ADDLINE 1,188,1 12,0,2 0,0,0 0,0,0 1,188,1 1,188,1 1,188,1 0,0,0 0,0,0
ADDLINE 1,150,1 12,0,2 1,150,1 1,150,1 1,150,1 1,150,1 1,150,1 0,0,0 1,150,1
ADDLINE 0,0,0 0,0,0 0,0,0 12,0,2 1,165,1 1,165,1 0,0,0 0,0,0 1,165,1
ADDLINE 1,179,1 1,179,1 0,0,0 0,0,0 1,179,1 12,0,2 0,0,0 1,179,1 0,0,0
ADDLINE 0,0,0 1,386,1 1,386,1 12,0,2 1,386,1 1,386,1 1,386,1 16,193,1 1,386,1
ADDLINE 1,155,1 12,0,2 20,155,1 1,310,1 1,155,1 1,155,1 1,155,1 0,0,0 1,155,1
ADDLINE 1,169,1 12,0,2 1,338,1 1,338,1 1,169,1 1,169,1 1,169,1 0,0,0 1,169,1
ADDLINE 0,0,0 0,0,0 0,0,0 0,0,0 0,0,0 0,0,0 1,184,1 12,0,2 1,184,1
ADDLINE 1,215,1 12,0,2 1,215,1 1,215,1 1,215,1 1,215,1 1,215,1 1,215,1 1,215,1
ADDLINE 0,0,0 0,0,0 12,0,2 0,0,0 1,228,1 1,228,1 1,228,1 1,228,1 1,228,1
ADDLINE 1,218,1 1,218,1 1,218,1 12,0,2 1,218,1 1,218,1 1,218,1 1,218,1 1,218,1
12,0,2 1,182,1 1,182,1 1,91,1 1,91,1 1,91,1 1,91,1 1,91,1 1,91,1
0,0,0 10,0,2 12,0,2 1,94,1 1,94,1 1,94,1 1,94,1 1,94,1 0,0,0
0,0,0 1,186,1 15,0,2 1,93,1 1,93,1 1,93,1 1,93,1 1,93,1 12,0,2
0,0,0 12,0,2 0,0,0 1,92,1 1,92,1 1,92,1 1,92,1 1,92,1 14,0,2
1,91,1 1,91,1 12,0,2 1,91,1 1,91,1 1,91,1 1,91,1 1,91,1 0,0,0
1,90,1 1,90,1 12,0,2 0,0,0 0,0,0 0,0,0 0,0,0 0,0,0 0,0,0
0,0,0 0,0,0 0,0,0 0,0,0 0,0,0 0,0,0 0,0,0 0,0,0 0,0,0
0,0,0 0,0,0 0,0,0 0,0,0 0,0,0 0,0,0 0,0,0 0,0,0 0,0,0
0,0,0 0,0,0 0,0,0 0,0,0 0,0,0 0,0,0 0,0,0 0,0,0 0,0,0