MODE 0
BALL 80
STARS 0/5400/7800
ADDLINE 1,106,1 1,106,1 12,0,2 1,106,1 3,106,1 4,106,1 0,0,0 1,106,1 1,106,1
ADDLINE 0,0,0 1,107,1 0,0,0 4,107,1 12,0,2 0,0,0 0,0,0 1,107,1 1,107,1
ADDLINE 0,0,0 1,108,1 12,0,2 1,108,1 2,108,1 1,108,1 0,0,0 1,108,1 1,108,1
ADDLINE 0,0,0 1,119,1 0,0,0 3,119,1 1,119,1 1,119,1 0,0,0 5,119,1 12,0,2
ADDLINE 0,0,0 1,120,1 12,0,2 1,120,1 1,120,1 1,120,1 1,120,1 4,120,1 1,120,1
ADDLINE 0,0,0 1,131,1 0,0,0 0,0,0 0,0,0 0,0,0 12,0,2 0,0,0 0,0,0
ADDLINE 5,136,1 1,136,1 1,136,1 5,136,1 1,136,1 1,136,1 1,136,1 1,136,1 12,0,2
ADDLINE 0,0,0 0,0,0 0,0,0 1,154,1 0,0,0 12,0,2 0,0,0 1,154,1 0,0,0
ADDLINE 0,0,0 1,124,1 3,124,1 1,124,1 1,124,1 1,124,1 12,0,2 4,124,1 0,0,0
ADDLINE 1,136,1 0,0,0 0,0,0 12,0,2 0,0,0 1,136,1 1,136,1 1,136,1 1,136,1
ADDLINE 5,148,1 12,0,2 1,148,1 1,148,1 0,0,0 1,148,1 3,148,1 1,148,1 1,148,1
ADDLINE 5,152,1 1,152,1 12,0,2 4,152,1 4,152,1 1,152,1 1,152,1 1,152,1 1,152,1
ADDLINE 1,128,1 1,128,1 12,0,2 0,0,0 0,0,0 0,0,0 1,128,1 5,128,1 1,128,1
ADDLINE 0,0,0 0,0,0 0,0,0 3,141,1 1,141,1 12,0,2 4,141,1 1,141,1 1,141,1
ADDLINE 0,0,0 1,153,1 1,153,1 1,153,1 3,153,1 12,0,2 1,153,1 1,153,1 1,153,1
ADDLINE 1,165,1 1,165,1 0,0,0 1,165,1 1,165,1 12,0,2 0,0,0 3,165,1 5,165,1
ADDLINE 1,133,1 1,133,1 12,0,2 0,0,0 0,0,0 0,0,0 0,0,0 2,133,1 3,133,1
ADDLINE 1,145,1 1,145,1 1,145,1 1,145,1 1,145,1 0,0,0 12,0,2 0,0,0 0,0,0
ADDLINE 5,158,1 3,158,1 12,0,2 0,0,0 1,158,1 1,158,1 1,158,1 3,158,1 1,158,1
ADDLINE 1,171,1 1,171,1 0,0,0 12,0,2 0,0,0 0,0,0 0,0,0 1,171,1 1,171,1
ADDLINE 1,137,1 1,137,1 0,0,0 0,0,0 12,0,2 0,0,0 0,0,0 1,137,1 4,137,1
ADDLINE 1,150,1 0,0,0 12,0,2 0,0,0 0,0,0 1,150,1 1,150,1 4,150,1 1,150,1
ADDLINE 0,0,0 0,0,0 1,163,1 1,163,1 12,0,2 0,0,0 0,0,0 3,163,1 1,163,1
ADDLINE 0,0,0 1,177,1 5,177,1 1,177,1 1,177,1 1,177,1 5,177,1 1,177,1 12,0,2
ADDLINE 0,0,0 2,142,1 1,142,1 1,142,1 1,142,1 1,142,1 1,142,1 1,142,1 12,0,2
ADDLINE 0,0,0 3,155,1 1,155,1 5,155,1 1,155,1 1,155,1 1,155,1 1,155,1 12,0,2
ADDLINE 0,0,0 0,0,0 1,168,1 1,168,1 3,168,1 2,168,1 1,168,1 0,0,0 12,0,2
ADDLINE 0,0,0 3,182,1 0,0,0 0,0,0 0,0,0 12,0,2 0,0,0 1,182,1 1,182,1
ADDLINE 0,0,0 4,146,1 0,0,0 1,146,1 1,146,1 1,146,1 12,0,2 1,146,1 1,146,1
ADDLINE 0,0,0 1,160,1 0,0,0 1,160,1 1,160,1 5,160,1 12,0,2 0,0,0 0,0,0
ADDLINE 0,0,0 1,174,1 0,0,0 1,174,1 1,174,1 1,174,1 12,0,2 3,174,1 4,174,1
ADDLINE 0,0,0 1,188,1 12,0,2 0,0,0 0,0,0 1,188,1 0,0,0 5,188,1 4,188,1
ADDLINE 0,0,0 1,150,1 1,150,1 1,150,1 1,150,1 1,150,1 12,0,2 1,150,1 1,150,1
ADDLINE 0,0,0 1,165,1 0,0,0 12,0,2 0,0,0 0,0,0 0,0,0 1,165,1 0,0,0
ADDLINE 1,179,1 1,179,1 12,0,2 4,179,1 1,179,1 1,179,1 0,0,0 2,179,1 3,179,1
ADDLINE 0,0,0 12,0,2 0,0,0 1,193,1 1,193,1 1,193,1 0,0,0 1,193,1 0,0,0
ADDLINE 1,147,1 1,147,1 1,147,1 12,0,2 1,147,1 1,147,1 4,147,1 1,147,1 4,147,1
ADDLINE 5,169,1 0,0,0 12,0,2 0,0,0 1,169,1 1,169,1 1,169,1 5,169,1 1,169,1
ADDLINE 1,175,1 12,0,2 1,175,1 3,175,1 1,175,1 1,175,1 1,175,1 3,175,1 1,175,1
ADDLINE 0,0,0 12,0,2 5,226,1 1,226,1 1,226,1 1,226,1 1,226,1 3,226,1 1,226,1
ADDLINE 0,0,0 12,0,2 0,0,0 1,228,1 1,228,1 1,228,1 3,228,1 1,228,1 1,228,1
ADDLINE 1,229,1 1,229,1 0,0,0 12,0,2 0,0,0 1,229,1 5,229,1 2,229,1 1,229,1
1,95,1 1,95,1 1,95,1 1,95,1 12,0,2 0,0,0 0,0,0 1,95,1 1,95,1
5,94,1 4,94,1 2,94,1 1,94,1 1,94,1 12,0,2 1,94,1 0,0,0 15,0,2
4,93,1 1,93,1 1,93,1 1,93,1 1,93,1 0,0,0 0,0,0 12,0,2 0,0,0
0,0,0 0,0,0 0,0,0 0,0,0 0,0,0 12,0,2 2,92,1 1,92,1 4,92,1
0,0,0 0,0,0 1,91,1 0,0,0 0,0,0 12,0,2 0,0,0 0,0,0 0,0,0
1,90,1 12,0,2 0,0,0 14,0,2 1,90,1 1,90,1 1,90,1 1,90,1 1,90,1
0,0,0 0,0,0 0,0,0 0,0,0 0,0,0 0,0,0 0,0,0 0,0,0 0,0,0
0,0,0 0,0,0 0,0,0 0,0,0 0,0,0 0,0,0 0,0,0 0,0,0 0,0,0
0,0,0 0,0,0 0,0,0 0,0,0 0,0,0 0,0,0 0,0,0 0,0,0 0,0,0