MODE 0
BALL 80
STARS 0/6000/8600
ADDLINE 0,0,0 0,0,0 0,0,0 0,0,0 0,0,0 0,0,0 0,0,0 12,0,2 1,106,1
ADDLINE 0,0,0 5,107,1 0,0,0 0,0,0 0,0,0 1,107,1 1,107,1 12,0,2 1,107,1
ADDLINE 0,0,0 1,108,1 3,108,1 1,108,1 1,108,1 12,0,2 0,0,0 0,0,0 1,108,1
ADDLINE 0,0,0 1,119,1 0,0,0 1,119,1 1,119,1 1,119,1 12,0,2 1,119,1 3,119,1
ADDLINE 0,0,0 1,120,1 0,0,0 5,120,1 1,120,1 0,0,0 12,0,2 3,120,1 1,120,1
ADDLINE 0,0,0 0,0,0 0,0,0 12,0,2 0,0,0 0,0,0 1,131,1 2,131,1 1,131,1
ADDLINE 1,142,1 1,142,1 1,142,1 1,142,1 1,142,1 0,0,0 12,0,2 0,0,0 0,0,0
ADDLINE 1,154,1 12,0,2 3,154,1 1,154,1 1,154,1 1,154,1 1,154,1 1,154,1 0,0,0
ADDLINE 0,0,0 0,0,0 2,124,1 1,124,1 4,124,1 4,124,1 0,0,0 0,0,0 12,0,2
ADDLINE 1,129,1 1,129,1 12,0,2 1,129,1 1,129,1 1,129,1 1,129,1 3,129,1 1,129,1
ADDLINE 1,148,1 12,0,2 1,148,1 5,148,1 1,148,1 0,0,0 0,0,0 5,148,1 1,148,1
ADDLINE 1,152,1 4,152,1 4,152,1 1,152,1 1,152,1 3,152,1 12,0,2 1,152,1 1,152,1
ADDLINE 0,0,0 1,128,1 12,0,2 1,128,1 1,128,1 1,128,1 0,0,0 3,128,1 0,0,0
ADDLINE 1,141,1 1,141,1 12,0,2 1,141,1 1,141,1 1,141,1 0,0,0 2,141,1 5,141,1
ADDLINE 3,153,1 1,153,1 0,0,0 0,0,0 0,0,0 0,0,0 0,0,0 12,0,2 0,0,0
ADDLINE 1,165,1 1,165,1 12,0,2 1,165,1 1,165,1 1,165,1 1,165,1 1,165,1 0,0,0
ADDLINE 5,133,1 2,133,1 0,0,0 1,133,1 12,0,2 1,133,1 1,133,1 2,133,1 0,0,0
ADDLINE 4,145,1 1,145,1 12,0,2 1,145,1 0,0,0 5,145,1 1,145,1 1,145,1 1,145,1
ADDLINE 1,151,1 1,151,1 2,151,1 4,151,1 1,151,1 1,151,1 3,151,1 12,0,2 1,151,1
ADDLINE 0,0,0 0,0,0 0,0,0 2,171,1 1,171,1 1,171,1 12,0,2 0,0,0 1,171,1
ADDLINE 4,131,1 1,131,1 1,131,1 1,131,1 1,131,1 1,131,1 1,131,1 12,0,2 1,131,1
ADDLINE 0,0,0 5,150,1 1,150,1 4,150,1 0,0,0 12,0,2 0,0,0 0,0,0 1,150,1
ADDLINE 1,155,1 1,155,1 12,0,2 1,155,1 1,155,1 1,155,1 3,155,1 1,155,1 1,155,1
ADDLINE 0,0,0 1,177,1 0,0,0 0,0,0 0,0,0 5,177,1 12,0,2 0,0,0 0,0,0
ADDLINE 1,135,1 5,135,1 3,135,1 1,135,1 12,0,2 1,135,1 1,135,1 1,135,1 1,135,1
ADDLINE 1,148,1 2,148,1 1,148,1 1,148,1 12,0,2 1,148,1 1,148,1 1,148,1 2,148,1
ADDLINE 5,160,1 1,160,1 1,160,1 1,160,1 12,0,2 1,160,1 1,160,1 3,160,1 1,160,1
ADDLINE 1,182,1 1,182,1 2,182,1 0,0,0 0,0,0 0,0,0 0,0,0 12,0,2 0,0,0
ADDLINE 1,146,1 1,146,1 1,146,1 12,0,2 1,146,1 1,146,1 0,0,0 0,0,0 0,0,0
ADDLINE 0,0,0 0,0,0 0,0,0 0,0,0 0,0,0 12,0,2 4,160,1 5,160,1 1,160,1
ADDLINE 0,0,0 0,0,0 0,0,0 12,0,2 1,174,1 1,174,1 1,174,1 2,174,1 1,174,1
ADDLINE 0,0,0 4,188,1 1,188,1 0,0,0 0,0,0 12,0,2 5,188,1 1,188,1 4,188,1
ADDLINE 0,0,0 0,0,0 12,0,2 0,0,0 1,150,1 1,150,1 0,0,0 1,150,1 1,150,1
ADDLINE 1,165,1 4,165,1 0,0,0 1,165,1 0,0,0 0,0,0 12,0,2 0,0,0 0,0,0
ADDLINE 1,179,1 1,179,1 0,0,0 12,0,2 1,179,1 4,179,1 1,179,1 5,179,1 0,0,0
ADDLINE 1,193,1 1,193,1 2,193,1 12,0,2 1,193,1 1,193,1 0,0,0 0,0,0 0,0,0
ADDLINE 0,0,0 0,0,0 0,0,0 1,155,1 1,155,1 12,0,2 1,155,1 0,0,0 0,0,0
ADDLINE 1,161,1 12,0,2 1,161,1 1,161,1 1,161,1 4,161,1 2,161,1 1,161,1 3,161,1
ADDLINE 3,184,1 0,0,0 12,0,2 1,184,1 0,0,0 0,0,0 1,184,1 1,184,1 1,184,1
ADDLINE 1,226,1 1,226,1 1,226,1 1,226,1 4,226,1 12,0,2 3,226,1 0,0,0 4,226,1
ADDLINE 1,228,1 1,228,1 1,228,1 1,228,1 1,228,1 12,0,2 5,228,1 0,0,0 5,228,1
ADDLINE 3,218,1 1,218,1 1,218,1 1,218,1 1,218,1 12,0,2 1,218,1 1,218,1 1,218,1
1,91,1 1,91,1 1,91,1 1,91,1 1,91,1 12,0,2 1,91,1 1,91,1 1,91,1
0,0,0 0,0,0 1,94,1 0,0,0 1,94,1 1,94,1 12,0,2 1,94,1 15,0,2
1,89,1 1,89,1 3,89,1 2,89,1 4,89,1 3,89,1 12,0,2 2,89,1 1,89,1
1,88,1 1,88,1 1,88,1 1,88,1 3,88,1 1,88,1 12,0,2 4,88,1 1,88,1
14,0,2 0,0,0 0,0,0 1,91,1 0,0,0 5,91,1 12,0,2 0,0,0 0,0,0
1,90,1 1,90,1 0,0,0 1,90,1 12,0,2 1,90,1 0,0,0 4,90,1 1,90,1
0,0,0 0,0,0 0,0,0 0,0,0 0,0,0 0,0,0 0,0,0 0,0,0 0,0,0
0,0,0 0,0,0 0,0,0 0,0,0 0,0,0 0,0,0 0,0,0 0,0,0 0,0,0
0,0,0 0,0,0 0,0,0 0,0,0 0,0,0 0,0,0 0,0,0 0,0,0 0,0,0