MODE 0
BALL 80
STARS 0/5600/8100
ADDLINE 1,212,1 12,0,2 1,212,1 11,0,2 1,212,1 1,106,1 1,106,1 1,106,1 1,106,1
ADDLINE 0,0,0 12,0,2 1,214,1 0,0,0 1,214,1 3,107,1 1,107,1 0,0,0 0,0,0
ADDLINE 5,108,1 0,0,0 4,108,1 12,0,2 1,108,1 1,108,1 1,108,1 0,0,0 1,108,1
ADDLINE 2,119,1 12,0,2 1,238,1 11,0,2 0,0,0 0,0,0 1,119,1 0,0,0 0,0,0
ADDLINE 3,114,1 12,0,2 1,228,1 1,228,1 1,228,1 1,114,1 1,114,1 1,114,1 1,114,1
ADDLINE 1,131,1 12,0,2 0,0,0 0,0,0 0,0,0 1,262,1 1,262,1 0,0,0 0,0,0
ADDLINE 1,142,1 12,0,2 1,142,1 1,142,1 1,142,1 1,284,1 17,142,1 1,284,1 1,142,1
ADDLINE 0,0,0 0,0,0 4,154,1 0,0,0 0,0,0 12,0,2 1,308,1 1,308,1 0,0,0
ADDLINE 1,118,1 1,118,1 1,118,1 12,0,2 1,118,1 1,118,1 2,118,1 4,118,1 3,118,1
ADDLINE 16,136,1 1,272,1 1,272,1 1,272,1 1,272,1 1,272,1 12,0,2 1,272,1 1,272,1
ADDLINE 1,148,1 5,148,1 0,0,0 0,0,0 12,0,2 0,0,0 0,0,0 1,148,1 1,148,1
ADDLINE 1,160,1 1,160,1 12,0,2 0,0,0 1,160,1 2,160,1 0,0,0 1,160,1 1,160,1
ADDLINE 1,256,1 16,128,1 1,256,1 1,256,1 1,256,1 12,0,2 0,0,0 1,256,1 1,256,1
ADDLINE 1,141,1 12,0,2 0,0,0 0,0,0 0,0,0 1,141,1 1,141,1 1,282,1 20,141,1
ADDLINE 1,146,1 12,0,2 1,146,1 1,146,1 3,146,1 1,146,1 4,146,1 1,292,1 1,292,1
ADDLINE 1,165,1 12,0,2 0,0,0 1,330,1 1,165,1 1,165,1 3,165,1 2,165,1 1,165,1
ADDLINE 1,266,1 1,266,1 10,0,2 0,0,0 0,0,0 0,0,0 12,0,2 0,0,0 1,266,1
ADDLINE 1,290,1 1,290,1 1,290,1 1,290,1 1,290,1 1,290,1 12,0,2 8,0,2 1,290,1
ADDLINE 1,158,1 5,158,1 12,0,2 1,158,1 1,158,1 1,158,1 2,158,1 1,316,1 7,0,2
ADDLINE 1,171,1 3,171,1 0,0,0 1,171,1 1,171,1 5,171,1 1,171,1 12,0,2 11,0,2
ADDLINE 1,137,1 1,137,1 0,0,0 12,0,2 0,0,0 1,274,1 1,274,1 0,0,0 1,274,1
ADDLINE 1,150,1 1,300,1 1,300,1 1,300,1 12,0,2 1,300,1 17,150,1 1,300,1 1,150,1
ADDLINE 1,326,1 1,326,1 19,163,1 1,326,1 12,0,2 1,326,1 1,326,1 1,326,1 1,326,1
ADDLINE 1,177,1 1,354,1 1,354,1 1,354,1 4,177,1 12,0,2 0,0,0 1,177,1 5,177,1
ADDLINE 1,284,1 1,284,1 1,142,1 1,142,1 2,142,1 12,0,2 0,0,0 1,142,1 5,142,1
ADDLINE 17,155,1 1,310,1 0,0,0 0,0,0 0,0,0 1,155,1 12,0,2 0,0,0 0,0,0
ADDLINE 1,336,1 1,336,1 12,0,2 0,0,0 0,0,0 0,0,0 0,0,0 1,336,1 1,336,1
ADDLINE 1,364,1 1,364,1 1,364,1 12,0,2 1,364,1 0,0,0 1,364,1 11,0,2 19,182,1
ADDLINE 4,146,1 0,0,0 1,146,1 12,0,2 1,146,1 0,0,0 1,292,1 0,0,0 1,292,1
ADDLINE 1,320,1 1,320,1 1,320,1 12,0,2 16,160,1 0,0,0 1,320,1 1,320,1 1,320,1
ADDLINE 1,348,1 12,0,2 17,174,1 0,0,0 8,0,2 0,0,0 1,348,1 0,0,0 0,0,0
ADDLINE 19,188,1 12,0,2 1,376,1 1,376,1 1,376,1 0,0,0 1,376,1 1,376,1 1,376,1
ADDLINE 0,0,0 1,300,1 1,150,1 1,150,1 4,150,1 0,0,0 1,150,1 0,0,0 12,0,2
ADDLINE 1,330,1 8,0,2 1,330,1 1,330,1 1,330,1 12,0,2 1,330,1 0,0,0 1,330,1
ADDLINE 1,179,1 0,0,0 1,179,1 0,0,0 1,179,1 12,0,2 2,179,1 0,0,0 1,179,1
ADDLINE 1,193,1 0,0,0 1,193,1 12,0,2 1,193,1 0,0,0 5,193,1 0,0,0 1,193,1
ADDLINE 1,147,1 1,147,1 1,294,1 1,294,1 1,294,1 1,294,1 1,294,1 1,147,1 12,0,2
ADDLINE 1,169,1 1,169,1 1,338,1 17,169,1 1,338,1 7,0,2 12,0,2 0,0,0 0,0,0
ADDLINE 0,0,0 0,0,0 0,0,0 12,0,2 1,368,1 0,0,0 1,368,1 5,184,1 2,184,1
ADDLINE 12,0,2 2,215,1 1,215,1 1,215,1 1,215,1 1,215,1 1,215,1 1,215,1 1,215,1
ADDLINE 12,0,2 1,217,1 1,217,1 3,217,1 2,217,1 1,217,1 1,217,1 4,217,1 1,217,1
ADDLINE 12,0,2 1,218,1 4,218,1 3,218,1 1,218,1 1,218,1 1,218,1 1,218,1 1,218,1
10,0,2 12,0,2 0,0,0 0,0,0 1,190,1 1,190,1 1,190,1 1,190,1 1,190,1
1,188,1 0,0,0 1,94,1 12,0,2 11,0,2 1,188,1 1,188,1 5,94,1 1,94,1
1,186,1 15,0,2 0,0,0 1,186,1 12,0,2 10,0,2 0,0,0 0,0,0 0,0,0
4,92,1 1,184,1 1,0,1 12,0,2 10,0,2 1,184,1 0,0,0 0,0,0 0,0,0
1,182,1 10,0,2 1,182,1 12,0,2 1,182,1 0,0,0 1,182,1 1,182,1 1,182,1
1,90,1 1,180,1 7,0,2 1,180,1 1,90,1 14,0,2 1,90,1 12,0,2 0,0,0
0,0,0 0,0,0 0,0,0 0,0,0 0,0,0 0,0,0 0,0,0 0,0,0 0,0,0
0,0,0 0,0,0 0,0,0 0,0,0 0,0,0 0,0,0 0,0,0 0,0,0 0,0,0
0,0,0 0,0,0 0,0,0 0,0,0 0,0,0 0,0,0 0,0,0 0,0,0 0,0,0