MODE 0
BALL 80
STARS 0/6600/9400
ADDLINE 0,0,0 1,106,1 12,0,2 0,0,0 0,0,0 1,106,1 1,106,1 0,0,0 1,106,1
ADDLINE 0,0,0 0,0,0 1,107,1 1,107,1 0,0,0 1,107,1 3,107,1 12,0,2 4,107,1
ADDLINE 5,108,1 0,0,0 1,108,1 0,0,0 1,108,1 0,0,0 12,0,2 0,0,0 1,108,1
ADDLINE 1,119,1 0,0,0 2,119,1 1,119,1 1,119,1 12,0,2 1,119,1 0,0,0 1,119,1
ADDLINE 0,0,0 1,120,1 1,120,1 1,120,1 0,0,0 1,120,1 1,120,1 12,0,2 3,120,1
ADDLINE 0,0,0 3,131,1 12,0,2 1,131,1 0,0,0 0,0,0 5,131,1 0,0,0 0,0,0
ADDLINE 0,0,0 1,142,1 1,142,1 2,142,1 1,142,1 1,142,1 12,0,2 1,142,1 0,0,0
ADDLINE 0,0,0 0,0,0 12,0,2 1,154,1 1,154,1 1,154,1 0,0,0 1,154,1 0,0,0
ADDLINE 3,124,1 5,124,1 12,0,2 1,124,1 0,0,0 0,0,0 0,0,0 0,0,0 0,0,0
ADDLINE 1,136,1 1,136,1 1,136,1 12,0,2 1,136,1 0,0,0 1,136,1 3,136,1 1,136,1
ADDLINE 1,148,1 0,0,0 12,0,2 0,0,0 1,148,1 0,0,0 1,148,1 4,148,1 2,148,1
ADDLINE 1,160,1 12,0,2 1,160,1 1,160,1 1,160,1 0,0,0 2,160,1 1,160,1 4,160,1
ADDLINE 1,128,1 12,0,2 1,128,1 2,128,1 1,128,1 0,0,0 5,128,1 2,128,1 1,128,1
ADDLINE 5,141,1 12,0,2 1,141,1 1,141,1 1,141,1 0,0,0 1,141,1 1,141,1 1,141,1
ADDLINE 1,153,1 12,0,2 1,153,1 1,153,1 1,153,1 0,0,0 4,153,1 0,0,0 0,0,0
ADDLINE 1,165,1 12,0,2 1,165,1 1,165,1 1,165,1 0,0,0 1,165,1 1,165,1 1,165,1
ADDLINE 1,133,1 0,0,0 1,133,1 12,0,2 0,0,0 0,0,0 3,133,1 4,133,1 2,133,1
ADDLINE 1,138,1 2,138,1 1,138,1 1,138,1 1,138,1 12,0,2 1,138,1 1,138,1 4,138,1
ADDLINE 0,0,0 12,0,2 0,0,0 0,0,0 3,158,1 1,158,1 5,158,1 0,0,0 1,158,1
ADDLINE 1,163,1 1,163,1 1,163,1 1,163,1 3,163,1 1,163,1 1,163,1 12,0,2 2,163,1
ADDLINE 1,137,1 1,137,1 1,137,1 12,0,2 2,137,1 1,137,1 1,137,1 0,0,0 1,137,1
ADDLINE 1,150,1 5,150,1 2,150,1 12,0,2 1,150,1 1,150,1 1,150,1 0,0,0 1,150,1
ADDLINE 1,163,1 1,163,1 4,163,1 0,0,0 0,0,0 12,0,2 1,163,1 0,0,0 0,0,0
ADDLINE 1,177,1 1,177,1 1,177,1 12,0,2 1,177,1 0,0,0 1,177,1 5,177,1 1,177,1
ADDLINE 0,0,0 12,0,2 1,142,1 0,0,0 1,142,1 0,0,0 3,142,1 1,142,1 1,142,1
ADDLINE 4,148,1 1,148,1 1,148,1 12,0,2 1,148,1 1,148,1 1,148,1 1,148,1 5,148,1
ADDLINE 1,168,1 5,168,1 1,168,1 12,0,2 1,168,1 0,0,0 0,0,0 0,0,0 0,0,0
ADDLINE 0,0,0 0,0,0 0,0,0 12,0,2 0,0,0 0,0,0 0,0,0 2,182,1 1,182,1
ADDLINE 0,0,0 1,146,1 4,146,1 1,146,1 1,146,1 0,0,0 12,0,2 1,146,1 1,146,1
ADDLINE 0,0,0 0,0,0 1,160,1 12,0,2 0,0,0 0,0,0 5,160,1 1,160,1 1,160,1
ADDLINE 0,0,0 12,0,2 0,0,0 0,0,0 1,174,1 0,0,0 0,0,0 1,174,1 1,174,1
ADDLINE 0,0,0 2,188,1 12,0,2 1,188,1 0,0,0 0,0,0 0,0,0 1,188,1 1,188,1
ADDLINE 0,0,0 0,0,0 0,0,0 0,0,0 0,0,0 1,150,1 12,0,2 4,150,1 1,150,1
ADDLINE 1,165,1 1,165,1 1,165,1 12,0,2 0,0,0 0,0,0 0,0,0 1,165,1 5,165,1
ADDLINE 2,179,1 1,179,1 1,179,1 12,0,2 0,0,0 3,179,1 0,0,0 0,0,0 0,0,0
ADDLINE 3,193,1 1,193,1 1,193,1 1,193,1 1,193,1 0,0,0 12,0,2 0,0,0 0,0,0
ADDLINE 0,0,0 1,155,1 0,0,0 0,0,0 0,0,0 12,0,2 0,0,0 0,0,0 0,0,0
ADDLINE 1,169,1 1,169,1 12,0,2 1,169,1 5,169,1 1,169,1 2,169,1 2,169,1 0,0,0
ADDLINE 1,184,1 1,184,1 12,0,2 1,184,1 1,184,1 1,184,1 4,184,1 1,184,1 0,0,0
ADDLINE 1,226,1 1,226,1 12,0,2 1,226,1 1,226,1 5,226,1 4,226,1 1,226,1 0,0,0
ADDLINE 3,228,1 1,228,1 12,0,2 3,228,1 5,228,1 1,228,1 1,228,1 1,228,1 0,0,0
ADDLINE 1,218,1 1,218,1 1,218,1 1,218,1 1,218,1 4,218,1 1,218,1 1,218,1 12,0,2
1,95,1 12,0,2 1,95,1 1,95,1 1,95,1 4,95,1 1,95,1 15,0,2 1,95,1
3,90,1 1,90,1 1,90,1 1,90,1 1,90,1 1,90,1 4,90,1 12,0,2 1,90,1
0,0,0 0,0,0 0,0,0 1,93,1 12,0,2 1,93,1 3,93,1 1,93,1 2,93,1
1,88,1 4,88,1 1,88,1 1,88,1 1,88,1 12,0,2 5,88,1 1,88,1 1,88,1
14,0,2 0,0,0 0,0,0 12,0,2 1,91,1 0,0,0 1,91,1 1,91,1 3,91,1
1,86,1 4,86,1 1,86,1 12,0,2 5,86,1 1,86,1 1,86,1 1,86,1 1,86,1
0,0,0 0,0,0 0,0,0 0,0,0 0,0,0 0,0,0 0,0,0 0,0,0 0,0,0
0,0,0 0,0,0 0,0,0 0,0,0 0,0,0 0,0,0 0,0,0 0,0,0 0,0,0
0,0,0 0,0,0 0,0,0 0,0,0 0,0,0 0,0,0 0,0,0 0,0,0 0,0,0