MODE 0
BALL 50
STARS 0/1700/2400
ADDLINE 1,53,1 0,0,0 0,0,0 1,53,1 12,0,2 1,53,1 0,0,0 1,53,1 0,0,0
ADDLINE 1,51,1 1,51,1 12,0,2 1,51,1 1,51,1 1,51,1 0,0,0 1,51,1 1,51,1
ADDLINE 0,0,0 1,61,1 12,0,2 1,61,1 0,0,0 1,61,1 1,61,1 0,0,0 0,0,0
ADDLINE 0,0,0 1,62,1 1,62,1 1,62,1 12,0,2 1,62,1 1,62,1 1,62,1 0,0,0
ADDLINE 0,0,0 0,0,0 0,0,0 1,63,1 1,63,1 1,63,1 12,0,2 0,0,0 0,0,0
ADDLINE 1,84,1 1,84,1 12,0,2 1,84,1 1,84,1 1,84,1 0,0,0 1,84,1 1,84,1
1,52,1 1,52,1 0,0,0 0,0,0 12,0,2 0,0,0 0,0,0 1,52,1 1,52,1
1,46,1 1,46,1 12,0,2 1,46,1 1,46,1 1,46,1 1,46,1 1,46,1 1,46,1
1,50,1 0,0,0 12,0,2 0,0,0 0,0,0 0,0,0 0,0,0 0,0,0 1,50,1
1,47,1 12,0,2 1,47,1 1,47,1 1,47,1 1,47,1 1,47,1 0,0,0 1,47,1
0,0,0 0,0,0 1,48,1 0,0,0 0,0,0 0,0,0 1,48,1 12,0,2 1,48,1
0,0,0 0,0,0 1,47,1 1,47,1 1,47,1 1,47,1 1,47,1 12,0,2 0,0,0
0,0,0 0,0,0 0,0,0 0,0,0 0,0,0 0,0,0 0,0,0 0,0,0 0,0,0
0,0,0 0,0,0 0,0,0 0,0,0 0,0,0 0,0,0 0,0,0 0,0,0 0,0,0
0,0,0 0,0,0 0,0,0 0,0,0 0,0,0 0,0,0 0,0,0 0,0,0 0,0,0