MODE 0
BALL 90
STARS 0/6700/9100
ADDLINE 0,0,0 0,0,0 1,106,1 1,106,1 12,0,2 0,0,0 1,106,1 1,106,1 1,106,1
ADDLINE 0,0,0 11,0,2 1,214,1 1,107,1 1,107,1 0,0,0 0,0,0 12,0,2 0,0,0
ADDLINE 1,108,1 0,0,0 1,216,1 1,108,1 0,0,0 12,0,2 1,108,1 1,108,1 0,0,0
ADDLINE 0,0,0 0,0,0 0,0,0 1,119,1 1,119,1 12,0,2 1,119,1 1,119,1 1,119,1
ADDLINE 0,0,0 1,120,1 12,0,2 1,120,1 1,120,1 0,0,0 0,0,0 0,0,0 1,120,1
ADDLINE 0,0,0 0,0,0 1,131,1 1,131,1 12,0,2 0,0,0 1,131,1 0,0,0 1,131,1
ADDLINE 1,142,1 1,142,1 12,0,2 1,142,1 1,142,1 1,142,1 1,142,1 0,0,0 1,142,1
ADDLINE 1,154,1 0,0,0 12,0,2 1,154,1 1,154,1 1,154,1 0,0,0 0,0,0 1,154,1
ADDLINE 0,0,0 12,0,2 1,124,1 1,124,1 1,124,1 1,124,1 0,0,0 1,124,1 1,124,1
ADDLINE 0,0,0 1,136,1 1,136,1 1,136,1 1,136,1 1,272,1 12,0,2 1,272,1 1,136,1
ADDLINE 0,0,0 1,148,1 1,148,1 1,148,1 12,0,2 1,296,1 7,0,2 1,296,1 1,148,1
ADDLINE 1,152,1 1,152,1 1,152,1 1,152,1 12,0,2 1,304,1 1,304,1 1,304,1 1,152,1
ADDLINE 0,0,0 0,0,0 0,0,0 12,0,2 0,0,0 1,256,1 8,0,2 0,0,0 0,0,0
ADDLINE 0,0,0 1,282,1 1,282,1 1,282,1 1,141,1 1,141,1 12,0,2 1,141,1 1,141,1
ADDLINE 0,0,0 1,306,1 7,0,2 1,306,1 1,153,1 1,153,1 12,0,2 1,153,1 1,153,1
ADDLINE 1,157,1 1,314,1 1,314,1 1,314,1 1,314,1 1,157,1 12,0,2 1,157,1 1,157,1
ADDLINE 0,0,0 1,133,1 1,266,1 7,0,2 1,266,1 1,133,1 0,0,0 12,0,2 0,0,0
ADDLINE 1,138,1 1,138,1 1,276,1 1,276,1 1,276,1 1,138,1 12,0,2 1,138,1 1,138,1
ADDLINE 1,316,1 8,0,2 12,0,2 0,0,0 1,316,1 1,316,1 1,316,1 1,316,1 1,316,1
ADDLINE 1,163,1 12,0,2 1,163,1 1,163,1 1,163,1 1,163,1 1,163,1 1,163,1 1,163,1
ADDLINE 1,137,1 12,0,2 1,137,1 0,0,0 1,137,1 1,137,1 1,137,1 1,137,1 1,137,1
ADDLINE 1,150,1 12,0,2 1,150,1 0,0,0 1,150,1 1,150,1 1,150,1 1,150,1 1,150,1
ADDLINE 1,326,1 8,0,2 1,326,1 0,0,0 0,0,0 0,0,0 1,326,1 12,0,2 0,0,0
ADDLINE 1,177,1 12,0,2 1,177,1 1,177,1 1,177,1 1,177,1 1,177,1 0,0,0 1,177,1
ADDLINE 1,142,1 12,0,2 1,142,1 1,142,1 1,142,1 1,284,1 1,284,1 0,0,0 0,0,0
ADDLINE 1,155,1 12,0,2 1,155,1 1,155,1 1,155,1 1,310,1 7,0,2 0,0,0 1,155,1
ADDLINE 0,0,0 12,0,2 0,0,0 0,0,0 0,0,0 0,0,0 0,0,0 0,0,0 1,168,1
ADDLINE 0,0,0 1,182,1 1,182,1 1,182,1 0,0,0 12,0,2 0,0,0 0,0,0 1,182,1
ADDLINE 0,0,0 0,0,0 1,146,1 12,0,2 0,0,0 1,146,1 1,146,1 0,0,0 1,146,1
ADDLINE 1,320,1 0,0,0 12,0,2 0,0,0 1,320,1 0,0,0 0,0,0 8,0,2 0,0,0
ADDLINE 1,174,1 0,0,0 1,174,1 1,174,1 1,174,1 12,0,2 1,174,1 1,174,1 0,0,0
ADDLINE 1,188,1 0,0,0 0,0,0 0,0,0 0,0,0 12,0,2 0,0,0 1,188,1 0,0,0
ADDLINE 1,300,1 1,300,1 1,300,1 1,300,1 0,0,0 1,300,1 12,0,2 1,300,1 8,0,2
ADDLINE 1,165,1 1,165,1 1,165,1 1,165,1 0,0,0 1,165,1 12,0,2 1,165,1 0,0,0
ADDLINE 1,179,1 1,358,1 1,358,1 1,179,1 12,0,2 1,179,1 1,179,1 1,179,1 0,0,0
ADDLINE 1,193,1 7,0,2 1,386,1 1,193,1 12,0,2 0,0,0 0,0,0 0,0,0 0,0,0
ADDLINE 1,147,1 1,294,1 1,294,1 12,0,2 1,147,1 1,147,1 1,147,1 1,147,1 1,147,1
ADDLINE 0,0,0 0,0,0 1,169,1 12,0,2 1,169,1 1,169,1 1,169,1 1,169,1 1,169,1
ADDLINE 1,175,1 1,175,1 1,175,1 12,0,2 1,175,1 1,175,1 1,175,1 1,175,1 1,175,1
ADDLINE 0,0,0 0,0,0 0,0,0 0,0,0 1,199,1 0,0,0 12,0,2 0,0,0 0,0,0
ADDLINE 1,159,1 12,0,2 1,159,1 0,0,0 1,159,1 1,159,1 1,159,1 1,159,1 1,159,1
ADDLINE 1,174,1 12,0,2 1,348,1 11,0,2 1,348,1 1,174,1 1,174,1 1,174,1 1,174,1
ADDLINE 1,231,1 12,0,2 1,462,1 0,0,0 1,462,1 1,231,1 1,231,1 1,231,1 1,231,1
ADDLINE 1,466,1 12,0,2 1,466,1 8,0,2 1,466,1 1,466,1 1,466,1 1,466,1 1,466,1
ADDLINE 1,223,1 1,223,1 1,223,1 12,0,2 1,223,1 1,223,1 1,223,1 1,223,1 1,223,1
1,95,1 1,95,1 1,95,1 12,0,2 0,0,0 0,0,0 0,0,0 0,0,0 1,95,1
1,90,1 1,90,1 1,90,1 12,0,2 1,180,1 1,180,1 1,180,1 1,90,1 1,90,1
1,93,1 1,93,1 1,93,1 0,0,0 0,0,0 17,93,1 12,0,2 0,0,0 1,93,1
1,176,1 1,176,1 1,88,1 1,88,1 1,176,1 1,176,1 1,176,1 12,0,2 1,88,1
11,0,2 0,0,0 12,0,2 0,0,0 1,91,1 1,182,1 1,91,1 0,0,0 1,91,1
1,86,1 1,86,1 1,86,1 1,86,1 1,86,1 1,172,1 1,86,1 12,0,2 1,86,1
0,0,0 0,0,0 0,0,0 0,0,0 0,0,0 0,0,0 0,0,0 0,0,0 0,0,0
0,0,0 0,0,0 0,0,0 0,0,0 0,0,0 0,0,0 0,0,0 0,0,0 0,0,0
0,0,0 0,0,0 0,0,0 0,0,0 0,0,0 0,0,0 0,0,0 0,0,0 0,0,0