MODE 0
BALL 90
STARS 0/0/0
ADDLINE 0,0,0 0,0,0 0,0,0 0,0,0 12,0,2 0,0,0 1,106,1 1,106,1 0,0,0
ADDLINE 1,107,1 0,0,0 1,107,1 12,0,2 1,107,1 0,0,0 1,107,1 1,107,1 0,0,0
ADDLINE 1,108,1 0,0,0 1,108,1 0,0,0 1,108,1 0,0,0 1,108,1 12,0,2 0,0,0
ADDLINE 1,119,1 0,0,0 12,0,2 0,0,0 0,0,0 1,119,1 1,119,1 1,119,1 1,119,1
ADDLINE 0,0,0 0,0,0 1,120,1 1,120,1 12,0,2 1,120,1 1,120,1 1,120,1 1,120,1
ADDLINE 0,0,0 0,0,0 0,0,0 0,0,0 0,0,0 0,0,0 0,0,0 12,0,2 1,131,1
ADDLINE 0,0,0 1,142,1 1,142,1 1,142,1 1,142,1 12,0,2 1,142,1 0,0,0 0,0,0
ADDLINE 0,0,0 1,154,1 1,154,1 1,154,1 1,154,1 12,0,2 0,0,0 1,154,1 0,0,0
ADDLINE 0,0,0 1,124,1 1,124,1 1,124,1 12,0,2 0,0,0 1,124,1 1,124,1 1,124,1
ADDLINE 1,129,1 1,129,1 12,0,2 1,129,1 1,129,1 1,129,1 1,129,1 1,129,1 1,129,1
ADDLINE 0,0,0 1,148,1 12,0,2 1,148,1 1,148,1 1,148,1 1,148,1 1,148,1 0,0,0
ADDLINE 1,160,1 1,160,1 12,0,2 1,160,1 1,160,1 1,160,1 1,160,1 1,160,1 0,0,0
ADDLINE 0,0,0 12,0,2 0,0,0 1,128,1 1,128,1 1,128,1 0,0,0 0,0,0 1,128,1
ADDLINE 1,141,1 1,141,1 12,0,2 1,141,1 0,0,0 1,141,1 1,141,1 1,141,1 1,141,1
ADDLINE 1,153,1 1,153,1 0,0,0 1,153,1 0,0,0 1,153,1 0,0,0 12,0,2 0,0,0
ADDLINE 1,157,1 1,157,1 1,157,1 1,157,1 12,0,2 1,157,1 1,157,1 1,157,1 1,157,1
ADDLINE 0,0,0 0,0,0 12,0,2 1,133,1 0,0,0 1,133,1 1,133,1 1,133,1 1,133,1
ADDLINE 1,138,1 1,138,1 1,138,1 1,138,1 12,0,2 1,138,1 1,138,1 1,138,1 1,138,1
ADDLINE 1,158,1 1,158,1 1,158,1 12,0,2 1,158,1 0,0,0 1,158,1 1,158,1 1,158,1
ADDLINE 1,171,1 1,171,1 1,171,1 12,0,2 1,171,1 0,0,0 1,171,1 1,171,1 1,171,1
ADDLINE 1,137,1 1,137,1 1,137,1 12,0,2 1,137,1 0,0,0 1,137,1 1,137,1 1,137,1
ADDLINE 1,150,1 12,0,2 0,0,0 0,0,0 1,150,1 0,0,0 1,150,1 1,150,1 1,150,1
ADDLINE 1,155,1 12,0,2 1,155,1 1,155,1 1,155,1 1,155,1 1,155,1 1,155,1 1,155,1
ADDLINE 0,0,0 0,0,0 1,177,1 0,0,0 0,0,0 0,0,0 0,0,0 12,0,2 1,177,1
ADDLINE 1,135,1 1,135,1 1,135,1 12,0,2 1,135,1 1,135,1 1,135,1 1,135,1 1,135,1
ADDLINE 1,155,1 1,155,1 1,155,1 0,0,0 12,0,2 0,0,0 1,155,1 0,0,0 1,155,1
ADDLINE 1,168,1 1,168,1 1,168,1 1,168,1 1,168,1 12,0,2 1,168,1 0,0,0 1,168,1
ADDLINE 0,0,0 1,182,1 1,182,1 1,182,1 1,182,1 1,182,1 1,182,1 12,0,2 0,0,0
ADDLINE 0,0,0 0,0,0 0,0,0 1,146,1 1,146,1 1,146,1 1,146,1 1,146,1 12,0,2
ADDLINE 1,160,1 1,160,1 0,0,0 1,160,1 1,160,1 0,0,0 12,0,2 0,0,0 0,0,0
ADDLINE 1,174,1 1,174,1 0,0,0 0,0,0 12,0,2 1,174,1 1,174,1 0,0,0 1,174,1
ADDLINE 1,188,1 12,0,2 1,188,1 1,188,1 1,188,1 1,188,1 0,0,0 0,0,0 1,188,1
ADDLINE 1,150,1 0,0,0 1,150,1 0,0,0 12,0,2 0,0,0 1,150,1 1,150,1 1,150,1
ADDLINE 0,0,0 1,165,1 1,165,1 1,165,1 1,165,1 1,165,1 1,165,1 12,0,2 1,165,1
ADDLINE 0,0,0 0,0,0 12,0,2 0,0,0 1,179,1 1,179,1 1,179,1 0,0,0 0,0,0
ADDLINE 1,193,1 1,193,1 1,193,1 0,0,0 0,0,0 0,0,0 0,0,0 12,0,2 0,0,0
ADDLINE 1,147,1 1,147,1 1,147,1 1,147,1 12,0,2 1,147,1 1,147,1 1,147,1 1,147,1
ADDLINE 1,161,1 1,161,1 1,161,1 1,161,1 12,0,2 1,161,1 1,161,1 1,161,1 1,161,1
ADDLINE 1,175,1 1,175,1 1,175,1 1,175,1 12,0,2 1,175,1 1,175,1 1,175,1 1,175,1
ADDLINE 1,189,1 1,189,1 1,189,1 1,189,1 12,0,2 1,189,1 1,189,1 1,189,1 1,189,1
ADDLINE 0,0,0 0,0,0 0,0,0 0,0,0 0,0,0 0,0,0 0,0,0 1,159,1 12,0,2
ADDLINE 1,166,1 1,166,1 12,0,2 1,166,1 1,166,1 1,166,1 1,166,1 1,166,1 1,166,1
ADDLINE 1,231,1 1,231,1 0,0,0 1,231,1 0,0,0 1,231,1 0,0,0 12,0,2 0,0,0
ADDLINE 1,233,1 1,233,1 12,0,2 1,233,1 0,0,0 1,233,1 1,233,1 1,233,1 1,233,1
ADDLINE 1,234,1 1,234,1 12,0,2 1,234,1 0,0,0 1,234,1 1,234,1 1,234,1 1,234,1
1,95,1 12,0,2 1,95,1 0,0,0 1,95,1 1,95,1 1,95,1 1,95,1 1,95,1
0,0,0 0,0,0 1,94,1 0,0,0 1,94,1 0,0,0 12,0,2 0,0,0 1,94,1
1,93,1 1,93,1 1,93,1 12,0,2 1,93,1 1,93,1 1,93,1 0,0,0 1,93,1
1,92,1 1,92,1 1,92,1 12,0,2 1,92,1 1,92,1 1,92,1 0,0,0 0,0,0
1,87,1 1,87,1 1,87,1 12,0,2 1,87,1 1,87,1 1,87,1 1,87,1 1,87,1
1,90,1 1,90,1 1,90,1 12,0,2 1,90,1 1,90,1 1,90,1 0,0,0 1,90,1
0,0,0 0,0,0 0,0,0 0,0,0 0,0,0 0,0,0 0,0,0 0,0,0 0,0,0
0,0,0 0,0,0 0,0,0 0,0,0 0,0,0 0,0,0 0,0,0 0,0,0 0,0,0
0,0,0 0,0,0 0,0,0 0,0,0 0,0,0 0,0,0 0,0,0 0,0,0 0,0,0