MODE 0
BALL 90
STARS 0/6300/9100
ADDLINE 1,101,1 1,101,1 1,101,1 1,101,1 1,101,1 1,101,1 1,101,1 1,101,1 12,0,2
ADDLINE 1,107,1 1,107,1 0,0,0 0,0,0 0,0,0 0,0,0 0,0,0 12,0,2 0,0,0
ADDLINE 1,103,1 1,103,1 1,103,1 1,103,1 1,103,1 1,103,1 1,206,1 1,206,1 12,0,2
ADDLINE 0,0,0 0,0,0 0,0,0 0,0,0 0,0,0 0,0,0 0,0,0 20,119,1 12,0,2
ADDLINE 0,0,0 1,120,1 1,120,1 1,120,1 1,120,1 1,120,1 12,0,2 1,240,1 0,0,0
ADDLINE 0,0,0 1,262,1 1,262,1 1,262,1 1,131,1 1,131,1 12,0,2 1,131,1 0,0,0
ADDLINE 0,0,0 1,284,1 17,142,1 1,284,1 1,142,1 1,142,1 1,142,1 1,142,1 12,0,2
ADDLINE 0,0,0 1,308,1 1,308,1 0,0,0 0,0,0 0,0,0 0,0,0 12,0,2 0,0,0
ADDLINE 1,124,1 1,124,1 12,0,2 1,124,1 1,124,1 1,124,1 0,0,0 1,124,1 1,124,1
ADDLINE 1,136,1 12,0,2 1,136,1 1,136,1 1,136,1 1,136,1 1,136,1 1,136,1 0,0,0
ADDLINE 0,0,0 0,0,0 1,148,1 1,148,1 1,148,1 1,148,1 12,0,2 0,0,0 0,0,0
ADDLINE 0,0,0 1,320,1 12,0,2 0,0,0 1,160,1 1,160,1 0,0,0 1,160,1 0,0,0
ADDLINE 1,256,1 1,256,1 19,128,1 1,256,1 1,256,1 12,0,2 1,256,1 1,256,1 0,0,0
ADDLINE 1,282,1 19,141,1 1,282,1 12,0,2 1,282,1 1,282,1 1,282,1 1,282,1 0,0,0
ADDLINE 17,153,1 1,306,1 1,306,1 12,0,2 1,153,1 1,153,1 1,153,1 1,153,1 0,0,0
ADDLINE 1,330,1 1,330,1 1,165,1 12,0,2 1,165,1 1,165,1 1,165,1 1,165,1 0,0,0
ADDLINE 19,133,1 1,266,1 1,266,1 12,0,2 1,266,1 1,266,1 1,266,1 1,266,1 0,0,0
ADDLINE 1,290,1 1,290,1 16,145,1 1,290,1 1,290,1 1,290,1 12,0,2 0,0,0 1,290,1
ADDLINE 12,0,2 1,151,1 1,151,1 1,151,1 1,151,1 1,151,1 1,151,1 1,151,1 1,151,1
ADDLINE 12,0,2 1,163,1 1,163,1 1,163,1 1,163,1 1,326,1 1,326,1 1,326,1 1,163,1
ADDLINE 0,0,0 0,0,0 12,0,2 0,0,0 0,0,0 1,274,1 20,137,1 1,274,1 1,137,1
ADDLINE 1,300,1 1,300,1 12,0,2 1,300,1 0,0,0 1,300,1 19,150,1 1,300,1 1,300,1
ADDLINE 0,0,0 0,0,0 12,0,2 1,163,1 1,163,1 1,326,1 1,326,1 1,326,1 1,163,1
ADDLINE 12,0,2 1,168,1 1,168,1 1,168,1 1,168,1 1,168,1 1,168,1 1,168,1 1,168,1
ADDLINE 0,0,0 0,0,0 0,0,0 0,0,0 0,0,0 12,0,2 0,0,0 0,0,0 1,142,1
ADDLINE 1,155,1 1,155,1 1,155,1 1,155,1 1,155,1 1,155,1 1,155,1 12,0,2 0,0,0
ADDLINE 1,168,1 1,168,1 1,336,1 1,336,1 1,336,1 0,0,0 0,0,0 12,0,2 0,0,0
ADDLINE 1,364,1 1,364,1 12,0,2 19,182,1 1,364,1 1,364,1 1,364,1 1,364,1 1,364,1
ADDLINE 1,146,1 0,0,0 0,0,0 1,292,1 1,292,1 1,292,1 1,292,1 12,0,2 0,0,0
ADDLINE 1,160,1 1,160,1 1,160,1 1,160,1 12,0,2 1,320,1 17,160,1 1,320,1 1,160,1
ADDLINE 0,0,0 0,0,0 0,0,0 1,174,1 12,0,2 0,0,0 1,348,1 1,348,1 0,0,0
ADDLINE 0,0,0 1,188,1 0,0,0 1,188,1 0,0,0 1,376,1 1,376,1 1,376,1 12,0,2
ADDLINE 0,0,0 1,300,1 12,0,2 1,300,1 1,300,1 1,300,1 19,150,1 1,300,1 1,300,1
ADDLINE 0,0,0 1,165,1 1,165,1 1,165,1 0,0,0 1,330,1 1,330,1 1,330,1 12,0,2
ADDLINE 0,0,0 1,179,1 0,0,0 12,0,2 0,0,0 1,179,1 1,179,1 1,179,1 0,0,0
ADDLINE 0,0,0 1,193,1 1,193,1 1,193,1 12,0,2 1,193,1 1,193,1 1,193,1 1,193,1
ADDLINE 1,147,1 1,147,1 1,147,1 1,147,1 1,147,1 1,147,1 1,147,1 12,0,2 1,294,1
ADDLINE 1,169,1 1,338,1 1,338,1 1,169,1 0,0,0 12,0,2 0,0,0 1,338,1 17,169,1
ADDLINE 1,184,1 17,184,1 1,368,1 1,184,1 12,0,2 0,0,0 0,0,0 0,0,0 1,368,1
ADDLINE 1,199,1 1,398,1 1,398,1 0,0,0 0,0,0 0,0,0 12,0,2 0,0,0 0,0,0
ADDLINE 1,159,1 1,159,1 1,159,1 12,0,2 0,0,0 1,159,1 1,159,1 1,159,1 1,159,1
ADDLINE 0,0,0 12,0,2 0,0,0 0,0,0 0,0,0 1,174,1 1,174,1 1,174,1 1,174,1
ADDLINE 0,0,0 12,0,2 1,231,1 1,231,1 1,231,1 1,231,1 1,231,1 1,231,1 1,231,1
ADDLINE 0,0,0 12,0,2 1,233,1 1,233,1 1,233,1 1,233,1 1,233,1 1,233,1 1,233,1
ADDLINE 0,0,0 12,0,2 1,234,1 1,234,1 1,234,1 1,234,1 1,234,1 1,234,1 1,234,1
0,0,0 12,0,2 1,190,1 1,190,1 1,190,1 16,95,1 1,190,1 1,190,1 1,190,1
0,0,0 0,0,0 12,0,2 0,0,0 1,94,1 1,94,1 1,94,1 1,94,1 1,94,1
0,0,0 1,93,1 1,186,1 1,186,1 1,186,1 12,0,2 0,0,0 1,93,1 1,93,1
0,0,0 12,0,2 1,184,1 19,92,1 1,184,1 1,184,1 1,184,1 1,184,1 1,184,1
0,0,0 1,91,1 0,0,0 1,182,1 1,182,1 1,91,1 1,91,1 0,0,0 12,0,2
0,0,0 0,0,0 0,0,0 1,180,1 1,90,1 1,90,1 1,90,1 1,90,1 12,0,2
0,0,0 0,0,0 0,0,0 0,0,0 0,0,0 0,0,0 0,0,0 0,0,0 0,0,0
0,0,0 0,0,0 0,0,0 0,0,0 0,0,0 0,0,0 0,0,0 0,0,0 0,0,0
0,0,0 0,0,0 0,0,0 0,0,0 0,0,0 0,0,0 0,0,0 0,0,0 0,0,0