MODE 0
BALL 90
STARS 0/6000/8700
ADDLINE 4,106,1 12,0,2 1,106,1 1,106,1 3,106,1 0,0,0 1,106,1 1,106,1 1,106,1
ADDLINE 0,0,0 0,0,0 1,107,1 3,107,1 2,107,1 0,0,0 0,0,0 0,0,0 12,0,2
ADDLINE 1,103,1 1,103,1 1,103,1 1,103,1 1,103,1 1,103,1 1,103,1 12,0,2 1,103,1
ADDLINE 0,0,0 0,0,0 0,0,0 0,0,0 0,0,0 0,0,0 1,119,1 12,0,2 1,119,1
ADDLINE 1,120,1 1,120,1 5,120,1 1,120,1 1,120,1 12,0,2 2,120,1 0,0,0 1,120,1
ADDLINE 1,131,1 0,0,0 0,0,0 12,0,2 4,131,1 0,0,0 1,131,1 0,0,0 1,131,1
ADDLINE 1,142,1 12,0,2 1,142,1 1,142,1 1,142,1 0,0,0 4,142,1 0,0,0 3,142,1
ADDLINE 5,154,1 0,0,0 1,154,1 1,154,1 1,154,1 0,0,0 1,154,1 12,0,2 0,0,0
ADDLINE 1,124,1 12,0,2 1,124,1 1,124,1 1,124,1 0,0,0 4,124,1 1,124,1 1,124,1
ADDLINE 0,0,0 12,0,2 1,136,1 1,136,1 1,136,1 2,136,1 2,136,1 1,136,1 1,136,1
ADDLINE 0,0,0 1,148,1 0,0,0 12,0,2 0,0,0 0,0,0 1,148,1 4,148,1 1,148,1
ADDLINE 0,0,0 0,0,0 0,0,0 12,0,2 1,160,1 1,160,1 0,0,0 3,160,1 1,160,1
ADDLINE 1,128,1 1,128,1 1,128,1 1,128,1 12,0,2 1,128,1 1,128,1 0,0,0 1,128,1
ADDLINE 1,141,1 5,141,1 1,141,1 1,141,1 2,141,1 12,0,2 1,141,1 1,141,1 0,0,0
ADDLINE 1,153,1 1,153,1 2,153,1 4,153,1 1,153,1 4,153,1 12,0,2 1,153,1 0,0,0
ADDLINE 1,165,1 1,165,1 1,165,1 1,165,1 5,165,1 2,165,1 12,0,2 1,165,1 0,0,0
ADDLINE 1,133,1 1,133,1 0,0,0 0,0,0 0,0,0 0,0,0 12,0,2 0,0,0 0,0,0
ADDLINE 1,145,1 1,145,1 12,0,2 0,0,0 0,0,0 0,0,0 0,0,0 1,145,1 4,145,1
ADDLINE 1,151,1 1,151,1 1,151,1 12,0,2 3,151,1 3,151,1 1,151,1 1,151,1 1,151,1
ADDLINE 1,171,1 1,171,1 1,171,1 0,0,0 0,0,0 12,0,2 0,0,0 2,171,1 1,171,1
ADDLINE 5,137,1 0,0,0 0,0,0 0,0,0 12,0,2 0,0,0 0,0,0 1,137,1 1,137,1
ADDLINE 1,143,1 12,0,2 4,143,1 1,143,1 3,143,1 1,143,1 1,143,1 1,143,1 1,143,1
ADDLINE 0,0,0 12,0,2 1,163,1 1,163,1 1,163,1 1,163,1 1,163,1 1,163,1 5,163,1
ADDLINE 12,0,2 1,168,1 1,168,1 1,168,1 4,168,1 5,168,1 1,168,1 1,168,1 3,168,1
ADDLINE 0,0,0 12,0,2 0,0,0 1,142,1 1,142,1 1,142,1 3,142,1 1,142,1 1,142,1
ADDLINE 2,155,1 1,155,1 0,0,0 0,0,0 12,0,2 0,0,0 0,0,0 0,0,0 0,0,0
ADDLINE 1,168,1 1,168,1 1,168,1 1,168,1 1,168,1 3,168,1 5,168,1 12,0,2 0,0,0
ADDLINE 1,173,1 1,173,1 5,173,1 4,173,1 12,0,2 1,173,1 1,173,1 2,173,1 1,173,1
ADDLINE 1,146,1 5,146,1 1,146,1 1,146,1 12,0,2 1,146,1 0,0,0 0,0,0 0,0,0
ADDLINE 1,160,1 1,160,1 1,160,1 1,160,1 12,0,2 4,160,1 0,0,0 1,160,1 1,160,1
ADDLINE 0,0,0 12,0,2 0,0,0 1,174,1 0,0,0 1,174,1 0,0,0 1,174,1 0,0,0
ADDLINE 0,0,0 3,188,1 1,188,1 4,188,1 0,0,0 1,188,1 0,0,0 1,188,1 12,0,2
ADDLINE 0,0,0 1,150,1 0,0,0 5,150,1 0,0,0 1,150,1 12,0,2 1,150,1 0,0,0
ADDLINE 0,0,0 1,165,1 12,0,2 1,165,1 0,0,0 2,165,1 1,165,1 2,165,1 1,165,1
ADDLINE 0,0,0 12,0,2 0,0,0 1,179,1 0,0,0 1,179,1 0,0,0 0,0,0 0,0,0
ADDLINE 0,0,0 1,193,1 1,193,1 1,193,1 12,0,2 3,193,1 0,0,0 1,193,1 5,193,1
ADDLINE 1,147,1 1,147,1 12,0,2 4,147,1 1,147,1 1,147,1 5,147,1 3,147,1 1,147,1
ADDLINE 4,169,1 12,0,2 0,0,0 1,169,1 1,169,1 1,169,1 1,169,1 1,169,1 1,169,1
ADDLINE 1,184,1 12,0,2 0,0,0 5,184,1 1,184,1 1,184,1 1,184,1 3,184,1 1,184,1
ADDLINE 1,199,1 12,0,2 0,0,0 1,199,1 1,199,1 1,199,1 5,199,1 5,199,1 1,199,1
ADDLINE 4,159,1 12,0,2 0,0,0 0,0,0 0,0,0 0,0,0 3,159,1 1,159,1 1,159,1
ADDLINE 1,174,1 1,174,1 12,0,2 0,0,0 0,0,0 0,0,0 1,174,1 1,174,1 1,174,1
ADDLINE 1,231,1 3,231,1 0,0,0 0,0,0 0,0,0 0,0,0 12,0,2 0,0,0 0,0,0
ADDLINE 1,221,1 5,221,1 1,221,1 1,221,1 1,221,1 1,221,1 1,221,1 1,221,1 12,0,2
ADDLINE 1,234,1 4,234,1 1,234,1 4,234,1 1,234,1 1,234,1 0,0,0 12,0,2 0,0,0
1,95,1 1,95,1 1,95,1 5,95,1 2,95,1 1,95,1 0,0,0 12,0,2 0,0,0
1,94,1 4,94,1 1,94,1 12,0,2 0,0,0 0,0,0 0,0,0 0,0,0 0,0,0
0,0,0 0,0,0 12,0,2 0,0,0 1,93,1 1,93,1 1,93,1 2,93,1 1,93,1
0,0,0 12,0,2 1,92,1 1,92,1 1,92,1 3,92,1 1,92,1 2,92,1 1,92,1
5,91,1 12,0,2 0,0,0 5,91,1 1,91,1 1,91,1 1,91,1 1,91,1 1,91,1
1,90,1 1,90,1 12,0,2 0,0,0 0,0,0 0,0,0 1,90,1 2,90,1 1,90,1
0,0,0 0,0,0 0,0,0 0,0,0 0,0,0 0,0,0 0,0,0 0,0,0 0,0,0
0,0,0 0,0,0 0,0,0 0,0,0 0,0,0 0,0,0 0,0,0 0,0,0 0,0,0
0,0,0 0,0,0 0,0,0 0,0,0 0,0,0 0,0,0 0,0,0 0,0,0 0,0,0