MODE 0
BALL 90
STARS 0/6000/8500
ADDLINE 5,106,1 2,106,1 3,106,1 1,106,1 1,106,1 12,0,2 1,106,1 0,0,0 1,106,1
ADDLINE 1,107,1 1,107,1 12,0,2 0,0,0 0,0,0 0,0,0 0,0,0 0,0,0 1,107,1
ADDLINE 1,108,1 1,108,1 0,0,0 12,0,2 1,108,1 1,108,1 0,0,0 5,108,1 0,0,0
ADDLINE 0,0,0 0,0,0 0,0,0 0,0,0 1,119,1 1,119,1 0,0,0 4,119,1 12,0,2
ADDLINE 0,0,0 1,120,1 12,0,2 1,120,1 1,120,1 3,120,1 0,0,0 0,0,0 5,120,1
ADDLINE 0,0,0 12,0,2 0,0,0 1,131,1 1,131,1 0,0,0 1,131,1 0,0,0 1,131,1
ADDLINE 1,142,1 1,142,1 1,142,1 5,142,1 12,0,2 0,0,0 1,142,1 1,142,1 0,0,0
ADDLINE 1,308,1 1,308,1 1,308,1 1,308,1 12,0,2 1,308,1 0,0,0 0,0,0 8,0,2
ADDLINE 3,124,1 1,124,1 1,124,1 0,0,0 12,0,2 1,124,1 0,0,0 4,124,1 1,124,1
ADDLINE 0,0,0 1,136,1 12,0,2 0,0,0 11,0,2 1,272,1 1,136,1 3,136,1 1,136,1
ADDLINE 1,141,1 1,141,1 1,141,1 1,282,1 12,0,2 1,282,1 1,141,1 1,141,1 1,141,1
ADDLINE 4,152,1 1,152,1 1,152,1 3,152,1 12,0,2 2,152,1 1,152,1 1,152,1 1,152,1
ADDLINE 1,122,1 5,122,1 1,122,1 4,122,1 12,0,2 1,122,1 1,122,1 1,122,1 1,122,1
ADDLINE 0,0,0 1,282,1 0,0,0 0,0,0 0,0,0 0,0,0 0,0,0 0,0,0 12,0,2
ADDLINE 7,0,2 1,306,1 12,0,2 2,153,1 1,153,1 1,153,1 5,153,1 1,153,1 1,153,1
ADDLINE 0,0,0 1,330,1 0,0,0 12,0,2 0,0,0 4,165,1 0,0,0 1,165,1 1,165,1
ADDLINE 1,133,1 1,133,1 12,0,2 1,133,1 1,133,1 1,133,1 0,0,0 1,133,1 1,133,1
ADDLINE 1,145,1 3,145,1 12,0,2 5,145,1 3,145,1 1,145,1 0,0,0 1,145,1 1,145,1
ADDLINE 1,158,1 12,0,2 1,158,1 1,158,1 1,158,1 5,158,1 3,158,1 0,0,0 4,158,1
ADDLINE 3,171,1 12,0,2 1,171,1 1,171,1 1,171,1 1,171,1 1,171,1 0,0,0 1,171,1
ADDLINE 4,131,1 12,0,2 1,131,1 1,131,1 1,131,1 1,131,1 1,131,1 5,131,1 1,131,1
ADDLINE 1,150,1 0,0,0 1,150,1 3,150,1 1,150,1 1,150,1 1,150,1 12,0,2 0,0,0
ADDLINE 1,326,1 12,0,2 1,326,1 1,326,1 1,326,1 1,326,1 1,326,1 8,0,2 1,326,1
ADDLINE 1,177,1 0,0,0 0,0,0 0,0,0 12,0,2 0,0,0 5,177,1 0,0,0 1,177,1
ADDLINE 5,142,1 12,0,2 1,142,1 1,142,1 1,142,1 0,0,0 1,142,1 0,0,0 1,142,1
ADDLINE 3,155,1 0,0,0 1,155,1 4,155,1 3,155,1 0,0,0 1,155,1 12,0,2 0,0,0
ADDLINE 1,168,1 12,0,2 1,168,1 1,168,1 1,168,1 1,168,1 1,168,1 0,0,0 1,168,1
ADDLINE 0,0,0 0,0,0 1,182,1 12,0,2 1,182,1 1,182,1 0,0,0 4,182,1 1,182,1
ADDLINE 0,0,0 0,0,0 0,0,0 0,0,0 1,146,1 12,0,2 0,0,0 3,146,1 1,146,1
ADDLINE 0,0,0 1,160,1 12,0,2 0,0,0 1,160,1 1,160,1 3,160,1 1,160,1 5,160,1
ADDLINE 1,165,1 1,165,1 1,165,1 12,0,2 1,165,1 4,165,1 1,165,1 1,165,1 1,165,1
ADDLINE 0,0,0 2,188,1 0,0,0 0,0,0 0,0,0 1,188,1 0,0,0 0,0,0 12,0,2
ADDLINE 0,0,0 1,300,1 8,0,2 0,0,0 0,0,0 0,0,0 12,0,2 1,300,1 1,300,1
ADDLINE 0,0,0 11,0,2 0,0,0 1,165,1 1,165,1 5,165,1 12,0,2 0,0,0 0,0,0
ADDLINE 1,179,1 0,0,0 0,0,0 0,0,0 0,0,0 12,0,2 0,0,0 1,179,1 0,0,0
ADDLINE 1,193,1 1,193,1 1,193,1 1,193,1 2,193,1 12,0,2 0,0,0 1,386,1 11,0,2
ADDLINE 0,0,0 0,0,0 0,0,0 1,155,1 0,0,0 1,155,1 12,0,2 0,0,0 0,0,0
ADDLINE 1,169,1 1,169,1 1,169,1 1,169,1 12,0,2 2,169,1 5,169,1 1,338,1 11,0,2
ADDLINE 1,368,1 1,368,1 1,368,1 1,368,1 12,0,2 0,0,0 0,0,0 1,368,1 8,0,2
ADDLINE 1,189,1 1,189,1 1,189,1 1,189,1 12,0,2 1,189,1 1,189,1 1,189,1 5,189,1
ADDLINE 1,152,1 1,152,1 5,152,1 1,152,1 12,0,2 2,152,1 1,152,1 1,152,1 1,152,1
ADDLINE 1,166,1 1,332,1 1,332,1 1,166,1 12,0,2 4,166,1 2,166,1 4,166,1 1,166,1
ADDLINE 0,0,0 7,0,2 12,0,2 0,0,0 0,0,0 1,231,1 2,231,1 1,231,1 1,231,1
ADDLINE 0,0,0 1,466,1 1,466,1 1,233,1 12,0,2 1,233,1 1,233,1 5,233,1 4,233,1
ADDLINE 0,0,0 1,234,1 1,234,1 1,234,1 0,0,0 1,234,1 0,0,0 2,234,1 12,0,2
1,190,1 12,0,2 1,190,1 1,190,1 1,190,1 1,190,1 1,190,1 16,95,1 1,190,1
0,0,0 12,0,2 1,188,1 1,188,1 1,188,1 1,188,1 1,188,1 16,94,1 1,188,1
1,89,1 1,89,1 1,89,1 2,89,1 4,89,1 1,89,1 1,89,1 12,0,2 1,89,1
0,0,0 0,0,0 0,0,0 0,0,0 0,0,0 0,0,0 0,0,0 12,0,2 1,92,1
1,87,1 1,87,1 5,87,1 12,0,2 1,87,1 1,87,1 1,87,1 4,87,1 1,87,1
0,0,0 16,90,1 1,180,1 0,0,0 0,0,0 0,0,0 12,0,2 0,0,0 0,0,0
0,0,0 0,0,0 0,0,0 0,0,0 0,0,0 0,0,0 0,0,0 0,0,0 0,0,0
0,0,0 0,0,0 0,0,0 0,0,0 0,0,0 0,0,0 0,0,0 0,0,0 0,0,0
0,0,0 0,0,0 0,0,0 0,0,0 0,0,0 0,0,0 0,0,0 0,0,0 0,0,0