MODE 0
BALL 90
STARS 0/6300/9200
ADDLINE 5,106,1 12,0,2 1,106,1 0,0,0 1,106,1 1,106,1 2,106,1 1,106,1 3,106,1
ADDLINE 1,102,1 1,102,1 1,102,1 12,0,2 1,102,1 1,102,1 1,102,1 1,102,1 1,102,1
ADDLINE 0,0,0 0,0,0 1,108,1 0,0,0 0,0,0 0,0,0 1,108,1 12,0,2 5,108,1
ADDLINE 1,119,1 12,0,2 3,119,1 0,0,0 1,119,1 1,119,1 1,119,1 0,0,0 5,119,1
ADDLINE 1,120,1 0,0,0 3,120,1 0,0,0 0,0,0 12,0,2 1,120,1 0,0,0 1,120,1
ADDLINE 1,131,1 0,0,0 4,131,1 1,131,1 1,131,1 12,0,2 1,131,1 0,0,0 1,131,1
ADDLINE 1,142,1 12,0,2 0,0,0 0,0,0 1,142,1 0,0,0 1,142,1 0,0,0 0,0,0
ADDLINE 5,154,1 1,154,1 2,154,1 3,154,1 1,154,1 12,0,2 1,154,1 0,0,0 1,154,1
ADDLINE 0,0,0 12,0,2 1,124,1 1,124,1 1,124,1 0,0,0 1,124,1 0,0,0 5,124,1
ADDLINE 2,136,1 12,0,2 0,0,0 0,0,0 0,0,0 0,0,0 1,136,1 1,136,1 1,136,1
ADDLINE 0,0,0 0,0,0 1,148,1 1,148,1 12,0,2 1,148,1 1,148,1 1,148,1 2,148,1
ADDLINE 0,0,0 1,160,1 5,160,1 1,160,1 12,0,2 1,160,1 4,160,1 1,160,1 1,160,1
ADDLINE 1,128,1 0,0,0 1,128,1 12,0,2 1,128,1 1,128,1 1,128,1 4,128,1 0,0,0
ADDLINE 4,141,1 0,0,0 0,0,0 0,0,0 1,141,1 1,141,1 1,141,1 12,0,2 0,0,0
ADDLINE 2,153,1 0,0,0 1,153,1 3,153,1 1,153,1 1,153,1 12,0,2 0,0,0 1,153,1
ADDLINE 0,0,0 12,0,2 1,165,1 1,165,1 1,165,1 1,165,1 0,0,0 2,165,1 1,165,1
ADDLINE 0,0,0 12,0,2 1,133,1 1,133,1 1,133,1 0,0,0 0,0,0 5,133,1 1,133,1
ADDLINE 1,145,1 12,0,2 1,145,1 1,145,1 1,145,1 0,0,0 2,145,1 4,145,1 1,145,1
ADDLINE 1,151,1 1,151,1 1,151,1 1,151,1 1,151,1 2,151,1 1,151,1 12,0,2 1,151,1
ADDLINE 1,171,1 4,171,1 1,171,1 3,171,1 12,0,2 0,0,0 0,0,0 0,0,0 4,171,1
ADDLINE 1,137,1 12,0,2 0,0,0 0,0,0 0,0,0 1,137,1 1,137,1 1,137,1 1,137,1
ADDLINE 3,150,1 0,0,0 0,0,0 0,0,0 0,0,0 12,0,2 0,0,0 0,0,0 4,150,1
ADDLINE 1,163,1 1,163,1 2,163,1 1,163,1 1,163,1 1,163,1 1,163,1 12,0,2 0,0,0
ADDLINE 3,177,1 1,177,1 1,177,1 1,177,1 1,177,1 12,0,2 0,0,0 0,0,0 0,0,0
ADDLINE 1,135,1 4,135,1 3,135,1 5,135,1 1,135,1 12,0,2 1,135,1 4,135,1 5,135,1
ADDLINE 1,155,1 1,155,1 3,155,1 1,155,1 12,0,2 0,0,0 1,155,1 1,155,1 1,155,1
ADDLINE 1,168,1 1,168,1 1,168,1 12,0,2 0,0,0 1,168,1 1,168,1 1,168,1 1,168,1
ADDLINE 1,182,1 0,0,0 0,0,0 0,0,0 1,182,1 0,0,0 0,0,0 12,0,2 0,0,0
ADDLINE 1,146,1 12,0,2 1,146,1 1,146,1 1,146,1 0,0,0 4,146,1 3,146,1 1,146,1
ADDLINE 0,0,0 12,0,2 1,160,1 0,0,0 0,0,0 0,0,0 0,0,0 0,0,0 0,0,0
ADDLINE 1,174,1 12,0,2 1,174,1 0,0,0 1,174,1 3,174,1 1,174,1 2,174,1 1,174,1
ADDLINE 1,188,1 12,0,2 1,188,1 0,0,0 1,188,1 2,188,1 1,188,1 1,188,1 3,188,1
ADDLINE 1,143,1 12,0,2 4,143,1 1,143,1 1,143,1 1,143,1 1,143,1 4,143,1 1,143,1
ADDLINE 0,0,0 0,0,0 4,165,1 0,0,0 0,0,0 12,0,2 0,0,0 0,0,0 0,0,0
ADDLINE 1,179,1 1,179,1 1,179,1 12,0,2 5,179,1 1,179,1 1,179,1 0,0,0 1,179,1
ADDLINE 0,0,0 0,0,0 0,0,0 12,0,2 1,193,1 0,0,0 2,193,1 0,0,0 1,193,1
ADDLINE 1,147,1 1,147,1 1,147,1 2,147,1 12,0,2 1,147,1 1,147,1 1,147,1 1,147,1
ADDLINE 1,169,1 1,169,1 1,169,1 12,0,2 0,0,0 5,169,1 1,169,1 1,169,1 1,169,1
ADDLINE 1,175,1 1,175,1 5,175,1 12,0,2 1,175,1 2,175,1 3,175,1 3,175,1 1,175,1
ADDLINE 1,199,1 1,199,1 1,199,1 0,0,0 12,0,2 0,0,0 1,199,1 1,199,1 5,199,1
ADDLINE 1,159,1 1,159,1 1,159,1 1,159,1 1,159,1 0,0,0 12,0,2 0,0,0 0,0,0
ADDLINE 1,174,1 3,174,1 4,174,1 1,174,1 4,174,1 0,0,0 12,0,2 0,0,0 0,0,0
ADDLINE 5,231,1 1,231,1 1,231,1 1,231,1 3,231,1 12,0,2 0,0,0 2,231,1 1,231,1
ADDLINE 0,0,0 0,0,0 0,0,0 12,0,2 0,0,0 0,0,0 0,0,0 1,233,1 1,233,1
ADDLINE 0,0,0 12,0,2 1,234,1 1,234,1 1,234,1 1,234,1 1,234,1 5,234,1 1,234,1
5,95,1 1,95,1 0,0,0 0,0,0 0,0,0 12,0,2 1,95,1 0,0,0 0,0,0
1,94,1 1,94,1 1,94,1 1,94,1 5,94,1 0,0,0 12,0,2 0,0,0 0,0,0
1,89,1 1,89,1 4,89,1 1,89,1 1,89,1 1,89,1 3,89,1 1,89,1 12,0,2
1,92,1 3,92,1 4,92,1 1,92,1 1,92,1 1,92,1 12,0,2 0,0,0 0,0,0
1,91,1 1,91,1 1,91,1 12,0,2 0,0,0 0,0,0 0,0,0 3,91,1 2,91,1
1,86,1 1,86,1 2,86,1 12,0,2 1,86,1 1,86,1 1,86,1 1,86,1 1,86,1
0,0,0 0,0,0 0,0,0 0,0,0 0,0,0 0,0,0 0,0,0 0,0,0 0,0,0
0,0,0 0,0,0 0,0,0 0,0,0 0,0,0 0,0,0 0,0,0 0,0,0 0,0,0
0,0,0 0,0,0 0,0,0 0,0,0 0,0,0 0,0,0 0,0,0 0,0,0 0,0,0