MODE 0
BALL 90
STARS 0/6400/9100
ADDLINE 0,0,0 0,0,0 0,0,0 0,0,0 12,0,2 0,0,0 0,0,0 0,0,0 1,106,1
ADDLINE 0,0,0 1,107,1 0,0,0 3,107,1 12,0,2 5,107,1 1,107,1 1,107,1 0,0,0
ADDLINE 0,0,0 1,108,1 0,0,0 1,108,1 0,0,0 1,108,1 4,108,1 1,108,1 12,0,2
ADDLINE 1,119,1 12,0,2 4,119,1 1,119,1 1,119,1 1,119,1 1,119,1 2,119,1 0,0,0
ADDLINE 3,120,1 0,0,0 1,120,1 1,120,1 12,0,2 0,0,0 1,120,1 0,0,0 0,0,0
ADDLINE 0,0,0 0,0,0 1,131,1 0,0,0 1,131,1 2,131,1 0,0,0 12,0,2 1,131,1
ADDLINE 0,0,0 1,142,1 12,0,2 0,0,0 1,142,1 1,142,1 0,0,0 0,0,0 0,0,0
ADDLINE 0,0,0 1,154,1 0,0,0 12,0,2 1,154,1 1,154,1 2,154,1 5,154,1 0,0,0
ADDLINE 0,0,0 1,124,1 0,0,0 12,0,2 3,124,1 1,124,1 0,0,0 0,0,0 0,0,0
ADDLINE 1,136,1 12,0,2 1,136,1 5,136,1 1,136,1 1,136,1 1,136,1 0,0,0 4,136,1
ADDLINE 2,141,1 12,0,2 1,141,1 1,141,1 1,141,1 1,141,1 2,141,1 1,141,1 1,141,1
ADDLINE 1,160,1 12,0,2 1,160,1 1,160,1 4,160,1 1,160,1 1,160,1 0,0,0 0,0,0
ADDLINE 1,122,1 1,122,1 1,122,1 1,122,1 1,122,1 4,122,1 1,122,1 12,0,2 2,122,1
ADDLINE 0,0,0 0,0,0 0,0,0 0,0,0 0,0,0 12,0,2 1,141,1 0,0,0 0,0,0
ADDLINE 1,153,1 12,0,2 4,153,1 0,0,0 1,153,1 1,153,1 3,153,1 0,0,0 1,153,1
ADDLINE 4,165,1 12,0,2 1,165,1 0,0,0 1,165,1 1,165,1 1,165,1 0,0,0 1,165,1
ADDLINE 2,133,1 12,0,2 5,133,1 1,133,1 1,133,1 1,133,1 1,133,1 0,0,0 1,133,1
ADDLINE 5,145,1 12,0,2 1,145,1 0,0,0 1,145,1 1,145,1 2,145,1 0,0,0 1,145,1
ADDLINE 2,151,1 1,151,1 1,151,1 1,151,1 12,0,2 2,151,1 1,151,1 1,151,1 1,151,1
ADDLINE 0,0,0 0,0,0 0,0,0 0,0,0 12,0,2 1,171,1 3,171,1 1,171,1 1,171,1
ADDLINE 1,131,1 1,131,1 4,131,1 4,131,1 12,0,2 1,131,1 1,131,1 1,131,1 1,131,1
ADDLINE 1,143,1 3,143,1 1,143,1 1,143,1 12,0,2 1,143,1 4,143,1 1,143,1 1,143,1
ADDLINE 0,0,0 0,0,0 5,163,1 0,0,0 1,163,1 0,0,0 0,0,0 12,0,2 0,0,0
ADDLINE 1,168,1 3,168,1 1,168,1 12,0,2 1,168,1 1,168,1 1,168,1 1,168,1 1,168,1
ADDLINE 0,0,0 0,0,0 1,142,1 12,0,2 1,142,1 1,142,1 1,142,1 1,142,1 3,142,1
ADDLINE 4,148,1 1,148,1 1,148,1 12,0,2 3,148,1 1,148,1 2,148,1 1,148,1 1,148,1
ADDLINE 1,168,1 1,168,1 1,168,1 12,0,2 0,0,0 0,0,0 0,0,0 0,0,0 0,0,0
ADDLINE 1,182,1 0,0,0 0,0,0 0,0,0 0,0,0 12,0,2 0,0,0 0,0,0 0,0,0
ADDLINE 0,0,0 0,0,0 1,146,1 4,146,1 1,146,1 1,146,1 12,0,2 1,146,1 1,146,1
ADDLINE 0,0,0 0,0,0 0,0,0 12,0,2 0,0,0 1,160,1 0,0,0 0,0,0 3,160,1
ADDLINE 1,174,1 1,174,1 1,174,1 2,174,1 12,0,2 0,0,0 1,174,1 0,0,0 1,174,1
ADDLINE 4,188,1 1,188,1 2,188,1 1,188,1 1,188,1 0,0,0 12,0,2 0,0,0 1,188,1
ADDLINE 0,0,0 12,0,2 3,150,1 1,150,1 0,0,0 0,0,0 1,150,1 0,0,0 0,0,0
ADDLINE 0,0,0 1,165,1 5,165,1 4,165,1 12,0,2 1,165,1 3,165,1 0,0,0 0,0,0
ADDLINE 0,0,0 1,179,1 3,179,1 1,179,1 12,0,2 1,179,1 1,179,1 0,0,0 0,0,0
ADDLINE 0,0,0 1,193,1 1,193,1 1,193,1 0,0,0 0,0,0 1,193,1 0,0,0 12,0,2
ADDLINE 1,147,1 1,147,1 1,147,1 12,0,2 1,147,1 5,147,1 1,147,1 4,147,1 3,147,1
ADDLINE 1,161,1 1,161,1 1,161,1 12,0,2 1,161,1 1,161,1 1,161,1 1,161,1 3,161,1
ADDLINE 4,175,1 1,175,1 1,175,1 12,0,2 1,175,1 1,175,1 1,175,1 1,175,1 5,175,1
ADDLINE 1,199,1 3,199,1 1,199,1 0,0,0 0,0,0 0,0,0 1,199,1 12,0,2 0,0,0
ADDLINE 2,159,1 3,159,1 1,159,1 12,0,2 1,159,1 1,159,1 1,159,1 0,0,0 1,159,1
ADDLINE 1,174,1 0,0,0 12,0,2 0,0,0 1,174,1 0,0,0 1,174,1 0,0,0 4,174,1
ADDLINE 1,231,1 1,231,1 2,231,1 12,0,2 1,231,1 0,0,0 3,231,1 1,231,1 5,231,1
ADDLINE 1,233,1 1,233,1 3,233,1 12,0,2 0,0,0 0,0,0 1,233,1 1,233,1 1,233,1
ADDLINE 1,223,1 1,223,1 1,223,1 1,223,1 2,223,1 12,0,2 1,223,1 1,223,1 1,223,1
1,91,1 12,0,2 5,91,1 1,91,1 2,91,1 1,91,1 1,91,1 1,91,1 1,91,1
0,0,0 0,0,0 12,0,2 1,94,1 0,0,0 3,94,1 1,94,1 1,94,1 2,94,1
0,0,0 1,93,1 0,0,0 1,93,1 12,0,2 1,93,1 3,93,1 1,93,1 1,93,1
0,0,0 1,92,1 0,0,0 0,0,0 12,0,2 1,92,1 1,92,1 1,92,1 1,92,1
1,87,1 1,87,1 1,87,1 4,87,1 12,0,2 5,87,1 1,87,1 4,87,1 1,87,1
1,90,1 2,90,1 1,90,1 1,90,1 12,0,2 0,0,0 0,0,0 0,0,0 0,0,0
0,0,0 0,0,0 0,0,0 0,0,0 0,0,0 0,0,0 0,0,0 0,0,0 0,0,0
0,0,0 0,0,0 0,0,0 0,0,0 0,0,0 0,0,0 0,0,0 0,0,0 0,0,0
0,0,0 0,0,0 0,0,0 0,0,0 0,0,0 0,0,0 0,0,0 0,0,0 0,0,0