MODE 0
BALL 50
STARS 0/2200/3200
ADDLINE 1,53,1 12,0,2 17,53,1 1,106,1 1,106,1 1,106,1 0,0,0 0,0,0 1,53,1
ADDLINE 1,54,1 0,0,0 1,108,1 1,108,1 1,54,1 12,0,2 0,0,0 1,108,1 1,108,1
ADDLINE 0,0,0 0,0,0 1,61,1 0,0,0 12,0,2 0,0,0 1,61,1 1,122,1 19,61,1
ADDLINE 0,0,0 1,59,1 1,59,1 1,59,1 1,59,1 1,59,1 1,59,1 12,0,2 1,118,1
ADDLINE 0,0,0 1,63,1 1,63,1 1,63,1 1,63,1 1,63,1 1,63,1 0,0,0 12,0,2
ADDLINE 0,0,0 12,0,2 0,0,0 0,0,0 1,88,1 1,88,1 1,88,1 0,0,0 0,0,0
0,0,0 1,104,1 1,104,1 1,104,1 17,52,1 1,104,1 12,0,2 1,52,1 1,52,1
0,0,0 1,49,1 1,49,1 1,98,1 1,98,1 1,98,1 1,49,1 12,0,2 1,49,1
0,0,0 1,100,1 1,100,1 1,100,1 12,0,2 0,0,0 1,50,1 0,0,0 0,0,0
1,49,1 1,49,1 0,0,0 1,49,1 0,0,0 1,49,1 12,0,2 1,49,1 0,0,0
16,46,1 1,92,1 1,92,1 1,92,1 1,92,1 1,92,1 1,92,1 1,92,1 12,0,2
0,0,0 1,47,1 1,47,1 1,47,1 0,0,0 1,47,1 1,47,1 0,0,0 12,0,2
0,0,0 0,0,0 0,0,0 0,0,0 0,0,0 0,0,0 0,0,0 0,0,0 0,0,0
0,0,0 0,0,0 0,0,0 0,0,0 0,0,0 0,0,0 0,0,0 0,0,0 0,0,0
0,0,0 0,0,0 0,0,0 0,0,0 0,0,0 0,0,0 0,0,0 0,0,0 0,0,0