MODE 0
BALL 90
STARS 0/6000/8600
ADDLINE 1,101,1 12,0,2 1,101,1 1,101,1 1,101,1 1,101,1 1,101,1 1,101,1 1,101,1
ADDLINE 1,107,1 12,0,2 1,107,1 0,0,0 1,107,1 0,0,0 0,0,0 0,0,0 0,0,0
ADDLINE 1,108,1 0,0,0 1,108,1 12,0,2 1,108,1 0,0,0 1,108,1 1,108,1 1,108,1
ADDLINE 1,119,1 0,0,0 12,0,2 0,0,0 1,119,1 0,0,0 1,119,1 1,119,1 1,119,1
ADDLINE 1,114,1 1,114,1 1,114,1 1,114,1 1,114,1 12,0,2 1,114,1 1,114,1 1,114,1
ADDLINE 0,0,0 0,0,0 0,0,0 0,0,0 12,0,2 0,0,0 1,131,1 0,0,0 0,0,0
ADDLINE 1,142,1 1,142,1 1,142,1 12,0,2 1,142,1 1,142,1 1,142,1 0,0,0 1,142,1
ADDLINE 0,0,0 12,0,2 1,154,1 0,0,0 1,154,1 1,154,1 1,154,1 0,0,0 1,154,1
ADDLINE 1,124,1 1,124,1 1,124,1 12,0,2 1,124,1 1,124,1 1,124,1 0,0,0 1,124,1
ADDLINE 1,129,1 1,129,1 1,129,1 1,129,1 1,129,1 1,129,1 1,129,1 12,0,2 1,129,1
ADDLINE 1,148,1 1,148,1 1,148,1 1,148,1 1,148,1 1,148,1 1,148,1 12,0,2 0,0,0
ADDLINE 1,160,1 1,160,1 0,0,0 0,0,0 12,0,2 0,0,0 0,0,0 0,0,0 0,0,0
ADDLINE 1,122,1 1,122,1 12,0,2 1,122,1 1,122,1 1,122,1 1,122,1 1,122,1 1,122,1
ADDLINE 1,141,1 1,141,1 12,0,2 0,0,0 0,0,0 0,0,0 0,0,0 0,0,0 0,0,0
ADDLINE 1,146,1 1,146,1 1,146,1 1,146,1 1,146,1 1,146,1 1,146,1 1,146,1 12,0,2
ADDLINE 1,165,1 1,165,1 1,165,1 1,165,1 1,165,1 1,165,1 12,0,2 0,0,0 0,0,0
ADDLINE 1,133,1 1,133,1 1,133,1 1,133,1 1,133,1 1,133,1 12,0,2 0,0,0 0,0,0
ADDLINE 1,145,1 1,145,1 1,145,1 1,145,1 1,145,1 1,145,1 0,0,0 12,0,2 0,0,0
ADDLINE 1,151,1 1,151,1 1,151,1 1,151,1 1,151,1 12,0,2 1,151,1 1,151,1 1,151,1
ADDLINE 1,171,1 1,171,1 1,171,1 1,171,1 1,171,1 12,0,2 0,0,0 0,0,0 0,0,0
ADDLINE 1,137,1 1,137,1 1,137,1 1,137,1 1,137,1 0,0,0 0,0,0 12,0,2 0,0,0
ADDLINE 1,150,1 1,150,1 12,0,2 0,0,0 0,0,0 0,0,0 1,150,1 1,150,1 1,150,1
ADDLINE 1,163,1 1,163,1 12,0,2 0,0,0 1,163,1 1,163,1 1,163,1 1,163,1 1,163,1
ADDLINE 1,177,1 1,177,1 1,177,1 0,0,0 0,0,0 12,0,2 0,0,0 0,0,0 1,177,1
ADDLINE 1,142,1 1,142,1 1,142,1 1,142,1 1,142,1 1,142,1 1,142,1 12,0,2 0,0,0
ADDLINE 1,155,1 1,155,1 1,155,1 1,155,1 1,155,1 0,0,0 12,0,2 0,0,0 0,0,0
ADDLINE 1,168,1 1,168,1 1,168,1 1,168,1 12,0,2 0,0,0 1,168,1 1,168,1 1,168,1
ADDLINE 0,0,0 1,182,1 1,182,1 1,182,1 12,0,2 1,182,1 0,0,0 1,182,1 1,182,1
ADDLINE 0,0,0 0,0,0 12,0,2 0,0,0 0,0,0 1,146,1 0,0,0 0,0,0 0,0,0
ADDLINE 0,0,0 1,160,1 1,160,1 1,160,1 1,160,1 1,160,1 1,160,1 1,160,1 12,0,2
ADDLINE 0,0,0 1,174,1 0,0,0 1,174,1 1,174,1 1,174,1 1,174,1 1,174,1 12,0,2
ADDLINE 0,0,0 1,188,1 0,0,0 1,188,1 1,188,1 1,188,1 1,188,1 1,188,1 12,0,2
ADDLINE 0,0,0 1,150,1 0,0,0 12,0,2 0,0,0 0,0,0 0,0,0 0,0,0 0,0,0
ADDLINE 1,165,1 1,165,1 12,0,2 1,165,1 1,165,1 1,165,1 0,0,0 1,165,1 1,165,1
ADDLINE 0,0,0 12,0,2 0,0,0 0,0,0 0,0,0 1,179,1 0,0,0 1,179,1 1,179,1
ADDLINE 1,184,1 1,184,1 12,0,2 1,184,1 1,184,1 1,184,1 1,184,1 1,184,1 1,184,1
ADDLINE 1,155,1 1,155,1 1,155,1 1,155,1 1,155,1 12,0,2 0,0,0 1,155,1 1,155,1
ADDLINE 1,169,1 1,169,1 1,169,1 1,169,1 1,169,1 12,0,2 0,0,0 0,0,0 0,0,0
ADDLINE 1,184,1 1,184,1 1,184,1 1,184,1 1,184,1 0,0,0 0,0,0 12,0,2 0,0,0
ADDLINE 1,199,1 1,199,1 1,199,1 1,199,1 12,0,2 0,0,0 1,199,1 1,199,1 0,0,0
ADDLINE 1,159,1 1,159,1 1,159,1 12,0,2 0,0,0 1,159,1 1,159,1 1,159,1 0,0,0
ADDLINE 1,174,1 1,174,1 1,174,1 0,0,0 1,174,1 1,174,1 1,174,1 12,0,2 0,0,0
ADDLINE 1,231,1 1,231,1 1,231,1 1,231,1 1,231,1 1,231,1 0,0,0 12,0,2 0,0,0
ADDLINE 1,233,1 1,233,1 1,233,1 0,0,0 0,0,0 0,0,0 0,0,0 12,0,2 0,0,0
ADDLINE 1,234,1 1,234,1 1,234,1 0,0,0 1,234,1 1,234,1 1,234,1 12,0,2 0,0,0
0,0,0 0,0,0 12,0,2 0,0,0 1,95,1 1,95,1 0,0,0 1,95,1 1,95,1
0,0,0 0,0,0 1,94,1 1,94,1 1,94,1 1,94,1 12,0,2 1,94,1 1,94,1
0,0,0 12,0,2 1,93,1 1,93,1 1,93,1 1,93,1 0,0,0 0,0,0 1,93,1
0,0,0 1,92,1 1,92,1 1,92,1 1,92,1 1,92,1 1,92,1 12,0,2 0,0,0
0,0,0 12,0,2 1,91,1 1,91,1 1,91,1 1,91,1 1,91,1 1,91,1 0,0,0
0,0,0 0,0,0 1,90,1 1,90,1 1,90,1 1,90,1 1,90,1 0,0,0 12,0,2
0,0,0 0,0,0 0,0,0 0,0,0 0,0,0 0,0,0 0,0,0 0,0,0 0,0,0
0,0,0 0,0,0 0,0,0 0,0,0 0,0,0 0,0,0 0,0,0 0,0,0 0,0,0
0,0,0 0,0,0 0,0,0 0,0,0 0,0,0 0,0,0 0,0,0 0,0,0 0,0,0