MODE 0
BALL 90
STARS 0/6300/9100
ADDLINE 1,212,1 1,212,1 1,212,1 1,212,1 12,0,2 16,106,1 1,212,1 1,212,1 0,0,0
ADDLINE 1,107,1 1,107,1 1,107,1 12,0,2 0,0,0 1,107,1 1,107,1 1,107,1 0,0,0
ADDLINE 1,108,1 1,108,1 1,108,1 0,0,0 1,108,1 0,0,0 12,0,2 0,0,0 0,0,0
ADDLINE 1,238,1 1,238,1 1,238,1 12,0,2 1,238,1 16,119,1 1,238,1 1,238,1 0,0,0
ADDLINE 1,120,1 1,120,1 0,0,0 1,120,1 1,120,1 0,0,0 12,0,2 0,0,0 0,0,0
ADDLINE 0,0,0 0,0,0 0,0,0 0,0,0 12,0,2 0,0,0 1,131,1 1,131,1 1,131,1
ADDLINE 0,0,0 1,142,1 1,284,1 0,0,0 12,0,2 1,142,1 1,142,1 1,142,1 1,142,1
ADDLINE 0,0,0 1,308,1 1,308,1 19,154,1 1,308,1 1,308,1 12,0,2 1,308,1 1,308,1
ADDLINE 1,248,1 17,124,1 1,248,1 1,248,1 1,248,1 0,0,0 0,0,0 12,0,2 0,0,0
ADDLINE 10,0,2 1,272,1 1,272,1 0,0,0 12,0,2 1,272,1 0,0,0 1,272,1 0,0,0
ADDLINE 8,0,2 1,296,1 1,296,1 1,296,1 16,148,1 1,296,1 12,0,2 1,296,1 1,296,1
ADDLINE 0,0,0 0,0,0 12,0,2 0,0,0 0,0,0 0,0,0 0,0,0 20,160,1 1,160,1
ADDLINE 0,0,0 1,128,1 1,128,1 1,128,1 1,128,1 1,128,1 12,0,2 1,256,1 1,128,1
ADDLINE 0,0,0 1,141,1 1,282,1 1,282,1 1,282,1 1,141,1 12,0,2 1,141,1 1,141,1
ADDLINE 1,153,1 1,153,1 1,306,1 7,0,2 1,306,1 1,153,1 12,0,2 1,153,1 1,153,1
ADDLINE 0,0,0 1,165,1 1,330,1 1,330,1 1,330,1 1,165,1 12,0,2 0,0,0 0,0,0
ADDLINE 1,127,1 1,127,1 1,127,1 1,127,1 1,127,1 1,127,1 1,127,1 12,0,2 1,127,1
ADDLINE 0,0,0 12,0,2 1,145,1 1,145,1 0,0,0 1,290,1 1,290,1 0,0,0 1,145,1
ADDLINE 0,0,0 1,316,1 12,0,2 1,316,1 1,316,1 1,316,1 19,158,1 1,316,1 1,316,1
ADDLINE 1,326,1 12,0,2 1,163,1 1,326,1 1,326,1 1,326,1 1,326,1 1,326,1 1,163,1
ADDLINE 7,0,2 12,0,2 1,137,1 1,274,1 17,137,1 1,274,1 1,137,1 0,0,0 0,0,0
ADDLINE 1,300,1 12,0,2 1,150,1 1,300,1 1,300,1 1,300,1 1,300,1 11,0,2 1,150,1
ADDLINE 1,326,1 0,0,0 0,0,0 0,0,0 0,0,0 0,0,0 12,0,2 0,0,0 1,163,1
ADDLINE 20,177,1 1,354,1 1,177,1 1,177,1 1,177,1 12,0,2 1,177,1 1,177,1 1,177,1
ADDLINE 19,142,1 1,284,1 1,284,1 1,284,1 1,284,1 1,284,1 12,0,2 1,284,1 0,0,0
ADDLINE 1,310,1 1,310,1 1,310,1 1,310,1 1,310,1 1,310,1 19,155,1 12,0,2 1,310,1
ADDLINE 0,0,0 16,168,1 1,336,1 1,336,1 1,336,1 1,336,1 1,336,1 12,0,2 1,336,1
ADDLINE 0,0,0 8,0,2 0,0,0 0,0,0 0,0,0 0,0,0 12,0,2 0,0,0 1,364,1
ADDLINE 1,146,1 1,146,1 0,0,0 1,146,1 1,146,1 0,0,0 1,146,1 12,0,2 0,0,0
ADDLINE 1,160,1 0,0,0 0,0,0 0,0,0 1,160,1 1,160,1 1,160,1 12,0,2 0,0,0
ADDLINE 0,0,0 1,348,1 1,348,1 1,348,1 0,0,0 0,0,0 1,174,1 12,0,2 1,174,1
ADDLINE 0,0,0 0,0,0 7,0,2 12,0,2 1,188,1 0,0,0 0,0,0 0,0,0 0,0,0
ADDLINE 1,300,1 1,300,1 1,300,1 1,300,1 1,300,1 16,150,1 12,0,2 1,300,1 0,0,0
ADDLINE 1,165,1 1,165,1 1,165,1 1,165,1 12,0,2 1,165,1 0,0,0 1,165,1 0,0,0
ADDLINE 1,358,1 1,358,1 1,358,1 0,0,0 12,0,2 1,358,1 1,358,1 1,358,1 8,0,2
ADDLINE 1,193,1 1,193,1 1,193,1 12,0,2 1,386,1 1,386,1 0,0,0 0,0,0 1,193,1
ADDLINE 1,310,1 12,0,2 1,310,1 1,310,1 1,310,1 19,155,1 1,310,1 11,0,2 1,310,1
ADDLINE 1,169,1 12,0,2 1,169,1 1,169,1 1,338,1 1,338,1 1,338,1 0,0,0 1,169,1
ADDLINE 1,175,1 12,0,2 1,175,1 1,175,1 1,350,1 1,350,1 1,350,1 1,175,1 1,175,1
ADDLINE 0,0,0 12,0,2 1,199,1 1,398,1 1,398,1 20,199,1 1,398,1 0,0,0 1,199,1
ADDLINE 1,318,1 1,318,1 1,159,1 1,318,1 7,0,2 1,318,1 1,318,1 12,0,2 1,159,1
ADDLINE 20,174,1 0,0,0 0,0,0 0,0,0 1,348,1 0,0,0 12,0,2 0,0,0 1,174,1
ADDLINE 1,462,1 12,0,2 1,231,1 1,231,1 1,231,1 1,231,1 1,231,1 0,0,0 1,231,1
ADDLINE 1,233,1 12,0,2 1,233,1 1,233,1 1,233,1 1,233,1 1,233,1 0,0,0 0,0,0
ADDLINE 1,234,1 12,0,2 1,234,1 1,234,1 1,234,1 1,234,1 1,234,1 0,0,0 1,234,1
1,95,1 12,0,2 1,95,1 1,95,1 1,95,1 1,190,1 17,95,1 1,190,1 1,95,1
0,0,0 0,0,0 12,0,2 0,0,0 0,0,0 0,0,0 1,188,1 0,0,0 0,0,0
1,178,1 1,178,1 1,89,1 1,89,1 1,89,1 1,178,1 1,178,1 12,0,2 1,89,1
17,92,1 1,184,1 1,184,1 1,184,1 1,184,1 12,0,2 19,92,1 0,0,0 1,184,1
1,174,1 1,174,1 1,87,1 1,87,1 1,87,1 1,174,1 1,174,1 12,0,2 1,87,1
1,90,1 1,90,1 1,90,1 1,90,1 1,90,1 0,0,0 1,180,1 12,0,2 0,0,0
0,0,0 0,0,0 0,0,0 0,0,0 0,0,0 0,0,0 0,0,0 0,0,0 0,0,0
0,0,0 0,0,0 0,0,0 0,0,0 0,0,0 0,0,0 0,0,0 0,0,0 0,0,0
0,0,0 0,0,0 0,0,0 0,0,0 0,0,0 0,0,0 0,0,0 0,0,0 0,0,0