MODE 0
BALL 90
STARS 0/6000/8600
ADDLINE 0,0,0 1,106,1 0,0,0 1,106,1 12,0,2 1,106,1 1,106,1 1,106,1 1,106,1
ADDLINE 0,0,0 1,107,1 12,0,2 1,107,1 0,0,0 1,107,1 1,107,1 1,107,1 1,107,1
ADDLINE 0,0,0 1,108,1 0,0,0 1,108,1 12,0,2 0,0,0 0,0,0 0,0,0 0,0,0
ADDLINE 1,113,1 1,113,1 12,0,2 1,113,1 1,113,1 1,113,1 1,113,1 1,113,1 1,113,1
ADDLINE 0,0,0 0,0,0 0,0,0 1,120,1 0,0,0 0,0,0 0,0,0 12,0,2 0,0,0
ADDLINE 1,125,1 1,125,1 1,125,1 1,125,1 12,0,2 1,125,1 1,125,1 1,125,1 1,125,1
ADDLINE 0,0,0 0,0,0 12,0,2 0,0,0 0,0,0 1,142,1 1,142,1 1,142,1 1,142,1
ADDLINE 12,0,2 1,147,1 1,147,1 1,147,1 1,147,1 1,147,1 1,147,1 1,147,1 1,147,1
ADDLINE 0,0,0 1,124,1 1,124,1 1,124,1 0,0,0 12,0,2 0,0,0 0,0,0 0,0,0
ADDLINE 1,136,1 1,136,1 1,136,1 1,136,1 1,136,1 0,0,0 0,0,0 12,0,2 0,0,0
ADDLINE 1,148,1 1,148,1 12,0,2 0,0,0 0,0,0 1,148,1 1,148,1 0,0,0 0,0,0
ADDLINE 1,160,1 1,160,1 12,0,2 1,160,1 1,160,1 1,160,1 0,0,0 1,160,1 1,160,1
ADDLINE 1,128,1 1,128,1 12,0,2 1,128,1 1,128,1 1,128,1 0,0,0 1,128,1 1,128,1
ADDLINE 1,141,1 1,141,1 12,0,2 0,0,0 1,141,1 0,0,0 0,0,0 1,141,1 1,141,1
ADDLINE 1,153,1 1,153,1 1,153,1 1,153,1 1,153,1 1,153,1 12,0,2 0,0,0 1,153,1
ADDLINE 1,165,1 1,165,1 1,165,1 1,165,1 1,165,1 0,0,0 0,0,0 12,0,2 0,0,0
ADDLINE 1,133,1 1,133,1 1,133,1 1,133,1 0,0,0 12,0,2 1,133,1 1,133,1 0,0,0
ADDLINE 1,145,1 1,145,1 1,145,1 12,0,2 0,0,0 1,145,1 1,145,1 1,145,1 0,0,0
ADDLINE 0,0,0 0,0,0 12,0,2 1,158,1 1,158,1 1,158,1 1,158,1 1,158,1 1,158,1
ADDLINE 0,0,0 12,0,2 0,0,0 1,171,1 1,171,1 1,171,1 1,171,1 1,171,1 1,171,1
ADDLINE 0,0,0 12,0,2 1,137,1 1,137,1 1,137,1 1,137,1 1,137,1 1,137,1 1,137,1
ADDLINE 0,0,0 0,0,0 12,0,2 0,0,0 1,150,1 1,150,1 1,150,1 1,150,1 1,150,1
ADDLINE 1,163,1 1,163,1 1,163,1 12,0,2 0,0,0 1,163,1 0,0,0 1,163,1 1,163,1
ADDLINE 1,177,1 1,177,1 0,0,0 0,0,0 0,0,0 1,177,1 12,0,2 0,0,0 1,177,1
ADDLINE 1,142,1 1,142,1 12,0,2 1,142,1 1,142,1 1,142,1 1,142,1 0,0,0 0,0,0
ADDLINE 1,155,1 1,155,1 0,0,0 12,0,2 1,155,1 1,155,1 0,0,0 0,0,0 0,0,0
ADDLINE 1,168,1 1,168,1 1,168,1 0,0,0 12,0,2 1,168,1 0,0,0 1,168,1 1,168,1
ADDLINE 1,173,1 1,173,1 1,173,1 1,173,1 1,173,1 1,173,1 1,173,1 12,0,2 1,173,1
ADDLINE 0,0,0 0,0,0 12,0,2 1,146,1 1,146,1 1,146,1 0,0,0 0,0,0 1,146,1
ADDLINE 1,152,1 1,152,1 1,152,1 1,152,1 1,152,1 1,152,1 12,0,2 1,152,1 1,152,1
ADDLINE 0,0,0 0,0,0 0,0,0 0,0,0 0,0,0 12,0,2 0,0,0 1,174,1 1,174,1
ADDLINE 1,188,1 1,188,1 1,188,1 1,188,1 12,0,2 1,188,1 0,0,0 1,188,1 1,188,1
ADDLINE 0,0,0 0,0,0 0,0,0 1,150,1 12,0,2 1,150,1 0,0,0 0,0,0 0,0,0
ADDLINE 1,165,1 1,165,1 12,0,2 1,165,1 0,0,0 1,165,1 1,165,1 1,165,1 1,165,1
ADDLINE 1,179,1 1,179,1 0,0,0 1,179,1 0,0,0 12,0,2 0,0,0 0,0,0 0,0,0
ADDLINE 1,193,1 1,193,1 12,0,2 1,193,1 1,193,1 1,193,1 1,193,1 1,193,1 0,0,0
ADDLINE 1,155,1 1,155,1 1,155,1 1,155,1 1,155,1 1,155,1 1,155,1 12,0,2 0,0,0
ADDLINE 1,169,1 1,169,1 1,169,1 1,169,1 1,169,1 1,169,1 12,0,2 0,0,0 0,0,0
ADDLINE 1,184,1 1,184,1 1,184,1 1,184,1 1,184,1 0,0,0 0,0,0 12,0,2 0,0,0
ADDLINE 1,199,1 1,199,1 1,199,1 1,199,1 0,0,0 12,0,2 1,199,1 0,0,0 1,199,1
ADDLINE 1,159,1 1,159,1 1,159,1 1,159,1 12,0,2 1,159,1 0,0,0 0,0,0 1,159,1
ADDLINE 1,174,1 1,174,1 1,174,1 0,0,0 0,0,0 12,0,2 0,0,0 1,174,1 1,174,1
ADDLINE 1,231,1 1,231,1 0,0,0 12,0,2 0,0,0 0,0,0 1,231,1 1,231,1 1,231,1
ADDLINE 1,233,1 1,233,1 0,0,0 1,233,1 0,0,0 12,0,2 0,0,0 1,233,1 1,233,1
ADDLINE 0,0,0 12,0,2 0,0,0 1,234,1 1,234,1 1,234,1 1,234,1 1,234,1 1,234,1
1,95,1 0,0,0 12,0,2 1,95,1 1,95,1 1,95,1 1,95,1 0,0,0 0,0,0
1,94,1 1,94,1 0,0,0 12,0,2 0,0,0 1,94,1 1,94,1 0,0,0 0,0,0
1,93,1 1,93,1 1,93,1 1,93,1 0,0,0 1,93,1 1,93,1 12,0,2 0,0,0
1,92,1 1,92,1 1,92,1 0,0,0 12,0,2 1,92,1 1,92,1 1,92,1 0,0,0
0,0,0 0,0,0 12,0,2 0,0,0 1,91,1 1,91,1 1,91,1 1,91,1 1,91,1
1,90,1 12,0,2 0,0,0 1,90,1 1,90,1 1,90,1 1,90,1 0,0,0 1,90,1
0,0,0 0,0,0 0,0,0 0,0,0 0,0,0 0,0,0 0,0,0 0,0,0 0,0,0
0,0,0 0,0,0 0,0,0 0,0,0 0,0,0 0,0,0 0,0,0 0,0,0 0,0,0
0,0,0 0,0,0 0,0,0 0,0,0 0,0,0 0,0,0 0,0,0 0,0,0 0,0,0