MODE 0
BALL 90
STARS 0/6500/9400
ADDLINE 0,0,0 0,0,0 0,0,0 0,0,0 1,106,1 1,106,1 0,0,0 12,0,2 1,106,1
ADDLINE 0,0,0 1,107,1 1,107,1 1,107,1 0,0,0 12,0,2 0,0,0 0,0,0 1,107,1
ADDLINE 0,0,0 0,0,0 0,0,0 1,108,1 1,108,1 1,108,1 1,108,1 12,0,2 0,0,0
ADDLINE 0,0,0 1,119,1 1,119,1 1,119,1 1,119,1 0,0,0 12,0,2 1,119,1 0,0,0
ADDLINE 1,120,1 12,0,2 0,0,0 1,120,1 1,120,1 1,120,1 1,120,1 1,120,1 0,0,0
ADDLINE 1,131,1 0,0,0 1,131,1 1,131,1 1,131,1 12,0,2 0,0,0 1,131,1 0,0,0
ADDLINE 1,142,1 1,142,1 0,0,0 1,142,1 12,0,2 1,142,1 1,142,1 1,142,1 0,0,0
ADDLINE 1,154,1 1,154,1 0,0,0 1,154,1 12,0,2 1,154,1 0,0,0 0,0,0 0,0,0
ADDLINE 1,124,1 0,0,0 0,0,0 12,0,2 1,124,1 0,0,0 0,0,0 1,124,1 1,124,1
ADDLINE 1,129,1 1,129,1 1,129,1 1,129,1 12,0,2 1,129,1 1,129,1 1,129,1 1,129,1
ADDLINE 0,0,0 0,0,0 0,0,0 1,148,1 0,0,0 1,148,1 12,0,2 0,0,0 0,0,0
ADDLINE 0,0,0 1,160,1 1,160,1 1,160,1 12,0,2 1,160,1 1,160,1 1,160,1 1,160,1
ADDLINE 0,0,0 12,0,2 0,0,0 1,128,1 0,0,0 0,0,0 0,0,0 1,128,1 1,128,1
ADDLINE 0,0,0 1,141,1 1,141,1 1,141,1 1,141,1 1,141,1 12,0,2 1,141,1 1,141,1
ADDLINE 0,0,0 1,153,1 1,153,1 1,153,1 1,153,1 1,153,1 12,0,2 1,153,1 1,153,1
ADDLINE 12,0,2 1,157,1 1,157,1 1,157,1 1,157,1 1,157,1 1,157,1 1,157,1 1,157,1
ADDLINE 0,0,0 1,133,1 1,133,1 1,133,1 1,133,1 1,133,1 12,0,2 0,0,0 0,0,0
ADDLINE 1,138,1 1,138,1 1,138,1 1,138,1 1,138,1 1,138,1 12,0,2 1,138,1 1,138,1
ADDLINE 0,0,0 1,158,1 12,0,2 1,158,1 0,0,0 1,158,1 1,158,1 1,158,1 0,0,0
ADDLINE 0,0,0 1,171,1 0,0,0 1,171,1 0,0,0 0,0,0 0,0,0 0,0,0 12,0,2
ADDLINE 1,131,1 1,131,1 12,0,2 1,131,1 1,131,1 1,131,1 1,131,1 1,131,1 1,131,1
ADDLINE 0,0,0 12,0,2 0,0,0 0,0,0 0,0,0 1,150,1 1,150,1 0,0,0 1,150,1
ADDLINE 1,163,1 1,163,1 1,163,1 1,163,1 12,0,2 1,163,1 1,163,1 1,163,1 0,0,0
ADDLINE 1,177,1 1,177,1 1,177,1 1,177,1 12,0,2 1,177,1 1,177,1 1,177,1 0,0,0
ADDLINE 1,142,1 1,142,1 1,142,1 1,142,1 12,0,2 1,142,1 1,142,1 1,142,1 0,0,0
ADDLINE 1,155,1 1,155,1 1,155,1 1,155,1 12,0,2 1,155,1 1,155,1 1,155,1 0,0,0
ADDLINE 1,168,1 1,168,1 1,168,1 1,168,1 12,0,2 1,168,1 1,168,1 1,168,1 0,0,0
ADDLINE 0,0,0 0,0,0 1,182,1 0,0,0 0,0,0 0,0,0 1,182,1 0,0,0 12,0,2
ADDLINE 0,0,0 1,146,1 12,0,2 0,0,0 1,146,1 1,146,1 1,146,1 1,146,1 1,146,1
ADDLINE 0,0,0 0,0,0 12,0,2 0,0,0 0,0,0 0,0,0 0,0,0 1,160,1 1,160,1
ADDLINE 1,174,1 1,174,1 1,174,1 1,174,1 12,0,2 0,0,0 0,0,0 1,174,1 1,174,1
ADDLINE 1,188,1 1,188,1 12,0,2 0,0,0 0,0,0 1,188,1 1,188,1 0,0,0 0,0,0
ADDLINE 1,150,1 1,150,1 0,0,0 1,150,1 0,0,0 12,0,2 1,150,1 1,150,1 0,0,0
ADDLINE 0,0,0 0,0,0 0,0,0 1,165,1 0,0,0 1,165,1 12,0,2 0,0,0 0,0,0
ADDLINE 1,179,1 0,0,0 1,179,1 1,179,1 1,179,1 1,179,1 12,0,2 0,0,0 1,179,1
ADDLINE 0,0,0 12,0,2 1,193,1 1,193,1 1,193,1 1,193,1 1,193,1 1,193,1 0,0,0
ADDLINE 1,155,1 1,155,1 1,155,1 12,0,2 1,155,1 0,0,0 1,155,1 1,155,1 1,155,1
ADDLINE 1,161,1 1,161,1 1,161,1 1,161,1 1,161,1 12,0,2 1,161,1 1,161,1 1,161,1
ADDLINE 1,184,1 0,0,0 0,0,0 0,0,0 12,0,2 0,0,0 0,0,0 0,0,0 1,184,1
ADDLINE 1,189,1 1,189,1 1,189,1 12,0,2 1,189,1 1,189,1 1,189,1 1,189,1 1,189,1
ADDLINE 1,159,1 0,0,0 12,0,2 0,0,0 1,159,1 1,159,1 1,159,1 1,159,1 1,159,1
ADDLINE 1,166,1 12,0,2 1,166,1 1,166,1 1,166,1 1,166,1 1,166,1 1,166,1 1,166,1
ADDLINE 0,0,0 0,0,0 1,231,1 12,0,2 1,231,1 1,231,1 1,231,1 1,231,1 1,231,1
ADDLINE 1,221,1 1,221,1 1,221,1 12,0,2 1,221,1 1,221,1 1,221,1 1,221,1 1,221,1
ADDLINE 1,234,1 1,234,1 1,234,1 0,0,0 0,0,0 0,0,0 12,0,2 0,0,0 0,0,0
1,91,1 1,91,1 1,91,1 12,0,2 1,91,1 1,91,1 1,91,1 1,91,1 1,91,1
1,90,1 1,90,1 1,90,1 12,0,2 1,90,1 1,90,1 1,90,1 1,90,1 1,90,1
0,0,0 0,0,0 12,0,2 0,0,0 1,93,1 1,93,1 1,93,1 1,93,1 1,93,1
1,88,1 1,88,1 1,88,1 12,0,2 1,88,1 1,88,1 1,88,1 1,88,1 1,88,1
1,91,1 0,0,0 0,0,0 0,0,0 0,0,0 0,0,0 0,0,0 12,0,2 0,0,0
1,86,1 1,86,1 1,86,1 1,86,1 1,86,1 1,86,1 1,86,1 12,0,2 1,86,1
0,0,0 0,0,0 0,0,0 0,0,0 0,0,0 0,0,0 0,0,0 0,0,0 0,0,0
0,0,0 0,0,0 0,0,0 0,0,0 0,0,0 0,0,0 0,0,0 0,0,0 0,0,0
0,0,0 0,0,0 0,0,0 0,0,0 0,0,0 0,0,0 0,0,0 0,0,0 0,0,0