MODE 0
BALL 90
STARS 0/6050/8650
ADDLINE 1,106,1 1,106,1 0,0,0 1,106,1 12,0,2 1,106,1 1,106,1 4,106,1 0,0,0
ADDLINE 5,107,1 5,107,1 12,0,2 1,107,1 0,0,0 0,0,0 0,0,0 1,107,1 0,0,0
ADDLINE 1,108,1 1,108,1 12,0,2 3,108,1 1,108,1 1,108,1 1,216,1 1,216,1 0,0,0
ADDLINE 0,0,0 1,238,1 12,0,2 1,238,1 1,238,1 1,238,1 0,0,0 10,0,2 1,238,1
ADDLINE 12,0,2 1,114,1 1,114,1 2,114,1 5,114,1 1,114,1 1,228,1 1,228,1 1,114,1
ADDLINE 0,0,0 1,131,1 0,0,0 0,0,0 0,0,0 0,0,0 0,0,0 1,131,1 12,0,2
ADDLINE 0,0,0 1,142,1 12,0,2 1,142,1 4,142,1 1,142,1 1,142,1 1,142,1 0,0,0
ADDLINE 0,0,0 1,308,1 0,0,0 0,0,0 12,0,2 0,0,0 0,0,0 0,0,0 8,0,2
ADDLINE 0,0,0 1,124,1 12,0,2 1,124,1 1,248,1 1,248,1 1,248,1 1,124,1 2,124,1
ADDLINE 0,0,0 0,0,0 12,0,2 1,136,1 1,272,1 7,0,2 1,272,1 1,136,1 1,136,1
ADDLINE 0,0,0 12,0,2 0,0,0 1,148,1 1,296,1 1,296,1 1,296,1 1,148,1 1,148,1
ADDLINE 0,0,0 0,0,0 12,0,2 0,0,0 11,0,2 1,320,1 3,160,1 2,160,1 1,160,1
ADDLINE 1,128,1 1,128,1 12,0,2 0,0,0 0,0,0 0,0,0 1,256,1 1,256,1 5,128,1
ADDLINE 1,282,1 1,282,1 12,0,2 1,282,1 1,282,1 0,0,0 10,0,2 1,282,1 1,282,1
ADDLINE 1,153,1 1,153,1 0,0,0 0,0,0 0,0,0 12,0,2 0,0,0 1,306,1 2,153,1
ADDLINE 1,330,1 1,330,1 12,0,2 8,0,2 0,0,0 1,330,1 1,330,1 1,330,1 1,330,1
ADDLINE 1,133,1 1,133,1 12,0,2 0,0,0 0,0,0 5,133,1 1,133,1 3,133,1 1,133,1
ADDLINE 1,145,1 0,0,0 0,0,0 0,0,0 12,0,2 11,0,2 1,290,1 1,145,1 1,145,1
ADDLINE 1,151,1 1,151,1 1,151,1 1,151,1 1,302,1 1,302,1 12,0,2 1,151,1 1,151,1
ADDLINE 1,171,1 2,171,1 1,171,1 2,171,1 1,171,1 5,171,1 12,0,2 0,0,0 0,0,0
ADDLINE 4,137,1 5,137,1 1,137,1 1,137,1 1,137,1 1,137,1 1,137,1 12,0,2 0,0,0
ADDLINE 3,150,1 2,150,1 1,150,1 1,150,1 1,150,1 1,150,1 1,150,1 12,0,2 0,0,0
ADDLINE 3,163,1 0,0,0 1,163,1 5,163,1 12,0,2 0,0,0 0,0,0 0,0,0 0,0,0
ADDLINE 0,0,0 1,177,1 1,177,1 12,0,2 1,177,1 1,177,1 0,0,0 1,177,1 1,177,1
ADDLINE 0,0,0 1,142,1 1,142,1 0,0,0 1,142,1 2,142,1 12,0,2 1,142,1 5,142,1
ADDLINE 0,0,0 0,0,0 0,0,0 0,0,0 12,0,2 0,0,0 0,0,0 1,155,1 1,155,1
ADDLINE 4,168,1 1,168,1 1,168,1 2,168,1 1,168,1 1,168,1 12,0,2 0,0,0 0,0,0
ADDLINE 0,0,0 0,0,0 0,0,0 0,0,0 12,0,2 0,0,0 0,0,0 5,182,1 0,0,0
ADDLINE 12,0,2 1,139,1 1,139,1 1,139,1 1,139,1 1,139,1 1,139,1 1,139,1 3,139,1
ADDLINE 0,0,0 1,160,1 0,0,0 0,0,0 0,0,0 0,0,0 0,0,0 0,0,0 12,0,2
ADDLINE 11,0,2 1,348,1 3,174,1 4,174,1 2,174,1 1,174,1 1,174,1 2,174,1 12,0,2
ADDLINE 0,0,0 1,376,1 1,188,1 1,188,1 12,0,2 0,0,0 0,0,0 1,188,1 0,0,0
ADDLINE 0,0,0 1,150,1 1,150,1 1,150,1 12,0,2 1,150,1 1,150,1 1,150,1 0,0,0
ADDLINE 0,0,0 0,0,0 0,0,0 12,0,2 1,165,1 3,165,1 0,0,0 0,0,0 0,0,0
ADDLINE 2,170,1 1,170,1 2,170,1 1,170,1 12,0,2 1,170,1 1,170,1 1,170,1 5,170,1
ADDLINE 0,0,0 12,0,2 0,0,0 1,193,1 0,0,0 1,193,1 1,193,1 1,193,1 1,193,1
ADDLINE 1,147,1 1,147,1 1,147,1 1,147,1 5,147,1 1,147,1 1,147,1 2,147,1 12,0,2
ADDLINE 1,338,1 8,0,2 0,0,0 0,0,0 0,0,0 0,0,0 0,0,0 12,0,2 0,0,0
ADDLINE 1,184,1 0,0,0 0,0,0 0,0,0 12,0,2 0,0,0 4,184,1 1,184,1 1,184,1
ADDLINE 1,199,1 1,199,1 1,199,1 1,199,1 12,0,2 0,0,0 1,199,1 1,199,1 1,199,1
ADDLINE 1,159,1 4,159,1 5,159,1 12,0,2 0,0,0 1,318,1 1,318,1 1,318,1 1,159,1
ADDLINE 3,174,1 1,174,1 1,174,1 12,0,2 1,174,1 1,348,1 7,0,2 1,348,1 4,174,1
ADDLINE 1,231,1 1,231,1 12,0,2 0,0,0 3,231,1 1,462,1 1,462,1 1,462,1 1,231,1
ADDLINE 1,221,1 1,221,1 12,0,2 1,221,1 5,221,1 1,442,1 1,442,1 1,442,1 1,221,1
ADDLINE 1,234,1 1,234,1 12,0,2 0,0,0 0,0,0 0,0,0 7,0,2 1,468,1 2,234,1
1,95,1 1,95,1 1,190,1 0,0,0 12,0,2 0,0,0 0,0,0 3,95,1 1,95,1
1,94,1 12,0,2 0,0,0 17,94,1 1,188,1 0,0,0 1,188,1 1,188,1 4,94,1
1,93,1 12,0,2 1,186,1 1,186,1 1,186,1 0,0,0 1,186,1 17,93,1 1,93,1
1,92,1 0,0,0 0,0,0 0,0,0 12,0,2 0,0,0 1,184,1 1,184,1 1,92,1
2,91,1 0,0,0 4,91,1 1,182,1 5,91,1 12,0,2 0,0,0 1,182,1 1,91,1
1,90,1 12,0,2 4,90,1 1,180,1 1,90,1 1,90,1 0,0,0 1,180,1 1,90,1
0,0,0 0,0,0 0,0,0 0,0,0 0,0,0 0,0,0 0,0,0 0,0,0 0,0,0
0,0,0 0,0,0 0,0,0 0,0,0 0,0,0 0,0,0 0,0,0 0,0,0 0,0,0
0,0,0 0,0,0 0,0,0 0,0,0 0,0,0 0,0,0 0,0,0 0,0,0 0,0,0