MODE 0
BALL 90
STARS 0/6600/9500
ADDLINE 0,0,0 12,0,2 1,106,1 0,0,0 0,0,0 0,0,0 0,0,0 0,0,0 0,0,0
ADDLINE 1,107,1 1,107,1 12,0,2 0,0,0 1,107,1 3,107,1 0,0,0 1,107,1 5,107,1
ADDLINE 1,108,1 1,108,1 0,0,0 1,108,1 12,0,2 0,0,0 0,0,0 2,108,1 1,108,1
ADDLINE 0,0,0 0,0,0 0,0,0 0,0,0 0,0,0 0,0,0 12,0,2 2,119,1 1,119,1
ADDLINE 0,0,0 1,120,1 1,120,1 2,120,1 5,120,1 1,120,1 0,0,0 12,0,2 0,0,0
ADDLINE 0,0,0 1,131,1 1,131,1 1,131,1 1,131,1 4,131,1 1,131,1 1,131,1 12,0,2
ADDLINE 1,142,1 12,0,2 0,0,0 0,0,0 1,142,1 3,142,1 4,142,1 1,142,1 0,0,0
ADDLINE 1,154,1 0,0,0 2,154,1 1,154,1 1,154,1 1,154,1 12,0,2 0,0,0 0,0,0
ADDLINE 1,124,1 0,0,0 0,0,0 0,0,0 12,0,2 0,0,0 0,0,0 1,124,1 1,124,1
ADDLINE 1,136,1 12,0,2 1,136,1 0,0,0 1,136,1 1,136,1 1,136,1 1,136,1 1,136,1
ADDLINE 3,148,1 12,0,2 1,148,1 0,0,0 1,148,1 4,148,1 1,148,1 2,148,1 1,148,1
ADDLINE 0,0,0 12,0,2 1,160,1 2,160,1 0,0,0 0,0,0 0,0,0 0,0,0 1,160,1
ADDLINE 1,122,1 1,122,1 1,122,1 2,122,1 1,122,1 1,122,1 4,122,1 12,0,2 1,122,1
ADDLINE 1,141,1 1,141,1 1,141,1 0,0,0 0,0,0 0,0,0 0,0,0 12,0,2 0,0,0
ADDLINE 1,146,1 3,146,1 1,146,1 12,0,2 4,146,1 1,146,1 1,146,1 1,146,1 3,146,1
ADDLINE 1,165,1 0,0,0 12,0,2 0,0,0 1,165,1 4,165,1 4,165,1 5,165,1 1,165,1
ADDLINE 1,133,1 12,0,2 1,133,1 0,0,0 1,133,1 1,133,1 1,133,1 1,133,1 1,133,1
ADDLINE 1,145,1 12,0,2 3,145,1 0,0,0 1,145,1 1,145,1 3,145,1 1,145,1 1,145,1
ADDLINE 0,0,0 1,158,1 1,158,1 1,158,1 12,0,2 1,158,1 3,158,1 4,158,1 1,158,1
ADDLINE 12,0,2 1,163,1 1,163,1 1,163,1 2,163,1 1,163,1 1,163,1 1,163,1 1,163,1
ADDLINE 0,0,0 1,137,1 1,137,1 1,137,1 12,0,2 3,137,1 4,137,1 1,137,1 2,137,1
ADDLINE 5,143,1 3,143,1 1,143,1 1,143,1 12,0,2 1,143,1 1,143,1 1,143,1 3,143,1
ADDLINE 0,0,0 0,0,0 1,163,1 0,0,0 0,0,0 0,0,0 1,163,1 12,0,2 1,163,1
ADDLINE 1,168,1 1,168,1 4,168,1 12,0,2 1,168,1 1,168,1 5,168,1 1,168,1 1,168,1
ADDLINE 0,0,0 0,0,0 0,0,0 12,0,2 0,0,0 1,142,1 0,0,0 0,0,0 0,0,0
ADDLINE 1,155,1 1,155,1 1,155,1 1,155,1 12,0,2 5,155,1 1,155,1 1,155,1 0,0,0
ADDLINE 0,0,0 0,0,0 0,0,0 2,168,1 12,0,2 1,168,1 1,168,1 3,168,1 0,0,0
ADDLINE 1,182,1 3,182,1 4,182,1 0,0,0 0,0,0 12,0,2 0,0,0 0,0,0 0,0,0
ADDLINE 1,146,1 0,0,0 0,0,0 1,146,1 1,146,1 1,146,1 12,0,2 0,0,0 0,0,0
ADDLINE 1,160,1 0,0,0 1,160,1 0,0,0 12,0,2 0,0,0 1,160,1 1,160,1 5,160,1
ADDLINE 2,174,1 12,0,2 5,174,1 2,174,1 1,174,1 0,0,0 0,0,0 1,174,1 1,174,1
ADDLINE 1,188,1 12,0,2 0,0,0 0,0,0 0,0,0 0,0,0 1,188,1 1,188,1 1,188,1
ADDLINE 4,150,1 1,150,1 1,150,1 1,150,1 12,0,2 0,0,0 0,0,0 0,0,0 0,0,0
ADDLINE 0,0,0 0,0,0 12,0,2 1,165,1 2,165,1 0,0,0 5,165,1 4,165,1 1,165,1
ADDLINE 1,179,1 1,179,1 1,179,1 12,0,2 0,0,0 0,0,0 1,179,1 5,179,1 1,179,1
ADDLINE 1,193,1 1,193,1 0,0,0 12,0,2 0,0,0 0,0,0 0,0,0 1,193,1 1,193,1
ADDLINE 2,147,1 12,0,2 1,147,1 1,147,1 1,147,1 1,147,1 1,147,1 1,147,1 1,147,1
ADDLINE 0,0,0 12,0,2 0,0,0 0,0,0 5,169,1 2,169,1 1,169,1 1,169,1 1,169,1
ADDLINE 1,175,1 4,175,1 1,175,1 12,0,2 4,175,1 1,175,1 1,175,1 1,175,1 1,175,1
ADDLINE 1,189,1 1,189,1 2,189,1 12,0,2 2,189,1 1,189,1 1,189,1 1,189,1 1,189,1
ADDLINE 1,152,1 1,152,1 3,152,1 12,0,2 1,152,1 1,152,1 5,152,1 1,152,1 1,152,1
ADDLINE 3,174,1 0,0,0 1,174,1 0,0,0 12,0,2 0,0,0 0,0,0 0,0,0 1,174,1
ADDLINE 1,220,1 12,0,2 1,220,1 3,220,1 1,220,1 1,220,1 1,220,1 1,220,1 1,220,1
ADDLINE 1,233,1 0,0,0 0,0,0 12,0,2 0,0,0 0,0,0 1,233,1 1,233,1 3,233,1
ADDLINE 1,234,1 12,0,2 2,234,1 1,234,1 2,234,1 0,0,0 1,234,1 1,234,1 4,234,1
0,0,0 1,95,1 1,95,1 1,95,1 3,95,1 1,95,1 0,0,0 1,95,1 12,0,2
12,0,2 1,90,1 1,90,1 5,90,1 1,90,1 1,90,1 1,90,1 2,90,1 1,90,1
0,0,0 0,0,0 0,0,0 12,0,2 0,0,0 0,0,0 0,0,0 3,93,1 1,93,1
1,88,1 4,88,1 1,88,1 1,88,1 1,88,1 1,88,1 12,0,2 5,88,1 1,88,1
4,91,1 1,91,1 2,91,1 5,91,1 12,0,2 1,91,1 0,0,0 2,91,1 1,91,1
1,86,1 1,86,1 1,86,1 1,86,1 1,86,1 1,86,1 12,0,2 1,86,1 1,86,1
0,0,0 0,0,0 0,0,0 0,0,0 0,0,0 0,0,0 0,0,0 0,0,0 0,0,0
0,0,0 0,0,0 0,0,0 0,0,0 0,0,0 0,0,0 0,0,0 0,0,0 0,0,0
0,0,0 0,0,0 0,0,0 0,0,0 0,0,0 0,0,0 0,0,0 0,0,0 0,0,0