MODE 0
BALL 90
STARS 0/6800/9300
ADDLINE 1,101,1 4,101,1 12,0,2 1,101,1 1,101,1 5,101,1 1,101,1 1,101,1 1,101,1
ADDLINE 1,107,1 1,107,1 0,0,0 1,107,1 12,0,2 0,0,0 0,0,0 0,0,0 0,0,0
ADDLINE 1,108,1 3,108,1 12,0,2 1,108,1 0,0,0 3,108,1 1,108,1 1,108,1 1,108,1
ADDLINE 0,0,0 0,0,0 0,0,0 1,119,1 12,0,2 5,119,1 0,0,0 0,0,0 0,0,0
ADDLINE 1,114,1 3,114,1 1,114,1 1,114,1 12,0,2 1,114,1 1,114,1 1,114,1 1,114,1
ADDLINE 0,0,0 12,0,2 0,0,0 2,131,1 0,0,0 1,131,1 1,131,1 1,131,1 5,131,1
ADDLINE 1,142,1 1,142,1 12,0,2 1,142,1 0,0,0 5,142,1 1,142,1 4,142,1 4,142,1
ADDLINE 0,0,0 0,0,0 0,0,0 1,154,1 12,0,2 0,0,0 0,0,0 0,0,0 0,0,0
ADDLINE 1,118,1 1,118,1 12,0,2 1,118,1 1,118,1 1,118,1 1,118,1 3,118,1 1,118,1
ADDLINE 5,129,1 1,129,1 1,129,1 1,129,1 1,129,1 12,0,2 1,129,1 4,129,1 1,129,1
ADDLINE 1,148,1 1,148,1 1,148,1 1,148,1 1,148,1 12,0,2 0,0,0 1,148,1 1,148,1
ADDLINE 2,160,1 1,160,1 2,160,1 4,160,1 1,160,1 1,160,1 12,0,2 0,0,0 0,0,0
ADDLINE 1,128,1 1,128,1 1,128,1 12,0,2 0,0,0 0,0,0 0,0,0 0,0,0 0,0,0
ADDLINE 3,141,1 2,141,1 1,141,1 0,0,0 12,0,2 0,0,0 0,0,0 0,0,0 1,141,1
ADDLINE 1,153,1 4,153,1 1,153,1 1,153,1 1,153,1 12,0,2 0,0,0 0,0,0 1,153,1
ADDLINE 3,165,1 1,165,1 0,0,0 12,0,2 0,0,0 0,0,0 2,165,1 1,165,1 3,165,1
ADDLINE 1,133,1 12,0,2 0,0,0 1,133,1 5,133,1 1,133,1 1,133,1 1,133,1 1,133,1
ADDLINE 1,145,1 12,0,2 0,0,0 5,145,1 1,145,1 1,145,1 1,145,1 1,145,1 1,145,1
ADDLINE 1,151,1 1,151,1 2,151,1 1,151,1 1,151,1 1,151,1 1,151,1 1,151,1 12,0,2
ADDLINE 4,163,1 1,163,1 1,163,1 1,163,1 1,163,1 1,163,1 1,163,1 3,163,1 12,0,2
ADDLINE 1,137,1 4,137,1 1,137,1 3,137,1 1,137,1 2,137,1 12,0,2 0,0,0 0,0,0
ADDLINE 1,150,1 1,150,1 1,150,1 1,150,1 1,150,1 3,150,1 0,0,0 12,0,2 0,0,0
ADDLINE 1,163,1 0,0,0 0,0,0 12,0,2 0,0,0 0,0,0 0,0,0 0,0,0 0,0,0
ADDLINE 5,177,1 0,0,0 0,0,0 0,0,0 0,0,0 12,0,2 0,0,0 0,0,0 1,177,1
ADDLINE 1,142,1 1,142,1 1,142,1 3,142,1 1,142,1 4,142,1 12,0,2 0,0,0 1,142,1
ADDLINE 1,155,1 1,155,1 5,155,1 1,155,1 1,155,1 1,155,1 0,0,0 12,0,2 0,0,0
ADDLINE 1,168,1 1,168,1 4,168,1 1,168,1 0,0,0 0,0,0 12,0,2 0,0,0 0,0,0
ADDLINE 1,173,1 1,173,1 4,173,1 2,173,1 1,173,1 1,173,1 1,173,1 12,0,2 1,173,1
ADDLINE 0,0,0 0,0,0 12,0,2 0,0,0 0,0,0 4,146,1 0,0,0 0,0,0 0,0,0
ADDLINE 12,0,2 1,152,1 1,152,1 3,152,1 1,152,1 1,152,1 1,152,1 1,152,1 1,152,1
ADDLINE 0,0,0 1,174,1 0,0,0 0,0,0 0,0,0 0,0,0 0,0,0 12,0,2 0,0,0
ADDLINE 0,0,0 1,188,1 12,0,2 4,188,1 5,188,1 1,188,1 1,188,1 1,188,1 1,188,1
ADDLINE 0,0,0 1,150,1 0,0,0 0,0,0 0,0,0 0,0,0 0,0,0 0,0,0 12,0,2
ADDLINE 1,157,1 5,157,1 12,0,2 1,157,1 1,157,1 3,157,1 1,157,1 1,157,1 1,157,1
ADDLINE 0,0,0 12,0,2 0,0,0 1,179,1 1,179,1 1,179,1 1,179,1 1,179,1 0,0,0
ADDLINE 0,0,0 1,193,1 12,0,2 5,193,1 3,193,1 1,193,1 1,193,1 4,193,1 0,0,0
ADDLINE 1,147,1 1,147,1 1,147,1 2,147,1 12,0,2 1,147,1 4,147,1 1,147,1 4,147,1
ADDLINE 1,169,1 0,0,0 12,0,2 0,0,0 0,0,0 1,169,1 1,169,1 1,169,1 1,169,1
ADDLINE 1,184,1 12,0,2 0,0,0 0,0,0 0,0,0 0,0,0 0,0,0 0,0,0 5,184,1
ADDLINE 1,199,1 1,199,1 1,199,1 5,199,1 1,199,1 1,199,1 12,0,2 0,0,0 1,199,1
ADDLINE 1,159,1 1,159,1 4,159,1 5,159,1 1,159,1 1,159,1 12,0,2 0,0,0 0,0,0
ADDLINE 1,174,1 1,174,1 1,174,1 1,174,1 4,174,1 1,174,1 2,174,1 12,0,2 0,0,0
ADDLINE 3,231,1 4,231,1 1,231,1 1,231,1 1,231,1 12,0,2 0,0,0 0,0,0 1,231,1
ADDLINE 3,233,1 1,233,1 2,233,1 12,0,2 0,0,0 0,0,0 1,233,1 1,233,1 1,233,1
ADDLINE 2,234,1 1,234,1 1,234,1 12,0,2 0,0,0 1,234,1 1,234,1 1,234,1 1,234,1
1,95,1 1,95,1 1,95,1 0,0,0 0,0,0 1,95,1 0,0,0 12,0,2 0,0,0
1,94,1 3,94,1 1,94,1 2,94,1 12,0,2 0,0,0 0,0,0 1,94,1 1,94,1
1,93,1 1,93,1 1,93,1 5,93,1 1,93,1 5,93,1 1,93,1 12,0,2 0,0,0
1,88,1 1,88,1 4,88,1 1,88,1 12,0,2 1,88,1 1,88,1 5,88,1 1,88,1
2,91,1 5,91,1 1,91,1 1,91,1 0,0,0 1,91,1 0,0,0 12,0,2 0,0,0
2,90,1 1,90,1 1,90,1 12,0,2 1,90,1 1,90,1 1,90,1 1,90,1 0,0,0
0,0,0 0,0,0 0,0,0 0,0,0 0,0,0 0,0,0 0,0,0 0,0,0 0,0,0
0,0,0 0,0,0 0,0,0 0,0,0 0,0,0 0,0,0 0,0,0 0,0,0 0,0,0
0,0,0 0,0,0 0,0,0 0,0,0 0,0,0 0,0,0 0,0,0 0,0,0 0,0,0