MODE 0
BALL 90
STARS 0/8000/11500
ADDLINE 0,0,0 1,212,1 1,212,1 1,212,1 1,212,1 1,212,1 12,0,2 1,212,1 19,106,1
ADDLINE 0,0,0 1,214,1 1,214,1 16,107,1 1,214,1 1,214,1 1,214,1 1,214,1 12,0,2
ADDLINE 1,108,1 1,108,1 0,0,0 1,108,1 4,108,1 12,0,2 0,0,0 1,108,1 0,0,0
ADDLINE 1,238,1 1,238,1 12,0,2 1,238,1 1,238,1 16,119,1 1,238,1 1,238,1 0,0,0
ADDLINE 1,120,1 0,0,0 12,0,2 3,120,1 0,0,0 1,120,1 0,0,0 1,120,1 0,0,0
ADDLINE 0,0,0 0,0,0 1,131,1 1,131,1 0,0,0 0,0,0 12,0,2 0,0,0 4,131,1
ADDLINE 0,0,0 1,142,1 1,284,1 1,284,1 1,284,1 0,0,0 1,142,1 12,0,2 1,142,1
ADDLINE 0,0,0 0,0,0 1,308,1 20,154,1 1,308,1 4,154,1 0,0,0 12,0,2 1,154,1
ADDLINE 0,0,0 0,0,0 1,248,1 0,0,0 1,248,1 1,124,1 12,0,2 3,124,1 1,124,1
ADDLINE 0,0,0 0,0,0 0,0,0 0,0,0 1,136,1 12,0,2 0,0,0 0,0,0 0,0,0
ADDLINE 1,141,1 1,141,1 1,141,1 1,141,1 5,141,1 12,0,2 1,141,1 4,141,1 1,141,1
ADDLINE 3,152,1 1,152,1 1,152,1 5,152,1 1,152,1 12,0,2 1,152,1 1,152,1 1,152,1
ADDLINE 1,256,1 1,256,1 1,256,1 1,256,1 1,256,1 12,0,2 16,128,1 1,256,1 1,256,1
ADDLINE 0,0,0 0,0,0 0,0,0 0,0,0 1,141,1 12,0,2 0,0,0 0,0,0 1,141,1
ADDLINE 1,146,1 12,0,2 2,146,1 1,146,1 1,146,1 1,146,1 5,146,1 1,146,1 1,146,1
ADDLINE 5,165,1 12,0,2 1,165,1 1,165,1 1,165,1 1,165,1 1,165,1 0,0,0 2,165,1
ADDLINE 4,133,1 12,0,2 1,133,1 1,133,1 5,133,1 1,133,1 1,133,1 0,0,0 1,133,1
ADDLINE 0,0,0 12,0,2 16,145,1 1,290,1 1,290,1 1,290,1 1,290,1 1,290,1 1,290,1
ADDLINE 1,158,1 1,316,1 17,158,1 12,0,2 1,316,1 0,0,0 1,158,1 0,0,0 0,0,0
ADDLINE 1,171,1 12,0,2 1,342,1 1,342,1 17,171,1 1,342,1 4,171,1 1,171,1 1,171,1
ADDLINE 1,137,1 0,0,0 0,0,0 12,0,2 1,274,1 1,274,1 1,137,1 1,137,1 2,137,1
ADDLINE 3,150,1 2,150,1 1,150,1 12,0,2 1,150,1 0,0,0 1,150,1 5,150,1 1,150,1
ADDLINE 16,163,1 1,326,1 1,326,1 1,326,1 1,326,1 12,0,2 1,326,1 0,0,0 1,326,1
ADDLINE 5,177,1 1,177,1 1,177,1 12,0,2 1,177,1 1,177,1 1,177,1 0,0,0 1,177,1
ADDLINE 3,142,1 4,142,1 4,142,1 12,0,2 1,142,1 1,142,1 1,142,1 0,0,0 1,142,1
ADDLINE 1,148,1 1,148,1 1,148,1 1,148,1 3,148,1 1,148,1 1,148,1 12,0,2 1,148,1
ADDLINE 0,0,0 0,0,0 12,0,2 0,0,0 1,168,1 1,168,1 1,168,1 0,0,0 2,168,1
ADDLINE 0,0,0 12,0,2 1,182,1 1,182,1 1,182,1 1,182,1 1,182,1 0,0,0 0,0,0
ADDLINE 4,146,1 1,292,1 1,292,1 0,0,0 0,0,0 0,0,0 0,0,0 12,0,2 0,0,0
ADDLINE 0,0,0 1,320,1 20,160,1 1,320,1 12,0,2 0,0,0 1,160,1 2,160,1 1,160,1
ADDLINE 0,0,0 1,348,1 12,0,2 1,348,1 0,0,0 5,174,1 1,174,1 1,174,1 1,174,1
ADDLINE 0,0,0 0,0,0 12,0,2 0,0,0 0,0,0 0,0,0 0,0,0 0,0,0 1,188,1
ADDLINE 2,150,1 1,150,1 1,150,1 1,150,1 1,150,1 4,150,1 12,0,2 1,150,1 0,0,0
ADDLINE 1,165,1 1,165,1 5,165,1 1,165,1 4,165,1 1,330,1 12,0,2 1,330,1 0,0,0
ADDLINE 1,179,1 1,179,1 1,179,1 1,179,1 12,0,2 1,358,1 20,179,1 1,358,1 2,179,1
ADDLINE 1,193,1 0,0,0 12,0,2 0,0,0 0,0,0 0,0,0 1,386,1 1,386,1 1,193,1
ADDLINE 3,155,1 1,155,1 1,155,1 0,0,0 0,0,0 0,0,0 0,0,0 12,0,2 0,0,0
ADDLINE 1,161,1 3,161,1 1,161,1 1,161,1 5,161,1 12,0,2 1,161,1 4,161,1 1,161,1
ADDLINE 0,0,0 0,0,0 12,0,2 0,0,0 1,184,1 0,0,0 1,184,1 1,184,1 1,184,1
ADDLINE 1,398,1 1,398,1 1,398,1 1,398,1 16,199,1 12,0,2 1,398,1 1,398,1 1,398,1
ADDLINE 1,152,1 1,152,1 1,152,1 1,152,1 1,152,1 12,0,2 1,152,1 1,152,1 1,152,1
ADDLINE 1,166,1 2,166,1 4,166,1 2,166,1 1,166,1 12,0,2 5,166,1 1,166,1 1,166,1
ADDLINE 1,231,1 1,462,1 1,462,1 5,231,1 1,231,1 12,0,2 0,0,0 0,0,0 0,0,0
ADDLINE 1,466,1 19,233,1 1,466,1 1,466,1 1,466,1 1,466,1 1,466,1 12,0,2 1,466,1
ADDLINE 0,0,0 1,468,1 1,468,1 1,468,1 1,468,1 1,468,1 1,468,1 12,0,2 19,234,1
0,0,0 2,95,1 0,0,0 1,95,1 1,190,1 20,95,1 12,0,2 1,190,1 1,190,1
0,0,0 0,0,0 0,0,0 1,94,1 1,188,1 12,0,2 0,0,0 0,0,0 0,0,0
5,89,1 1,89,1 1,89,1 1,89,1 12,0,2 1,89,1 1,89,1 1,89,1 3,89,1
0,0,0 12,0,2 0,0,0 1,92,1 0,0,0 0,0,0 0,0,0 0,0,0 0,0,0
1,87,1 1,87,1 5,87,1 1,87,1 12,0,2 1,87,1 1,87,1 4,87,1 1,87,1
1,86,1 1,86,1 4,86,1 1,86,1 12,0,2 1,86,1 3,86,1 1,86,1 1,86,1
0,0,0 0,0,0 0,0,0 0,0,0 0,0,0 0,0,0 0,0,0 0,0,0 0,0,0
0,0,0 0,0,0 0,0,0 0,0,0 0,0,0 0,0,0 0,0,0 0,0,0 0,0,0
0,0,0 0,0,0 0,0,0 0,0,0 0,0,0 0,0,0 0,0,0 0,0,0 0,0,0