MODE 0
BALL 50
STARS 0/1900/2700
ADDLINE 1,50,1 3,50,1 1,50,1 1,50,1 12,0,2 5,50,1 1,50,1 1,50,1 0,0,0
ADDLINE 4,54,1 1,54,1 1,54,1 0,0,0 0,0,0 12,0,2 0,0,0 0,0,0 0,0,0
ADDLINE 1,61,1 1,61,1 12,0,2 0,0,0 1,61,1 0,0,0 5,61,1 1,61,1 0,0,0
ADDLINE 1,62,1 1,62,1 0,0,0 12,0,2 1,62,1 1,62,1 0,0,0 3,62,1 1,62,1
ADDLINE 5,59,1 4,59,1 1,59,1 1,59,1 1,59,1 12,0,2 1,59,1 0,0,0 1,59,1
ADDLINE 1,88,1 0,0,0 1,88,1 1,88,1 1,88,1 1,88,1 0,0,0 12,0,2 1,88,1
0,0,0 1,52,1 12,0,2 0,0,0 0,0,0 3,52,1 0,0,0 4,52,1 0,0,0
1,51,1 1,51,1 0,0,0 1,51,1 12,0,2 5,51,1 0,0,0 1,51,1 1,51,1
1,50,1 1,50,1 12,0,2 1,50,1 4,50,1 3,50,1 0,0,0 1,50,1 0,0,0
1,49,1 1,49,1 1,49,1 1,49,1 0,0,0 4,49,1 0,0,0 1,49,1 12,0,2
0,0,0 1,48,1 0,0,0 0,0,0 0,0,0 3,48,1 0,0,0 12,0,2 0,0,0
0,0,0 1,45,1 12,0,2 1,45,1 4,45,1 4,45,1 3,45,1 1,45,1 1,45,1
0,0,0 0,0,0 0,0,0 0,0,0 0,0,0 0,0,0 0,0,0 0,0,0 0,0,0
0,0,0 0,0,0 0,0,0 0,0,0 0,0,0 0,0,0 0,0,0 0,0,0 0,0,0
0,0,0 0,0,0 0,0,0 0,0,0 0,0,0 0,0,0 0,0,0 0,0,0 0,0,0