MODE 0
BALL 90
STARS 0/6200/9000
ADDLINE 1,212,1 0,0,0 12,0,2 0,0,0 1,106,1 0,0,0 0,0,0 0,0,0 0,0,0
ADDLINE 1,107,1 12,0,2 1,107,1 0,0,0 1,107,1 0,0,0 1,107,1 1,107,1 1,107,1
ADDLINE 1,108,1 0,0,0 1,108,1 12,0,2 1,108,1 0,0,0 1,108,1 1,108,1 1,108,1
ADDLINE 1,119,1 0,0,0 1,119,1 12,0,2 1,119,1 0,0,0 1,119,1 1,119,1 1,119,1
ADDLINE 1,120,1 0,0,0 1,240,1 0,0,0 1,240,1 12,0,2 0,0,0 0,0,0 1,120,1
ADDLINE 1,262,1 1,262,1 1,262,1 10,0,2 1,262,1 12,0,2 1,262,1 0,0,0 1,262,1
ADDLINE 0,0,0 0,0,0 0,0,0 0,0,0 1,284,1 0,0,0 1,142,1 12,0,2 1,142,1
ADDLINE 1,308,1 12,0,2 1,308,1 1,308,1 1,308,1 8,0,2 1,308,1 1,308,1 1,308,1
ADDLINE 1,124,1 0,0,0 1,124,1 1,124,1 1,124,1 0,0,0 1,124,1 12,0,2 0,0,0
ADDLINE 1,129,1 1,129,1 1,129,1 1,129,1 1,129,1 1,129,1 1,129,1 1,258,1 12,0,2
ADDLINE 1,296,1 1,296,1 1,296,1 1,296,1 1,296,1 1,296,1 1,296,1 12,0,2 10,0,2
ADDLINE 1,160,1 1,160,1 1,160,1 1,160,1 1,160,1 1,160,1 1,160,1 12,0,2 0,0,0
ADDLINE 1,128,1 1,256,1 1,256,1 1,256,1 1,128,1 1,128,1 0,0,0 12,0,2 0,0,0
ADDLINE 0,0,0 12,0,2 7,0,2 0,0,0 0,0,0 0,0,0 0,0,0 1,141,1 1,141,1
ADDLINE 12,0,2 1,292,1 1,292,1 1,292,1 1,146,1 1,146,1 1,146,1 1,146,1 1,146,1
ADDLINE 0,0,0 12,0,2 1,165,1 1,165,1 1,165,1 1,165,1 1,165,1 1,165,1 1,165,1
ADDLINE 1,133,1 0,0,0 0,0,0 0,0,0 12,0,2 0,0,0 0,0,0 0,0,0 1,133,1
ADDLINE 1,145,1 1,145,1 1,145,1 0,0,0 0,0,0 12,0,2 0,0,0 0,0,0 1,145,1
ADDLINE 1,158,1 1,158,1 1,158,1 1,158,1 1,158,1 0,0,0 12,0,2 1,158,1 1,158,1
ADDLINE 1,342,1 1,342,1 1,342,1 1,342,1 1,342,1 1,342,1 8,0,2 12,0,2 0,0,0
ADDLINE 1,137,1 1,137,1 1,274,1 1,274,1 1,274,1 1,137,1 0,0,0 12,0,2 0,0,0
ADDLINE 1,150,1 1,150,1 1,300,1 7,0,2 1,300,1 1,150,1 1,150,1 12,0,2 0,0,0
ADDLINE 1,163,1 1,163,1 1,326,1 1,326,1 1,326,1 1,163,1 12,0,2 0,0,0 0,0,0
ADDLINE 1,177,1 1,177,1 1,177,1 1,177,1 1,177,1 12,0,2 0,0,0 0,0,0 0,0,0
ADDLINE 1,142,1 1,142,1 1,142,1 1,142,1 1,142,1 0,0,0 12,0,2 0,0,0 1,142,1
ADDLINE 0,0,0 0,0,0 12,0,2 0,0,0 0,0,0 0,0,0 0,0,0 1,155,1 0,0,0
ADDLINE 0,0,0 1,168,1 0,0,0 0,0,0 0,0,0 0,0,0 12,0,2 0,0,0 0,0,0
ADDLINE 0,0,0 0,0,0 8,0,2 1,364,1 12,0,2 1,364,1 1,364,1 1,364,1 1,364,1
ADDLINE 1,139,1 1,139,1 12,0,2 1,139,1 1,278,1 1,278,1 1,278,1 1,139,1 1,139,1
ADDLINE 1,160,1 1,160,1 0,0,0 0,0,0 12,0,2 7,0,2 0,0,0 0,0,0 0,0,0
ADDLINE 1,174,1 1,174,1 12,0,2 1,174,1 1,348,1 1,348,1 1,348,1 1,174,1 0,0,0
ADDLINE 1,188,1 1,188,1 12,0,2 1,188,1 0,0,0 0,0,0 0,0,0 0,0,0 0,0,0
ADDLINE 1,143,1 1,143,1 12,0,2 1,143,1 1,143,1 1,143,1 1,143,1 1,143,1 1,143,1
ADDLINE 0,0,0 12,0,2 0,0,0 1,165,1 0,0,0 0,0,0 0,0,0 0,0,0 0,0,0
ADDLINE 1,179,1 1,179,1 12,0,2 1,179,1 0,0,0 1,179,1 1,179,1 1,358,1 0,0,0
ADDLINE 0,0,0 1,386,1 0,0,0 1,386,1 12,0,2 1,386,1 1,386,1 1,386,1 10,0,2
ADDLINE 1,147,1 1,147,1 1,147,1 1,147,1 1,147,1 1,147,1 1,147,1 12,0,2 1,294,1
ADDLINE 1,169,1 1,169,1 1,169,1 1,169,1 1,169,1 1,169,1 1,169,1 12,0,2 7,0,2
ADDLINE 1,368,1 1,368,1 8,0,2 0,0,0 12,0,2 0,0,0 0,0,0 0,0,0 0,0,0
ADDLINE 0,0,0 0,0,0 12,0,2 1,199,1 1,199,1 1,199,1 1,199,1 1,199,1 1,199,1
ADDLINE 12,0,2 1,152,1 1,152,1 1,152,1 1,152,1 1,152,1 1,152,1 1,152,1 1,152,1
ADDLINE 0,0,0 12,0,2 1,174,1 1,174,1 1,174,1 1,174,1 1,174,1 1,174,1 1,174,1
ADDLINE 1,231,1 12,0,2 0,0,0 0,0,0 0,0,0 1,231,1 1,231,1 1,231,1 1,231,1
ADDLINE 1,221,1 1,221,1 1,221,1 1,221,1 12,0,2 1,221,1 1,221,1 1,221,1 1,221,1
ADDLINE 1,234,1 1,234,1 1,234,1 1,234,1 0,0,0 12,0,2 0,0,0 0,0,0 1,234,1
19,95,1 1,190,1 1,190,1 1,190,1 12,0,2 0,0,0 1,190,1 1,190,1 1,190,1
16,94,1 1,188,1 1,188,1 1,188,1 0,0,0 12,0,2 1,188,1 1,188,1 1,188,1
0,0,0 0,0,0 12,0,2 1,93,1 1,93,1 0,0,0 1,93,1 1,186,1 1,93,1
1,92,1 1,92,1 12,0,2 0,0,0 1,92,1 0,0,0 0,0,0 0,0,0 0,0,0
1,91,1 1,91,1 1,91,1 12,0,2 1,91,1 1,91,1 1,182,1 1,182,1 0,0,0
1,180,1 1,180,1 12,0,2 1,180,1 1,180,1 1,180,1 1,180,1 19,90,1 1,180,1
0,0,0 0,0,0 0,0,0 0,0,0 0,0,0 0,0,0 0,0,0 0,0,0 0,0,0
0,0,0 0,0,0 0,0,0 0,0,0 0,0,0 0,0,0 0,0,0 0,0,0 0,0,0
0,0,0 0,0,0 0,0,0 0,0,0 0,0,0 0,0,0 0,0,0 0,0,0 0,0,0