MODE 0
BALL 90
STARS 0/7000/1000
ADDLINE 1,212,1 0,0,0 1,106,1 1,106,1 1,106,1 1,106,1 1,106,1 1,106,1 12,0,2
ADDLINE 17,107,1 1,214,1 0,0,0 0,0,0 0,0,0 12,0,2 0,0,0 0,0,0 0,0,0
ADDLINE 1,216,1 1,216,1 12,0,2 1,108,1 1,108,1 1,108,1 1,108,1 1,108,1 0,0,0
ADDLINE 1,119,1 1,119,1 1,119,1 1,119,1 1,119,1 12,0,2 0,0,0 1,119,1 0,0,0
ADDLINE 0,0,0 0,0,0 0,0,0 0,0,0 0,0,0 1,120,1 1,120,1 12,0,2 0,0,0
ADDLINE 0,0,0 1,131,1 1,131,1 1,131,1 12,0,2 1,131,1 1,131,1 1,131,1 0,0,0
ADDLINE 0,0,0 0,0,0 1,142,1 1,142,1 0,0,0 1,142,1 1,142,1 0,0,0 12,0,2
ADDLINE 0,0,0 12,0,2 1,154,1 1,154,1 1,154,1 1,154,1 1,154,1 1,154,1 0,0,0
ADDLINE 0,0,0 0,0,0 0,0,0 0,0,0 0,0,0 1,124,1 1,124,1 1,124,1 12,0,2
ADDLINE 1,129,1 1,129,1 1,129,1 12,0,2 1,129,1 1,129,1 1,129,1 1,129,1 1,129,1
ADDLINE 1,148,1 0,0,0 0,0,0 1,148,1 0,0,0 12,0,2 1,148,1 1,148,1 0,0,0
ADDLINE 1,152,1 1,152,1 1,152,1 1,152,1 1,152,1 12,0,2 1,152,1 1,152,1 1,152,1
ADDLINE 1,128,1 1,128,1 1,128,1 1,128,1 1,128,1 12,0,2 1,128,1 0,0,0 1,128,1
ADDLINE 1,141,1 1,282,1 1,282,1 1,282,1 1,141,1 12,0,2 1,141,1 0,0,0 1,141,1
ADDLINE 0,0,0 0,0,0 17,153,1 12,0,2 1,306,1 1,306,1 0,0,0 0,0,0 1,153,1
ADDLINE 1,165,1 12,0,2 1,330,1 1,330,1 1,330,1 17,165,1 1,330,1 1,165,1 1,165,1
ADDLINE 1,133,1 12,0,2 1,133,1 0,0,0 1,266,1 1,266,1 1,266,1 1,266,1 1,266,1
ADDLINE 1,145,1 0,0,0 1,145,1 12,0,2 1,145,1 0,0,0 1,145,1 1,290,1 17,145,1
ADDLINE 1,158,1 1,158,1 1,158,1 12,0,2 1,158,1 0,0,0 1,158,1 1,316,1 1,316,1
ADDLINE 1,163,1 1,163,1 1,163,1 12,0,2 1,163,1 1,163,1 1,163,1 1,163,1 1,163,1
ADDLINE 0,0,0 0,0,0 1,137,1 0,0,0 1,274,1 0,0,0 1,274,1 0,0,0 12,0,2
ADDLINE 1,150,1 1,150,1 1,150,1 12,0,2 1,300,1 20,150,1 1,300,1 0,0,0 1,150,1
ADDLINE 16,163,1 1,326,1 1,326,1 12,0,2 1,326,1 1,326,1 1,326,1 0,0,0 1,326,1
ADDLINE 1,354,1 1,354,1 1,354,1 1,354,1 16,177,1 1,354,1 1,354,1 12,0,2 1,354,1
ADDLINE 1,142,1 1,142,1 1,142,1 0,0,0 0,0,0 0,0,0 0,0,0 12,0,2 0,0,0
ADDLINE 1,148,1 1,148,1 1,148,1 12,0,2 1,148,1 1,148,1 1,148,1 1,148,1 1,148,1
ADDLINE 1,168,1 12,0,2 0,0,0 0,0,0 1,168,1 1,168,1 1,168,1 1,168,1 1,168,1
ADDLINE 1,182,1 0,0,0 0,0,0 0,0,0 0,0,0 0,0,0 0,0,0 12,0,2 0,0,0
ADDLINE 1,146,1 0,0,0 1,146,1 0,0,0 1,146,1 1,146,1 12,0,2 1,146,1 0,0,0
ADDLINE 0,0,0 1,320,1 1,320,1 1,320,1 16,160,1 1,320,1 1,320,1 1,320,1 12,0,2
ADDLINE 0,0,0 1,174,1 1,174,1 0,0,0 1,348,1 1,348,1 0,0,0 0,0,0 12,0,2
ADDLINE 0,0,0 0,0,0 0,0,0 0,0,0 1,376,1 20,188,1 12,0,2 1,188,1 0,0,0
ADDLINE 1,150,1 1,150,1 1,150,1 0,0,0 12,0,2 1,300,1 1,300,1 1,150,1 0,0,0
ADDLINE 1,165,1 1,165,1 1,165,1 1,165,1 0,0,0 1,165,1 12,0,2 1,165,1 0,0,0
ADDLINE 1,179,1 1,179,1 1,179,1 1,179,1 0,0,0 1,179,1 1,179,1 12,0,2 0,0,0
ADDLINE 1,193,1 1,193,1 1,193,1 1,193,1 0,0,0 0,0,0 12,0,2 0,0,0 0,0,0
ADDLINE 1,155,1 1,155,1 1,155,1 12,0,2 1,155,1 0,0,0 1,155,1 0,0,0 1,155,1
ADDLINE 1,169,1 0,0,0 0,0,0 0,0,0 1,169,1 12,0,2 1,169,1 0,0,0 1,169,1
ADDLINE 1,175,1 1,175,1 1,175,1 1,175,1 1,175,1 1,175,1 1,175,1 12,0,2 1,175,1
ADDLINE 1,199,1 1,199,1 0,0,0 1,199,1 0,0,0 0,0,0 12,0,2 0,0,0 1,199,1
ADDLINE 1,152,1 1,304,1 1,304,1 1,152,1 1,152,1 12,0,2 1,152,1 1,152,1 1,152,1
ADDLINE 1,348,1 19,174,1 1,348,1 1,348,1 1,348,1 12,0,2 1,348,1 1,348,1 0,0,0
ADDLINE 1,462,1 1,462,1 1,462,1 1,462,1 1,462,1 12,0,2 1,462,1 16,231,1 1,462,1
ADDLINE 1,233,1 1,233,1 1,233,1 1,233,1 1,233,1 0,0,0 12,0,2 0,0,0 0,0,0
ADDLINE 1,223,1 1,223,1 1,223,1 1,223,1 1,223,1 1,223,1 1,223,1 12,0,2 1,223,1
0,0,0 1,190,1 1,95,1 1,190,1 1,190,1 1,190,1 12,0,2 1,95,1 1,95,1
1,94,1 1,198,1 1,94,1 1,188,1 20,94,1 1,188,1 12,0,2 1,94,1 1,94,1
1,186,1 1,186,1 1,186,1 16,93,1 1,186,1 12,0,2 0,0,0 1,186,1 1,186,1
12,0,2 1,184,1 1,184,1 1,184,1 19,83,1 1,184,1 1,184,1 1,184,1 1,184,1
0,0,0 12,0,2 0,0,0 1,182,1 1,182,1 17,91,1 1,182,1 1,91,1 1,91,1
1,180,1 19,90,1 12,0,2 1,180,1 1,180,1 1,180,1 0,0,0 1,180,1 1,180,1
0,0,0 0,0,0 0,0,0 0,0,0 0,0,0 0,0,0 0,0,0 0,0,0 0,0,0
0,0,0 0,0,0 0,0,0 0,0,0 0,0,0 0,0,0 0,0,0 0,0,0 0,0,0
0,0,0 0,0,0 0,0,0 0,0,0 0,0,0 0,0,0 0,0,0 0,0,0 0,0,0