MODE 0
BALL 90
STARS 0/6400/9000
ADDLINE 1,106,1 1,106,1 12,0,2 1,106,1 0,0,0 1,106,1 1,106,1 1,106,1 1,106,1
ADDLINE 1,107,1 1,107,1 0,0,0 2,107,1 0,0,0 12,0,2 0,0,0 0,0,0 0,0,0
ADDLINE 5,108,1 1,108,1 12,0,2 1,108,1 1,108,1 1,108,1 5,108,1 4,108,1 0,0,0
ADDLINE 1,119,1 3,119,1 0,0,0 1,119,1 0,0,0 0,0,0 0,0,0 12,0,2 0,0,0
ADDLINE 1,120,1 1,120,1 12,0,2 1,120,1 0,0,0 4,120,1 1,120,1 3,120,1 1,120,1
ADDLINE 0,0,0 0,0,0 0,0,0 1,131,1 12,0,2 5,131,1 1,131,1 1,131,1 0,0,0
ADDLINE 3,142,1 1,142,1 5,142,1 2,142,1 12,0,2 1,142,1 1,142,1 1,142,1 0,0,0
ADDLINE 0,0,0 0,0,0 12,0,2 1,154,1 0,0,0 0,0,0 0,0,0 3,154,1 0,0,0
ADDLINE 1,124,1 1,124,1 0,0,0 1,124,1 12,0,2 1,124,1 1,124,1 1,124,1 0,0,0
ADDLINE 1,136,1 4,136,1 1,136,1 5,136,1 1,136,1 0,0,0 0,0,0 12,0,2 0,0,0
ADDLINE 4,148,1 1,148,1 1,148,1 1,148,1 0,0,0 12,0,2 1,148,1 0,0,0 0,0,0
ADDLINE 0,0,0 1,160,1 1,160,1 1,160,1 3,160,1 1,160,1 0,0,0 12,0,2 1,160,1
ADDLINE 0,0,0 1,128,1 1,128,1 1,128,1 1,128,1 0,0,0 12,0,2 2,128,1 1,128,1
ADDLINE 0,0,0 0,0,0 1,141,1 3,141,1 1,141,1 0,0,0 12,0,2 1,141,1 1,141,1
ADDLINE 0,0,0 0,0,0 2,153,1 1,153,1 0,0,0 12,0,2 0,0,0 5,153,1 1,153,1
ADDLINE 0,0,0 0,0,0 0,0,0 0,0,0 12,0,2 5,165,1 2,165,1 1,165,1 1,165,1
ADDLINE 0,0,0 12,0,2 1,133,1 1,133,1 1,133,1 1,133,1 1,133,1 1,133,1 1,133,1
ADDLINE 0,0,0 12,0,2 1,145,1 5,145,1 1,145,1 4,145,1 1,145,1 1,145,1 1,145,1
ADDLINE 1,151,1 1,151,1 1,151,1 12,0,2 1,151,1 1,151,1 1,151,1 1,151,1 5,151,1
ADDLINE 1,171,1 4,171,1 1,171,1 12,0,2 0,0,0 1,171,1 1,171,1 1,171,1 1,171,1
ADDLINE 1,137,1 4,137,1 3,137,1 5,137,1 0,0,0 12,0,2 0,0,0 0,0,0 1,137,1
ADDLINE 1,150,1 3,150,1 1,150,1 1,150,1 1,150,1 1,150,1 12,0,2 0,0,0 1,150,1
ADDLINE 1,163,1 1,163,1 0,0,0 0,0,0 0,0,0 12,0,2 0,0,0 1,163,1 1,163,1
ADDLINE 5,168,1 1,168,1 12,0,2 3,168,1 4,168,1 1,168,1 5,168,1 1,168,1 1,168,1
ADDLINE 3,142,1 1,142,1 0,0,0 0,0,0 12,0,2 0,0,0 0,0,0 1,142,1 1,142,1
ADDLINE 2,148,1 1,148,1 1,148,1 1,148,1 4,148,1 1,148,1 12,0,2 1,148,1 1,148,1
ADDLINE 1,168,1 0,0,0 0,0,0 0,0,0 12,0,2 0,0,0 0,0,0 1,168,1 3,168,1
ADDLINE 1,173,1 1,173,1 1,173,1 2,173,1 1,173,1 1,173,1 12,0,2 5,173,1 1,173,1
ADDLINE 2,146,1 1,146,1 0,0,0 0,0,0 0,0,0 4,146,1 12,0,2 0,0,0 0,0,0
ADDLINE 1,160,1 1,160,1 12,0,2 1,160,1 1,160,1 1,160,1 1,160,1 1,160,1 0,0,0
ADDLINE 2,174,1 1,174,1 0,0,0 0,0,0 12,0,2 0,0,0 0,0,0 1,174,1 0,0,0
ADDLINE 1,188,1 1,188,1 12,0,2 1,188,1 1,188,1 1,188,1 4,188,1 5,188,1 0,0,0
ADDLINE 0,0,0 0,0,0 0,0,0 1,150,1 0,0,0 0,0,0 12,0,2 0,0,0 0,0,0
ADDLINE 1,165,1 1,165,1 12,0,2 1,165,1 1,165,1 1,165,1 0,0,0 1,165,1 1,165,1
ADDLINE 0,0,0 1,179,1 0,0,0 3,179,1 0,0,0 5,179,1 12,0,2 1,179,1 0,0,0
ADDLINE 1,193,1 1,193,1 0,0,0 1,193,1 12,0,2 5,193,1 0,0,0 2,193,1 0,0,0
ADDLINE 1,147,1 2,147,1 3,147,1 1,147,1 1,147,1 1,147,1 1,147,1 1,147,1 12,0,2
ADDLINE 1,169,1 1,169,1 2,169,1 0,0,0 0,0,0 0,0,0 12,0,2 0,0,0 0,0,0
ADDLINE 1,184,1 1,184,1 4,184,1 12,0,2 0,0,0 1,184,1 1,184,1 1,184,1 1,184,1
ADDLINE 1,199,1 1,199,1 4,199,1 1,199,1 12,0,2 0,0,0 0,0,0 0,0,0 0,0,0
ADDLINE 1,159,1 5,159,1 1,159,1 1,159,1 1,159,1 5,159,1 12,0,2 0,0,0 0,0,0
ADDLINE 1,166,1 1,166,1 1,166,1 1,166,1 1,166,1 1,166,1 12,0,2 2,166,1 1,166,1
ADDLINE 1,220,1 1,220,1 1,220,1 2,220,1 1,220,1 1,220,1 12,0,2 1,220,1 2,220,1
ADDLINE 4,233,1 0,0,0 0,0,0 0,0,0 0,0,0 12,0,2 0,0,0 1,233,1 1,233,1
ADDLINE 1,223,1 12,0,2 1,223,1 1,223,1 1,223,1 3,223,1 1,223,1 1,223,1 4,223,1
0,0,0 1,95,1 0,0,0 12,0,2 1,95,1 1,95,1 1,95,1 3,95,1 1,95,1
0,0,0 4,94,1 12,0,2 1,94,1 1,94,1 1,94,1 4,94,1 1,94,1 5,94,1
0,0,0 1,93,1 1,93,1 0,0,0 12,0,2 5,93,1 1,93,1 1,93,1 1,93,1
0,0,0 1,92,1 0,0,0 12,0,2 1,92,1 1,92,1 1,92,1 1,92,1 1,92,1
12,0,2 5,87,1 2,87,1 1,87,1 1,87,1 1,87,1 1,87,1 1,87,1 3,87,1
0,0,0 0,0,0 12,0,2 0,0,0 0,0,0 0,0,0 3,90,1 1,90,1 1,90,1
0,0,0 0,0,0 0,0,0 0,0,0 0,0,0 0,0,0 0,0,0 0,0,0 0,0,0
0,0,0 0,0,0 0,0,0 0,0,0 0,0,0 0,0,0 0,0,0 0,0,0 0,0,0
0,0,0 0,0,0 0,0,0 0,0,0 0,0,0 0,0,0 0,0,0 0,0,0 0,0,0