MODE 0
BALL 90
STARS 0/6500/9200
ADDLINE 0,0,0 0,0,0 1,106,1 0,0,0 5,106,1 12,0,2 1,106,1 1,106,1 1,106,1
ADDLINE 0,0,0 0,0,0 1,107,1 12,0,2 3,107,1 0,0,0 0,0,0 0,0,0 1,107,1
ADDLINE 1,108,1 1,108,1 0,0,0 12,0,2 0,0,0 0,0,0 0,0,0 0,0,0 0,0,0
ADDLINE 3,119,1 1,119,1 1,119,1 1,119,1 1,119,1 12,0,2 5,119,1 1,119,1 0,0,0
ADDLINE 1,120,1 1,120,1 1,120,1 0,0,0 0,0,0 0,0,0 12,0,2 0,0,0 4,120,1
ADDLINE 1,131,1 1,131,1 0,0,0 12,0,2 1,131,1 4,131,1 1,131,1 0,0,0 0,0,0
ADDLINE 1,142,1 0,0,0 0,0,0 5,142,1 1,142,1 0,0,0 12,0,2 0,0,0 4,142,1
ADDLINE 0,0,0 0,0,0 1,154,1 0,0,0 12,0,2 0,0,0 1,154,1 1,154,1 1,154,1
ADDLINE 0,0,0 2,124,1 1,124,1 12,0,2 1,124,1 1,124,1 5,124,1 1,124,1 1,124,1
ADDLINE 1,129,1 1,129,1 1,129,1 1,129,1 2,129,1 1,129,1 12,0,2 1,129,1 1,129,1
ADDLINE 1,148,1 0,0,0 0,0,0 12,0,2 1,148,1 4,148,1 0,0,0 1,148,1 4,148,1
ADDLINE 1,152,1 2,152,1 1,152,1 1,152,1 3,152,1 1,152,1 1,152,1 12,0,2 1,152,1
ADDLINE 1,122,1 1,122,1 1,122,1 1,122,1 1,122,1 1,122,1 3,122,1 12,0,2 1,122,1
ADDLINE 0,0,0 0,0,0 0,0,0 0,0,0 3,141,1 12,0,2 4,141,1 0,0,0 5,141,1
ADDLINE 1,153,1 1,153,1 1,153,1 1,153,1 1,153,1 12,0,2 1,153,1 0,0,0 1,153,1
ADDLINE 3,165,1 1,165,1 1,165,1 1,165,1 1,165,1 12,0,2 0,0,0 0,0,0 1,165,1
ADDLINE 2,127,1 1,127,1 1,127,1 4,127,1 1,127,1 12,0,2 1,127,1 3,127,1 1,127,1
ADDLINE 0,0,0 0,0,0 0,0,0 0,0,0 0,0,0 0,0,0 1,145,1 12,0,2 0,0,0
ADDLINE 0,0,0 0,0,0 0,0,0 0,0,0 0,0,0 1,158,1 12,0,2 0,0,0 0,0,0
ADDLINE 1,171,1 1,171,1 1,171,1 2,171,1 12,0,2 4,171,1 0,0,0 1,171,1 1,171,1
ADDLINE 5,137,1 1,137,1 1,137,1 1,137,1 12,0,2 4,137,1 0,0,0 1,137,1 1,137,1
ADDLINE 1,150,1 1,150,1 1,150,1 2,150,1 12,0,2 1,150,1 0,0,0 4,150,1 5,150,1
ADDLINE 1,163,1 1,163,1 1,163,1 1,163,1 12,0,2 1,163,1 0,0,0 1,163,1 4,163,1
ADDLINE 1,168,1 5,168,1 1,168,1 2,168,1 1,168,1 1,168,1 12,0,2 1,168,1 1,168,1
ADDLINE 1,142,1 0,0,0 0,0,0 0,0,0 12,0,2 0,0,0 0,0,0 1,142,1 0,0,0
ADDLINE 0,0,0 3,155,1 2,155,1 1,155,1 1,155,1 1,155,1 1,155,1 1,155,1 12,0,2
ADDLINE 0,0,0 1,168,1 12,0,2 1,168,1 5,168,1 3,168,1 1,168,1 1,168,1 0,0,0
ADDLINE 0,0,0 12,0,2 3,182,1 0,0,0 0,0,0 1,182,1 1,182,1 1,182,1 2,182,1
ADDLINE 0,0,0 1,146,1 1,146,1 0,0,0 1,146,1 12,0,2 0,0,0 0,0,0 0,0,0
ADDLINE 0,0,0 12,0,2 0,0,0 1,160,1 4,160,1 1,160,1 1,160,1 0,0,0 0,0,0
ADDLINE 0,0,0 3,174,1 2,174,1 1,174,1 1,174,1 3,174,1 1,174,1 12,0,2 4,174,1
ADDLINE 0,0,0 0,0,0 12,0,2 0,0,0 1,188,1 1,188,1 1,188,1 0,0,0 1,188,1
ADDLINE 0,0,0 1,150,1 1,150,1 1,150,1 0,0,0 12,0,2 1,150,1 0,0,0 0,0,0
ADDLINE 0,0,0 3,165,1 1,165,1 0,0,0 12,0,2 5,165,1 1,165,1 2,165,1 0,0,0
ADDLINE 0,0,0 1,179,1 1,179,1 0,0,0 0,0,0 0,0,0 1,179,1 1,179,1 12,0,2
ADDLINE 0,0,0 0,0,0 1,193,1 1,193,1 1,193,1 0,0,0 0,0,0 12,0,2 0,0,0
ADDLINE 0,0,0 0,0,0 1,155,1 12,0,2 0,0,0 0,0,0 0,0,0 0,0,0 0,0,0
ADDLINE 1,161,1 1,161,1 1,161,1 12,0,2 1,161,1 1,161,1 1,161,1 4,161,1 1,161,1
ADDLINE 1,175,1 5,175,1 1,175,1 12,0,2 1,175,1 1,175,1 4,175,1 3,175,1 1,175,1
ADDLINE 1,189,1 1,189,1 5,189,1 12,0,2 4,189,1 1,189,1 1,189,1 1,189,1 1,189,1
ADDLINE 1,152,1 1,152,1 1,152,1 12,0,2 1,152,1 4,152,1 3,152,1 3,152,1 1,152,1
ADDLINE 1,166,1 1,166,1 1,166,1 12,0,2 1,166,1 5,166,1 1,166,1 1,166,1 1,166,1
ADDLINE 1,231,1 0,0,0 1,231,1 0,0,0 1,231,1 0,0,0 0,0,0 12,0,2 0,0,0
ADDLINE 1,233,1 12,0,2 3,233,1 0,0,0 1,233,1 2,233,1 1,233,1 1,233,1 1,233,1
ADDLINE 5,234,1 0,0,0 1,234,1 0,0,0 2,234,1 12,0,2 0,0,0 0,0,0 1,234,1
0,0,0 0,0,0 0,0,0 4,95,1 1,95,1 2,95,1 12,0,2 0,0,0 0,0,0
1,90,1 1,90,1 12,0,2 1,90,1 2,90,1 5,90,1 1,90,1 1,90,1 1,90,1
1,93,1 1,93,1 12,0,2 1,93,1 1,93,1 1,93,1 0,0,0 0,0,0 0,0,0
5,88,1 1,88,1 12,0,2 1,88,1 1,88,1 1,88,1 3,88,1 2,88,1 1,88,1
1,91,1 0,0,0 0,0,0 0,0,0 0,0,0 12,0,2 0,0,0 1,91,1 1,91,1
1,86,1 2,86,1 1,86,1 1,86,1 1,86,1 1,86,1 12,0,2 1,86,1 3,86,1
0,0,0 0,0,0 0,0,0 0,0,0 0,0,0 0,0,0 0,0,0 0,0,0 0,0,0
0,0,0 0,0,0 0,0,0 0,0,0 0,0,0 0,0,0 0,0,0 0,0,0 0,0,0
0,0,0 0,0,0 0,0,0 0,0,0 0,0,0 0,0,0 0,0,0 0,0,0 0,0,0