MODE 0
BALL 90
STARS 0/6700/9500
ADDLINE 0,0,0 1,106,1 0,0,0 1,212,1 17,106,1 1,212,1 1,212,1 1,212,1 12,0,2
ADDLINE 1,214,1 1,214,1 12,0,2 1,214,1 1,214,1 1,214,1 1,214,1 19,107,1 0,0,0
ADDLINE 1,216,1 1,216,1 12,0,2 1,108,1 0,0,0 20,108,1 7,0,2 0,0,0 0,0,0
ADDLINE 20,119,1 1,238,1 1,238,1 1,238,1 12,0,2 1,238,1 1,238,1 1,238,1 8,0,2
ADDLINE 0,0,0 1,240,1 0,0,0 0,0,0 0,0,0 0,0,0 0,0,0 1,120,1 12,0,2
ADDLINE 3,131,1 1,131,1 2,131,1 1,131,1 1,131,1 1,131,1 12,0,2 1,131,1 0,0,0
ADDLINE 0,0,0 12,0,2 0,0,0 0,0,0 0,0,0 1,142,1 0,0,0 1,142,1 0,0,0
ADDLINE 4,154,1 1,154,1 1,154,1 1,154,1 3,154,1 1,154,1 12,0,2 1,308,1 0,0,0
ADDLINE 1,248,1 1,248,1 1,248,1 16,124,1 12,0,2 1,248,1 1,248,1 7,0,2 0,0,0
ADDLINE 1,129,1 1,129,1 12,0,2 1,129,1 5,129,1 1,129,1 1,258,1 1,258,1 1,129,1
ADDLINE 2,141,1 1,141,1 12,0,2 3,141,1 1,282,1 1,282,1 1,282,1 1,141,1 1,141,1
ADDLINE 1,320,1 1,320,1 0,0,0 0,0,0 12,0,2 10,0,2 0,0,0 1,320,1 1,320,1
ADDLINE 1,128,1 1,128,1 1,128,1 0,0,0 0,0,0 12,0,2 0,0,0 3,128,1 1,128,1
ADDLINE 0,0,0 0,0,0 12,0,2 0,0,0 1,141,1 1,141,1 1,141,1 1,141,1 1,141,1
ADDLINE 12,0,2 2,146,1 1,146,1 2,146,1 1,146,1 4,146,1 1,146,1 1,146,1 1,146,1
ADDLINE 0,0,0 0,0,0 12,0,2 0,0,0 0,0,0 1,165,1 1,165,1 1,165,1 4,165,1
ADDLINE 1,133,1 3,133,1 1,133,1 1,133,1 12,0,2 0,0,0 0,0,0 0,0,0 1,133,1
ADDLINE 1,290,1 1,290,1 1,290,1 1,290,1 1,290,1 16,145,1 1,290,1 12,0,2 1,290,1
ADDLINE 1,158,1 1,158,1 1,158,1 1,158,1 12,0,2 4,158,1 1,158,1 1,158,1 0,0,0
ADDLINE 1,171,1 1,171,1 2,171,1 0,0,0 12,0,2 3,171,1 2,171,1 1,171,1 0,0,0
ADDLINE 1,137,1 1,137,1 4,137,1 12,0,2 1,137,1 1,137,1 1,137,1 1,137,1 0,0,0
ADDLINE 1,150,1 1,150,1 1,150,1 0,0,0 12,0,2 1,150,1 2,150,1 0,0,0 11,0,2
ADDLINE 2,163,1 3,163,1 1,163,1 0,0,0 12,0,2 1,163,1 0,0,0 0,0,0 1,326,1
ADDLINE 1,177,1 1,177,1 5,177,1 1,177,1 1,177,1 1,177,1 0,0,0 12,0,2 0,0,0
ADDLINE 1,142,1 1,142,1 1,142,1 0,0,0 0,0,0 0,0,0 12,0,2 0,0,0 0,0,0
ADDLINE 1,155,1 1,155,1 1,155,1 1,155,1 2,155,1 1,155,1 12,0,2 0,0,0 0,0,0
ADDLINE 2,168,1 5,168,1 1,168,1 1,168,1 4,168,1 12,0,2 0,0,0 0,0,0 0,0,0
ADDLINE 0,0,0 1,364,1 12,0,2 1,364,1 1,364,1 1,364,1 1,364,1 16,182,1 1,364,1
ADDLINE 0,0,0 1,292,1 1,292,1 1,292,1 12,0,2 1,292,1 1,292,1 1,292,1 8,0,2
ADDLINE 0,0,0 0,0,0 0,0,0 0,0,0 12,0,2 1,160,1 1,320,1 20,160,1 0,0,0
ADDLINE 1,174,1 1,174,1 1,174,1 1,174,1 12,0,2 1,174,1 1,348,1 1,348,1 0,0,0
ADDLINE 3,188,1 1,188,1 0,0,0 4,188,1 0,0,0 0,0,0 12,0,2 1,188,1 0,0,0
ADDLINE 1,300,1 1,300,1 12,0,2 1,300,1 1,300,1 1,300,1 1,300,1 1,300,1 8,0,2
ADDLINE 1,330,1 1,330,1 0,0,0 10,0,2 0,0,0 12,0,2 0,0,0 1,330,1 0,0,0
ADDLINE 1,179,1 1,179,1 1,358,1 1,358,1 1,358,1 3,179,1 12,0,2 1,358,1 0,0,0
ADDLINE 0,0,0 0,0,0 0,0,0 0,0,0 12,0,2 1,386,1 0,0,0 0,0,0 10,0,2
ADDLINE 1,310,1 16,155,1 1,310,1 1,310,1 1,310,1 1,310,1 1,310,1 12,0,2 1,310,1
ADDLINE 1,161,1 1,322,1 1,322,1 1,161,1 1,161,1 1,161,1 3,161,1 12,0,2 5,161,1
ADDLINE 1,184,1 20,184,1 1,368,1 1,184,1 0,0,0 12,0,2 0,0,0 0,0,0 1,184,1
ADDLINE 1,199,1 1,398,1 1,398,1 3,199,1 0,0,0 12,0,2 0,0,0 0,0,0 2,199,1
ADDLINE 1,159,1 1,159,1 0,0,0 0,0,0 0,0,0 0,0,0 12,0,2 0,0,0 1,159,1
ADDLINE 1,166,1 1,166,1 12,0,2 1,166,1 1,166,1 1,332,1 1,332,1 1,332,1 4,166,1
ADDLINE 1,231,1 12,0,2 0,0,0 4,231,1 1,231,1 1,462,1 20,231,1 1,462,1 1,231,1
ADDLINE 1,466,1 1,466,1 1,466,1 11,0,2 12,0,2 0,0,0 16,233,1 1,466,1 1,466,1
ADDLINE 1,234,1 2,234,1 1,234,1 3,234,1 12,0,2 0,0,0 1,234,1 1,234,1 1,234,1
0,0,0 0,0,0 0,0,0 1,190,1 12,0,2 1,190,1 1,190,1 1,95,1 1,95,1
11,0,2 1,188,1 1,188,1 19,94,1 12,0,2 1,188,1 1,188,1 1,188,1 1,188,1
2,93,1 12,0,2 1,186,1 1,186,1 1,186,1 1,186,1 17,93,1 1,186,1 1,93,1
1,92,1 0,0,0 12,0,2 1,184,1 0,0,0 1,184,1 1,184,1 1,184,1 1,92,1
2,182,1 17,91,1 12,0,2 1,182,1 0,0,0 1,182,1 1,182,1 5,91,1 1,91,1
1,180,1 20,90,1 1,180,1 1,180,1 19,90,1 12,0,2 0,0,0 1,180,1 1,180,1
0,0,0 0,0,0 0,0,0 0,0,0 0,0,0 0,0,0 0,0,0 0,0,0 0,0,0
0,0,0 0,0,0 0,0,0 0,0,0 0,0,0 0,0,0 0,0,0 0,0,0 0,0,0
0,0,0 0,0,0 0,0,0 0,0,0 0,0,0 0,0,0 0,0,0 0,0,0 0,0,0