MODE 0
BALL 90
STARS 0/6500/9200
ADDLINE 0,0,0 12,0,2 0,0,0 0,0,0 1,106,1 0,0,0 1,106,1 1,106,1 0,0,0
ADDLINE 3,107,1 4,107,1 1,107,1 0,0,0 1,107,1 0,0,0 12,0,2 0,0,0 0,0,0
ADDLINE 5,108,1 1,108,1 0,0,0 0,0,0 1,108,1 0,0,0 1,108,1 12,0,2 0,0,0
ADDLINE 5,119,1 1,119,1 0,0,0 12,0,2 0,0,0 0,0,0 1,119,1 0,0,0 1,119,1
ADDLINE 1,120,1 1,120,1 1,120,1 12,0,2 4,120,1 2,120,1 0,0,0 0,0,0 4,120,1
ADDLINE 1,131,1 1,131,1 12,0,2 0,0,0 1,131,1 0,0,0 0,0,0 1,131,1 0,0,0
ADDLINE 4,142,1 1,142,1 0,0,0 0,0,0 1,142,1 12,0,2 1,142,1 0,0,0 0,0,0
ADDLINE 3,154,1 1,154,1 1,154,1 12,0,2 0,0,0 0,0,0 1,154,1 0,0,0 1,154,1
ADDLINE 1,124,1 2,124,1 1,124,1 0,0,0 1,124,1 0,0,0 0,0,0 12,0,2 0,0,0
ADDLINE 12,0,2 1,129,1 1,129,1 1,129,1 1,129,1 1,129,1 3,129,1 2,129,1 5,129,1
ADDLINE 0,0,0 0,0,0 0,0,0 0,0,0 12,0,2 1,148,1 1,148,1 2,148,1 1,148,1
ADDLINE 0,0,0 1,160,1 5,160,1 1,160,1 12,0,2 1,160,1 1,160,1 1,160,1 1,160,1
ADDLINE 0,0,0 1,128,1 1,128,1 4,128,1 12,0,2 1,128,1 1,128,1 1,128,1 1,128,1
ADDLINE 1,134,1 3,134,1 1,134,1 1,134,1 12,0,2 1,134,1 1,134,1 5,134,1 1,134,1
ADDLINE 0,0,0 1,153,1 1,153,1 3,153,1 0,0,0 12,0,2 0,0,0 0,0,0 0,0,0
ADDLINE 0,0,0 1,165,1 1,165,1 1,165,1 12,0,2 3,165,1 0,0,0 1,165,1 2,165,1
ADDLINE 0,0,0 1,133,1 0,0,0 0,0,0 12,0,2 1,133,1 0,0,0 2,133,1 4,133,1
ADDLINE 1,145,1 1,145,1 1,145,1 1,145,1 12,0,2 1,145,1 0,0,0 1,145,1 1,145,1
ADDLINE 3,158,1 1,158,1 1,158,1 0,0,0 0,0,0 0,0,0 0,0,0 12,0,2 0,0,0
ADDLINE 1,163,1 1,163,1 1,163,1 12,0,2 1,163,1 1,163,1 2,163,1 2,163,1 1,163,1
ADDLINE 0,0,0 0,0,0 1,137,1 12,0,2 1,137,1 5,137,1 1,137,1 1,137,1 1,137,1
ADDLINE 3,143,1 1,143,1 4,143,1 12,0,2 1,143,1 1,143,1 1,143,1 5,143,1 1,143,1
ADDLINE 1,163,1 1,163,1 5,163,1 12,0,2 0,0,0 0,0,0 1,163,1 0,0,0 0,0,0
ADDLINE 1,168,1 1,168,1 1,168,1 12,0,2 1,168,1 1,168,1 1,168,1 3,168,1 1,168,1
ADDLINE 1,142,1 0,0,0 0,0,0 0,0,0 12,0,2 0,0,0 1,142,1 1,142,1 1,142,1
ADDLINE 1,155,1 12,0,2 1,155,1 3,155,1 1,155,1 0,0,0 3,155,1 1,155,1 1,155,1
ADDLINE 0,0,0 12,0,2 1,168,1 4,168,1 1,168,1 0,0,0 2,168,1 1,168,1 1,168,1
ADDLINE 1,182,1 1,182,1 1,182,1 2,182,1 1,182,1 12,0,2 0,0,0 1,182,1 0,0,0
ADDLINE 1,146,1 4,146,1 3,146,1 1,146,1 0,0,0 0,0,0 1,146,1 12,0,2 0,0,0
ADDLINE 0,0,0 0,0,0 12,0,2 0,0,0 0,0,0 1,160,1 1,160,1 0,0,0 0,0,0
ADDLINE 0,0,0 0,0,0 0,0,0 1,174,1 1,174,1 1,174,1 1,174,1 12,0,2 0,0,0
ADDLINE 1,188,1 2,188,1 0,0,0 3,188,1 1,188,1 1,188,1 12,0,2 0,0,0 1,188,1
ADDLINE 1,150,1 1,150,1 0,0,0 0,0,0 4,150,1 0,0,0 0,0,0 12,0,2 0,0,0
ADDLINE 1,165,1 1,165,1 12,0,2 0,0,0 1,165,1 0,0,0 4,165,1 1,165,1 0,0,0
ADDLINE 1,179,1 1,179,1 0,0,0 0,0,0 1,179,1 3,179,1 0,0,0 12,0,2 0,0,0
ADDLINE 1,193,1 3,193,1 0,0,0 0,0,0 12,0,2 1,193,1 0,0,0 1,193,1 2,193,1
ADDLINE 1,155,1 1,155,1 1,155,1 12,0,2 1,155,1 0,0,0 1,155,1 1,155,1 1,155,1
ADDLINE 1,169,1 1,169,1 5,169,1 12,0,2 3,169,1 0,0,0 1,169,1 1,169,1 4,169,1
ADDLINE 4,175,1 3,175,1 1,175,1 1,175,1 5,175,1 12,0,2 1,175,1 1,175,1 1,175,1
ADDLINE 1,199,1 5,199,1 1,199,1 12,0,2 1,199,1 0,0,0 1,199,1 0,0,0 0,0,0
ADDLINE 1,159,1 3,159,1 1,159,1 12,0,2 1,159,1 0,0,0 1,159,1 2,159,1 3,159,1
ADDLINE 0,0,0 0,0,0 0,0,0 12,0,2 0,0,0 0,0,0 1,174,1 1,174,1 1,174,1
ADDLINE 12,0,2 1,220,1 1,220,1 1,220,1 1,220,1 1,220,1 2,220,1 5,220,1 4,220,1
ADDLINE 0,0,0 1,233,1 4,233,1 1,233,1 1,233,1 12,0,2 1,233,1 1,233,1 1,233,1
ADDLINE 0,0,0 2,234,1 1,234,1 1,234,1 1,234,1 12,0,2 5,234,1 1,234,1 1,234,1
0,0,0 4,95,1 5,95,1 1,95,1 2,95,1 1,95,1 1,95,1 1,95,1 12,0,2
0,0,0 0,0,0 0,0,0 0,0,0 0,0,0 0,0,0 0,0,0 2,94,1 12,0,2
1,89,1 1,89,1 1,89,1 1,89,1 1,89,1 1,89,1 12,0,2 1,89,1 1,89,1
1,92,1 3,92,1 1,92,1 1,92,1 0,0,0 12,0,2 0,0,0 1,92,1 1,92,1
1,87,1 1,87,1 4,87,1 1,87,1 2,87,1 1,87,1 12,0,2 1,87,1 1,87,1
2,90,1 1,90,1 1,90,1 3,90,1 0,0,0 1,90,1 0,0,0 12,0,2 0,0,0
0,0,0 0,0,0 0,0,0 0,0,0 0,0,0 0,0,0 0,0,0 0,0,0 0,0,0
0,0,0 0,0,0 0,0,0 0,0,0 0,0,0 0,0,0 0,0,0 0,0,0 0,0,0
0,0,0 0,0,0 0,0,0 0,0,0 0,0,0 0,0,0 0,0,0 0,0,0 0,0,0