MODE 0
BALL 50
STARS 0/1500/2200
ADDLINE 0,0,0 1,47,1 1,47,1 1,47,1 1,47,1 1,47,1 1,47,1 0,0,0 0,0,0
ADDLINE 1,47,1 1,2,1 1,2,1 1,2,1 1,2,1 1,2,1 1,2,1 1,2,1 0,0,0
ADDLINE 1,47,1 1,2,1 1,47,1 1,47,1 1,47,1 1,47,1 1,47,1 1,47,1 1,47,1
ADDLINE 1,52,1 1,2,1 1,2,1 1,2,1 1,2,1 1,2,1 1,2,1 1,2,1 1,52,1
ADDLINE 0,0,0 1,49,1 1,49,1 1,49,1 1,49,1 1,49,1 1,49,1 1,49,1 0,0,0
ADDLINE 0,0,0 1,68,1 1,68,1 1,68,1 1,68,1 1,68,1 1,68,1 1,68,1 0,0,0
0,0,0 0,0,0 0,0,0 1,2,1 0,0,0 1,2,1 0,0,0 0,0,0 0,0,0
0,0,0 0,0,0 1,2,1 1,2,1 0,0,0 1,2,1 1,2,1 0,0,0 0,0,0
0,0,0 1,2,1 0,0,0 0,0,0 0,0,0 0,0,0 0,0,0 1,2,1 0,0,0
1,2,1 0,0,0 0,0,0 1,47,1 1,47,1 1,47,1 0,0,0 0,0,0 1,2,1
1,2,1 0,0,0 1,37,1 0,0,0 0,0,0 0,0,0 1,37,1 0,0,0 1,47,1
0,0,0 0,0,0 0,0,0 0,0,0 0,0,0 0,0,0 0,0,0 0,0,0 0,0,0
0,0,0 0,0,0 0,0,0 0,0,0 0,0,0 0,0,0 0,0,0 0,0,0 0,0,0
0,0,0 0,0,0 0,0,0 0,0,0 0,0,0 0,0,0 0,0,0 0,0,0 0,0,0
0,0,0 0,0,0 0,0,0 0,0,0 0,0,0 0,0,0 0,0,0 0,0,0 0,0,0