MODE 0
BALL 90
STARS 0/6600/9400
ADDLINE 1,106,1 0,0,0 0,0,0 0,0,0 12,0,2 1,106,1 1,106,1 0,0,0 1,106,1
ADDLINE 0,0,0 1,214,1 1,214,1 1,214,1 0,0,0 1,107,1 12,0,2 0,0,0 1,107,1
ADDLINE 0,0,0 1,216,1 7,0,2 1,216,1 12,0,2 1,108,1 0,0,0 1,108,1 0,0,0
ADDLINE 0,0,0 1,238,1 0,0,0 1,238,1 0,0,0 1,119,1 12,0,2 1,119,1 0,0,0
ADDLINE 1,120,1 0,0,0 1,120,1 1,120,1 0,0,0 12,0,2 1,120,1 1,240,1 11,0,2
ADDLINE 1,131,1 0,0,0 1,131,1 12,0,2 1,131,1 0,0,0 1,131,1 1,262,1 0,0,0
ADDLINE 1,142,1 1,142,1 0,0,0 0,0,0 1,142,1 0,0,0 1,142,1 12,0,2 0,0,0
ADDLINE 1,308,1 12,0,2 1,308,1 0,0,0 1,308,1 1,308,1 1,308,1 1,308,1 8,0,2
ADDLINE 1,124,1 1,124,1 1,124,1 0,0,0 0,0,0 12,0,2 0,0,0 0,0,0 0,0,0
ADDLINE 0,0,0 0,0,0 1,272,1 1,272,1 1,272,1 1,272,1 10,0,2 0,0,0 12,0,2
ADDLINE 1,148,1 1,148,1 1,148,1 12,0,2 1,148,1 1,296,1 1,296,1 1,296,1 0,0,0
ADDLINE 1,160,1 1,160,1 1,160,1 12,0,2 1,160,1 1,160,1 1,320,1 11,0,2 0,0,0
ADDLINE 1,122,1 1,122,1 1,122,1 1,122,1 1,122,1 1,122,1 1,244,1 12,0,2 1,122,1
ADDLINE 1,141,1 1,141,1 1,141,1 12,0,2 1,141,1 1,141,1 1,141,1 0,0,0 1,141,1
ADDLINE 1,153,1 1,153,1 1,153,1 12,0,2 1,153,1 1,153,1 1,306,1 11,0,2 1,153,1
ADDLINE 1,165,1 12,0,2 0,0,0 0,0,0 0,0,0 0,0,0 0,0,0 0,0,0 1,165,1
ADDLINE 1,127,1 12,0,2 1,127,1 1,127,1 1,127,1 1,127,1 1,127,1 1,127,1 1,127,1
ADDLINE 1,145,1 0,0,0 12,0,2 0,0,0 1,145,1 1,145,1 1,145,1 0,0,0 1,145,1
ADDLINE 1,151,1 1,151,1 1,151,1 1,302,1 1,302,1 12,0,2 1,151,1 1,151,1 1,151,1
ADDLINE 1,171,1 1,171,1 1,171,1 1,342,1 7,0,2 12,0,2 1,171,1 1,171,1 1,171,1
ADDLINE 1,131,1 1,131,1 1,131,1 1,262,1 1,262,1 12,0,2 1,131,1 1,131,1 1,131,1
ADDLINE 1,150,1 0,0,0 12,0,2 0,0,0 0,0,0 0,0,0 1,150,1 1,150,1 1,150,1
ADDLINE 1,155,1 1,155,1 1,155,1 12,0,2 1,155,1 1,155,1 1,155,1 1,155,1 1,155,1
ADDLINE 1,177,1 0,0,0 1,177,1 0,0,0 1,177,1 12,0,2 0,0,0 0,0,0 0,0,0
ADDLINE 1,142,1 12,0,2 1,142,1 0,0,0 1,142,1 1,142,1 1,142,1 0,0,0 1,142,1
ADDLINE 0,0,0 12,0,2 1,155,1 0,0,0 1,155,1 1,155,1 1,310,1 0,0,0 1,155,1
ADDLINE 1,168,1 0,0,0 1,168,1 12,0,2 1,168,1 1,168,1 1,336,1 7,0,2 1,168,1
ADDLINE 1,182,1 1,182,1 0,0,0 0,0,0 12,0,2 0,0,0 1,364,1 1,364,1 1,182,1
ADDLINE 1,146,1 1,146,1 0,0,0 0,0,0 1,146,1 0,0,0 12,0,2 0,0,0 1,146,1
ADDLINE 0,0,0 0,0,0 1,160,1 1,160,1 1,160,1 12,0,2 0,0,0 1,160,1 1,160,1
ADDLINE 8,0,2 12,0,2 1,348,1 1,348,1 1,348,1 1,348,1 0,0,0 0,0,0 1,348,1
ADDLINE 0,0,0 12,0,2 0,0,0 1,188,1 0,0,0 0,0,0 1,188,1 0,0,0 1,188,1
ADDLINE 0,0,0 1,150,1 1,150,1 0,0,0 0,0,0 0,0,0 12,0,2 0,0,0 0,0,0
ADDLINE 0,0,0 1,165,1 1,165,1 12,0,2 1,165,1 1,165,1 1,165,1 1,165,1 1,165,1
ADDLINE 0,0,0 0,0,0 12,0,2 0,0,0 0,0,0 1,179,1 1,179,1 1,179,1 1,179,1
ADDLINE 0,0,0 0,0,0 7,0,2 12,0,2 0,0,0 0,0,0 1,193,1 1,193,1 1,193,1
ADDLINE 1,155,1 0,0,0 0,0,0 12,0,2 0,0,0 0,0,0 1,155,1 1,155,1 1,155,1
ADDLINE 1,161,1 1,161,1 1,161,1 1,161,1 1,161,1 12,0,2 1,161,1 1,161,1 1,161,1
ADDLINE 1,175,1 1,175,1 1,175,1 1,175,1 1,175,1 12,0,2 1,175,1 1,175,1 1,175,1
ADDLINE 1,189,1 1,189,1 1,189,1 1,189,1 1,189,1 12,0,2 1,189,1 1,189,1 1,189,1
ADDLINE 0,0,0 0,0,0 0,0,0 0,0,0 1,159,1 12,0,2 0,0,0 0,0,0 0,0,0
ADDLINE 1,166,1 1,166,1 1,166,1 1,166,1 1,166,1 1,166,1 1,166,1 12,0,2 1,166,1
ADDLINE 1,231,1 12,0,2 1,231,1 1,231,1 1,231,1 1,231,1 1,231,1 0,0,0 1,231,1
ADDLINE 1,221,1 12,0,2 1,221,1 1,221,1 1,221,1 1,221,1 1,221,1 1,221,1 1,221,1
ADDLINE 1,234,1 0,0,0 1,234,1 1,234,1 1,234,1 1,234,1 1,234,1 12,0,2 0,0,0
1,91,1 1,91,1 12,0,2 1,91,1 1,91,1 1,91,1 1,91,1 1,91,1 1,91,1
0,0,0 0,0,0 12,0,2 0,0,0 0,0,0 1,94,1 0,0,0 0,0,0 0,0,0
1,89,1 1,89,1 12,0,2 1,89,1 1,89,1 1,89,1 1,89,1 1,89,1 1,89,1
1,92,1 1,92,1 12,0,2 1,92,1 1,92,1 1,92,1 1,92,1 1,92,1 0,0,0
1,182,1 1,182,1 12,0,2 1,182,1 1,182,1 1,182,1 1,182,1 1,182,1 16,91,1
11,0,2 1,180,1 12,0,2 1,90,1 1,90,1 1,90,1 1,90,1 1,90,1 0,0,0
0,0,0 0,0,0 0,0,0 0,0,0 0,0,0 0,0,0 0,0,0 0,0,0 0,0,0
0,0,0 0,0,0 0,0,0 0,0,0 0,0,0 0,0,0 0,0,0 0,0,0 0,0,0
0,0,0 0,0,0 0,0,0 0,0,0 0,0,0 0,0,0 0,0,0 0,0,0 0,0,0