MODE 0
BALL 90
STARS 0/9000/12400
ADDLINE 1,212,1 1,212,1 12,0,2 1,212,1 1,212,1 1,212,1 1,212,1 19,106,1 1,212,1
ADDLINE 1,107,1 0,0,0 0,0,0 0,0,0 12,0,2 0,0,0 0,0,0 1,214,1 17,107,1
ADDLINE 1,108,1 12,0,2 1,108,1 1,108,1 1,108,1 1,216,1 1,216,1 0,0,0 1,216,1
ADDLINE 1,119,1 0,0,0 1,119,1 0,0,0 0,0,0 12,0,2 17,119,1 1,238,1 1,119,1
ADDLINE 1,120,1 0,0,0 1,120,1 1,120,1 1,120,1 12,0,2 1,240,1 1,240,1 1,120,1
ADDLINE 1,131,1 0,0,0 0,0,0 12,0,2 1,131,1 1,262,1 1,262,1 0,0,0 1,131,1
ADDLINE 1,284,1 12,0,2 1,284,1 1,284,1 1,284,1 1,284,1 19,142,1 1,284,1 1,284,1
ADDLINE 0,0,0 12,0,2 1,308,1 1,308,1 16,154,1 1,308,1 1,308,1 1,308,1 1,308,1
ADDLINE 1,124,1 12,0,2 1,124,1 1,124,1 1,124,1 0,0,0 1,124,1 1,124,1 1,124,1
ADDLINE 1,136,1 1,136,1 12,0,2 1,272,1 1,272,1 1,272,1 1,136,1 1,136,1 0,0,0
ADDLINE 1,296,1 1,296,1 1,296,1 1,296,1 19,148,1 1,296,1 1,296,1 12,0,2 0,0,0
ADDLINE 1,320,1 1,320,1 1,320,1 1,320,1 19,160,1 1,320,1 12,0,2 0,0,0 1,320,1
ADDLINE 1,128,1 1,128,1 1,128,1 0,0,0 1,256,1 1,256,1 12,0,2 0,0,0 0,0,0
ADDLINE 1,141,1 1,141,1 1,141,1 1,141,1 0,0,0 0,0,0 12,0,2 0,0,0 0,0,0
ADDLINE 1,153,1 1,153,1 1,153,1 1,153,1 0,0,0 1,153,1 12,0,2 0,0,0 1,153,1
ADDLINE 1,165,1 1,165,1 1,165,1 1,165,1 1,165,1 1,165,1 0,0,0 12,0,2 0,0,0
ADDLINE 1,133,1 1,133,1 1,133,1 1,133,1 1,133,1 1,133,1 12,0,2 1,133,1 0,0,0
ADDLINE 1,145,1 1,145,1 1,145,1 1,145,1 1,145,1 1,145,1 0,0,0 12,0,2 0,0,0
ADDLINE 1,151,1 1,151,1 1,151,1 1,151,1 12,0,2 1,151,1 1,302,1 1,302,1 1,151,1
ADDLINE 1,171,1 1,171,1 1,171,1 12,0,2 0,0,0 1,171,1 1,342,1 17,171,1 1,171,1
ADDLINE 1,137,1 1,137,1 1,137,1 0,0,0 12,0,2 0,0,0 0,0,0 1,274,1 1,137,1
ADDLINE 1,150,1 1,150,1 1,150,1 1,150,1 1,150,1 1,150,1 12,0,2 0,0,0 1,150,1
ADDLINE 16,163,1 1,326,1 1,326,1 1,326,1 1,326,1 12,0,2 1,326,1 0,0,0 1,326,1
ADDLINE 1,177,1 0,0,0 12,0,2 0,0,0 0,0,0 1,177,1 1,177,1 1,354,1 1,354,1
ADDLINE 1,142,1 12,0,2 0,0,0 0,0,0 0,0,0 0,0,0 0,0,0 1,284,1 20,142,1
ADDLINE 1,155,1 1,155,1 1,155,1 1,155,1 1,155,1 1,155,1 12,0,2 0,0,0 1,310,1
ADDLINE 1,168,1 1,168,1 1,168,1 1,168,1 0,0,0 12,0,2 0,0,0 1,168,1 1,168,1
ADDLINE 0,0,0 1,182,1 12,0,2 1,182,1 0,0,0 0,0,0 0,0,0 0,0,0 0,0,0
ADDLINE 0,0,0 1,146,1 12,0,2 1,146,1 1,146,1 1,146,1 1,146,1 1,146,1 1,146,1
ADDLINE 0,0,0 1,160,1 0,0,0 0,0,0 0,0,0 0,0,0 12,0,2 0,0,0 0,0,0
ADDLINE 0,0,0 1,174,1 1,348,1 1,348,1 1,348,1 1,174,1 1,174,1 1,174,1 12,0,2
ADDLINE 0,0,0 0,0,0 1,376,1 17,188,1 0,0,0 0,0,0 12,0,2 0,0,0 0,0,0
ADDLINE 1,143,1 1,143,1 12,0,2 1,286,1 1,286,1 1,143,1 1,143,1 1,143,1 1,143,1
ADDLINE 1,165,1 1,165,1 12,0,2 0,0,0 0,0,0 1,165,1 1,165,1 1,165,1 1,165,1
ADDLINE 1,170,1 1,170,1 12,0,2 1,170,1 1,170,1 1,170,1 1,170,1 1,170,1 1,170,1
ADDLINE 0,0,0 0,0,0 12,0,2 1,386,1 0,0,0 0,0,0 0,0,0 0,0,0 0,0,0
ADDLINE 1,310,1 1,310,1 1,310,1 19,155,1 1,310,1 1,310,1 12,0,2 1,310,1 1,310,1
ADDLINE 1,169,1 1,169,1 1,338,1 1,338,1 1,338,1 12,0,2 0,0,0 1,169,1 1,169,1
ADDLINE 1,368,1 1,368,1 1,184,1 1,184,1 12,0,2 0,0,0 1,184,1 1,184,1 1,184,1
ADDLINE 19,199,1 1,398,1 1,398,1 12,0,2 0,0,0 1,398,1 1,398,1 1,398,1 1,398,1
ADDLINE 1,318,1 1,318,1 19,159,1 12,0,2 1,318,1 1,318,1 1,318,1 1,318,1 0,0,0
ADDLINE 1,174,1 1,348,1 1,348,1 1,348,1 1,174,1 1,174,1 1,174,1 12,0,2 0,0,0
ADDLINE 16,231,1 1,462,1 1,462,1 1,462,1 1,462,1 1,462,1 12,0,2 0,0,0 1,462,1
ADDLINE 0,0,0 0,0,0 12,0,2 1,233,1 1,233,1 1,233,1 1,233,1 1,233,1 1,233,1
ADDLINE 0,0,0 12,0,2 1,234,1 1,234,1 1,234,1 1,234,1 1,234,1 1,234,1 1,234,1
1,190,1 1,190,1 12,0,2 1,190,1 1,190,1 0,0,0 1,190,1 1,190,1 16,95,1
1,94,1 1,94,1 1,94,1 1,94,1 1,94,1 12,0,2 0,0,0 1,94,1 1,94,1
1,89,1 1,89,1 12,0,2 1,89,1 1,89,1 1,89,1 1,89,1 1,89,1 1,89,1
1,92,1 1,92,1 12,0,2 1,92,1 1,92,1 0,0,0 1,92,1 1,92,1 1,92,1
1,91,1 1,91,1 1,91,1 0,0,0 1,91,1 0,0,0 12,0,2 0,0,0 0,0,0
1,90,1 1,90,1 1,90,1 1,90,1 1,90,1 12,0,2 1,90,1 1,90,1 0,0,0
0,0,0 0,0,0 0,0,0 0,0,0 0,0,0 0,0,0 0,0,0 0,0,0 0,0,0
0,0,0 0,0,0 0,0,0 0,0,0 0,0,0 0,0,0 0,0,0 0,0,0 0,0,0
0,0,0 0,0,0 0,0,0 0,0,0 0,0,0 0,0,0 0,0,0 0,0,0 0,0,0