MODE 0
BALL 90
STARS 0/6000/8500
ADDLINE 1,101,1 1,101,1 12,0,2 1,101,1 1,101,1 1,101,1 1,101,1 1,101,1 2,101,1
ADDLINE 0,0,0 12,0,2 0,0,0 0,0,0 0,0,0 1,107,1 0,0,0 0,0,0 0,0,0
ADDLINE 0,0,0 1,108,1 1,108,1 2,108,1 0,0,0 4,108,1 12,0,2 1,108,1 5,108,1
ADDLINE 0,0,0 1,119,1 1,119,1 1,119,1 12,0,2 3,119,1 0,0,0 0,0,0 0,0,0
ADDLINE 0,0,0 1,120,1 5,120,1 1,120,1 12,0,2 1,120,1 0,0,0 2,120,1 1,120,1
ADDLINE 0,0,0 1,131,1 0,0,0 12,0,2 0,0,0 1,131,1 0,0,0 1,131,1 3,131,1
ADDLINE 1,142,1 1,142,1 12,0,2 1,142,1 0,0,0 5,142,1 1,142,1 1,142,1 1,142,1
ADDLINE 4,154,1 1,154,1 0,0,0 1,154,1 0,0,0 1,154,1 12,0,2 0,0,0 0,0,0
ADDLINE 1,124,1 5,124,1 12,0,2 2,124,1 0,0,0 1,124,1 0,0,0 1,124,1 1,124,1
ADDLINE 0,0,0 12,0,2 0,0,0 0,0,0 0,0,0 0,0,0 1,136,1 0,0,0 0,0,0
ADDLINE 4,148,1 1,148,1 3,148,1 1,148,1 4,148,1 1,148,1 12,0,2 1,148,1 0,0,0
ADDLINE 1,160,1 1,160,1 1,160,1 1,160,1 1,160,1 5,160,1 12,0,2 1,160,1 0,0,0
ADDLINE 1,128,1 1,128,1 1,128,1 12,0,2 0,0,0 0,0,0 1,128,1 3,128,1 1,128,1
ADDLINE 1,141,1 1,141,1 3,141,1 5,141,1 1,141,1 0,0,0 0,0,0 12,0,2 0,0,0
ADDLINE 1,153,1 4,153,1 1,153,1 1,153,1 1,153,1 12,0,2 1,153,1 1,153,1 0,0,0
ADDLINE 1,165,1 0,0,0 12,0,2 3,165,1 2,165,1 1,165,1 1,165,1 0,0,0 1,165,1
ADDLINE 1,133,1 0,0,0 0,0,0 5,133,1 1,133,1 1,133,1 1,133,1 12,0,2 0,0,0
ADDLINE 1,145,1 1,145,1 12,0,2 0,0,0 1,145,1 2,145,1 1,145,1 0,0,0 0,0,0
ADDLINE 1,158,1 1,158,1 1,158,1 1,158,1 12,0,2 0,0,0 1,158,1 3,158,1 1,158,1
ADDLINE 1,171,1 1,171,1 5,171,1 1,171,1 12,0,2 0,0,0 0,0,0 0,0,0 1,171,1
ADDLINE 5,137,1 4,137,1 1,137,1 12,0,2 1,137,1 1,137,1 0,0,0 0,0,0 1,137,1
ADDLINE 1,150,1 0,0,0 0,0,0 12,0,2 5,150,1 0,0,0 0,0,0 1,150,1 1,150,1
ADDLINE 0,0,0 0,0,0 4,163,1 1,163,1 5,163,1 12,0,2 1,163,1 1,163,1 2,163,1
ADDLINE 0,0,0 1,177,1 1,177,1 0,0,0 0,0,0 12,0,2 1,177,1 1,177,1 1,177,1
ADDLINE 0,0,0 1,142,1 12,0,2 0,0,0 1,142,1 1,142,1 1,142,1 4,142,1 1,142,1
ADDLINE 0,0,0 1,155,1 12,0,2 1,155,1 1,155,1 3,155,1 5,155,1 1,155,1 1,155,1
ADDLINE 0,0,0 0,0,0 12,0,2 1,168,1 1,168,1 3,168,1 4,168,1 1,168,1 1,168,1
ADDLINE 1,173,1 4,173,1 1,173,1 1,173,1 5,173,1 1,173,1 5,173,1 1,173,1 12,0,2
ADDLINE 3,146,1 0,0,0 0,0,0 0,0,0 0,0,0 0,0,0 0,0,0 12,0,2 0,0,0
ADDLINE 1,160,1 12,0,2 1,160,1 1,160,1 1,160,1 1,160,1 1,160,1 0,0,0 1,160,1
ADDLINE 1,174,1 0,0,0 0,0,0 12,0,2 0,0,0 0,0,0 1,174,1 0,0,0 1,174,1
ADDLINE 1,179,1 2,179,1 1,179,1 1,179,1 1,179,1 5,179,1 1,179,1 12,0,2 1,179,1
ADDLINE 0,0,0 0,0,0 12,0,2 0,0,0 0,0,0 0,0,0 4,150,1 0,0,0 0,0,0
ADDLINE 1,165,1 12,0,2 2,165,1 1,165,1 1,165,1 0,0,0 1,165,1 5,165,1 1,165,1
ADDLINE 4,179,1 0,0,0 1,179,1 12,0,2 1,179,1 0,0,0 2,179,1 1,179,1 1,179,1
ADDLINE 1,193,1 12,0,2 1,193,1 0,0,0 1,193,1 0,0,0 1,193,1 4,193,1 1,193,1
ADDLINE 1,155,1 12,0,2 4,155,1 1,155,1 1,155,1 0,0,0 1,155,1 1,155,1 1,155,1
ADDLINE 0,0,0 0,0,0 3,169,1 1,169,1 12,0,2 0,0,0 1,169,1 2,169,1 1,169,1
ADDLINE 0,0,0 1,184,1 2,184,1 12,0,2 0,0,0 1,184,1 1,184,1 1,184,1 1,184,1
ADDLINE 0,0,0 12,0,2 0,0,0 0,0,0 1,199,1 4,199,1 1,199,1 1,199,1 1,199,1
ADDLINE 0,0,0 12,0,2 1,159,1 1,159,1 1,159,1 1,159,1 1,159,1 3,159,1 0,0,0
ADDLINE 0,0,0 1,174,1 3,174,1 1,174,1 1,174,1 1,174,1 5,174,1 12,0,2 0,0,0
ADDLINE 0,0,0 0,0,0 1,231,1 1,231,1 1,231,1 3,231,1 1,231,1 12,0,2 0,0,0
ADDLINE 0,0,0 0,0,0 1,233,1 1,233,1 3,233,1 2,233,1 4,233,1 12,0,2 0,0,0
ADDLINE 0,0,0 0,0,0 1,234,1 1,234,1 1,234,1 1,234,1 12,0,2 0,0,0 1,234,1
1,95,1 1,95,1 0,0,0 0,0,0 0,0,0 0,0,0 12,0,2 0,0,0 0,0,0
1,90,1 1,90,1 1,90,1 1,90,1 1,90,1 1,90,1 1,90,1 2,90,1 12,0,2
2,93,1 1,93,1 3,93,1 1,93,1 5,93,1 12,0,2 0,0,0 1,93,1 0,0,0
1,92,1 3,92,1 1,92,1 1,92,1 0,0,0 12,0,2 0,0,0 0,0,0 0,0,0
1,91,1 1,91,1 1,91,1 12,0,2 0,0,0 1,91,1 0,0,0 3,91,1 1,91,1
1,90,1 1,90,1 1,90,1 0,0,0 4,90,1 5,90,1 12,0,2 0,0,0 0,0,0
0,0,0 0,0,0 0,0,0 0,0,0 0,0,0 0,0,0 0,0,0 0,0,0 0,0,0
0,0,0 0,0,0 0,0,0 0,0,0 0,0,0 0,0,0 0,0,0 0,0,0 0,0,0
0,0,0 0,0,0 0,0,0 0,0,0 0,0,0 0,0,0 0,0,0 0,0,0 0,0,0