MODE 0
BALL 90
STARS 0/6500/9300
ADDLINE 1,106,1 0,0,0 12,0,2 0,0,0 0,0,0 0,0,0 0,0,0 0,0,0 0,0,0
ADDLINE 1,107,1 0,0,0 1,107,1 1,107,1 5,107,1 1,107,1 12,0,2 2,107,1 0,0,0
ADDLINE 0,0,0 0,0,0 1,108,1 0,0,0 12,0,2 0,0,0 0,0,0 1,216,1 11,0,2
ADDLINE 0,0,0 12,0,2 1,119,1 0,0,0 1,119,1 1,119,1 0,0,0 1,238,1 0,0,0
ADDLINE 2,120,1 1,120,1 1,120,1 3,120,1 0,0,0 0,0,0 0,0,0 12,0,2 0,0,0
ADDLINE 0,0,0 12,0,2 4,131,1 1,131,1 1,131,1 1,262,1 11,0,2 1,262,1 1,131,1
ADDLINE 1,142,1 1,142,1 0,0,0 1,142,1 0,0,0 12,0,2 11,0,2 1,284,1 1,142,1
ADDLINE 1,154,1 1,154,1 3,154,1 1,154,1 12,0,2 1,308,1 0,0,0 1,308,1 4,154,1
ADDLINE 1,248,1 1,248,1 12,0,2 0,0,0 0,0,0 8,0,2 0,0,0 1,248,1 1,248,1
ADDLINE 2,136,1 0,0,0 1,136,1 12,0,2 4,136,1 0,0,0 1,136,1 1,136,1 1,136,1
ADDLINE 1,141,1 3,141,1 1,141,1 12,0,2 1,282,1 1,282,1 1,282,1 1,141,1 1,141,1
ADDLINE 1,160,1 1,160,1 3,160,1 12,0,2 1,320,1 7,0,2 1,320,1 1,160,1 1,160,1
ADDLINE 1,128,1 3,128,1 1,256,1 12,0,2 1,256,1 0,0,0 1,256,1 1,128,1 1,128,1
ADDLINE 1,282,1 1,282,1 0,0,0 10,0,2 0,0,0 12,0,2 1,282,1 0,0,0 0,0,0
ADDLINE 4,153,1 1,153,1 1,306,1 12,0,2 1,306,1 1,153,1 1,153,1 0,0,0 1,153,1
ADDLINE 0,0,0 8,0,2 1,330,1 12,0,2 1,330,1 1,330,1 1,330,1 0,0,0 1,330,1
ADDLINE 1,127,1 5,127,1 1,127,1 12,0,2 1,127,1 1,127,1 1,127,1 1,127,1 1,127,1
ADDLINE 1,145,1 0,0,0 0,0,0 0,0,0 0,0,0 12,0,2 2,145,1 0,0,0 0,0,0
ADDLINE 1,158,1 1,316,1 0,0,0 1,316,1 12,0,2 1,158,1 0,0,0 5,158,1 1,158,1
ADDLINE 1,342,1 1,342,1 10,0,2 1,342,1 12,0,2 1,342,1 0,0,0 1,342,1 1,342,1
ADDLINE 1,137,1 1,274,1 12,0,2 1,274,1 0,0,0 1,137,1 4,137,1 1,137,1 1,137,1
ADDLINE 5,150,1 2,150,1 0,0,0 1,150,1 0,0,0 0,0,0 12,0,2 0,0,0 0,0,0
ADDLINE 1,155,1 1,155,1 12,0,2 1,155,1 1,155,1 1,310,1 1,310,1 1,310,1 1,155,1
ADDLINE 0,0,0 0,0,0 12,0,2 1,354,1 0,0,0 0,0,0 10,0,2 1,354,1 1,354,1
ADDLINE 12,0,2 1,135,1 1,270,1 1,270,1 1,270,1 1,270,1 1,270,1 1,270,1 1,135,1
ADDLINE 0,0,0 3,155,1 1,310,1 7,0,2 1,310,1 5,155,1 12,0,2 1,155,1 1,155,1
ADDLINE 0,0,0 1,168,1 1,336,1 1,336,1 1,336,1 1,168,1 12,0,2 1,168,1 1,168,1
ADDLINE 0,0,0 0,0,0 0,0,0 0,0,0 12,0,2 0,0,0 5,182,1 0,0,0 1,182,1
ADDLINE 1,146,1 1,292,1 1,292,1 12,0,2 1,146,1 0,0,0 1,146,1 0,0,0 0,0,0
ADDLINE 1,320,1 1,320,1 10,0,2 0,0,0 1,320,1 12,0,2 1,320,1 1,320,1 0,0,0
ADDLINE 0,0,0 12,0,2 0,0,0 1,348,1 1,174,1 0,0,0 1,174,1 1,174,1 1,174,1
ADDLINE 0,0,0 0,0,0 1,188,1 3,188,1 1,188,1 2,188,1 1,188,1 1,188,1 12,0,2
ADDLINE 1,150,1 4,150,1 1,150,1 0,0,0 0,0,0 12,0,2 1,150,1 3,150,1 0,0,0
ADDLINE 1,165,1 1,165,1 0,0,0 1,165,1 1,165,1 0,0,0 12,0,2 0,0,0 0,0,0
ADDLINE 2,179,1 0,0,0 0,0,0 12,0,2 0,0,0 1,179,1 1,179,1 5,179,1 0,0,0
ADDLINE 1,193,1 0,0,0 3,193,1 1,193,1 12,0,2 1,193,1 1,193,1 0,0,0 0,0,0
ADDLINE 1,155,1 1,155,1 1,155,1 12,0,2 4,155,1 1,155,1 2,155,1 0,0,0 3,155,1
ADDLINE 4,169,1 1,169,1 1,169,1 0,0,0 1,169,1 12,0,2 0,0,0 0,0,0 1,169,1
ADDLINE 3,175,1 1,175,1 1,175,1 1,175,1 1,175,1 12,0,2 1,175,1 1,175,1 1,175,1
ADDLINE 3,199,1 12,0,2 0,0,0 0,0,0 1,199,1 0,0,0 1,199,1 1,199,1 1,199,1
ADDLINE 5,152,1 1,152,1 1,152,1 1,152,1 1,152,1 12,0,2 1,152,1 4,152,1 1,152,1
ADDLINE 0,0,0 5,174,1 12,0,2 0,0,0 1,174,1 1,174,1 0,0,0 1,348,1 0,0,0
ADDLINE 1,231,1 1,231,1 1,231,1 3,231,1 5,231,1 12,0,2 1,462,1 7,0,2 1,231,1
ADDLINE 1,233,1 1,233,1 2,233,1 1,233,1 1,233,1 12,0,2 1,466,1 0,0,0 1,233,1
ADDLINE 1,223,1 3,223,1 1,223,1 1,223,1 2,223,1 1,223,1 1,223,1 12,0,2 1,223,1
1,95,1 0,0,0 12,0,2 0,0,0 0,0,0 0,0,0 0,0,0 0,0,0 1,95,1
5,94,1 12,0,2 1,94,1 4,94,1 1,94,1 1,94,1 1,188,1 17,94,1 1,94,1
1,186,1 12,0,2 1,186,1 1,186,1 1,186,1 1,186,1 1,186,1 16,94,1 1,186,1
1,92,1 12,0,2 2,92,1 1,92,1 1,92,1 1,92,1 2,92,1 0,0,0 1,92,1
0,0,0 0,0,0 1,91,1 1,91,1 1,91,1 1,91,1 3,91,1 12,0,2 3,91,1
1,86,1 1,86,1 4,86,1 1,86,1 1,86,1 1,86,1 1,86,1 12,0,2 1,86,1
0,0,0 0,0,0 0,0,0 0,0,0 0,0,0 0,0,0 0,0,0 0,0,0 0,0,0
0,0,0 0,0,0 0,0,0 0,0,0 0,0,0 0,0,0 0,0,0 0,0,0 0,0,0
0,0,0 0,0,0 0,0,0 0,0,0 0,0,0 0,0,0 0,0,0 0,0,0 0,0,0