MODE 0
BALL 90
STARS 0/6000/8700
ADDLINE 0,0,0 1,106,1 12,0,2 0,0,0 0,0,0 0,0,0 0,0,0 1,106,1 0,0,0
ADDLINE 0,0,0 1,107,1 3,107,1 1,107,1 1,107,1 1,107,1 4,107,1 1,107,1 12,0,2
ADDLINE 0,0,0 0,0,0 0,0,0 0,0,0 0,0,0 0,0,0 0,0,0 1,108,1 12,0,2
ADDLINE 1,119,1 1,119,1 1,119,1 2,119,1 1,119,1 1,119,1 12,0,2 1,119,1 0,0,0
ADDLINE 0,0,0 0,0,0 0,0,0 1,120,1 1,120,1 1,120,1 0,0,0 12,0,2 0,0,0
ADDLINE 1,125,1 5,125,1 12,0,2 4,125,1 5,125,1 1,125,1 1,125,1 1,125,1 1,125,1
ADDLINE 2,142,1 1,142,1 12,0,2 1,142,1 5,142,1 1,142,1 0,0,0 0,0,0 0,0,0
ADDLINE 1,154,1 4,154,1 12,0,2 1,154,1 1,154,1 1,154,1 0,0,0 1,154,1 0,0,0
ADDLINE 1,124,1 4,124,1 0,0,0 0,0,0 0,0,0 12,0,2 0,0,0 1,124,1 0,0,0
ADDLINE 0,0,0 0,0,0 0,0,0 0,0,0 1,136,1 1,136,1 1,136,1 0,0,0 12,0,2
ADDLINE 0,0,0 1,148,1 2,148,1 1,148,1 4,148,1 1,148,1 1,148,1 1,148,1 12,0,2
ADDLINE 0,0,0 1,160,1 1,160,1 3,160,1 1,160,1 3,160,1 1,160,1 1,160,1 12,0,2
ADDLINE 0,0,0 1,128,1 1,128,1 1,128,1 1,128,1 1,128,1 3,128,1 0,0,0 12,0,2
ADDLINE 0,0,0 12,0,2 0,0,0 0,0,0 1,141,1 1,141,1 0,0,0 0,0,0 2,141,1
ADDLINE 5,153,1 1,153,1 1,153,1 0,0,0 0,0,0 0,0,0 12,0,2 0,0,0 0,0,0
ADDLINE 1,165,1 1,165,1 1,165,1 12,0,2 1,165,1 1,165,1 1,165,1 1,165,1 0,0,0
ADDLINE 1,133,1 1,133,1 1,133,1 12,0,2 2,133,1 1,133,1 4,133,1 1,133,1 0,0,0
ADDLINE 1,145,1 5,145,1 5,145,1 12,0,2 1,145,1 1,145,1 2,145,1 0,0,0 0,0,0
ADDLINE 1,158,1 1,158,1 5,158,1 4,158,1 1,158,1 1,158,1 12,0,2 0,0,0 0,0,0
ADDLINE 1,171,1 1,171,1 5,171,1 1,171,1 0,0,0 0,0,0 12,0,2 1,171,1 0,0,0
ADDLINE 1,131,1 1,131,1 3,131,1 1,131,1 1,131,1 4,131,1 1,131,1 1,131,1 12,0,2
ADDLINE 3,150,1 1,150,1 1,150,1 12,0,2 0,0,0 0,0,0 0,0,0 1,150,1 0,0,0
ADDLINE 1,163,1 5,163,1 1,163,1 12,0,2 3,163,1 1,163,1 0,0,0 0,0,0 0,0,0
ADDLINE 1,177,1 12,0,2 0,0,0 0,0,0 1,177,1 1,177,1 4,177,1 1,177,1 0,0,0
ADDLINE 1,142,1 0,0,0 12,0,2 1,142,1 1,142,1 1,142,1 1,142,1 1,142,1 0,0,0
ADDLINE 0,0,0 1,155,1 0,0,0 1,155,1 1,155,1 1,155,1 4,155,1 1,155,1 12,0,2
ADDLINE 0,0,0 0,0,0 12,0,2 2,168,1 3,168,1 1,168,1 3,168,1 0,0,0 0,0,0
ADDLINE 12,0,2 4,173,1 1,173,1 1,173,1 5,173,1 1,173,1 1,173,1 1,173,1 1,173,1
ADDLINE 0,0,0 12,0,2 0,0,0 0,0,0 0,0,0 5,146,1 0,0,0 0,0,0 0,0,0
ADDLINE 0,0,0 2,160,1 1,160,1 1,160,1 0,0,0 1,160,1 12,0,2 1,160,1 0,0,0
ADDLINE 0,0,0 12,0,2 0,0,0 1,174,1 0,0,0 1,174,1 0,0,0 1,174,1 0,0,0
ADDLINE 1,188,1 1,188,1 1,188,1 1,188,1 12,0,2 4,188,1 0,0,0 3,188,1 1,188,1
ADDLINE 0,0,0 12,0,2 0,0,0 0,0,0 0,0,0 2,150,1 0,0,0 1,150,1 0,0,0
ADDLINE 0,0,0 1,165,1 1,165,1 1,165,1 5,165,1 1,165,1 0,0,0 1,165,1 12,0,2
ADDLINE 0,0,0 1,179,1 1,179,1 4,179,1 1,179,1 1,179,1 0,0,0 0,0,0 12,0,2
ADDLINE 12,0,2 3,184,1 1,184,1 1,184,1 5,184,1 1,184,1 1,184,1 1,184,1 3,184,1
ADDLINE 3,147,1 12,0,2 1,147,1 1,147,1 1,147,1 1,147,1 1,147,1 1,147,1 1,147,1
ADDLINE 2,169,1 12,0,2 0,0,0 1,169,1 1,169,1 1,169,1 2,169,1 1,169,1 5,169,1
ADDLINE 1,184,1 1,184,1 0,0,0 12,0,2 0,0,0 0,0,0 0,0,0 0,0,0 0,0,0
ADDLINE 1,199,1 1,199,1 1,199,1 4,199,1 12,0,2 0,0,0 0,0,0 0,0,0 0,0,0
ADDLINE 1,159,1 1,159,1 1,159,1 12,0,2 0,0,0 1,159,1 1,159,1 1,159,1 2,159,1
ADDLINE 1,174,1 1,174,1 12,0,2 0,0,0 5,174,1 1,174,1 5,174,1 1,174,1 1,174,1
ADDLINE 0,0,0 12,0,2 0,0,0 1,231,1 2,231,1 1,231,1 4,231,1 1,231,1 1,231,1
ADDLINE 0,0,0 0,0,0 12,0,2 1,233,1 1,233,1 4,233,1 3,233,1 1,233,1 1,233,1
ADDLINE 1,223,1 1,223,1 12,0,2 1,223,1 1,223,1 1,223,1 1,223,1 3,223,1 1,223,1
0,0,0 1,95,1 12,0,2 2,95,1 3,95,1 1,95,1 1,95,1 1,95,1 3,95,1
0,0,0 1,94,1 0,0,0 0,0,0 12,0,2 0,0,0 0,0,0 0,0,0 0,0,0
1,93,1 1,93,1 1,93,1 1,93,1 5,93,1 1,93,1 1,93,1 12,0,2 0,0,0
1,92,1 1,92,1 1,92,1 1,92,1 0,0,0 12,0,2 0,0,0 0,0,0 1,92,1
1,91,1 1,91,1 4,91,1 3,91,1 0,0,0 12,0,2 0,0,0 1,91,1 1,91,1
1,90,1 4,90,1 1,90,1 2,90,1 1,90,1 1,90,1 12,0,2 0,0,0 0,0,0
0,0,0 0,0,0 0,0,0 0,0,0 0,0,0 0,0,0 0,0,0 0,0,0 0,0,0
0,0,0 0,0,0 0,0,0 0,0,0 0,0,0 0,0,0 0,0,0 0,0,0 0,0,0
0,0,0 0,0,0 0,0,0 0,0,0 0,0,0 0,0,0 0,0,0 0,0,0 0,0,0