MODE 0
BALL 90
STARS 0/6100/8700
ADDLINE 0,0,0 0,0,0 12,0,2 1,106,1 1,106,1 1,106,1 1,106,1 1,106,1 1,106,1
ADDLINE 0,0,0 2,107,1 0,0,0 0,0,0 12,0,2 0,0,0 0,0,0 0,0,0 0,0,0
ADDLINE 0,0,0 0,0,0 0,0,0 5,108,1 3,108,1 12,0,2 1,108,1 1,108,1 0,0,0
ADDLINE 1,119,1 12,0,2 1,119,1 1,119,1 1,119,1 1,119,1 0,0,0 1,119,1 0,0,0
ADDLINE 3,120,1 0,0,0 12,0,2 1,120,1 1,120,1 5,120,1 0,0,0 1,120,1 0,0,0
ADDLINE 1,131,1 1,131,1 1,131,1 3,131,1 4,131,1 12,0,2 0,0,0 0,0,0 0,0,0
ADDLINE 1,142,1 1,142,1 0,0,0 0,0,0 12,0,2 0,0,0 1,142,1 0,0,0 1,142,1
ADDLINE 1,154,1 2,154,1 0,0,0 0,0,0 5,154,1 1,154,1 12,0,2 0,0,0 1,154,1
ADDLINE 1,124,1 1,124,1 3,124,1 0,0,0 12,0,2 1,124,1 1,124,1 0,0,0 3,124,1
ADDLINE 1,129,1 4,129,1 12,0,2 1,129,1 2,129,1 1,129,1 1,129,1 2,129,1 1,129,1
ADDLINE 1,148,1 0,0,0 3,148,1 1,148,1 1,148,1 12,0,2 0,0,0 1,148,1 4,148,1
ADDLINE 1,152,1 1,152,1 3,152,1 1,152,1 1,152,1 1,152,1 12,0,2 1,152,1 1,152,1
ADDLINE 0,0,0 1,128,1 12,0,2 1,128,1 1,128,1 1,128,1 0,0,0 5,128,1 0,0,0
ADDLINE 1,141,1 3,141,1 12,0,2 5,141,1 1,141,1 4,141,1 0,0,0 1,141,1 1,141,1
ADDLINE 1,153,1 1,153,1 0,0,0 0,0,0 12,0,2 0,0,0 0,0,0 0,0,0 0,0,0
ADDLINE 1,165,1 2,165,1 12,0,2 1,165,1 1,165,1 1,165,1 2,165,1 1,165,1 0,0,0
ADDLINE 1,133,1 1,133,1 0,0,0 1,133,1 12,0,2 1,133,1 5,133,1 1,133,1 0,0,0
ADDLINE 4,145,1 1,145,1 12,0,2 1,145,1 0,0,0 4,145,1 1,145,1 1,145,1 1,145,1
ADDLINE 1,151,1 1,151,1 1,151,1 1,151,1 2,151,1 1,151,1 1,151,1 12,0,2 1,151,1
ADDLINE 0,0,0 0,0,0 0,0,0 1,171,1 1,171,1 1,171,1 0,0,0 12,0,2 2,171,1
ADDLINE 1,131,1 5,131,1 1,131,1 1,131,1 1,131,1 4,131,1 5,131,1 12,0,2 1,131,1
ADDLINE 0,0,0 2,150,1 3,150,1 4,150,1 0,0,0 0,0,0 0,0,0 12,0,2 1,150,1
ADDLINE 1,155,1 1,155,1 12,0,2 1,155,1 1,155,1 2,155,1 1,155,1 1,155,1 1,155,1
ADDLINE 0,0,0 1,177,1 12,0,2 0,0,0 0,0,0 1,177,1 0,0,0 0,0,0 0,0,0
ADDLINE 1,135,1 1,135,1 3,135,1 4,135,1 12,0,2 1,135,1 1,135,1 1,135,1 1,135,1
ADDLINE 1,148,1 1,148,1 1,148,1 1,148,1 12,0,2 3,148,1 2,148,1 1,148,1 1,148,1
ADDLINE 1,160,1 1,160,1 1,160,1 1,160,1 12,0,2 2,160,1 1,160,1 1,160,1 4,160,1
ADDLINE 4,182,1 2,182,1 12,0,2 0,0,0 1,182,1 3,182,1 0,0,0 0,0,0 0,0,0
ADDLINE 1,146,1 1,146,1 0,0,0 1,146,1 0,0,0 12,0,2 1,146,1 1,146,1 0,0,0
ADDLINE 1,160,1 0,0,0 1,160,1 1,160,1 12,0,2 0,0,0 0,0,0 0,0,0 0,0,0
ADDLINE 0,0,0 0,0,0 1,174,1 12,0,2 0,0,0 1,174,1 1,174,1 3,174,1 0,0,0
ADDLINE 1,188,1 12,0,2 1,188,1 1,188,1 0,0,0 5,188,1 4,188,1 0,0,0 0,0,0
ADDLINE 1,150,1 0,0,0 0,0,0 0,0,0 12,0,2 0,0,0 0,0,0 1,150,1 0,0,0
ADDLINE 4,165,1 12,0,2 0,0,0 1,165,1 1,165,1 1,165,1 1,165,1 5,165,1 0,0,0
ADDLINE 1,179,1 1,179,1 12,0,2 1,179,1 1,179,1 0,0,0 2,179,1 1,179,1 1,179,1
ADDLINE 2,193,1 1,193,1 0,0,0 1,193,1 1,193,1 12,0,2 0,0,0 0,0,0 0,0,0
ADDLINE 1,147,1 5,147,1 1,147,1 1,147,1 1,147,1 12,0,2 1,147,1 2,147,1 3,147,1
ADDLINE 1,161,1 1,161,1 1,161,1 1,161,1 2,161,1 12,0,2 1,161,1 1,161,1 3,161,1
ADDLINE 1,175,1 1,175,1 1,175,1 1,175,1 5,175,1 12,0,2 1,175,1 1,175,1 1,175,1
ADDLINE 1,199,1 5,199,1 1,199,1 1,199,1 1,199,1 12,0,2 0,0,0 0,0,0 3,199,1
ADDLINE 1,152,1 4,152,1 1,152,1 1,152,1 1,152,1 12,0,2 1,152,1 1,152,1 5,152,1
ADDLINE 1,174,1 0,0,0 12,0,2 0,0,0 0,0,0 0,0,0 0,0,0 0,0,0 1,174,1
ADDLINE 1,220,1 1,220,1 1,220,1 1,220,1 2,220,1 1,220,1 3,220,1 12,0,2 1,220,1
ADDLINE 0,0,0 12,0,2 0,0,0 0,0,0 3,233,1 1,233,1 1,233,1 0,0,0 0,0,0
ADDLINE 1,234,1 1,234,1 1,234,1 12,0,2 4,234,1 1,234,1 1,234,1 0,0,0 1,234,1
1,95,1 1,95,1 1,95,1 12,0,2 5,95,1 0,0,0 1,95,1 3,95,1 1,95,1
1,94,1 12,0,2 0,0,0 0,0,0 1,94,1 0,0,0 0,0,0 0,0,0 0,0,0
5,89,1 1,89,1 4,89,1 1,89,1 1,89,1 1,89,1 1,89,1 12,0,2 1,89,1
2,92,1 12,0,2 1,92,1 1,92,1 3,92,1 2,92,1 1,92,1 0,0,0 1,92,1
1,91,1 12,0,2 1,91,1 1,91,1 5,91,1 1,91,1 1,91,1 0,0,0 1,91,1
1,90,1 0,0,0 1,90,1 0,0,0 0,0,0 0,0,0 0,0,0 12,0,2 0,0,0
0,0,0 0,0,0 0,0,0 0,0,0 0,0,0 0,0,0 0,0,0 0,0,0 0,0,0
0,0,0 0,0,0 0,0,0 0,0,0 0,0,0 0,0,0 0,0,0 0,0,0 0,0,0
0,0,0 0,0,0 0,0,0 0,0,0 0,0,0 0,0,0 0,0,0 0,0,0 0,0,0