MODE 0
BALL 50
STARS 0/2000/2800
ADDLINE 0,0,0 1,100,1 1,100,1 1,100,1 1,100,1 1,50,1 12,0,2 5,50,1 1,50,1
ADDLINE 0,0,0 0,0,0 1,108,1 20,54,1 0,0,0 1,54,1 12,0,2 0,0,0 0,0,0
ADDLINE 1,122,1 1,122,1 10,0,2 1,122,1 12,0,2 1,122,1 1,122,1 1,122,1 0,0,0
ADDLINE 0,0,0 1,124,1 1,124,1 16,62,1 1,124,1 12,0,2 1,124,1 1,124,1 1,124,1
ADDLINE 0,0,0 1,126,1 10,0,2 1,126,1 1,126,1 1,126,1 12,0,2 1,126,1 0,0,0
ADDLINE 0,0,0 1,88,1 0,0,0 20,88,1 12,0,2 0,0,0 0,0,0 1,88,1 0,0,0
19,52,1 1,104,1 12,0,2 1,104,1 1,104,1 1,104,1 0,0,0 1,104,1 1,104,1
1,102,1 1,102,1 0,0,0 5,102,1 12,0,2 1,102,1 19,51,1 0,0,0 1,102,1
0,0,0 1,50,1 2,50,1 0,0,0 1,100,1 1,50,1 1,100,1 12,0,2 3,50,1
1,98,1 0,0,0 0,0,0 12,0,2 0,0,0 0,0,0 0,0,0 0,0,0 1,98,1
1,92,1 1,92,1 1,92,1 12,0,2 19,41,1 1,92,1 1,92,1 1,92,1 1,92,1
0,0,0 3,47,1 1,47,1 12,0,2 0,0,0 1,94,1 5,94,1 1,47,1 0,0,0
0,0,0 0,0,0 0,0,0 0,0,0 0,0,0 0,0,0 0,0,0 0,0,0 0,0,0
0,0,0 0,0,0 0,0,0 0,0,0 0,0,0 0,0,0 0,0,0 0,0,0 0,0,0
0,0,0 0,0,0 0,0,0 0,0,0 0,0,0 0,0,0 0,0,0 0,0,0 0,0,0