MODE 0
BALL 90
STARS 0/7500/10200
ADDLINE 1,106,1 1,106,1 1,106,1 1,106,1 12,0,2 1,106,1 1,106,1 1,212,1 17,106,1
ADDLINE 1,102,1 1,102,1 1,102,1 1,102,1 12,0,2 1,102,1 1,102,1 1,204,1 1,204,1
ADDLINE 1,103,1 1,103,1 1,103,1 1,103,1 12,0,2 1,103,1 1,103,1 1,103,1 1,103,1
ADDLINE 1,113,1 1,226,1 1,226,1 1,113,1 12,0,2 1,113,1 1,113,1 1,113,1 1,113,1
ADDLINE 0,0,0 7,0,2 0,0,0 0,0,0 0,0,0 0,0,0 1,240,1 1,240,1 12,0,2
ADDLINE 1,131,1 1,262,1 12,0,2 1,131,1 1,131,1 1,131,1 1,262,1 20,131,1 1,131,1
ADDLINE 1,142,1 1,142,1 12,0,2 1,142,1 0,0,0 1,142,1 0,0,0 1,284,1 0,0,0
ADDLINE 1,308,1 1,308,1 12,0,2 1,154,1 0,0,0 1,154,1 1,154,1 1,154,1 1,154,1
ADDLINE 20,124,1 1,248,1 12,0,2 1,124,1 0,0,0 1,124,1 1,124,1 1,124,1 1,124,1
ADDLINE 1,272,1 1,272,1 0,0,0 0,0,0 0,0,0 12,0,2 1,136,1 0,0,0 0,0,0
ADDLINE 1,296,1 19,148,1 1,296,1 1,296,1 1,296,1 1,296,1 1,296,1 1,296,1 12,0,2
ADDLINE 1,160,1 1,320,1 12,0,2 0,0,0 1,160,1 1,160,1 1,160,1 1,320,1 11,0,2
ADDLINE 1,128,1 1,128,1 1,128,1 12,0,2 1,128,1 1,128,1 1,128,1 1,256,1 0,0,0
ADDLINE 1,141,1 1,141,1 1,141,1 0,0,0 1,141,1 12,0,2 1,141,1 0,0,0 0,0,0
ADDLINE 0,0,0 0,0,0 0,0,0 12,0,2 1,153,1 1,306,1 1,306,1 0,0,0 1,153,1
ADDLINE 1,165,1 1,165,1 1,165,1 0,0,0 0,0,0 12,0,2 17,165,1 1,330,1 1,330,1
ADDLINE 1,133,1 1,133,1 1,133,1 12,0,2 1,133,1 1,266,1 1,266,1 1,266,1 20,133,1
ADDLINE 8,0,2 1,290,1 1,290,1 12,0,2 0,0,0 1,290,1 1,290,1 0,0,0 1,290,1
ADDLINE 1,151,1 1,151,1 1,151,1 12,0,2 1,151,1 1,151,1 1,151,1 1,151,1 1,151,1
ADDLINE 1,171,1 1,171,1 1,171,1 12,0,2 0,0,0 0,0,0 0,0,0 0,0,0 1,171,1
ADDLINE 1,137,1 1,137,1 1,274,1 1,274,1 0,0,0 0,0,0 12,0,2 0,0,0 1,137,1
ADDLINE 1,300,1 1,300,1 1,300,1 20,150,1 1,300,1 12,0,2 0,0,0 0,0,0 8,0,2
ADDLINE 1,163,1 1,163,1 1,326,1 1,326,1 1,326,1 0,0,0 12,0,2 0,0,0 11,0,2
ADDLINE 1,177,1 1,177,1 1,177,1 1,177,1 12,0,2 0,0,0 11,0,2 0,0,0 1,354,1
ADDLINE 1,142,1 1,284,1 1,284,1 1,142,1 1,284,1 17,142,1 1,284,1 12,0,2 1,142,1
ADDLINE 1,155,1 17,155,1 1,310,1 1,155,1 1,310,1 1,310,1 1,310,1 12,0,2 1,155,1
ADDLINE 1,336,1 1,336,1 1,336,1 1,336,1 1,336,1 12,0,2 10,0,2 0,0,0 1,336,1
ADDLINE 1,182,1 1,182,1 1,182,1 1,182,1 1,182,1 1,364,1 12,0,2 0,0,0 0,0,0
ADDLINE 1,146,1 1,146,1 1,146,1 1,146,1 1,146,1 0,0,0 12,0,2 0,0,0 0,0,0
ADDLINE 1,160,1 1,160,1 1,160,1 1,160,1 1,160,1 0,0,0 12,0,2 0,0,0 0,0,0
ADDLINE 1,174,1 1,348,1 1,348,1 1,348,1 0,0,0 12,0,2 0,0,0 0,0,0 0,0,0
ADDLINE 1,376,1 1,376,1 19,188,1 12,0,2 1,376,1 1,376,1 1,376,1 1,376,1 0,0,0
ADDLINE 1,150,1 1,300,1 1,300,1 12,0,2 1,150,1 1,150,1 1,150,1 1,300,1 11,0,2
ADDLINE 1,330,1 1,330,1 0,0,0 12,0,2 1,165,1 1,165,1 1,165,1 1,330,1 0,0,0
ADDLINE 7,0,2 1,358,1 1,179,1 0,0,0 1,179,1 1,179,1 1,179,1 12,0,2 0,0,0
ADDLINE 1,386,1 1,386,1 1,386,1 12,0,2 0,0,0 8,0,2 0,0,0 0,0,0 1,386,1
ADDLINE 1,155,1 20,155,1 1,310,1 0,0,0 0,0,0 12,0,2 0,0,0 0,0,0 0,0,0
ADDLINE 1,169,1 1,338,1 1,338,1 12,0,2 1,169,1 1,169,1 0,0,0 0,0,0 0,0,0
ADDLINE 1,184,1 12,0,2 0,0,0 0,0,0 1,184,1 1,184,1 0,0,0 1,184,1 1,184,1
ADDLINE 16,199,1 12,0,2 1,398,1 1,398,1 1,398,1 1,398,1 1,398,1 8,0,2 1,398,1
ADDLINE 1,318,1 12,0,2 1,159,1 1,159,1 1,159,1 1,159,1 1,159,1 0,0,0 1,159,1
ADDLINE 17,174,1 0,0,0 0,0,0 0,0,0 12,0,2 0,0,0 0,0,0 0,0,0 1,348,1
ADDLINE 1,378,1 1,378,1 1,189,1 1,189,1 12,0,2 1,189,1 0,0,0 1,378,1 20,189,1
ADDLINE 1,205,1 1,205,1 1,205,1 1,205,1 12,0,2 1,205,1 0,0,0 1,410,1 7,0,2
ADDLINE 1,164,1 1,328,1 1,328,1 1,328,1 12,0,2 1,164,1 0,0,0 1,328,1 1,328,1
ADDLINE 1,472,1 12,0,2 19,236,1 1,472,1 1,472,1 1,472,1 1,472,1 1,472,1 1,472,1
ADDLINE 1,237,1 0,0,0 11,0,2 12,0,2 0,0,0 1,237,1 1,237,1 1,237,1 1,237,1
ADDLINE 1,227,1 1,227,1 1,227,1 1,227,1 12,0,2 1,227,1 1,227,1 1,227,1 1,227,1
16,95,1 1,190,1 1,190,1 1,190,1 1,190,1 12,0,2 1,190,1 1,190,1 1,190,1
1,94,1 0,0,0 1,94,1 0,0,0 12,0,2 0,0,0 1,188,1 1,94,1 1,94,1
1,93,1 12,0,2 1,93,1 1,93,1 1,186,1 17,93,1 1,186,1 1,186,1 1,93,1
1,92,1 12,0,2 1,92,1 1,92,1 1,184,1 1,184,1 17,92,1 1,184,1 0,0,0
1,91,1 12,0,2 1,91,1 1,91,1 1,182,1 0,0,0 1,182,1 1,182,1 1,91,1
1,90,1 12,0,2 1,90,1 1,90,1 1,180,1 11,0,2 1,180,1 1,90,1 1,90,1
0,0,0 0,0,0 0,0,0 0,0,0 0,0,0 0,0,0 0,0,0 0,0,0 0,0,0
0,0,0 0,0,0 0,0,0 0,0,0 0,0,0 0,0,0 0,0,0 0,0,0 0,0,0
0,0,0 0,0,0 0,0,0 0,0,0 0,0,0 0,0,0 0,0,0 0,0,0 0,0,0