MODE 0
BALL 90
STARS 0/8500/12000
ADDLINE 1,101,1 1,101,1 1,101,1 12,0,2 1,101,1 5,101,1 3,101,1 1,101,1 1,101,1
ADDLINE 1,102,1 2,102,1 1,102,1 12,0,2 3,102,1 1,102,1 1,102,1 1,102,1 1,102,1
ADDLINE 5,108,1 1,108,1 1,108,1 0,0,0 0,0,0 0,0,0 12,0,2 0,0,0 11,0,2
ADDLINE 1,119,1 1,119,1 3,119,1 1,119,1 1,119,1 4,119,1 12,0,2 0,0,0 0,0,0
ADDLINE 1,114,1 1,114,1 2,114,1 1,114,1 1,114,1 1,228,1 12,0,2 1,228,1 1,114,1
ADDLINE 0,0,0 12,0,2 0,0,0 0,0,0 0,0,0 0,0,0 7,0,2 1,262,1 1,131,1
ADDLINE 12,0,2 1,136,1 2,136,1 1,136,1 1,136,1 1,272,1 1,272,1 1,272,1 3,136,1
ADDLINE 0,0,0 0,0,0 12,0,2 1,154,1 1,154,1 3,154,1 1,154,1 1,154,1 1,154,1
ADDLINE 0,0,0 0,0,0 12,0,2 1,124,1 1,124,1 1,124,1 5,124,1 1,124,1 1,124,1
ADDLINE 1,129,1 1,129,1 1,129,1 12,0,2 1,129,1 1,129,1 5,129,1 1,129,1 1,129,1
ADDLINE 0,0,0 0,0,0 0,0,0 12,0,2 1,148,1 1,148,1 5,148,1 1,148,1 1,148,1
ADDLINE 1,152,1 1,152,1 1,152,1 12,0,2 2,152,1 1,304,1 1,304,1 1,304,1 3,152,1
ADDLINE 1,256,1 1,256,1 1,256,1 12,0,2 1,256,1 0,0,0 10,0,2 0,0,0 0,0,0
ADDLINE 4,134,1 1,134,1 1,134,1 1,134,1 1,134,1 1,268,1 1,268,1 1,268,1 12,0,2
ADDLINE 0,0,0 0,0,0 0,0,0 0,0,0 5,153,1 0,0,0 0,0,0 0,0,0 12,0,2
ADDLINE 1,330,1 1,330,1 1,330,1 12,0,2 1,330,1 8,0,2 1,330,1 1,330,1 1,330,1
ADDLINE 0,0,0 0,0,0 0,0,0 12,0,2 1,266,1 8,0,2 1,266,1 1,266,1 1,266,1
ADDLINE 3,138,1 1,138,1 1,138,1 5,138,1 1,138,1 12,0,2 1,138,1 1,138,1 1,138,1
ADDLINE 2,158,1 12,0,2 1,158,1 1,158,1 1,158,1 5,158,1 1,158,1 0,0,0 2,158,1
ADDLINE 1,171,1 12,0,2 1,171,1 1,171,1 1,171,1 4,171,1 1,171,1 0,0,0 1,171,1
ADDLINE 1,131,1 12,0,2 1,131,1 4,131,1 1,131,1 1,131,1 5,131,1 1,131,1 1,131,1
ADDLINE 0,0,0 0,0,0 1,150,1 1,150,1 1,150,1 1,150,1 1,150,1 12,0,2 5,150,1
ADDLINE 1,155,1 2,155,1 3,155,1 1,155,1 1,155,1 1,155,1 1,155,1 12,0,2 1,155,1
ADDLINE 5,177,1 0,0,0 0,0,0 12,0,2 1,177,1 0,0,0 0,0,0 0,0,0 1,177,1
ADDLINE 3,142,1 12,0,2 1,142,1 1,142,1 2,142,1 1,142,1 1,142,1 0,0,0 1,142,1
ADDLINE 1,155,1 12,0,2 2,155,1 4,155,1 1,155,1 1,155,1 1,155,1 0,0,0 0,0,0
ADDLINE 1,168,1 12,0,2 3,168,1 1,168,1 1,168,1 1,168,1 1,168,1 0,0,0 1,168,1
ADDLINE 4,182,1 5,182,1 1,182,1 1,182,1 0,0,0 1,182,1 12,0,2 1,364,1 0,0,0
ADDLINE 1,292,1 1,292,1 1,292,1 1,292,1 12,0,2 1,292,1 0,0,0 1,292,1 10,0,2
ADDLINE 1,152,1 1,152,1 1,152,1 1,152,1 12,0,2 1,152,1 2,152,1 1,304,1 1,304,1
ADDLINE 1,165,1 1,165,1 1,165,1 2,165,1 12,0,2 1,165,1 3,165,1 1,165,1 1,165,1
ADDLINE 0,0,0 1,188,1 0,0,0 1,188,1 0,0,0 0,0,0 0,0,0 0,0,0 12,0,2
ADDLINE 1,150,1 1,150,1 1,150,1 12,0,2 4,150,1 3,150,1 1,150,1 0,0,0 1,150,1
ADDLINE 1,165,1 1,330,1 1,330,1 0,0,0 2,165,1 12,0,2 1,165,1 0,0,0 1,165,1
ADDLINE 4,179,1 1,358,1 7,0,2 1,358,1 1,179,1 12,0,2 1,179,1 0,0,0 3,179,1
ADDLINE 1,193,1 1,386,1 1,386,1 12,0,2 1,193,1 0,0,0 1,193,1 0,0,0 1,193,1
ADDLINE 2,155,1 4,155,1 1,155,1 1,155,1 1,155,1 12,0,2 1,155,1 0,0,0 3,155,1
ADDLINE 1,338,1 1,338,1 1,338,1 1,338,1 1,338,1 12,0,2 1,338,1 8,0,2 1,338,1
ADDLINE 1,184,1 1,184,1 1,184,1 1,184,1 1,184,1 12,0,2 7,0,2 0,0,0 0,0,0
ADDLINE 1,199,1 1,199,1 1,199,1 5,199,1 1,199,1 12,0,2 1,398,1 0,0,0 1,199,1
ADDLINE 0,0,0 0,0,0 0,0,0 12,0,2 0,0,0 0,0,0 1,159,1 0,0,0 1,159,1
ADDLINE 1,166,1 1,166,1 1,166,1 3,166,1 1,166,1 2,166,1 1,166,1 12,0,2 2,166,1
ADDLINE 1,189,1 0,0,0 12,0,2 0,0,0 0,0,0 0,0,0 0,0,0 0,0,0 1,189,1
ADDLINE 1,205,1 1,205,1 2,205,1 12,0,2 1,205,1 0,0,0 1,205,1 1,205,1 2,205,1
ADDLINE 0,0,0 0,0,0 1,164,1 12,0,2 4,164,1 0,0,0 1,164,1 5,164,1 1,164,1
ADDLINE 1,224,1 2,224,1 3,224,1 1,224,1 1,224,1 12,0,2 1,224,1 1,224,1 1,224,1
ADDLINE 1,226,1 1,226,1 1,226,1 5,226,1 1,226,1 12,0,2 1,226,1 5,226,1 3,226,1
ADDLINE 1,239,1 1,239,1 1,239,1 0,0,0 12,0,2 0,0,0 1,239,1 2,239,1 1,239,1
0,0,0 0,0,0 1,95,1 1,95,1 1,190,1 12,0,2 1,95,1 1,95,1 5,95,1
0,0,0 1,94,1 4,94,1 1,94,1 1,188,1 12,0,2 1,94,1 3,94,1 4,94,1
0,0,0 0,0,0 1,93,1 1,93,1 1,186,1 12,0,2 0,0,0 1,93,1 1,93,1
1,92,1 12,0,2 0,0,0 0,0,0 0,0,0 11,0,2 0,0,0 2,92,1 5,92,1
1,182,1 1,182,1 1,182,1 12,0,2 19,91,1 0,0,0 1,182,1 1,182,1 1,182,1
1,90,1 1,90,1 1,90,1 12,0,2 0,0,0 0,0,0 1,90,1 1,90,1 1,90,1
0,0,0 0,0,0 0,0,0 0,0,0 0,0,0 0,0,0 0,0,0 0,0,0 0,0,0
0,0,0 0,0,0 0,0,0 0,0,0 0,0,0 0,0,0 0,0,0 0,0,0 0,0,0
0,0,0 0,0,0 0,0,0 0,0,0 0,0,0 0,0,0 0,0,0 0,0,0 0,0,0