MODE 0
BALL 90
STARS 0/6700/9500
ADDLINE 1,106,1 5,106,1 1,106,1 12,0,2 1,106,1 0,0,0 1,106,1 1,106,1 1,106,1
ADDLINE 1,102,1 3,102,1 1,102,1 1,102,1 1,102,1 12,0,2 4,102,1 1,102,1 1,102,1
ADDLINE 1,108,1 0,0,0 0,0,0 0,0,0 12,0,2 0,0,0 0,0,0 0,0,0 5,108,1
ADDLINE 1,113,1 1,113,1 2,113,1 12,0,2 1,113,1 1,113,1 1,113,1 1,113,1 3,113,1
ADDLINE 5,120,1 12,0,2 0,0,0 0,0,0 1,120,1 1,120,1 1,120,1 1,120,1 1,120,1
ADDLINE 1,125,1 12,0,2 1,125,1 5,125,1 1,125,1 1,125,1 1,125,1 2,125,1 3,125,1
ADDLINE 0,0,0 0,0,0 1,142,1 12,0,2 1,142,1 2,142,1 1,142,1 1,142,1 1,142,1
ADDLINE 1,147,1 1,147,1 1,147,1 12,0,2 1,147,1 1,147,1 4,147,1 1,147,1 1,147,1
ADDLINE 1,124,1 2,124,1 5,124,1 12,0,2 0,0,0 0,0,0 0,0,0 0,0,0 0,0,0
ADDLINE 1,136,1 0,0,0 12,0,2 0,0,0 0,0,0 0,0,0 1,136,1 3,136,1 1,136,1
ADDLINE 4,148,1 0,0,0 0,0,0 12,0,2 1,148,1 0,0,0 0,0,0 0,0,0 0,0,0
ADDLINE 1,160,1 1,160,1 1,160,1 0,0,0 12,0,2 1,160,1 1,160,1 2,160,1 0,0,0
ADDLINE 3,128,1 1,128,1 1,128,1 0,0,0 0,0,0 0,0,0 12,0,2 0,0,0 0,0,0
ADDLINE 1,141,1 1,141,1 2,141,1 1,141,1 1,141,1 12,0,2 2,141,1 0,0,0 1,141,1
ADDLINE 1,153,1 1,153,1 1,153,1 1,153,1 5,153,1 12,0,2 1,153,1 0,0,0 1,153,1
ADDLINE 1,165,1 1,165,1 1,165,1 0,0,0 0,0,0 12,0,2 0,0,0 0,0,0 4,165,1
ADDLINE 4,133,1 1,133,1 12,0,2 0,0,0 0,0,0 0,0,0 0,0,0 1,133,1 1,133,1
ADDLINE 2,145,1 1,145,1 12,0,2 1,145,1 1,145,1 0,0,0 5,145,1 1,145,1 1,145,1
ADDLINE 0,0,0 12,0,2 1,158,1 1,158,1 1,158,1 4,158,1 3,158,1 1,158,1 1,158,1
ADDLINE 0,0,0 12,0,2 4,171,1 1,171,1 1,171,1 1,171,1 1,171,1 1,171,1 1,171,1
ADDLINE 0,0,0 12,0,2 1,137,1 1,137,1 3,137,1 1,137,1 2,137,1 1,137,1 1,137,1
ADDLINE 0,0,0 12,0,2 0,0,0 0,0,0 5,150,1 1,150,1 1,150,1 1,150,1 1,150,1
ADDLINE 0,0,0 0,0,0 0,0,0 0,0,0 12,0,2 1,163,1 1,163,1 1,163,1 1,163,1
ADDLINE 1,177,1 1,177,1 0,0,0 12,0,2 0,0,0 3,177,1 5,177,1 1,177,1 2,177,1
ADDLINE 1,142,1 1,142,1 0,0,0 12,0,2 0,0,0 3,142,1 1,142,1 1,142,1 0,0,0
ADDLINE 5,155,1 4,155,1 0,0,0 1,155,1 1,155,1 1,155,1 12,0,2 0,0,0 0,0,0
ADDLINE 5,168,1 12,0,2 0,0,0 1,168,1 1,168,1 0,0,0 0,0,0 1,168,1 1,168,1
ADDLINE 1,173,1 1,173,1 1,173,1 4,173,1 1,173,1 5,173,1 12,0,2 1,173,1 1,173,1
ADDLINE 1,139,1 1,139,1 1,139,1 1,139,1 4,139,1 1,139,1 12,0,2 5,139,1 1,139,1
ADDLINE 1,152,1 1,152,1 1,152,1 1,152,1 2,152,1 1,152,1 12,0,2 1,152,1 2,152,1
ADDLINE 1,174,1 1,174,1 4,174,1 1,174,1 1,174,1 12,0,2 0,0,0 2,174,1 1,174,1
ADDLINE 1,188,1 1,188,1 1,188,1 1,188,1 5,188,1 0,0,0 12,0,2 0,0,0 0,0,0
ADDLINE 1,150,1 12,0,2 0,0,0 0,0,0 0,0,0 0,0,0 0,0,0 0,0,0 0,0,0
ADDLINE 0,0,0 12,0,2 1,165,1 1,165,1 4,165,1 1,165,1 1,165,1 1,165,1 1,165,1
ADDLINE 0,0,0 12,0,2 0,0,0 0,0,0 0,0,0 1,179,1 5,179,1 1,179,1 1,179,1
ADDLINE 4,193,1 1,193,1 1,193,1 2,193,1 12,0,2 0,0,0 1,193,1 1,193,1 1,193,1
ADDLINE 5,155,1 1,155,1 0,0,0 0,0,0 12,0,2 0,0,0 1,155,1 2,155,1 1,155,1
ADDLINE 1,169,1 1,169,1 0,0,0 1,169,1 1,169,1 1,169,1 12,0,2 0,0,0 3,169,1
ADDLINE 1,184,1 1,184,1 0,0,0 12,0,2 0,0,0 3,184,1 1,184,1 1,184,1 0,0,0
ADDLINE 1,189,1 3,189,1 4,189,1 1,189,1 1,189,1 1,189,1 1,189,1 2,189,1 12,0,2
ADDLINE 1,159,1 1,159,1 0,0,0 12,0,2 0,0,0 4,159,1 1,159,1 0,0,0 0,0,0
ADDLINE 0,0,0 0,0,0 12,0,2 1,174,1 1,174,1 1,174,1 1,174,1 1,174,1 1,174,1
ADDLINE 0,0,0 1,189,1 1,189,1 0,0,0 12,0,2 0,0,0 0,0,0 0,0,0 1,189,1
ADDLINE 1,195,1 1,195,1 1,195,1 12,0,2 1,195,1 1,195,1 1,195,1 1,195,1 5,195,1
ADDLINE 0,0,0 12,0,2 0,0,0 3,164,1 1,164,1 4,164,1 1,164,1 1,164,1 3,164,1
ADDLINE 1,224,1 5,224,1 1,224,1 2,224,1 1,224,1 1,224,1 12,0,2 1,224,1 2,224,1
ADDLINE 1,226,1 1,226,1 1,226,1 1,226,1 1,226,1 1,226,1 12,0,2 4,226,1 4,226,1
ADDLINE 1,239,1 1,239,1 5,239,1 1,239,1 1,239,1 12,0,2 0,0,0 1,239,1 1,239,1
5,91,1 4,91,1 1,91,1 1,91,1 1,91,1 1,91,1 12,0,2 1,91,1 1,91,1
0,0,0 1,94,1 4,94,1 1,94,1 1,94,1 1,94,1 0,0,0 12,0,2 0,0,0
1,89,1 2,89,1 1,89,1 2,89,1 1,89,1 1,89,1 12,0,2 1,89,1 1,89,1
0,0,0 2,92,1 1,92,1 2,92,1 1,92,1 1,92,1 12,0,2 3,92,1 1,92,1
0,0,0 1,91,1 1,91,1 1,91,1 1,91,1 1,91,1 12,0,2 1,91,1 5,91,1
0,0,0 0,0,0 0,0,0 0,0,0 0,0,0 1,90,1 0,0,0 12,0,2 0,0,0
0,0,0 0,0,0 0,0,0 0,0,0 0,0,0 0,0,0 0,0,0 0,0,0 0,0,0
0,0,0 0,0,0 0,0,0 0,0,0 0,0,0 0,0,0 0,0,0 0,0,0 0,0,0
0,0,0 0,0,0 0,0,0 0,0,0 0,0,0 0,0,0 0,0,0 0,0,0 0,0,0