MODE 0
BALL 90
STARS 0/6400/8900
ADDLINE 1,106,1 1,106,1 1,106,1 1,106,1 2,106,1 0,0,0 5,106,1 12,0,2 0,0,0
ADDLINE 1,107,1 1,107,1 1,107,1 1,107,1 1,107,1 12,0,2 0,0,0 0,0,0 0,0,0
ADDLINE 3,108,1 1,108,1 1,108,1 5,108,1 1,108,1 1,108,1 1,108,1 12,0,2 0,0,0
ADDLINE 1,119,1 2,119,1 1,119,1 1,119,1 1,119,1 1,119,1 0,0,0 12,0,2 0,0,0
ADDLINE 2,120,1 1,120,1 1,120,1 1,120,1 1,120,1 12,0,2 0,0,0 1,120,1 0,0,0
ADDLINE 3,131,1 5,131,1 0,0,0 0,0,0 12,0,2 0,0,0 0,0,0 0,0,0 0,0,0
ADDLINE 0,0,0 1,142,1 12,0,2 1,142,1 2,142,1 3,142,1 1,142,1 1,142,1 1,142,1
ADDLINE 0,0,0 1,154,1 12,0,2 0,0,0 1,154,1 1,154,1 1,154,1 1,154,1 1,154,1
ADDLINE 0,0,0 0,0,0 12,0,2 0,0,0 1,124,1 5,124,1 1,124,1 5,124,1 1,124,1
ADDLINE 0,0,0 2,136,1 0,0,0 1,136,1 12,0,2 1,136,1 1,136,1 5,136,1 0,0,0
ADDLINE 2,148,1 1,148,1 12,0,2 4,148,1 1,148,1 1,148,1 1,148,1 1,148,1 0,0,0
ADDLINE 0,0,0 12,0,2 0,0,0 0,0,0 0,0,0 1,160,1 1,160,1 1,160,1 0,0,0
ADDLINE 1,122,1 1,122,1 1,122,1 1,122,1 1,122,1 1,122,1 1,122,1 1,122,1 12,0,2
ADDLINE 0,0,0 12,0,2 0,0,0 1,141,1 0,0,0 0,0,0 0,0,0 0,0,0 0,0,0
ADDLINE 0,0,0 2,153,1 1,153,1 3,153,1 5,153,1 3,153,1 12,0,2 1,153,1 0,0,0
ADDLINE 0,0,0 1,165,1 1,165,1 3,165,1 1,165,1 4,165,1 12,0,2 1,165,1 0,0,0
ADDLINE 0,0,0 1,133,1 2,133,1 1,133,1 1,133,1 1,133,1 12,0,2 1,133,1 1,133,1
ADDLINE 0,0,0 12,0,2 1,145,1 0,0,0 4,145,1 1,145,1 1,145,1 0,0,0 0,0,0
ADDLINE 1,158,1 1,158,1 1,158,1 0,0,0 0,0,0 0,0,0 0,0,0 12,0,2 0,0,0
ADDLINE 1,163,1 1,163,1 1,163,1 1,163,1 1,163,1 12,0,2 2,163,1 3,163,1 5,163,1
ADDLINE 0,0,0 0,0,0 12,0,2 0,0,0 1,137,1 0,0,0 1,137,1 1,137,1 5,137,1
ADDLINE 1,143,1 1,143,1 1,143,1 1,143,1 2,143,1 12,0,2 4,143,1 1,143,1 4,143,1
ADDLINE 3,155,1 1,155,1 3,155,1 1,155,1 1,155,1 12,0,2 1,155,1 1,155,1 1,155,1
ADDLINE 1,168,1 1,168,1 1,168,1 1,168,1 1,168,1 12,0,2 1,168,1 2,168,1 1,168,1
ADDLINE 1,142,1 1,142,1 1,142,1 1,142,1 5,142,1 0,0,0 12,0,2 0,0,0 0,0,0
ADDLINE 1,148,1 3,148,1 1,148,1 2,148,1 1,148,1 1,148,1 1,148,1 12,0,2 1,148,1
ADDLINE 0,0,0 0,0,0 0,0,0 0,0,0 12,0,2 0,0,0 1,168,1 0,0,0 3,168,1
ADDLINE 1,173,1 12,0,2 1,173,1 1,173,1 1,173,1 1,173,1 1,173,1 5,173,1 1,173,1
ADDLINE 0,0,0 0,0,0 0,0,0 12,0,2 4,146,1 1,146,1 5,146,1 1,146,1 1,146,1
ADDLINE 2,152,1 1,152,1 1,152,1 12,0,2 1,152,1 4,152,1 1,152,1 1,152,1 1,152,1
ADDLINE 1,165,1 1,165,1 1,165,1 12,0,2 3,165,1 2,165,1 1,165,1 1,165,1 4,165,1
ADDLINE 1,179,1 1,179,1 1,179,1 12,0,2 1,179,1 3,179,1 1,179,1 4,179,1 1,179,1
ADDLINE 1,150,1 0,0,0 1,150,1 0,0,0 0,0,0 12,0,2 0,0,0 0,0,0 1,150,1
ADDLINE 1,157,1 12,0,2 2,157,1 1,157,1 4,157,1 1,157,1 1,157,1 1,157,1 1,157,1
ADDLINE 1,179,1 0,0,0 0,0,0 0,0,0 12,0,2 0,0,0 1,179,1 3,179,1 1,179,1
ADDLINE 1,193,1 12,0,2 1,193,1 1,193,1 1,193,1 0,0,0 1,193,1 4,193,1 2,193,1
ADDLINE 1,155,1 1,155,1 1,155,1 3,155,1 4,155,1 12,0,2 5,155,1 0,0,0 1,155,1
ADDLINE 0,0,0 12,0,2 0,0,0 0,0,0 1,169,1 0,0,0 1,169,1 0,0,0 1,169,1
ADDLINE 1,184,1 12,0,2 1,184,1 1,184,1 4,184,1 0,0,0 1,184,1 1,184,1 1,184,1
ADDLINE 5,199,1 12,0,2 5,199,1 0,0,0 0,0,0 0,0,0 0,0,0 0,0,0 1,199,1
ADDLINE 1,152,1 1,152,1 1,152,1 12,0,2 1,152,1 1,152,1 1,152,1 1,152,1 1,152,1
ADDLINE 0,0,0 12,0,2 0,0,0 0,0,0 2,174,1 3,174,1 1,174,1 1,174,1 1,174,1
ADDLINE 1,180,1 1,180,1 1,180,1 12,0,2 1,180,1 2,180,1 1,180,1 4,180,1 1,180,1
ADDLINE 1,205,1 3,205,1 1,205,1 0,0,0 0,0,0 12,0,2 0,0,0 0,0,0 0,0,0
ADDLINE 1,156,1 1,156,1 1,156,1 1,156,1 1,156,1 3,156,1 1,156,1 2,156,1 12,0,2
ADDLINE 1,224,1 1,224,1 5,224,1 4,224,1 1,224,1 12,0,2 1,224,1 2,224,1 5,224,1
ADDLINE 1,237,1 1,237,1 4,237,1 1,237,1 1,237,1 0,0,0 12,0,2 0,0,0 1,237,1
ADDLINE 1,239,1 1,239,1 1,239,1 1,239,1 1,239,1 1,239,1 1,239,1 12,0,2 0,0,0
1,95,1 1,95,1 0,0,0 12,0,2 0,0,0 3,95,1 1,95,1 1,95,1 1,95,1
1,94,1 1,94,1 0,0,0 0,0,0 12,0,2 0,0,0 1,94,1 1,94,1 1,94,1
2,93,1 3,93,1 4,93,1 12,0,2 0,0,0 0,0,0 0,0,0 0,0,0 0,0,0
1,92,1 1,92,1 1,92,1 1,92,1 0,0,0 12,0,2 0,0,0 1,92,1 0,0,0
2,91,1 1,91,1 2,91,1 1,91,1 1,91,1 1,91,1 12,0,2 0,0,0 0,0,0
1,90,1 4,90,1 3,90,1 1,90,1 1,90,1 0,0,0 12,0,2 0,0,0 0,0,0
0,0,0 0,0,0 0,0,0 0,0,0 0,0,0 0,0,0 0,0,0 0,0,0 0,0,0
0,0,0 0,0,0 0,0,0 0,0,0 0,0,0 0,0,0 0,0,0 0,0,0 0,0,0
0,0,0 0,0,0 0,0,0 0,0,0 0,0,0 0,0,0 0,0,0 0,0,0 0,0,0