MODE 0
BALL 90
STARS 0/8700/12500
ADDLINE 0,0,0 12,0,2 5,106,1 1,106,1 1,212,1 1,212,1 20,106,1 1,212,1 1,106,1
ADDLINE 12,0,2 1,214,1 1,214,1 1,214,1 1,214,1 19,107,1 1,214,1 1,214,1 1,214,1
ADDLINE 0,0,0 12,0,2 1,108,1 0,0,0 0,0,0 1,216,1 1,216,1 1,108,1 3,108,1
ADDLINE 5,113,1 3,113,1 1,113,1 1,113,1 4,113,1 12,0,2 1,113,1 1,113,1 1,113,1
ADDLINE 3,120,1 1,120,1 1,120,1 1,120,1 1,120,1 0,0,0 1,120,1 12,0,2 0,0,0
ADDLINE 1,125,1 1,125,1 1,125,1 1,125,1 1,125,1 12,0,2 5,125,1 1,125,1 4,125,1
ADDLINE 0,0,0 0,0,0 0,0,0 0,0,0 0,0,0 12,0,2 1,142,1 3,142,1 1,142,1
ADDLINE 1,147,1 2,147,1 1,147,1 1,147,1 1,147,1 12,0,2 5,147,1 1,147,1 1,147,1
ADDLINE 0,0,0 1,248,1 1,248,1 1,248,1 1,248,1 12,0,2 16,124,1 1,248,1 1,248,1
ADDLINE 1,272,1 16,136,1 1,272,1 1,272,1 1,272,1 1,272,1 12,0,2 1,272,1 1,272,1
ADDLINE 0,0,0 0,0,0 0,0,0 0,0,0 0,0,0 12,0,2 0,0,0 1,296,1 20,148,1
ADDLINE 12,0,2 1,152,1 1,152,1 4,152,1 3,152,1 1,152,1 1,152,1 1,304,1 1,304,1
ADDLINE 0,0,0 12,0,2 4,128,1 2,128,1 1,128,1 1,128,1 1,128,1 1,128,1 1,128,1
ADDLINE 5,141,1 0,0,0 12,0,2 0,0,0 0,0,0 0,0,0 0,0,0 0,0,0 1,141,1
ADDLINE 1,153,1 1,306,1 1,306,1 1,153,1 1,153,1 1,153,1 5,153,1 12,0,2 0,0,0
ADDLINE 1,165,1 20,165,1 0,0,0 0,0,0 0,0,0 12,0,2 0,0,0 0,0,0 0,0,0
ADDLINE 1,133,1 20,133,1 12,0,2 0,0,0 1,133,1 1,133,1 1,133,1 1,133,1 1,133,1
ADDLINE 5,138,1 1,276,1 1,276,1 12,0,2 1,138,1 1,138,1 1,138,1 4,138,1 2,138,1
ADDLINE 1,316,1 12,0,2 1,158,1 2,158,1 1,158,1 1,158,1 1,158,1 0,0,0 1,158,1
ADDLINE 19,171,1 1,342,1 1,342,1 12,0,2 1,342,1 1,342,1 1,342,1 1,342,1 0,0,0
ADDLINE 1,274,1 1,274,1 3,137,1 0,0,0 0,0,0 12,0,2 0,0,0 1,137,1 0,0,0
ADDLINE 4,150,1 1,150,1 1,150,1 1,150,1 12,0,2 1,150,1 5,150,1 1,150,1 0,0,0
ADDLINE 1,163,1 3,163,1 1,163,1 5,163,1 12,0,2 3,163,1 1,163,1 1,163,1 0,0,0
ADDLINE 1,354,1 1,354,1 1,177,1 1,177,1 12,0,2 1,177,1 1,177,1 1,177,1 0,0,0
ADDLINE 19,142,1 1,284,1 1,284,1 1,284,1 12,0,2 1,284,1 1,284,1 1,284,1 0,0,0
ADDLINE 1,310,1 1,310,1 1,310,1 19,155,1 1,310,1 1,310,1 1,310,1 12,0,2 1,310,1
ADDLINE 3,168,1 1,168,1 1,336,1 1,336,1 12,0,2 0,0,0 0,0,0 0,0,0 1,168,1
ADDLINE 1,173,1 1,173,1 1,173,1 12,0,2 1,173,1 1,173,1 5,173,1 1,173,1 1,173,1
ADDLINE 3,146,1 12,0,2 0,0,0 0,0,0 1,146,1 5,146,1 1,146,1 1,146,1 1,146,1
ADDLINE 0,0,0 12,0,2 1,320,1 1,320,1 4,160,1 1,160,1 1,160,1 4,160,1 1,160,1
ADDLINE 12,0,2 1,348,1 17,174,1 1,348,1 5,174,1 1,174,1 1,174,1 2,174,1 4,174,1
ADDLINE 0,0,0 0,0,0 1,376,1 12,0,2 0,0,0 0,0,0 1,188,1 1,188,1 1,188,1
ADDLINE 1,150,1 1,150,1 1,150,1 1,150,1 1,150,1 12,0,2 0,0,0 0,0,0 0,0,0
ADDLINE 1,165,1 1,165,1 4,165,1 0,0,0 12,0,2 0,0,0 0,0,0 0,0,0 0,0,0
ADDLINE 1,170,1 1,340,1 1,340,1 12,0,2 1,170,1 3,170,1 1,170,1 1,170,1 1,170,1
ADDLINE 1,386,1 19,193,1 12,0,2 0,0,0 1,386,1 1,386,1 1,386,1 1,386,1 1,386,1
ADDLINE 1,155,1 1,310,1 12,0,2 4,155,1 1,155,1 1,310,1 17,155,1 1,310,1 0,0,0
ADDLINE 1,169,1 12,0,2 0,0,0 1,169,1 5,169,1 1,338,1 1,338,1 1,338,1 0,0,0
ADDLINE 0,0,0 0,0,0 1,184,1 1,184,1 1,184,1 12,0,2 0,0,0 0,0,0 0,0,0
ADDLINE 0,0,0 1,199,1 0,0,0 0,0,0 0,0,0 0,0,0 1,199,1 1,199,1 12,0,2
ADDLINE 1,159,1 3,159,1 4,159,1 0,0,0 1,159,1 2,159,1 1,159,1 12,0,2 0,0,0
ADDLINE 1,174,1 1,174,1 1,174,1 0,0,0 1,174,1 4,174,1 12,0,2 0,0,0 0,0,0
ADDLINE 1,189,1 1,189,1 1,189,1 0,0,0 0,0,0 1,189,1 12,0,2 2,189,1 0,0,0
ADDLINE 3,205,1 4,205,1 1,205,1 3,205,1 1,205,1 0,0,0 12,0,2 1,205,1 0,0,0
ADDLINE 1,164,1 1,164,1 1,164,1 1,164,1 1,164,1 0,0,0 12,0,2 0,0,0 0,0,0
ADDLINE 5,224,1 12,0,2 1,224,1 1,224,1 2,224,1 1,224,1 1,224,1 1,224,1 1,224,1
ADDLINE 1,237,1 0,0,0 12,0,2 0,0,0 0,0,0 5,237,1 1,237,1 3,237,1 1,237,1
ADDLINE 0,0,0 0,0,0 0,0,0 0,0,0 12,0,2 1,239,1 1,239,1 1,239,1 1,239,1
1,95,1 1,95,1 1,95,1 5,95,1 3,95,1 12,0,2 1,190,1 0,0,0 1,190,1
1,94,1 1,94,1 1,94,1 0,0,0 0,0,0 12,0,2 5,94,1 1,188,1 17,94,1
4,89,1 1,89,1 1,89,1 12,0,2 1,89,1 1,89,1 1,89,1 1,178,1 1,178,1
0,0,0 0,0,0 1,92,1 0,0,0 0,0,0 12,0,2 0,0,0 0,0,0 17,92,1
1,87,1 12,0,2 1,87,1 1,87,1 2,87,1 1,174,1 1,174,1 1,174,1 1,174,1
5,90,1 12,0,2 0,0,0 0,0,0 1,90,1 0,0,0 20,90,1 1,180,1 1,180,1
0,0,0 0,0,0 0,0,0 0,0,0 0,0,0 0,0,0 0,0,0 0,0,0 0,0,0
0,0,0 0,0,0 0,0,0 0,0,0 0,0,0 0,0,0 0,0,0 0,0,0 0,0,0
0,0,0 0,0,0 0,0,0 0,0,0 0,0,0 0,0,0 0,0,0 0,0,0 0,0,0