MODE 0
BALL 90
STARS 0/6200/8600
ADDLINE 1,212,1 12,0,2 1,212,1 1,212,1 1,212,1 1,212,1 1,212,1 0,0,0 8,0,2
ADDLINE 0,0,0 12,0,2 1,107,1 1,214,1 1,214,1 1,214,1 1,107,1 0,0,0 0,0,0
ADDLINE 0,0,0 0,0,0 1,108,1 1,216,1 7,0,2 1,216,1 0,0,0 12,0,2 0,0,0
ADDLINE 1,119,1 12,0,2 1,119,1 1,238,1 1,238,1 1,238,1 0,0,0 1,119,1 1,119,1
ADDLINE 1,120,1 12,0,2 0,0,0 0,0,0 1,120,1 1,120,1 0,0,0 1,120,1 1,120,1
ADDLINE 1,131,1 0,0,0 12,0,2 0,0,0 1,131,1 1,131,1 1,131,1 1,131,1 1,131,1
ADDLINE 0,0,0 12,0,2 0,0,0 0,0,0 1,142,1 1,142,1 1,142,1 1,142,1 1,142,1
ADDLINE 0,0,0 12,0,2 0,0,0 1,154,1 1,154,1 1,154,1 1,154,1 1,154,1 1,154,1
ADDLINE 0,0,0 0,0,0 12,0,2 1,124,1 1,124,1 1,124,1 1,124,1 1,124,1 1,124,1
ADDLINE 1,136,1 1,136,1 1,136,1 1,136,1 1,136,1 0,0,0 1,272,1 12,0,2 0,0,0
ADDLINE 1,148,1 1,148,1 1,148,1 1,148,1 1,148,1 12,0,2 1,296,1 7,0,2 1,148,1
ADDLINE 0,0,0 0,0,0 0,0,0 8,0,2 0,0,0 0,0,0 1,320,1 12,0,2 0,0,0
ADDLINE 1,122,1 12,0,2 1,122,1 1,122,1 1,122,1 1,122,1 1,122,1 1,122,1 1,122,1
ADDLINE 0,0,0 0,0,0 1,141,1 12,0,2 1,141,1 1,141,1 1,141,1 1,141,1 1,141,1
ADDLINE 1,292,1 1,292,1 1,146,1 12,0,2 1,146,1 1,146,1 1,146,1 1,146,1 1,146,1
ADDLINE 10,0,2 12,0,2 0,0,0 0,0,0 1,330,1 0,0,0 0,0,0 0,0,0 1,330,1
ADDLINE 1,254,1 1,254,1 1,127,1 12,0,2 1,127,1 1,127,1 1,254,1 1,254,1 1,127,1
ADDLINE 1,290,1 1,290,1 1,290,1 0,0,0 0,0,0 12,0,2 0,0,0 10,0,2 1,290,1
ADDLINE 1,158,1 0,0,0 12,0,2 0,0,0 0,0,0 0,0,0 1,316,1 1,316,1 1,158,1
ADDLINE 1,163,1 1,163,1 1,163,1 1,163,1 1,163,1 12,0,2 1,163,1 1,163,1 1,163,1
ADDLINE 1,131,1 1,131,1 1,131,1 1,131,1 1,131,1 12,0,2 1,131,1 1,131,1 1,131,1
ADDLINE 1,143,1 1,143,1 1,143,1 1,143,1 1,143,1 12,0,2 1,143,1 1,143,1 1,143,1
ADDLINE 0,0,0 12,0,2 0,0,0 0,0,0 1,163,1 0,0,0 0,0,0 0,0,0 0,0,0
ADDLINE 1,168,1 1,168,1 1,168,1 1,168,1 1,168,1 1,168,1 1,168,1 12,0,2 1,168,1
ADDLINE 1,142,1 12,0,2 1,142,1 1,142,1 1,142,1 1,142,1 1,284,1 11,0,2 1,142,1
ADDLINE 1,148,1 12,0,2 1,148,1 1,148,1 1,148,1 1,148,1 1,296,1 1,296,1 1,148,1
ADDLINE 1,168,1 0,0,0 1,168,1 1,168,1 1,168,1 1,168,1 1,168,1 12,0,2 0,0,0
ADDLINE 1,182,1 1,182,1 1,182,1 12,0,2 1,182,1 0,0,0 1,182,1 1,182,1 1,182,1
ADDLINE 1,146,1 1,146,1 1,146,1 12,0,2 1,146,1 0,0,0 1,146,1 1,146,1 1,146,1
ADDLINE 1,152,1 1,152,1 1,152,1 1,152,1 1,152,1 12,0,2 1,152,1 1,152,1 1,152,1
ADDLINE 1,174,1 1,174,1 1,174,1 0,0,0 1,174,1 0,0,0 1,174,1 12,0,2 0,0,0
ADDLINE 1,188,1 1,188,1 1,188,1 12,0,2 1,188,1 0,0,0 1,188,1 1,188,1 1,188,1
ADDLINE 0,0,0 0,0,0 0,0,0 12,0,2 0,0,0 0,0,0 1,300,1 1,300,1 1,150,1
ADDLINE 12,0,2 1,165,1 1,165,1 1,165,1 1,165,1 1,165,1 1,330,1 7,0,2 1,165,1
ADDLINE 0,0,0 1,179,1 1,179,1 1,179,1 1,179,1 12,0,2 1,358,1 1,358,1 1,179,1
ADDLINE 0,0,0 1,193,1 1,193,1 1,193,1 1,193,1 12,0,2 1,193,1 1,193,1 1,193,1
ADDLINE 0,0,0 1,155,1 12,0,2 1,155,1 1,155,1 1,155,1 1,155,1 1,155,1 0,0,0
ADDLINE 0,0,0 1,169,1 12,0,2 1,169,1 1,169,1 1,169,1 1,169,1 1,169,1 1,169,1
ADDLINE 0,0,0 1,184,1 0,0,0 0,0,0 0,0,0 0,0,0 0,0,0 12,0,2 0,0,0
ADDLINE 0,0,0 1,398,1 1,199,1 1,199,1 1,199,1 1,199,1 1,199,1 1,199,1 12,0,2
ADDLINE 10,0,2 12,0,2 0,0,0 0,0,0 0,0,0 0,0,0 0,0,0 1,318,1 0,0,0
ADDLINE 1,332,1 1,332,1 1,166,1 1,166,1 1,166,1 1,166,1 1,166,1 1,166,1 12,0,2
ADDLINE 0,0,0 12,0,2 0,0,0 1,189,1 1,189,1 1,189,1 1,189,1 1,189,1 0,0,0
ADDLINE 1,195,1 1,195,1 1,195,1 1,195,1 1,195,1 1,195,1 1,195,1 1,195,1 12,0,2
ADDLINE 1,328,1 1,328,1 12,0,2 1,328,1 1,328,1 1,328,1 1,328,1 1,328,1 8,0,2
ADDLINE 12,0,2 1,224,1 1,224,1 1,224,1 1,224,1 1,224,1 1,224,1 1,224,1 1,224,1
ADDLINE 0,0,0 12,0,2 0,0,0 1,237,1 1,237,1 1,237,1 1,237,1 1,237,1 1,237,1
ADDLINE 0,0,0 12,0,2 8,0,2 1,478,1 1,478,1 1,478,1 1,478,1 1,478,1 1,478,1
1,190,1 1,190,1 12,0,2 0,0,0 0,0,0 0,0,0 0,0,0 0,0,0 16,95,1
1,94,1 1,94,1 0,0,0 1,94,1 0,0,0 0,0,0 12,0,2 1,94,1 0,0,0
1,93,1 1,93,1 0,0,0 1,93,1 1,93,1 1,93,1 1,93,1 12,0,2 0,0,0
1,92,1 1,92,1 12,0,2 0,0,0 0,0,0 1,92,1 1,92,1 0,0,0 0,0,0
1,91,1 1,91,1 1,91,1 1,91,1 12,0,2 1,91,1 1,91,1 0,0,0 0,0,0
1,90,1 1,90,1 1,90,1 1,90,1 1,90,1 0,0,0 12,0,2 1,90,1 0,0,0
0,0,0 0,0,0 0,0,0 0,0,0 0,0,0 0,0,0 0,0,0 0,0,0 0,0,0
0,0,0 0,0,0 0,0,0 0,0,0 0,0,0 0,0,0 0,0,0 0,0,0 0,0,0
0,0,0 0,0,0 0,0,0 0,0,0 0,0,0 0,0,0 0,0,0 0,0,0 0,0,0