MODE 0
BALL 90
STARS 0/6800/9700
ADDLINE 1,106,1 1,106,1 12,0,2 1,106,1 1,106,1 1,106,1 1,106,1 1,106,1 0,0,0
ADDLINE 1,107,1 1,107,1 12,0,2 1,107,1 1,107,1 1,107,1 1,107,1 1,107,1 0,0,0
ADDLINE 1,108,1 1,108,1 12,0,2 1,108,1 1,108,1 1,108,1 1,108,1 1,108,1 0,0,0
ADDLINE 1,119,1 1,119,1 0,0,0 0,0,0 12,0,2 1,119,1 0,0,0 1,119,1 0,0,0
ADDLINE 1,114,1 1,114,1 12,0,2 1,114,1 1,114,1 1,114,1 1,114,1 1,114,1 1,114,1
ADDLINE 0,0,0 0,0,0 12,0,2 1,131,1 1,131,1 1,131,1 0,0,0 1,131,1 1,131,1
ADDLINE 1,142,1 1,142,1 12,0,2 1,142,1 1,142,1 1,142,1 0,0,0 1,142,1 1,142,1
ADDLINE 0,0,0 1,154,1 12,0,2 1,154,1 1,154,1 1,154,1 0,0,0 1,154,1 1,154,1
ADDLINE 1,124,1 1,124,1 12,0,2 1,124,1 1,124,1 1,124,1 0,0,0 1,124,1 1,124,1
ADDLINE 0,0,0 0,0,0 0,0,0 12,0,2 0,0,0 1,136,1 0,0,0 1,136,1 1,136,1
ADDLINE 1,148,1 1,148,1 1,148,1 1,148,1 12,0,2 1,148,1 0,0,0 1,148,1 1,148,1
ADDLINE 1,160,1 1,160,1 1,160,1 0,0,0 1,160,1 1,160,1 1,160,1 12,0,2 0,0,0
ADDLINE 1,128,1 1,128,1 1,128,1 0,0,0 12,0,2 1,128,1 1,128,1 1,128,1 0,0,0
ADDLINE 1,141,1 1,141,1 1,141,1 1,141,1 1,141,1 12,0,2 1,141,1 1,141,1 0,0,0
ADDLINE 1,153,1 1,153,1 1,153,1 1,153,1 1,153,1 12,0,2 1,153,1 0,0,0 0,0,0
ADDLINE 1,165,1 0,0,0 0,0,0 12,0,2 0,0,0 0,0,0 0,0,0 1,165,1 1,165,1
ADDLINE 1,133,1 0,0,0 1,133,1 1,133,1 1,133,1 1,133,1 0,0,0 12,0,2 0,0,0
ADDLINE 0,0,0 12,0,2 1,145,1 1,145,1 1,145,1 1,145,1 0,0,0 1,145,1 0,0,0
ADDLINE 1,151,1 1,151,1 1,151,1 1,151,1 1,151,1 12,0,2 1,151,1 1,151,1 1,151,1
ADDLINE 1,171,1 1,171,1 0,0,0 12,0,2 0,0,0 0,0,0 1,171,1 1,171,1 1,171,1
ADDLINE 1,137,1 1,137,1 0,0,0 12,0,2 0,0,0 1,137,1 1,137,1 1,137,1 1,137,1
ADDLINE 1,150,1 1,150,1 1,150,1 1,150,1 12,0,2 0,0,0 0,0,0 0,0,0 0,0,0
ADDLINE 1,163,1 1,163,1 1,163,1 1,163,1 1,163,1 1,163,1 12,0,2 0,0,0 0,0,0
ADDLINE 1,177,1 1,177,1 1,177,1 1,177,1 1,177,1 1,177,1 0,0,0 12,0,2 0,0,0
ADDLINE 1,142,1 1,142,1 1,142,1 1,142,1 1,142,1 12,0,2 0,0,0 0,0,0 0,0,0
ADDLINE 1,155,1 1,155,1 1,155,1 1,155,1 1,155,1 0,0,0 12,0,2 0,0,0 0,0,0
ADDLINE 1,168,1 1,168,1 1,168,1 1,168,1 1,168,1 1,168,1 12,0,2 0,0,0 0,0,0
ADDLINE 1,173,1 1,173,1 1,173,1 1,173,1 1,173,1 1,173,1 1,173,1 1,173,1 12,0,2
ADDLINE 1,146,1 1,146,1 1,146,1 12,0,2 0,0,0 0,0,0 0,0,0 0,0,0 0,0,0
ADDLINE 1,160,1 1,160,1 12,0,2 0,0,0 1,160,1 1,160,1 1,160,1 1,160,1 1,160,1
ADDLINE 1,165,1 1,165,1 12,0,2 1,165,1 1,165,1 1,165,1 1,165,1 1,165,1 1,165,1
ADDLINE 1,179,1 1,179,1 12,0,2 1,179,1 1,179,1 1,179,1 1,179,1 1,179,1 1,179,1
ADDLINE 1,150,1 1,150,1 12,0,2 0,0,0 0,0,0 0,0,0 0,0,0 1,150,1 1,150,1
ADDLINE 1,165,1 1,165,1 1,165,1 0,0,0 0,0,0 12,0,2 0,0,0 1,165,1 1,165,1
ADDLINE 1,179,1 1,179,1 1,179,1 0,0,0 0,0,0 12,0,2 0,0,0 1,179,1 1,179,1
ADDLINE 1,193,1 1,193,1 1,193,1 1,193,1 0,0,0 12,0,2 0,0,0 1,193,1 1,193,1
ADDLINE 1,155,1 1,155,1 1,155,1 1,155,1 12,0,2 1,155,1 0,0,0 1,155,1 1,155,1
ADDLINE 0,0,0 12,0,2 0,0,0 0,0,0 0,0,0 0,0,0 0,0,0 1,169,1 1,169,1
ADDLINE 12,0,2 1,175,1 1,175,1 1,175,1 1,175,1 1,175,1 1,175,1 1,175,1 1,175,1
ADDLINE 1,199,1 1,199,1 1,199,1 12,0,2 1,199,1 1,199,1 0,0,0 1,199,1 1,199,1
ADDLINE 1,159,1 1,159,1 1,159,1 0,0,0 0,0,0 0,0,0 0,0,0 12,0,2 0,0,0
ADDLINE 1,174,1 1,174,1 1,174,1 1,174,1 1,174,1 0,0,0 1,174,1 12,0,2 0,0,0
ADDLINE 1,189,1 1,189,1 1,189,1 0,0,0 0,0,0 12,0,2 1,189,1 0,0,0 1,189,1
ADDLINE 1,205,1 1,205,1 12,0,2 0,0,0 1,205,1 1,205,1 1,205,1 0,0,0 1,205,1
ADDLINE 1,164,1 1,164,1 0,0,0 12,0,2 0,0,0 1,164,1 1,164,1 0,0,0 0,0,0
ADDLINE 1,224,1 1,224,1 1,224,1 1,224,1 1,224,1 1,224,1 12,0,2 1,224,1 1,224,1
ADDLINE 1,237,1 1,237,1 1,237,1 1,237,1 1,237,1 1,237,1 12,0,2 0,0,0 0,0,0
ADDLINE 1,239,1 1,239,1 1,239,1 1,239,1 12,0,2 0,0,0 0,0,0 0,0,0 0,0,0
1,95,1 12,0,2 1,95,1 1,95,1 1,95,1 1,95,1 1,95,1 0,0,0 1,95,1
1,94,1 12,0,2 1,94,1 1,94,1 1,94,1 1,94,1 1,94,1 0,0,0 1,94,1
1,89,1 1,89,1 1,89,1 1,89,1 1,89,1 1,89,1 1,89,1 12,0,2 1,89,1
0,0,0 0,0,0 1,92,1 1,92,1 1,92,1 1,92,1 1,92,1 12,0,2 1,92,1
1,87,1 1,87,1 1,87,1 1,87,1 1,87,1 1,87,1 1,87,1 12,0,2 1,87,1
0,0,0 0,0,0 0,0,0 0,0,0 0,0,0 12,0,2 0,0,0 0,0,0 1,90,1
0,0,0 0,0,0 0,0,0 0,0,0 0,0,0 0,0,0 0,0,0 0,0,0 0,0,0
0,0,0 0,0,0 0,0,0 0,0,0 0,0,0 0,0,0 0,0,0 0,0,0 0,0,0
0,0,0 0,0,0 0,0,0 0,0,0 0,0,0 0,0,0 0,0,0 0,0,0 0,0,0