MODE 0
BALL 90
STARS 0/8600/12200
ADDLINE 1,101,1 1,101,1 1,101,1 1,101,1 1,101,1 1,101,1 12,0,2 1,101,1 1,101,1
ADDLINE 1,102,1 1,102,1 1,102,1 1,102,1 1,102,1 1,102,1 12,0,2 1,102,1 1,102,1
ADDLINE 1,108,1 1,108,1 1,108,1 1,108,1 1,108,1 12,0,2 0,0,0 1,108,1 1,108,1
ADDLINE 1,119,1 1,119,1 1,119,1 1,119,1 1,119,1 0,0,0 12,0,2 0,0,0 1,119,1
ADDLINE 1,120,1 1,120,1 1,120,1 1,120,1 0,0,0 12,0,2 0,0,0 0,0,0 1,120,1
ADDLINE 1,131,1 1,131,1 1,131,1 1,131,1 0,0,0 0,0,0 0,0,0 12,0,2 0,0,0
ADDLINE 1,136,1 1,136,1 1,136,1 1,136,1 1,136,1 1,136,1 1,136,1 1,136,1 12,0,2
ADDLINE 1,154,1 0,0,0 0,0,0 12,0,2 0,0,0 0,0,0 0,0,0 0,0,0 0,0,0
ADDLINE 1,124,1 12,0,2 0,0,0 1,124,1 1,124,1 1,124,1 1,124,1 1,124,1 1,124,1
ADDLINE 1,136,1 12,0,2 1,136,1 0,0,0 1,136,1 1,136,1 1,136,1 0,0,0 1,136,1
ADDLINE 0,0,0 12,0,2 1,148,1 0,0,0 1,148,1 1,148,1 1,148,1 0,0,0 1,148,1
ADDLINE 1,160,1 0,0,0 1,160,1 12,0,2 1,160,1 1,160,1 1,160,1 0,0,0 1,160,1
ADDLINE 1,128,1 12,0,2 1,128,1 0,0,0 1,128,1 1,128,1 1,128,1 0,0,0 1,128,1
ADDLINE 1,141,1 0,0,0 1,141,1 12,0,2 1,141,1 1,141,1 1,141,1 0,0,0 1,141,1
ADDLINE 1,153,1 0,0,0 1,153,1 0,0,0 0,0,0 0,0,0 0,0,0 12,0,2 0,0,0
ADDLINE 1,157,1 12,0,2 1,157,1 1,157,1 1,157,1 1,157,1 1,157,1 1,157,1 1,157,1
ADDLINE 1,133,1 1,133,1 0,0,0 0,0,0 1,133,1 12,0,2 0,0,0 1,133,1 1,133,1
ADDLINE 1,138,1 1,138,1 1,138,1 1,138,1 1,138,1 12,0,2 1,138,1 1,138,1 1,138,1
ADDLINE 1,158,1 1,158,1 1,158,1 12,0,2 1,158,1 1,158,1 1,158,1 0,0,0 1,158,1
ADDLINE 1,171,1 1,171,1 1,171,1 0,0,0 1,171,1 0,0,0 12,0,2 0,0,0 1,171,1
ADDLINE 1,131,1 1,131,1 1,131,1 1,131,1 1,131,1 12,0,2 1,131,1 1,131,1 1,131,1
ADDLINE 1,150,1 12,0,2 0,0,0 0,0,0 1,150,1 0,0,0 1,150,1 1,150,1 1,150,1
ADDLINE 1,155,1 1,155,1 1,155,1 1,155,1 1,155,1 12,0,2 1,155,1 1,155,1 1,155,1
ADDLINE 0,0,0 1,177,1 12,0,2 0,0,0 1,177,1 1,177,1 0,0,0 1,177,1 0,0,0
ADDLINE 1,142,1 1,142,1 1,142,1 1,142,1 1,142,1 12,0,2 1,142,1 0,0,0 1,142,1
ADDLINE 1,155,1 1,155,1 1,155,1 1,155,1 1,155,1 12,0,2 1,155,1 0,0,0 1,155,1
ADDLINE 1,160,1 1,160,1 1,160,1 1,160,1 1,160,1 1,160,1 1,160,1 12,0,2 1,160,1
ADDLINE 1,182,1 1,182,1 1,182,1 12,0,2 1,182,1 1,182,1 1,182,1 0,0,0 1,182,1
ADDLINE 1,146,1 1,146,1 1,146,1 12,0,2 0,0,0 0,0,0 0,0,0 0,0,0 0,0,0
ADDLINE 1,160,1 1,160,1 1,160,1 12,0,2 1,160,1 0,0,0 1,160,1 1,160,1 1,160,1
ADDLINE 1,174,1 1,174,1 1,174,1 12,0,2 1,174,1 0,0,0 1,174,1 1,174,1 1,174,1
ADDLINE 1,179,1 1,179,1 1,179,1 12,0,2 1,179,1 1,179,1 1,179,1 1,179,1 1,179,1
ADDLINE 0,0,0 0,0,0 0,0,0 12,0,2 1,150,1 0,0,0 1,150,1 1,150,1 1,150,1
ADDLINE 1,157,1 1,157,1 1,157,1 1,157,1 1,157,1 12,0,2 1,157,1 1,157,1 1,157,1
ADDLINE 0,0,0 0,0,0 1,179,1 1,179,1 1,179,1 1,179,1 1,179,1 12,0,2 1,179,1
ADDLINE 1,184,1 1,184,1 1,184,1 1,184,1 1,184,1 12,0,2 1,184,1 1,184,1 1,184,1
ADDLINE 1,155,1 1,155,1 1,155,1 0,0,0 1,155,1 12,0,2 1,155,1 0,0,0 1,155,1
ADDLINE 0,0,0 0,0,0 0,0,0 12,0,2 1,169,1 0,0,0 0,0,0 0,0,0 0,0,0
ADDLINE 1,175,1 1,175,1 1,175,1 12,0,2 1,175,1 1,175,1 1,175,1 1,175,1 1,175,1
ADDLINE 1,199,1 1,199,1 1,199,1 0,0,0 0,0,0 0,0,0 12,0,2 0,0,0 1,199,1
ADDLINE 1,159,1 1,159,1 1,159,1 12,0,2 1,159,1 1,159,1 1,159,1 0,0,0 1,159,1
ADDLINE 1,174,1 1,174,1 1,174,1 0,0,0 1,174,1 1,174,1 1,174,1 12,0,2 0,0,0
ADDLINE 1,189,1 1,189,1 1,189,1 12,0,2 1,189,1 1,189,1 1,189,1 0,0,0 1,189,1
ADDLINE 0,0,0 0,0,0 1,205,1 0,0,0 0,0,0 0,0,0 1,205,1 12,0,2 1,205,1
ADDLINE 1,156,1 1,156,1 1,156,1 12,0,2 1,156,1 1,156,1 1,156,1 1,156,1 1,156,1
ADDLINE 1,224,1 1,224,1 1,224,1 1,224,1 1,224,1 1,224,1 1,224,1 1,224,1 12,0,2
ADDLINE 1,226,1 1,226,1 1,226,1 1,226,1 1,226,1 1,226,1 1,226,1 1,226,1 12,0,2
ADDLINE 1,239,1 1,239,1 0,0,0 0,0,0 12,0,2 0,0,0 0,0,0 0,0,0 0,0,0
1,95,1 1,95,1 1,95,1 12,0,2 0,0,0 0,0,0 0,0,0 1,95,1 1,95,1
1,94,1 1,94,1 1,94,1 12,0,2 0,0,0 0,0,0 0,0,0 1,94,1 1,94,1
1,93,1 1,93,1 12,0,2 0,0,0 0,0,0 0,0,0 1,93,1 1,93,1 1,93,1
1,92,1 1,92,1 12,0,2 0,0,0 0,0,0 1,92,1 1,92,1 1,92,1 1,92,1
1,91,1 1,91,1 12,0,2 1,91,1 0,0,0 1,91,1 1,91,1 1,91,1 1,91,1
1,90,1 1,90,1 0,0,0 1,90,1 12,0,2 0,0,0 1,90,1 1,90,1 1,90,1
0,0,0 0,0,0 0,0,0 0,0,0 0,0,0 0,0,0 0,0,0 0,0,0 0,0,0
0,0,0 0,0,0 0,0,0 0,0,0 0,0,0 0,0,0 0,0,0 0,0,0 0,0,0
0,0,0 0,0,0 0,0,0 0,0,0 0,0,0 0,0,0 0,0,0 0,0,0 0,0,0