MODE 0
BALL 90
STARS 0/8500/12500
ADDLINE 1,106,1 1,106,1 1,106,1 1,212,1 17,106,1 12,0,2 1,106,1 1,106,1 1,106,1
ADDLINE 1,102,1 1,204,1 1,204,1 1,204,1 1,204,1 12,0,2 1,102,1 1,102,1 1,102,1
ADDLINE 1,108,1 1,216,1 17,108,1 1,216,1 1,108,1 12,0,2 1,108,1 1,108,1 1,108,1
ADDLINE 16,119,1 1,238,1 1,238,1 1,238,1 1,238,1 1,238,1 12,0,2 0,0,0 1,238,1
ADDLINE 1,228,1 1,228,1 1,114,1 1,114,1 1,114,1 12,0,2 1,114,1 1,114,1 1,114,1
ADDLINE 19,131,1 1,262,1 1,262,1 1,262,1 12,0,2 1,262,1 1,262,1 0,0,0 1,262,1
ADDLINE 1,284,1 1,284,1 1,142,1 1,142,1 1,284,1 17,142,1 1,284,1 12,0,2 1,142,1
ADDLINE 0,0,0 0,0,0 0,0,0 12,0,2 1,308,1 1,308,1 1,308,1 0,0,0 0,0,0
ADDLINE 1,124,1 1,124,1 1,124,1 12,0,2 1,124,1 1,124,1 1,124,1 0,0,0 1,124,1
ADDLINE 1,272,1 1,272,1 16,136,1 1,272,1 1,272,1 1,272,1 12,0,2 1,272,1 0,0,0
ADDLINE 0,0,0 0,0,0 0,0,0 0,0,0 1,148,1 1,148,1 1,148,1 1,148,1 12,0,2
ADDLINE 0,0,0 1,160,1 1,160,1 1,160,1 1,160,1 1,160,1 0,0,0 12,0,2 0,0,0
ADDLINE 0,0,0 12,0,2 0,0,0 0,0,0 1,128,1 1,128,1 1,128,1 1,128,1 0,0,0
ADDLINE 1,282,1 1,282,1 1,141,1 12,0,2 0,0,0 1,141,1 1,141,1 1,141,1 0,0,0
ADDLINE 19,153,1 1,306,1 1,306,1 1,306,1 1,306,1 1,306,1 1,306,1 12,0,2 0,0,0
ADDLINE 1,330,1 1,330,1 1,165,1 12,0,2 1,165,1 0,0,0 1,165,1 1,165,1 1,165,1
ADDLINE 1,133,1 1,133,1 1,133,1 0,0,0 1,133,1 12,0,2 0,0,0 1,133,1 1,133,1
ADDLINE 1,290,1 1,290,1 16,145,1 12,0,2 1,290,1 1,290,1 0,0,0 1,290,1 1,290,1
ADDLINE 1,151,1 1,151,1 1,151,1 12,0,2 1,151,1 1,151,1 1,151,1 1,151,1 1,151,1
ADDLINE 1,171,1 0,0,0 12,0,2 0,0,0 1,171,1 1,171,1 1,171,1 1,171,1 1,171,1
ADDLINE 1,131,1 12,0,2 1,131,1 1,131,1 1,131,1 1,131,1 1,131,1 1,131,1 1,131,1
ADDLINE 1,143,1 12,0,2 1,286,1 1,286,1 1,286,1 1,143,1 1,143,1 1,143,1 1,143,1
ADDLINE 0,0,0 12,0,2 1,326,1 17,163,1 1,326,1 1,163,1 1,163,1 1,163,1 1,163,1
ADDLINE 0,0,0 0,0,0 0,0,0 12,0,2 1,354,1 1,177,1 1,177,1 1,177,1 1,177,1
ADDLINE 1,284,1 16,142,1 1,284,1 1,284,1 1,284,1 1,284,1 12,0,2 1,284,1 0,0,0
ADDLINE 1,155,1 1,155,1 1,155,1 1,155,1 1,155,1 1,155,1 1,155,1 12,0,2 0,0,0
ADDLINE 1,168,1 1,168,1 1,336,1 1,336,1 0,0,0 12,0,2 0,0,0 0,0,0 1,168,1
ADDLINE 1,182,1 1,182,1 1,364,1 20,182,1 1,364,1 12,0,2 0,0,0 0,0,0 0,0,0
ADDLINE 1,146,1 1,292,1 1,292,1 1,292,1 12,0,2 1,146,1 1,146,1 1,146,1 0,0,0
ADDLINE 1,320,1 19,160,1 1,320,1 1,320,1 12,0,2 1,320,1 1,320,1 1,320,1 0,0,0
ADDLINE 1,174,1 1,348,1 1,348,1 1,174,1 12,0,2 1,174,1 1,174,1 0,0,0 1,174,1
ADDLINE 1,188,1 17,188,1 1,376,1 1,188,1 12,0,2 1,188,1 0,0,0 0,0,0 1,188,1
ADDLINE 0,0,0 1,300,1 1,300,1 12,0,2 0,0,0 0,0,0 1,150,1 1,150,1 1,150,1
ADDLINE 0,0,0 1,165,1 1,165,1 12,0,2 1,165,1 1,165,1 1,165,1 1,165,1 1,165,1
ADDLINE 0,0,0 1,358,1 1,358,1 0,0,0 12,0,2 0,0,0 1,179,1 1,179,1 1,179,1
ADDLINE 0,0,0 1,386,1 19,193,1 1,386,1 1,386,1 12,0,2 1,386,1 1,386,1 1,386,1
ADDLINE 1,147,1 1,294,1 12,0,2 1,294,1 1,147,1 1,147,1 1,147,1 1,147,1 1,147,1
ADDLINE 1,169,1 1,169,1 12,0,2 0,0,0 0,0,0 0,0,0 0,0,0 0,0,0 0,0,0
ADDLINE 1,184,1 1,184,1 1,184,1 1,184,1 1,184,1 0,0,0 12,0,2 0,0,0 0,0,0
ADDLINE 1,199,1 0,0,0 0,0,0 12,0,2 0,0,0 0,0,0 1,199,1 1,199,1 1,199,1
ADDLINE 1,152,1 12,0,2 1,152,1 1,152,1 1,152,1 1,152,1 1,152,1 1,152,1 1,152,1
ADDLINE 1,174,1 12,0,2 0,0,0 0,0,0 0,0,0 0,0,0 1,174,1 1,174,1 1,174,1
ADDLINE 1,189,1 1,189,1 1,189,1 1,189,1 1,189,1 0,0,0 12,0,2 0,0,0 0,0,0
ADDLINE 1,205,1 1,205,1 1,205,1 1,205,1 1,205,1 1,205,1 1,205,1 12,0,2 0,0,0
ADDLINE 1,164,1 1,164,1 1,164,1 1,164,1 1,164,1 0,0,0 12,0,2 0,0,0 1,164,1
ADDLINE 1,224,1 1,224,1 1,224,1 1,224,1 12,0,2 1,224,1 1,224,1 1,224,1 1,224,1
ADDLINE 1,237,1 1,237,1 1,237,1 1,237,1 0,0,0 0,0,0 0,0,0 12,0,2 0,0,0
ADDLINE 1,478,1 1,478,1 1,478,1 1,478,1 1,478,1 1,478,1 1,478,1 16,239,1 12,0,2
1,95,1 12,0,2 1,190,1 1,190,1 1,190,1 0,0,0 1,95,1 1,95,1 1,95,1
0,0,0 0,0,0 1,188,1 12,0,2 0,0,0 0,0,0 1,94,1 1,94,1 0,0,0
1,186,1 1,186,1 19,93,1 12,0,2 1,186,1 0,0,0 1,186,1 1,186,1 1,186,1
1,92,1 1,184,1 1,184,1 12,0,2 1,92,1 0,0,0 1,92,1 0,0,0 0,0,0
1,91,1 1,91,1 1,182,1 12,0,2 1,91,1 0,0,0 1,91,1 1,91,1 1,91,1
1,90,1 1,90,1 1,180,1 12,0,2 1,90,1 0,0,0 0,0,0 0,0,0 1,90,1
0,0,0 0,0,0 0,0,0 0,0,0 0,0,0 0,0,0 0,0,0 0,0,0 0,0,0
0,0,0 0,0,0 0,0,0 0,0,0 0,0,0 0,0,0 0,0,0 0,0,0 0,0,0
0,0,0 0,0,0 0,0,0 0,0,0 0,0,0 0,0,0 0,0,0 0,0,0 0,0,0