MODE 0
BALL 90
STARS 0/8400/12000
ADDLINE 1,106,1 1,106,1 1,106,1 1,106,1 12,0,2 0,0,0 1,106,1 0,0,0 1,106,1
ADDLINE 3,107,1 5,107,1 1,107,1 0,0,0 0,0,0 1,107,1 12,0,2 0,0,0 1,107,1
ADDLINE 2,108,1 3,108,1 1,108,1 12,0,2 1,108,1 1,108,1 0,0,0 1,108,1 1,108,1
ADDLINE 1,119,1 1,119,1 1,119,1 12,0,2 2,119,1 1,119,1 0,0,0 0,0,0 1,119,1
ADDLINE 1,120,1 4,120,1 1,120,1 12,0,2 5,120,1 0,0,0 1,120,1 0,0,0 0,0,0
ADDLINE 1,131,1 1,131,1 1,131,1 1,131,1 0,0,0 12,0,2 1,131,1 5,131,1 0,0,0
ADDLINE 1,142,1 4,142,1 1,142,1 1,142,1 0,0,0 1,142,1 12,0,2 0,0,0 0,0,0
ADDLINE 4,154,1 1,154,1 1,154,1 1,154,1 1,154,1 3,154,1 12,0,2 2,154,1 0,0,0
ADDLINE 1,124,1 1,124,1 1,124,1 1,124,1 1,124,1 0,0,0 12,0,2 1,124,1 0,0,0
ADDLINE 4,136,1 12,0,2 1,136,1 1,136,1 1,136,1 1,136,1 2,136,1 0,0,0 1,136,1
ADDLINE 3,148,1 0,0,0 0,0,0 12,0,2 0,0,0 0,0,0 1,148,1 0,0,0 2,148,1
ADDLINE 1,160,1 1,160,1 1,160,1 1,160,1 1,160,1 12,0,2 1,160,1 0,0,0 1,160,1
ADDLINE 1,128,1 1,128,1 1,128,1 1,128,1 1,128,1 12,0,2 0,0,0 0,0,0 1,128,1
ADDLINE 1,134,1 2,134,1 1,134,1 5,134,1 3,134,1 1,134,1 1,134,1 12,0,2 1,134,1
ADDLINE 0,0,0 0,0,0 12,0,2 0,0,0 0,0,0 0,0,0 2,153,1 0,0,0 1,153,1
ADDLINE 1,157,1 1,157,1 1,157,1 1,157,1 1,157,1 12,0,2 3,157,1 4,157,1 5,157,1
ADDLINE 1,133,1 1,133,1 3,133,1 0,0,0 1,133,1 12,0,2 0,0,0 0,0,0 1,133,1
ADDLINE 1,138,1 1,138,1 5,138,1 12,0,2 1,138,1 1,138,1 1,138,1 1,138,1 1,138,1
ADDLINE 3,158,1 12,0,2 1,158,1 1,158,1 1,158,1 1,158,1 1,158,1 0,0,0 1,158,1
ADDLINE 1,171,1 12,0,2 1,171,1 2,171,1 1,171,1 1,171,1 5,171,1 0,0,0 5,171,1
ADDLINE 0,0,0 0,0,0 0,0,0 0,0,0 0,0,0 0,0,0 1,137,1 12,0,2 1,137,1
ADDLINE 1,143,1 12,0,2 3,143,1 3,143,1 4,143,1 1,143,1 1,143,1 1,143,1 1,143,1
ADDLINE 0,0,0 12,0,2 0,0,0 0,0,0 1,163,1 1,163,1 1,163,1 4,163,1 1,163,1
ADDLINE 1,168,1 1,168,1 1,168,1 12,0,2 1,168,1 1,168,1 2,168,1 1,168,1 1,168,1
ADDLINE 1,135,1 4,135,1 1,135,1 12,0,2 1,135,1 1,135,1 1,135,1 1,135,1 2,135,1
ADDLINE 3,148,1 1,148,1 1,148,1 12,0,2 1,148,1 4,148,1 1,148,1 1,148,1 1,148,1
ADDLINE 1,168,1 2,168,1 1,168,1 12,0,2 1,168,1 0,0,0 0,0,0 0,0,0 1,168,1
ADDLINE 0,0,0 1,182,1 1,182,1 1,182,1 0,0,0 1,182,1 0,0,0 1,182,1 12,0,2
ADDLINE 0,0,0 1,146,1 1,146,1 4,146,1 0,0,0 1,146,1 12,0,2 1,146,1 0,0,0
ADDLINE 1,160,1 5,160,1 1,160,1 1,160,1 0,0,0 3,160,1 12,0,2 3,160,1 0,0,0
ADDLINE 0,0,0 1,174,1 1,174,1 1,174,1 0,0,0 1,174,1 12,0,2 1,174,1 0,0,0
ADDLINE 0,0,0 1,188,1 1,188,1 1,188,1 12,0,2 1,188,1 1,188,1 1,188,1 1,188,1
ADDLINE 5,150,1 0,0,0 1,150,1 12,0,2 1,150,1 2,150,1 4,150,1 0,0,0 4,150,1
ADDLINE 1,157,1 1,157,1 12,0,2 1,157,1 1,157,1 1,157,1 4,157,1 1,157,1 5,157,1
ADDLINE 1,179,1 1,179,1 12,0,2 3,179,1 3,179,1 1,179,1 1,179,1 1,179,1 0,0,0
ADDLINE 1,193,1 4,193,1 12,0,2 1,193,1 1,193,1 5,193,1 1,193,1 1,193,1 0,0,0
ADDLINE 1,147,1 12,0,2 4,147,1 1,147,1 1,147,1 2,147,1 1,147,1 1,147,1 1,147,1
ADDLINE 0,0,0 12,0,2 3,169,1 1,169,1 1,169,1 1,169,1 1,169,1 0,0,0 4,169,1
ADDLINE 1,175,1 1,175,1 3,175,1 2,175,1 1,175,1 1,175,1 1,175,1 12,0,2 1,175,1
ADDLINE 1,199,1 0,0,0 12,0,2 0,0,0 0,0,0 0,0,0 0,0,0 0,0,0 0,0,0
ADDLINE 1,152,1 12,0,2 1,152,1 1,152,1 3,152,1 4,152,1 1,152,1 1,152,1 2,152,1
ADDLINE 1,174,1 0,0,0 1,174,1 12,0,2 0,0,0 0,0,0 0,0,0 0,0,0 0,0,0
ADDLINE 1,189,1 12,0,2 1,189,1 0,0,0 3,189,1 1,189,1 1,189,1 1,189,1 5,189,1
ADDLINE 0,0,0 0,0,0 3,205,1 12,0,2 1,205,1 1,205,1 1,205,1 1,205,1 1,205,1
ADDLINE 1,156,1 4,156,1 1,156,1 12,0,2 4,156,1 1,156,1 1,156,1 1,156,1 1,156,1
ADDLINE 1,224,1 5,224,1 1,224,1 12,0,2 1,224,1 1,224,1 1,224,1 1,224,1 3,224,1
ADDLINE 1,237,1 1,237,1 1,237,1 12,0,2 0,0,0 3,237,1 1,237,1 2,237,1 1,237,1
ADDLINE 1,227,1 1,227,1 1,227,1 1,227,1 12,0,2 2,227,1 1,227,1 5,227,1 1,227,1
1,95,1 2,95,1 1,95,1 1,95,1 1,95,1 1,95,1 12,0,2 0,0,0 4,95,1
0,0,0 0,0,0 0,0,0 0,0,0 12,0,2 0,0,0 0,0,0 0,0,0 1,94,1
0,0,0 0,0,0 12,0,2 1,93,1 2,93,1 1,93,1 5,93,1 1,93,1 1,93,1
1,92,1 12,0,2 0,0,0 1,92,1 1,92,1 1,92,1 1,92,1 4,92,1 1,92,1
1,91,1 0,0,0 12,0,2 0,0,0 0,0,0 3,91,1 4,91,1 1,91,1 1,91,1
1,90,1 2,90,1 0,0,0 12,0,2 0,0,0 1,90,1 1,90,1 1,90,1 1,90,1
0,0,0 0,0,0 0,0,0 0,0,0 0,0,0 0,0,0 0,0,0 0,0,0 0,0,0
0,0,0 0,0,0 0,0,0 0,0,0 0,0,0 0,0,0 0,0,0 0,0,0 0,0,0
0,0,0 0,0,0 0,0,0 0,0,0 0,0,0 0,0,0 0,0,0 0,0,0 0,0,0