MODE 0
BALL 90
STARS 0/8600/12300
ADDLINE 1,101,1 5,101,1 1,101,1 1,101,1 1,202,1 1,202,1 12,0,2 1,202,1 1,202,1
ADDLINE 1,214,1 1,214,1 1,214,1 1,214,1 12,0,2 1,214,1 0,0,0 1,214,1 19,107,1
ADDLINE 1,108,1 1,108,1 1,108,1 12,0,2 0,0,0 1,108,1 4,108,1 1,216,1 20,108,1
ADDLINE 1,119,1 1,238,1 1,238,1 1,119,1 12,0,2 0,0,0 0,0,0 0,0,0 1,238,1
ADDLINE 1,240,1 19,120,1 1,240,1 8,0,2 1,240,1 12,0,2 1,240,1 0,0,0 1,240,1
ADDLINE 1,131,1 1,262,1 1,262,1 12,0,2 0,0,0 3,131,1 1,262,1 1,262,1 1,131,1
ADDLINE 0,0,0 12,0,2 0,0,0 0,0,0 0,0,0 1,142,1 1,284,1 20,142,1 4,142,1
ADDLINE 0,0,0 12,0,2 1,308,1 1,308,1 1,308,1 1,154,1 1,308,1 1,308,1 1,154,1
ADDLINE 0,0,0 12,0,2 1,248,1 17,124,1 1,248,1 1,124,1 3,124,1 1,124,1 1,124,1
ADDLINE 1,136,1 12,0,2 1,272,1 1,272,1 1,272,1 0,0,0 2,136,1 1,136,1 5,136,1
ADDLINE 1,148,1 12,0,2 1,296,1 1,296,1 1,296,1 0,0,0 1,296,1 1,296,1 1,148,1
ADDLINE 1,160,1 12,0,2 0,0,0 7,0,2 1,320,1 1,320,1 17,160,1 1,320,1 1,160,1
ADDLINE 1,122,1 12,0,2 1,244,1 1,244,1 1,244,1 1,244,1 1,244,1 1,244,1 1,122,1
ADDLINE 4,141,1 0,0,0 1,141,1 1,282,1 1,282,1 12,0,2 0,0,0 0,0,0 0,0,0
ADDLINE 1,153,1 12,0,2 1,153,1 1,306,1 20,153,1 0,0,0 2,153,1 1,153,1 1,153,1
ADDLINE 1,165,1 0,0,0 0,0,0 12,0,2 1,330,1 1,330,1 3,165,1 0,0,0 1,165,1
ADDLINE 1,127,1 1,127,1 2,127,1 5,127,1 1,127,1 1,127,1 1,127,1 12,0,2 1,127,1
ADDLINE 0,0,0 0,0,0 0,0,0 0,0,0 12,0,2 5,145,1 1,145,1 0,0,0 1,145,1
ADDLINE 1,151,1 5,151,1 1,151,1 12,0,2 1,151,1 1,151,1 3,151,1 1,151,1 1,151,1
ADDLINE 0,0,0 0,0,0 2,171,1 12,0,2 1,171,1 1,171,1 1,171,1 1,171,1 1,171,1
ADDLINE 1,131,1 5,131,1 1,131,1 12,0,2 3,131,1 1,131,1 1,131,1 1,131,1 2,131,1
ADDLINE 0,0,0 0,0,0 12,0,2 0,0,0 1,150,1 1,300,1 1,300,1 0,0,0 0,0,0
ADDLINE 5,163,1 12,0,2 1,326,1 11,0,2 1,326,1 1,326,1 20,163,1 1,326,1 1,163,1
ADDLINE 1,177,1 12,0,2 1,354,1 0,0,0 1,354,1 1,354,1 20,177,1 1,354,1 1,177,1
ADDLINE 1,142,1 12,0,2 1,284,1 11,0,2 1,284,1 1,284,1 7,0,2 1,284,1 1,142,1
ADDLINE 1,155,1 12,0,2 1,310,1 0,0,0 1,310,1 1,310,1 1,310,1 1,310,1 1,155,1
ADDLINE 1,168,1 1,168,1 4,168,1 12,0,2 2,168,1 1,168,1 1,336,1 20,168,1 1,168,1
ADDLINE 0,0,0 1,182,1 0,0,0 0,0,0 0,0,0 0,0,0 0,0,0 1,364,1 12,0,2
ADDLINE 5,146,1 2,146,1 12,0,2 1,146,1 1,146,1 1,146,1 1,146,1 3,146,1 0,0,0
ADDLINE 1,160,1 1,160,1 12,0,2 1,160,1 1,160,1 2,160,1 1,160,1 1,160,1 0,0,0
ADDLINE 1,174,1 1,174,1 12,0,2 1,348,1 1,348,1 1,174,1 1,174,1 5,174,1 0,0,0
ADDLINE 1,376,1 1,376,1 12,0,2 19,188,1 1,376,1 1,376,1 1,376,1 1,376,1 0,0,0
ADDLINE 1,143,1 1,143,1 1,286,1 1,286,1 1,286,1 1,286,1 1,286,1 4,143,1 12,0,2
ADDLINE 0,0,0 1,330,1 1,330,1 12,0,2 1,330,1 10,0,2 1,330,1 1,330,1 0,0,0
ADDLINE 0,0,0 1,358,1 1,358,1 1,358,1 11,0,2 19,179,1 1,358,1 1,358,1 12,0,2
ADDLINE 11,0,2 16,193,1 1,386,1 1,386,1 0,0,0 1,386,1 1,386,1 1,386,1 12,0,2
ADDLINE 1,310,1 1,310,1 5,155,1 3,155,1 12,0,2 1,310,1 11,0,2 1,310,1 17,155,1
ADDLINE 10,0,2 0,0,0 0,0,0 12,0,2 0,0,0 1,338,1 0,0,0 0,0,0 1,338,1
ADDLINE 1,368,1 1,368,1 12,0,2 1,184,1 1,184,1 1,184,1 0,0,0 1,184,1 1,184,1
ADDLINE 7,0,2 1,398,1 0,0,0 1,199,1 0,0,0 2,199,1 0,0,0 1,199,1 12,0,2
ADDLINE 1,318,1 1,318,1 1,159,1 3,159,1 0,0,0 1,159,1 12,0,2 1,159,1 0,0,0
ADDLINE 1,174,1 1,174,1 1,174,1 5,174,1 12,0,2 1,174,1 0,0,0 0,0,0 0,0,0
ADDLINE 1,189,1 3,189,1 1,189,1 1,189,1 12,0,2 1,189,1 1,189,1 1,189,1 0,0,0
ADDLINE 1,205,1 1,410,1 1,410,1 2,205,1 0,0,0 12,0,2 0,0,0 1,205,1 0,0,0
ADDLINE 1,328,1 19,164,1 1,328,1 1,328,1 12,0,2 1,328,1 0,0,0 1,328,1 1,328,1
ADDLINE 4,224,1 1,448,1 12,0,2 4,224,1 1,224,1 1,224,1 1,224,1 2,224,1 1,224,1
ADDLINE 1,226,1 1,226,1 12,0,2 1,226,1 2,226,1 1,226,1 5,226,1 1,226,1 1,226,1
ADDLINE 1,239,1 12,0,2 11,0,2 1,478,1 1,239,1 1,239,1 1,239,1 1,239,1 1,239,1
1,95,1 1,95,1 3,95,1 1,190,1 1,190,1 11,0,2 12,0,2 0,0,0 0,0,0
1,94,1 1,94,1 1,94,1 2,188,1 1,94,1 12,0,2 1,94,1 1,188,1 0,0,0
1,186,1 1,186,1 1,186,1 1,186,1 1,186,1 0,0,0 12,0,2 0,0,0 19,93,1
1,92,1 1,92,1 1,184,1 1,184,1 1,184,1 0,0,0 0,0,0 12,0,2 0,0,0
1,182,1 1,182,1 1,182,1 19,91,1 1,182,1 1,182,1 1,182,1 12,0,2 0,0,0
1,90,1 1,90,1 1,180,1 1,180,1 12,0,2 0,0,0 2,90,1 0,0,0 0,0,0
0,0,0 0,0,0 0,0,0 0,0,0 0,0,0 0,0,0 0,0,0 0,0,0 0,0,0
0,0,0 0,0,0 0,0,0 0,0,0 0,0,0 0,0,0 0,0,0 0,0,0 0,0,0
0,0,0 0,0,0 0,0,0 0,0,0 0,0,0 0,0,0 0,0,0 0,0,0 0,0,0