MODE 0
BALL 90
STARS 0/6500/9400
ADDLINE 4,101,1 1,101,1 1,101,1 3,101,1 12,0,2 1,101,1 1,101,1 1,101,1 1,101,1
ADDLINE 1,102,1 1,102,1 1,102,1 1,102,1 12,0,2 3,102,1 1,102,1 1,102,1 4,102,1
ADDLINE 1,103,1 1,103,1 1,103,1 5,103,1 12,0,2 1,103,1 1,103,1 1,103,1 5,103,1
ADDLINE 4,113,1 1,113,1 1,113,1 3,113,1 12,0,2 1,113,1 1,113,1 1,113,1 1,113,1
ADDLINE 0,0,0 0,0,0 0,0,0 0,0,0 0,0,0 0,0,0 0,0,0 1,120,1 12,0,2
ADDLINE 1,125,1 1,125,1 12,0,2 4,125,1 1,125,1 2,125,1 1,125,1 1,125,1 1,125,1
ADDLINE 1,142,1 1,142,1 0,0,0 1,142,1 0,0,0 4,142,1 0,0,0 12,0,2 0,0,0
ADDLINE 1,154,1 1,154,1 12,0,2 1,154,1 0,0,0 2,154,1 3,154,1 1,154,1 3,154,1
ADDLINE 1,124,1 1,124,1 12,0,2 1,124,1 0,0,0 1,124,1 1,124,1 1,124,1 1,124,1
ADDLINE 5,136,1 1,136,1 1,136,1 1,136,1 1,136,1 0,0,0 12,0,2 0,0,0 1,136,1
ADDLINE 0,0,0 4,148,1 4,148,1 1,148,1 1,148,1 3,148,1 12,0,2 0,0,0 1,148,1
ADDLINE 0,0,0 0,0,0 0,0,0 12,0,2 0,0,0 0,0,0 0,0,0 1,160,1 1,160,1
ADDLINE 1,122,1 1,122,1 12,0,2 1,122,1 2,122,1 1,122,1 1,122,1 1,122,1 1,122,1
ADDLINE 1,141,1 1,141,1 0,0,0 12,0,2 0,0,0 0,0,0 3,141,1 2,141,1 1,141,1
ADDLINE 1,153,1 0,0,0 12,0,2 4,153,1 0,0,0 0,0,0 1,153,1 1,153,1 1,153,1
ADDLINE 0,0,0 0,0,0 1,165,1 0,0,0 12,0,2 1,165,1 1,165,1 1,165,1 1,165,1
ADDLINE 0,0,0 0,0,0 0,0,0 0,0,0 0,0,0 12,0,2 1,133,1 5,133,1 1,133,1
ADDLINE 3,145,1 2,145,1 12,0,2 2,145,1 0,0,0 0,0,0 1,145,1 1,145,1 1,145,1
ADDLINE 1,158,1 1,158,1 4,158,1 4,158,1 1,158,1 0,0,0 12,0,2 0,0,0 0,0,0
ADDLINE 1,171,1 3,171,1 1,171,1 1,171,1 0,0,0 0,0,0 12,0,2 0,0,0 0,0,0
ADDLINE 1,137,1 1,137,1 5,137,1 1,137,1 1,137,1 12,0,2 0,0,0 0,0,0 0,0,0
ADDLINE 1,150,1 5,150,1 1,150,1 1,150,1 12,0,2 0,0,0 4,150,1 1,150,1 0,0,0
ADDLINE 1,163,1 1,163,1 1,163,1 4,163,1 0,0,0 0,0,0 12,0,2 0,0,0 0,0,0
ADDLINE 3,177,1 1,177,1 1,177,1 1,177,1 0,0,0 0,0,0 0,0,0 12,0,2 0,0,0
ADDLINE 1,142,1 1,142,1 1,142,1 1,142,1 0,0,0 1,142,1 3,142,1 12,0,2 0,0,0
ADDLINE 1,155,1 1,155,1 1,155,1 5,155,1 0,0,0 0,0,0 12,0,2 0,0,0 1,155,1
ADDLINE 1,168,1 1,168,1 1,168,1 1,168,1 5,168,1 12,0,2 0,0,0 1,168,1 4,168,1
ADDLINE 1,173,1 1,173,1 2,173,1 1,173,1 2,173,1 12,0,2 3,173,1 1,173,1 1,173,1
ADDLINE 1,146,1 1,146,1 1,146,1 12,0,2 0,0,0 0,0,0 1,146,1 3,146,1 1,146,1
ADDLINE 1,160,1 4,160,1 1,160,1 0,0,0 12,0,2 0,0,0 1,160,1 1,160,1 1,160,1
ADDLINE 1,174,1 1,174,1 1,174,1 3,174,1 2,174,1 0,0,0 0,0,0 12,0,2 0,0,0
ADDLINE 3,188,1 1,188,1 1,188,1 1,188,1 1,188,1 12,0,2 0,0,0 0,0,0 0,0,0
ADDLINE 5,150,1 1,150,1 1,150,1 1,150,1 12,0,2 0,0,0 1,150,1 1,150,1 1,150,1
ADDLINE 1,165,1 1,165,1 4,165,1 1,165,1 12,0,2 0,0,0 0,0,0 0,0,0 0,0,0
ADDLINE 1,179,1 1,179,1 1,179,1 1,179,1 3,179,1 1,179,1 1,179,1 12,0,2 0,0,0
ADDLINE 1,193,1 1,193,1 5,193,1 12,0,2 0,0,0 0,0,0 0,0,0 0,0,0 5,193,1
ADDLINE 0,0,0 0,0,0 12,0,2 2,155,1 0,0,0 0,0,0 1,155,1 1,155,1 1,155,1
ADDLINE 0,0,0 1,169,1 1,169,1 1,169,1 12,0,2 4,169,1 3,169,1 1,169,1 1,169,1
ADDLINE 0,0,0 0,0,0 1,184,1 2,184,1 1,184,1 0,0,0 0,0,0 12,0,2 1,184,1
ADDLINE 5,189,1 1,189,1 1,189,1 2,189,1 1,189,1 1,189,1 1,189,1 12,0,2 4,189,1
ADDLINE 1,159,1 0,0,0 0,0,0 0,0,0 12,0,2 1,159,1 1,159,1 0,0,0 1,159,1
ADDLINE 0,0,0 0,0,0 1,174,1 1,174,1 2,174,1 0,0,0 12,0,2 0,0,0 1,174,1
ADDLINE 0,0,0 12,0,2 2,189,1 1,189,1 0,0,0 1,189,1 1,189,1 3,189,1 1,189,1
ADDLINE 0,0,0 0,0,0 1,205,1 1,205,1 12,0,2 1,205,1 3,205,1 1,205,1 1,205,1
ADDLINE 0,0,0 0,0,0 0,0,0 12,0,2 0,0,0 0,0,0 0,0,0 1,164,1 5,164,1
ADDLINE 1,224,1 1,224,1 1,224,1 2,224,1 4,224,1 1,224,1 1,224,1 1,224,1 12,0,2
ADDLINE 3,237,1 1,237,1 1,237,1 0,0,0 0,0,0 0,0,0 0,0,0 12,0,2 0,0,0
ADDLINE 1,239,1 1,239,1 1,239,1 12,0,2 0,0,0 2,239,1 1,239,1 1,239,1 1,239,1
1,95,1 1,95,1 12,0,2 3,95,1 2,95,1 1,95,1 0,0,0 1,95,1 1,95,1
1,94,1 4,94,1 12,0,2 1,94,1 1,94,1 1,94,1 0,0,0 2,94,1 1,94,1
0,0,0 1,93,1 0,0,0 0,0,0 0,0,0 1,93,1 12,0,2 1,93,1 1,93,1
0,0,0 1,92,1 12,0,2 1,92,1 1,92,1 2,92,1 5,92,1 1,92,1 1,92,1
0,0,0 1,91,1 0,0,0 0,0,0 12,0,2 0,0,0 0,0,0 0,0,0 0,0,0
1,86,1 1,86,1 1,86,1 2,86,1 12,0,2 3,86,1 1,86,1 1,86,1 1,86,1
0,0,0 0,0,0 0,0,0 0,0,0 0,0,0 0,0,0 0,0,0 0,0,0 0,0,0
0,0,0 0,0,0 0,0,0 0,0,0 0,0,0 0,0,0 0,0,0 0,0,0 0,0,0
0,0,0 0,0,0 0,0,0 0,0,0 0,0,0 0,0,0 0,0,0 0,0,0 0,0,0