MODE 0
BALL 50
STARS 0/500/800
0,0,0 0,0,0 1,32,1 12,0,2 1,32,1 0,0,0 1,32,1 0,0,0 0,0,0
0,0,0 0,0,0 12,0,2 1,32,1 1,32,1 1,32,1 0,0,0 0,0,0 0,0,0
0,0,0 12,0,2 1,31,1 0,0,0 1,31,1 0,0,0 1,31,1 0,0,0 0,0,0
0,0,0 1,27,1 1,27,1 1,27,1 1,27,1 1,27,1 1,27,1 1,27,1 12,0,2
0,0,0 1,30,1 0,0,0 0,0,0 6,30,1 0,0,0 0,0,0 1,30,1 12,0,2
0,0,0 0,0,0 0,0,0 1,29,1 1,29,1 12,0,2 0,0,0 0,0,0 0,0,0
0,0,0 0,0,0 0,0,0 0,0,0 0,0,0 0,0,0 0,0,0 0,0,0 0,0,0
0,0,0 0,0,0 0,0,0 0,0,0 0,0,0 0,0,0 0,0,0 0,0,0 0,0,0
0,0,0 0,0,0 0,0,0 0,0,0 0,0,0 0,0,0 0,0,0 0,0,0 0,0,0