MODE 0
BALL 90
STARS 0/0/9500
ADDLINE 1,101,1 1,101,1 1,101,1 12,0,2 1,101,1 1,101,1 1,101,1 1,101,1 1,101,1
ADDLINE 1,102,1 1,102,1 1,102,1 12,0,2 1,102,1 1,102,1 1,102,1 1,102,1 1,102,1
ADDLINE 1,103,1 1,103,1 1,103,1 12,0,2 1,103,1 1,103,1 1,103,1 1,103,1 1,103,1
ADDLINE 1,119,1 1,119,1 1,119,1 0,0,0 0,0,0 0,0,0 1,119,1 12,0,2 0,0,0
ADDLINE 1,120,1 1,120,1 1,120,1 12,0,2 1,120,1 1,120,1 1,240,1 11,0,2 1,120,1
ADDLINE 1,131,1 0,0,0 0,0,0 0,0,0 1,131,1 12,0,2 1,262,1 0,0,0 1,131,1
ADDLINE 1,142,1 1,142,1 1,142,1 12,0,2 1,142,1 0,0,0 1,142,1 1,142,1 1,142,1
ADDLINE 1,154,1 1,154,1 1,154,1 0,0,0 12,0,2 0,0,0 1,154,1 1,154,1 1,154,1
ADDLINE 1,118,1 1,118,1 1,118,1 1,118,1 1,118,1 12,0,2 1,118,1 1,118,1 1,118,1
ADDLINE 0,0,0 0,0,0 12,0,2 0,0,0 0,0,0 1,272,1 1,272,1 1,272,1 1,136,1
ADDLINE 1,296,1 1,296,1 0,0,0 0,0,0 12,0,2 0,0,0 10,0,2 1,296,1 1,296,1
ADDLINE 1,320,1 1,320,1 0,0,0 1,320,1 1,320,1 1,320,1 12,0,2 0,0,0 10,0,2
ADDLINE 1,128,1 0,0,0 0,0,0 1,128,1 1,128,1 1,128,1 1,128,1 12,0,2 0,0,0
ADDLINE 1,141,1 12,0,2 1,141,1 1,141,1 1,141,1 1,141,1 1,141,1 0,0,0 0,0,0
ADDLINE 1,153,1 1,153,1 1,153,1 1,153,1 12,0,2 1,153,1 1,153,1 0,0,0 0,0,0
ADDLINE 1,330,1 1,330,1 1,330,1 8,0,2 0,0,0 0,0,0 12,0,2 0,0,0 1,330,1
ADDLINE 1,133,1 1,133,1 1,133,1 12,0,2 1,133,1 1,133,1 1,266,1 11,0,2 1,133,1
ADDLINE 1,145,1 1,145,1 1,145,1 12,0,2 0,0,0 0,0,0 0,0,0 0,0,0 1,145,1
ADDLINE 1,316,1 1,316,1 1,316,1 1,316,1 1,316,1 1,316,1 0,0,0 12,0,2 8,0,2
ADDLINE 1,171,1 1,171,1 1,171,1 1,171,1 1,171,1 1,171,1 12,0,2 1,171,1 0,0,0
ADDLINE 1,137,1 1,137,1 1,137,1 1,137,1 1,137,1 1,137,1 12,0,2 1,137,1 0,0,0
ADDLINE 1,150,1 1,150,1 1,150,1 1,150,1 1,150,1 1,150,1 12,0,2 1,150,1 0,0,0
ADDLINE 1,326,1 1,326,1 1,326,1 1,326,1 1,326,1 1,326,1 8,0,2 12,0,2 0,0,0
ADDLINE 1,177,1 1,354,1 11,0,2 0,0,0 0,0,0 12,0,2 0,0,0 1,177,1 1,177,1
ADDLINE 8,0,2 12,0,2 1,284,1 1,284,1 1,284,1 1,284,1 1,284,1 1,284,1 1,284,1
ADDLINE 0,0,0 0,0,0 12,0,2 0,0,0 1,155,1 1,155,1 0,0,0 1,155,1 1,155,1
ADDLINE 1,168,1 1,168,1 1,168,1 1,168,1 12,0,2 0,0,0 0,0,0 0,0,0 1,168,1
ADDLINE 1,173,1 1,173,1 1,173,1 1,173,1 1,173,1 12,0,2 1,173,1 1,173,1 1,173,1
ADDLINE 1,292,1 1,292,1 1,292,1 1,292,1 1,292,1 12,0,2 8,0,2 0,0,0 1,292,1
ADDLINE 1,160,1 1,320,1 1,320,1 1,160,1 0,0,0 0,0,0 12,0,2 0,0,0 1,160,1
ADDLINE 1,348,1 10,0,2 12,0,2 0,0,0 0,0,0 1,348,1 1,348,1 1,348,1 1,348,1
ADDLINE 10,0,2 12,0,2 1,376,1 1,376,1 1,376,1 1,376,1 1,376,1 1,376,1 1,376,1
ADDLINE 0,0,0 0,0,0 12,0,2 0,0,0 0,0,0 1,150,1 1,150,1 1,150,1 1,150,1
ADDLINE 1,165,1 1,165,1 1,165,1 1,165,1 12,0,2 0,0,0 1,165,1 1,165,1 1,165,1
ADDLINE 1,179,1 1,179,1 1,179,1 1,179,1 1,179,1 12,0,2 0,0,0 1,179,1 1,179,1
ADDLINE 1,193,1 1,193,1 1,193,1 1,193,1 12,0,2 0,0,0 0,0,0 1,193,1 1,193,1
ADDLINE 11,0,2 1,310,1 1,155,1 1,155,1 1,155,1 1,155,1 0,0,0 0,0,0 12,0,2
ADDLINE 0,0,0 0,0,0 1,169,1 1,169,1 1,169,1 1,169,1 1,169,1 1,169,1 12,0,2
ADDLINE 1,184,1 0,0,0 12,0,2 1,184,1 1,184,1 1,184,1 0,0,0 0,0,0 0,0,0
ADDLINE 1,199,1 1,199,1 0,0,0 12,0,2 0,0,0 0,0,0 1,199,1 1,199,1 0,0,0
ADDLINE 1,159,1 1,159,1 12,0,2 1,159,1 1,159,1 1,159,1 1,159,1 1,159,1 0,0,0
ADDLINE 1,174,1 1,174,1 12,0,2 1,174,1 1,174,1 1,174,1 1,174,1 1,174,1 0,0,0
ADDLINE 1,378,1 1,378,1 12,0,2 1,378,1 1,378,1 0,0,0 1,378,1 0,0,0 8,0,2
ADDLINE 1,205,1 1,205,1 0,0,0 12,0,2 0,0,0 0,0,0 1,205,1 1,205,1 1,205,1
ADDLINE 1,164,1 1,164,1 0,0,0 1,164,1 1,164,1 0,0,0 12,0,2 0,0,0 0,0,0
ADDLINE 12,0,2 1,224,1 1,224,1 1,224,1 1,224,1 1,224,1 1,224,1 1,224,1 1,224,1
ADDLINE 12,0,2 1,226,1 1,226,1 1,226,1 1,226,1 1,226,1 1,226,1 1,226,1 1,226,1
ADDLINE 12,0,2 1,227,1 1,227,1 1,227,1 1,227,1 1,227,1 1,227,1 1,227,1 1,227,1
1,95,1 1,95,1 1,95,1 0,0,0 0,0,0 0,0,0 12,0,2 0,0,0 0,0,0
1,90,1 1,90,1 1,90,1 12,0,2 6,90,1 1,90,1 1,90,1 1,90,1 1,90,1
0,0,0 12,0,2 1,93,1 0,0,0 1,93,1 1,93,1 1,93,1 1,93,1 1,93,1
1,88,1 1,88,1 1,88,1 12,0,2 1,88,1 1,88,1 1,88,1 1,88,1 1,88,1
0,0,0 0,0,0 1,91,1 0,0,0 1,91,1 12,0,2 0,0,0 0,0,0 0,0,0
1,86,1 1,86,1 1,86,1 1,86,1 12,0,2 1,86,1 1,86,1 1,86,1 1,86,1
0,0,0 0,0,0 0,0,0 0,0,0 0,0,0 0,0,0 0,0,0 0,0,0 0,0,0
0,0,0 0,0,0 0,0,0 0,0,0 0,0,0 0,0,0 0,0,0 0,0,0 0,0,0
0,0,0 0,0,0 0,0,0 0,0,0 0,0,0 0,0,0 0,0,0 0,0,0 0,0,0