MODE 0
BALL 90
STARS 0/0/12400
ADDLINE 1,101,1 12,0,2 1,101,1 1,101,1 1,101,1 1,101,1 1,101,1 1,101,1 1,101,1
ADDLINE 0,0,0 12,0,2 1,107,1 1,107,1 1,107,1 1,107,1 1,107,1 1,107,1 1,107,1
ADDLINE 0,0,0 12,0,2 0,0,0 0,0,0 0,0,0 1,108,1 1,108,1 1,108,1 1,108,1
ADDLINE 17,119,1 1,238,1 1,119,1 1,119,1 0,0,0 12,0,2 0,0,0 0,0,0 0,0,0
ADDLINE 1,240,1 1,240,1 1,120,1 1,120,1 1,120,1 0,0,0 0,0,0 12,0,2 0,0,0
ADDLINE 1,125,1 1,125,1 1,125,1 1,125,1 1,125,1 12,0,2 1,125,1 1,125,1 1,125,1
ADDLINE 1,136,1 1,136,1 1,136,1 1,136,1 1,136,1 12,0,2 1,136,1 1,136,1 1,136,1
ADDLINE 1,154,1 1,154,1 0,0,0 0,0,0 12,0,2 0,0,0 1,154,1 1,154,1 1,154,1
ADDLINE 0,0,0 1,248,1 12,0,2 1,248,1 1,248,1 1,248,1 1,248,1 1,248,1 16,124,1
ADDLINE 1,272,1 16,136,1 1,272,1 1,272,1 12,0,2 1,272,1 1,272,1 1,272,1 0,0,0
ADDLINE 1,148,1 1,148,1 0,0,0 1,148,1 12,0,2 1,148,1 1,148,1 1,148,1 0,0,0
ADDLINE 0,0,0 12,0,2 1,320,1 1,320,1 1,320,1 16,160,1 1,320,1 1,320,1 1,320,1
ADDLINE 0,0,0 1,128,1 1,128,1 1,128,1 1,128,1 1,128,1 12,0,2 1,128,1 1,128,1
ADDLINE 0,0,0 1,141,1 1,141,1 1,141,1 1,141,1 1,141,1 0,0,0 0,0,0 12,0,2
ADDLINE 0,0,0 1,153,1 1,153,1 1,153,1 1,153,1 1,153,1 12,0,2 1,306,1 1,153,1
ADDLINE 0,0,0 1,165,1 0,0,0 0,0,0 0,0,0 12,0,2 0,0,0 20,165,1 0,0,0
ADDLINE 1,127,1 1,127,1 1,127,1 1,127,1 12,0,2 1,127,1 1,254,1 1,254,1 1,127,1
ADDLINE 1,138,1 1,138,1 1,138,1 1,138,1 12,0,2 1,138,1 1,138,1 1,138,1 1,138,1
ADDLINE 1,158,1 1,158,1 1,158,1 0,0,0 0,0,0 0,0,0 12,0,2 0,0,0 0,0,0
ADDLINE 1,163,1 1,163,1 1,163,1 1,163,1 1,163,1 12,0,2 1,163,1 1,163,1 1,163,1
ADDLINE 0,0,0 0,0,0 12,0,2 0,0,0 1,137,1 0,0,0 1,137,1 1,137,1 1,137,1
ADDLINE 1,143,1 1,143,1 1,143,1 1,143,1 1,143,1 12,0,2 1,143,1 1,143,1 1,143,1
ADDLINE 1,155,1 1,310,1 1,310,1 1,155,1 1,155,1 12,0,2 1,155,1 1,155,1 1,155,1
ADDLINE 1,177,1 17,177,1 1,354,1 1,177,1 1,177,1 12,0,2 1,177,1 1,177,1 1,177,1
ADDLINE 1,142,1 1,284,1 1,284,1 1,142,1 1,142,1 0,0,0 0,0,0 12,0,2 0,0,0
ADDLINE 1,148,1 1,148,1 1,148,1 1,148,1 1,148,1 1,148,1 1,148,1 12,0,2 1,148,1
ADDLINE 0,0,0 0,0,0 0,0,0 0,0,0 0,0,0 0,0,0 1,168,1 12,0,2 1,168,1
ADDLINE 1,173,1 12,0,2 1,173,1 1,173,1 1,173,1 1,173,1 1,173,1 1,346,1 1,346,1
ADDLINE 0,0,0 0,0,0 12,0,2 0,0,0 1,146,1 1,146,1 1,146,1 1,292,1 17,146,1
ADDLINE 1,152,1 1,152,1 1,152,1 12,0,2 1,152,1 1,152,1 1,152,1 1,304,1 1,304,1
ADDLINE 1,165,1 1,165,1 1,165,1 12,0,2 1,165,1 1,165,1 1,165,1 1,165,1 1,165,1
ADDLINE 1,179,1 1,179,1 1,179,1 12,0,2 1,179,1 1,179,1 1,179,1 1,179,1 1,179,1
ADDLINE 1,150,1 0,0,0 1,150,1 0,0,0 12,0,2 0,0,0 1,300,1 0,0,0 1,150,1
ADDLINE 1,165,1 12,0,2 1,165,1 1,165,1 1,165,1 1,165,1 1,330,1 17,165,1 1,165,1
ADDLINE 1,179,1 0,0,0 0,0,0 0,0,0 12,0,2 0,0,0 1,358,1 1,358,1 1,179,1
ADDLINE 1,193,1 12,0,2 1,386,1 1,386,1 1,193,1 0,0,0 1,193,1 1,193,1 1,193,1
ADDLINE 1,155,1 1,310,1 17,155,1 1,310,1 0,0,0 1,155,1 12,0,2 1,155,1 0,0,0
ADDLINE 0,0,0 1,338,1 1,338,1 1,338,1 1,338,1 1,338,1 12,0,2 16,169,1 1,338,1
ADDLINE 16,184,1 1,368,1 1,368,1 1,368,1 1,368,1 1,368,1 1,368,1 1,368,1 12,0,2
ADDLINE 0,0,0 1,199,1 0,0,0 1,199,1 0,0,0 0,0,0 0,0,0 12,0,2 0,0,0
ADDLINE 0,0,0 1,159,1 0,0,0 1,318,1 1,318,1 1,318,1 1,159,1 1,159,1 12,0,2
ADDLINE 0,0,0 1,348,1 0,0,0 1,348,1 20,174,1 1,348,1 1,174,1 1,174,1 12,0,2
ADDLINE 0,0,0 19,189,1 1,378,1 1,378,1 1,378,1 1,378,1 1,378,1 1,378,1 12,0,2
ADDLINE 0,0,0 1,410,1 12,0,2 1,205,1 1,205,1 1,205,1 1,205,1 1,205,1 0,0,0
ADDLINE 0,0,0 1,328,1 12,0,2 1,328,1 1,328,1 16,164,1 1,328,1 1,328,1 1,328,1
ADDLINE 1,224,1 1,224,1 1,224,1 1,224,1 1,224,1 1,224,1 1,224,1 12,0,2 1,224,1
ADDLINE 1,474,1 1,474,1 16,237,1 1,474,1 12,0,2 1,474,1 1,474,1 0,0,0 1,474,1
ADDLINE 1,227,1 1,227,1 1,227,1 1,227,1 12,0,2 1,227,1 1,227,1 1,227,1 1,227,1
1,95,1 0,0,0 0,0,0 12,0,2 0,0,0 1,95,1 6,95,1 1,95,1 1,95,1
1,94,1 1,94,1 12,0,2 1,94,1 0,0,0 0,0,0 1,94,1 1,94,1 1,94,1
1,93,1 1,93,1 12,0,2 1,186,1 1,186,1 0,0,0 1,93,1 1,93,1 1,93,1
1,184,1 1,184,1 12,0,2 10,0,2 1,184,1 1,184,1 0,0,0 1,184,1 1,184,1
1,91,1 12,0,2 1,182,1 1,182,1 1,182,1 0,0,0 0,0,0 1,91,1 1,91,1
1,90,1 12,0,2 0,0,0 0,0,0 0,0,0 0,0,0 1,90,1 1,90,1 1,90,1
0,0,0 0,0,0 0,0,0 0,0,0 0,0,0 0,0,0 0,0,0 0,0,0 0,0,0
0,0,0 0,0,0 0,0,0 0,0,0 0,0,0 0,0,0 0,0,0 0,0,0 0,0,0
0,0,0 0,0,0 0,0,0 0,0,0 0,0,0 0,0,0 0,0,0 0,0,0 0,0,0