MODE 0
BALL 90
STARS 0/0/9100
ADDLINE 1,101,1 3,101,1 1,101,1 1,101,1 4,101,1 1,101,1 1,101,1 12,0,2 3,101,1
ADDLINE 1,102,1 1,102,1 1,102,1 1,102,1 1,102,1 5,102,1 1,102,1 12,0,2 1,102,1
ADDLINE 1,108,1 1,108,1 5,108,1 1,108,1 1,108,1 4,108,1 12,0,2 0,0,0 1,108,1
ADDLINE 1,119,1 1,119,1 3,119,1 0,0,0 12,0,2 0,0,0 0,0,0 3,119,1 1,119,1
ADDLINE 5,120,1 1,120,1 1,120,1 12,0,2 0,0,0 0,0,0 4,120,1 1,120,1 1,120,1
ADDLINE 0,0,0 0,0,0 0,0,0 12,0,2 0,0,0 0,0,0 1,131,1 1,131,1 1,131,1
ADDLINE 0,0,0 0,0,0 12,0,2 0,0,0 0,0,0 0,0,0 1,142,1 1,142,1 1,142,1
ADDLINE 2,147,1 1,147,1 1,147,1 3,147,1 1,147,1 12,0,2 3,147,1 1,147,1 1,147,1
ADDLINE 1,124,1 0,0,0 0,0,0 0,0,0 12,0,2 0,0,0 4,124,1 1,124,1 1,124,1
ADDLINE 0,0,0 0,0,0 0,0,0 0,0,0 1,136,1 1,136,1 1,136,1 12,0,2 4,136,1
ADDLINE 4,148,1 2,148,1 1,148,1 12,0,2 1,148,1 1,148,1 1,148,1 0,0,0 1,148,1
ADDLINE 5,160,1 1,160,1 1,160,1 12,0,2 1,160,1 0,0,0 0,0,0 0,0,0 0,0,0
ADDLINE 1,122,1 4,122,1 1,122,1 12,0,2 1,122,1 1,122,1 1,122,1 1,122,1 2,122,1
ADDLINE 1,141,1 2,141,1 1,141,1 0,0,0 1,141,1 0,0,0 12,0,2 0,0,0 0,0,0
ADDLINE 1,146,1 1,146,1 1,146,1 12,0,2 1,146,1 1,146,1 5,146,1 5,146,1 1,146,1
ADDLINE 0,0,0 0,0,0 1,165,1 0,0,0 1,165,1 0,0,0 1,165,1 12,0,2 0,0,0
ADDLINE 1,133,1 0,0,0 1,133,1 12,0,2 1,133,1 0,0,0 1,133,1 5,133,1 1,133,1
ADDLINE 2,145,1 0,0,0 1,145,1 0,0,0 12,0,2 0,0,0 3,145,1 1,145,1 2,145,1
ADDLINE 1,158,1 1,158,1 5,158,1 0,0,0 1,158,1 12,0,2 1,158,1 0,0,0 1,158,1
ADDLINE 1,171,1 0,0,0 0,0,0 0,0,0 3,171,1 12,0,2 1,171,1 0,0,0 1,171,1
ADDLINE 1,131,1 1,131,1 1,131,1 2,131,1 1,131,1 1,131,1 1,131,1 12,0,2 3,131,1
ADDLINE 1,150,1 1,150,1 12,0,2 1,150,1 0,0,0 0,0,0 0,0,0 0,0,0 1,150,1
ADDLINE 1,155,1 1,155,1 1,155,1 1,155,1 3,155,1 12,0,2 2,155,1 1,155,1 4,155,1
ADDLINE 1,177,1 1,177,1 1,177,1 1,177,1 1,177,1 12,0,2 2,177,1 0,0,0 0,0,0
ADDLINE 1,135,1 1,135,1 4,135,1 1,135,1 1,135,1 12,0,2 1,135,1 5,135,1 1,135,1
ADDLINE 1,155,1 1,155,1 1,155,1 1,155,1 1,155,1 0,0,0 12,0,2 0,0,0 0,0,0
ADDLINE 1,160,1 3,160,1 4,160,1 1,160,1 1,160,1 1,160,1 3,160,1 12,0,2 1,160,1
ADDLINE 1,173,1 1,173,1 1,173,1 12,0,2 1,173,1 1,173,1 1,173,1 1,173,1 1,173,1
ADDLINE 1,146,1 0,0,0 0,0,0 12,0,2 0,0,0 0,0,0 0,0,0 0,0,0 0,0,0
ADDLINE 2,152,1 1,152,1 1,152,1 1,152,1 4,152,1 12,0,2 4,152,1 3,152,1 1,152,1
ADDLINE 1,165,1 1,165,1 1,165,1 1,165,1 1,165,1 12,0,2 1,165,1 1,165,1 1,165,1
ADDLINE 5,179,1 1,179,1 1,179,1 3,179,1 5,179,1 12,0,2 1,179,1 1,179,1 1,179,1
ADDLINE 4,143,1 1,143,1 1,143,1 1,143,1 4,143,1 12,0,2 1,143,1 3,143,1 1,143,1
ADDLINE 1,157,1 1,157,1 5,157,1 1,157,1 1,157,1 12,0,2 1,157,1 1,157,1 2,157,1
ADDLINE 0,0,0 12,0,2 0,0,0 0,0,0 1,179,1 0,0,0 0,0,0 0,0,0 0,0,0
ADDLINE 1,184,1 2,184,1 1,184,1 1,184,1 4,184,1 1,184,1 1,184,1 12,0,2 1,184,1
ADDLINE 1,155,1 5,155,1 5,155,1 4,155,1 1,155,1 12,0,2 1,155,1 0,0,0 1,155,1
ADDLINE 1,169,1 1,169,1 1,169,1 3,169,1 1,169,1 12,0,2 1,169,1 0,0,0 1,169,1
ADDLINE 0,0,0 12,0,2 0,0,0 0,0,0 0,0,0 0,0,0 1,184,1 0,0,0 0,0,0
ADDLINE 1,189,1 12,0,2 5,189,1 1,189,1 1,189,1 2,189,1 5,189,1 1,189,1 1,189,1
ADDLINE 1,159,1 12,0,2 1,159,1 1,159,1 1,159,1 0,0,0 0,0,0 0,0,0 1,159,1
ADDLINE 1,174,1 12,0,2 3,174,1 1,174,1 1,174,1 0,0,0 3,174,1 1,174,1 1,174,1
ADDLINE 1,189,1 0,0,0 3,189,1 0,0,0 12,0,2 0,0,0 1,189,1 1,189,1 1,189,1
ADDLINE 1,205,1 12,0,2 1,205,1 2,205,1 1,205,1 0,0,0 1,205,1 5,205,1 1,205,1
ADDLINE 0,0,0 0,0,0 0,0,0 0,0,0 12,0,2 0,0,0 1,164,1 5,164,1 1,164,1
ADDLINE 2,224,1 1,224,1 1,224,1 4,224,1 1,224,1 1,224,1 12,0,2 1,224,1 1,224,1
ADDLINE 1,237,1 1,237,1 1,237,1 5,237,1 5,237,1 12,0,2 0,0,0 1,237,1 2,237,1
ADDLINE 1,239,1 1,239,1 1,239,1 1,239,1 1,239,1 0,0,0 12,0,2 0,0,0 0,0,0
1,95,1 1,95,1 1,95,1 4,95,1 0,0,0 0,0,0 12,0,2 0,0,0 0,0,0
1,90,1 5,90,1 1,90,1 1,90,1 1,90,1 1,90,1 1,90,1 12,0,2 2,90,1
1,93,1 5,93,1 1,93,1 1,93,1 12,0,2 0,0,0 0,0,0 1,93,1 1,93,1
0,0,0 12,0,2 1,92,1 4,92,1 1,92,1 0,0,0 6,92,1 1,92,1 2,92,1
0,0,0 1,91,1 0,0,0 12,0,2 0,0,0 0,0,0 1,91,1 1,91,1 1,91,1
0,0,0 0,0,0 0,0,0 0,0,0 12,0,2 1,90,1 5,90,1 1,90,1 2,90,1
0,0,0 0,0,0 0,0,0 0,0,0 0,0,0 0,0,0 0,0,0 0,0,0 0,0,0
0,0,0 0,0,0 0,0,0 0,0,0 0,0,0 0,0,0 0,0,0 0,0,0 0,0,0
0,0,0 0,0,0 0,0,0 0,0,0 0,0,0 0,0,0 0,0,0 0,0,0 0,0,0