MODE 0
BALL 90
STARS 0/0/10000
ADDLINE 0,0,0 0,0,0 1,106,1 12,0,2 0,0,0 0,0,0 0,0,0 0,0,0 0,0,0
ADDLINE 1,102,1 1,102,1 1,102,1 12,0,2 1,102,1 5,102,1 1,102,1 1,102,1 1,102,1
ADDLINE 1,103,1 4,103,1 2,103,1 12,0,2 2,103,1 1,103,1 1,103,1 1,103,1 1,103,1
ADDLINE 1,113,1 1,113,1 1,113,1 12,0,2 1,113,1 1,113,1 1,113,1 1,113,1 2,113,1
ADDLINE 1,114,1 1,114,1 4,114,1 12,0,2 1,114,1 4,114,1 1,114,1 3,114,1 1,114,1
ADDLINE 1,125,1 1,125,1 1,125,1 12,0,2 1,125,1 1,125,1 3,125,1 2,125,1 1,125,1
ADDLINE 1,142,1 0,0,0 3,142,1 0,0,0 4,142,1 0,0,0 0,0,0 12,0,2 0,0,0
ADDLINE 1,154,1 12,0,2 1,154,1 0,0,0 1,154,1 1,154,1 2,154,1 1,154,1 1,154,1
ADDLINE 1,248,1 0,0,0 1,124,1 0,0,0 1,124,1 0,0,0 12,0,2 0,0,0 1,124,1
ADDLINE 10,0,2 1,272,1 1,272,1 1,272,1 1,272,1 1,272,1 1,272,1 12,0,2 0,0,0
ADDLINE 0,0,0 7,0,2 1,296,1 1,148,1 1,148,1 2,148,1 0,0,0 12,0,2 5,148,1
ADDLINE 1,160,1 12,0,2 0,0,0 0,0,0 11,0,2 1,320,1 1,160,1 1,160,1 1,160,1
ADDLINE 1,128,1 1,128,1 12,0,2 1,256,1 0,0,0 1,256,1 1,128,1 1,128,1 5,128,1
ADDLINE 1,141,1 1,141,1 12,0,2 3,141,1 0,0,0 1,141,1 4,141,1 1,141,1 1,141,1
ADDLINE 4,153,1 0,0,0 0,0,0 12,0,2 0,0,0 0,0,0 0,0,0 0,0,0 1,153,1
ADDLINE 1,165,1 0,0,0 1,165,1 1,165,1 0,0,0 0,0,0 12,0,2 0,0,0 1,165,1
ADDLINE 1,133,1 11,0,2 1,266,1 12,0,2 0,0,0 1,133,1 1,133,1 3,133,1 1,133,1
ADDLINE 1,145,1 0,0,0 0,0,0 3,145,1 5,145,1 12,0,2 0,0,0 1,145,1 2,145,1
ADDLINE 1,151,1 1,151,1 1,151,1 3,151,1 4,151,1 1,151,1 1,151,1 12,0,2 1,151,1
ADDLINE 1,171,1 1,171,1 1,171,1 1,171,1 0,0,0 12,0,2 0,0,0 0,0,0 1,171,1
ADDLINE 1,137,1 4,137,1 1,137,1 2,137,1 0,0,0 12,0,2 0,0,0 0,0,0 0,0,0
ADDLINE 1,150,1 2,150,1 4,150,1 0,0,0 0,0,0 12,0,2 0,0,0 0,0,0 0,0,0
ADDLINE 1,326,1 1,326,1 1,326,1 12,0,2 8,0,2 1,326,1 1,326,1 1,326,1 1,326,1
ADDLINE 0,0,0 0,0,0 0,0,0 12,0,2 0,0,0 1,177,1 1,177,1 1,177,1 1,177,1
ADDLINE 0,0,0 12,0,2 1,142,1 5,142,1 1,142,1 1,142,1 1,142,1 3,142,1 1,142,1
ADDLINE 8,0,2 12,0,2 1,310,1 1,310,1 1,310,1 1,310,1 1,310,1 1,310,1 1,310,1
ADDLINE 10,0,2 12,0,2 1,336,1 1,336,1 1,336,1 1,336,1 1,336,1 1,336,1 1,336,1
ADDLINE 1,364,1 1,364,1 1,182,1 0,0,0 12,0,2 0,0,0 4,182,1 1,182,1 2,182,1
ADDLINE 1,146,1 1,146,1 12,0,2 0,0,0 1,146,1 0,0,0 3,146,1 1,146,1 1,146,1
ADDLINE 1,160,1 2,160,1 12,0,2 1,160,1 1,320,1 11,0,2 1,320,1 1,160,1 1,160,1
ADDLINE 1,174,1 1,174,1 12,0,2 1,174,1 1,348,1 1,348,1 0,0,0 1,174,1 1,174,1
ADDLINE 0,0,0 0,0,0 2,188,1 1,188,1 12,0,2 0,0,0 0,0,0 1,188,1 2,188,1
ADDLINE 0,0,0 1,300,1 1,150,1 12,0,2 3,150,1 1,150,1 1,150,1 4,150,1 1,150,1
ADDLINE 10,0,2 1,330,1 1,330,1 12,0,2 1,330,1 1,330,1 1,330,1 1,330,1 1,330,1
ADDLINE 0,0,0 12,0,2 2,179,1 0,0,0 3,179,1 1,179,1 1,179,1 1,358,1 7,0,2
ADDLINE 1,193,1 0,0,0 12,0,2 0,0,0 1,193,1 1,193,1 1,193,1 1,386,1 1,386,1
ADDLINE 1,155,1 2,155,1 0,0,0 0,0,0 0,0,0 0,0,0 12,0,2 0,0,0 1,155,1
ADDLINE 4,169,1 1,169,1 12,0,2 1,169,1 1,169,1 1,169,1 1,169,1 0,0,0 0,0,0
ADDLINE 1,184,1 5,184,1 12,0,2 0,0,0 0,0,0 0,0,0 1,184,1 1,184,1 0,0,0
ADDLINE 1,199,1 1,199,1 1,199,1 1,199,1 2,199,1 12,0,2 1,199,1 1,199,1 0,0,0
ADDLINE 0,0,0 12,0,2 1,318,1 1,159,1 1,159,1 1,159,1 4,159,1 3,159,1 0,0,0
ADDLINE 0,0,0 10,0,2 1,348,1 1,348,1 1,348,1 1,348,1 1,348,1 1,348,1 12,0,2
ADDLINE 1,189,1 0,0,0 0,0,0 4,189,1 1,189,1 1,189,1 0,0,0 12,0,2 0,0,0
ADDLINE 5,205,1 1,205,1 0,0,0 12,0,2 1,205,1 1,205,1 0,0,0 1,205,1 3,205,1
ADDLINE 4,164,1 1,164,1 1,164,1 0,0,0 12,0,2 0,0,0 0,0,0 1,164,1 1,164,1
ADDLINE 2,224,1 12,0,2 1,224,1 1,224,1 1,224,1 1,224,1 1,224,1 1,224,1 1,224,1
ADDLINE 1,226,1 12,0,2 4,226,1 4,226,1 1,226,1 5,226,1 1,226,1 1,226,1 1,226,1
ADDLINE 1,227,1 12,0,2 1,227,1 2,227,1 1,227,1 1,227,1 1,227,1 5,227,1 1,227,1
1,91,1 1,91,1 1,182,1 1,182,1 1,182,1 12,0,2 1,91,1 4,91,1 1,91,1
1,188,1 0,0,0 1,188,1 10,0,2 0,0,0 12,0,2 1,188,1 0,0,0 0,0,0
1,89,1 1,89,1 1,178,1 1,178,1 1,178,1 12,0,2 1,89,1 2,89,1 1,89,1
1,92,1 12,0,2 6,92,1 3,92,1 1,92,1 0,0,0 1,92,1 1,92,1 2,92,1
1,91,1 12,0,2 0,0,0 0,0,0 1,91,1 0,0,0 1,91,1 1,91,1 1,91,1
1,86,1 12,0,2 1,86,1 1,86,1 2,86,1 4,86,1 1,86,1 1,86,1 4,86,1
0,0,0 0,0,0 0,0,0 0,0,0 0,0,0 0,0,0 0,0,0 0,0,0 0,0,0
0,0,0 0,0,0 0,0,0 0,0,0 0,0,0 0,0,0 0,0,0 0,0,0 0,0,0
0,0,0 0,0,0 0,0,0 0,0,0 0,0,0 0,0,0 0,0,0 0,0,0 0,0,0