MODE 0
BALL 90
STARS 0/0/12400
ADDLINE 1,101,1 4,101,1 12,0,2 1,101,1 1,101,1 1,101,1 1,101,1 1,101,1 1,101,1
ADDLINE 1,107,1 12,0,2 0,0,0 1,107,1 1,107,1 2,107,1 1,107,1 1,107,1 1,107,1
ADDLINE 4,108,1 12,0,2 0,0,0 1,108,1 1,108,1 2,108,1 1,108,1 5,108,1 5,108,1
ADDLINE 4,119,1 12,0,2 0,0,0 1,119,1 3,119,1 1,119,1 1,119,1 2,119,1 1,119,1
ADDLINE 1,120,1 0,0,0 0,0,0 0,0,0 12,0,2 0,0,0 3,120,1 1,120,1 1,120,1
ADDLINE 1,131,1 1,131,1 0,0,0 0,0,0 12,0,2 0,0,0 1,131,1 1,131,1 1,131,1
ADDLINE 1,142,1 1,142,1 0,0,0 0,0,0 12,0,2 0,0,0 0,0,0 0,0,0 0,0,0
ADDLINE 1,147,1 1,147,1 1,147,1 1,147,1 1,147,1 1,147,1 1,147,1 1,147,1 12,0,2
ADDLINE 5,124,1 3,124,1 2,124,1 2,124,1 1,124,1 1,124,1 0,0,0 12,0,2 0,0,0
ADDLINE 1,136,1 1,136,1 1,136,1 12,0,2 1,136,1 0,0,0 1,136,1 1,136,1 1,136,1
ADDLINE 5,148,1 0,0,0 2,148,1 12,0,2 1,148,1 0,0,0 0,0,0 0,0,0 0,0,0
ADDLINE 1,160,1 12,0,2 1,160,1 1,160,1 1,160,1 0,0,0 4,160,1 1,160,1 2,160,1
ADDLINE 1,128,1 0,0,0 0,0,0 12,0,2 0,0,0 0,0,0 1,128,1 1,128,1 1,128,1
ADDLINE 1,134,1 1,134,1 12,0,2 1,134,1 1,134,1 3,134,1 2,134,1 1,134,1 5,134,1
ADDLINE 0,0,0 0,0,0 12,0,2 0,0,0 0,0,0 1,153,1 0,0,0 0,0,0 0,0,0
ADDLINE 2,165,1 12,0,2 1,165,1 0,0,0 1,165,1 1,165,1 1,165,1 1,165,1 1,165,1
ADDLINE 2,133,1 12,0,2 1,133,1 0,0,0 1,133,1 4,133,1 1,133,1 1,133,1 4,133,1
ADDLINE 1,145,1 12,0,2 1,145,1 0,0,0 1,145,1 1,145,1 3,145,1 1,145,1 1,145,1
ADDLINE 4,158,1 0,0,0 0,0,0 0,0,0 12,0,2 0,0,0 1,158,1 1,158,1 1,158,1
ADDLINE 3,163,1 1,163,1 1,163,1 1,163,1 2,163,1 12,0,2 1,163,1 4,163,1 1,163,1
ADDLINE 1,131,1 1,131,1 1,131,1 1,131,1 1,131,1 12,0,2 1,131,1 3,131,1 1,131,1
ADDLINE 1,143,1 3,143,1 1,143,1 1,143,1 1,143,1 12,0,2 1,143,1 1,143,1 1,143,1
ADDLINE 0,0,0 0,0,0 0,0,0 0,0,0 1,163,1 12,0,2 0,0,0 0,0,0 0,0,0
ADDLINE 1,168,1 3,168,1 2,168,1 1,168,1 5,168,1 1,168,1 1,168,1 12,0,2 1,168,1
ADDLINE 1,142,1 12,0,2 1,142,1 5,142,1 5,142,1 1,142,1 4,142,1 0,0,0 1,142,1
ADDLINE 1,148,1 12,0,2 4,148,1 1,148,1 1,148,1 1,148,1 1,148,1 1,148,1 1,148,1
ADDLINE 1,168,1 0,0,0 1,168,1 3,168,1 1,168,1 1,168,1 1,168,1 12,0,2 0,0,0
ADDLINE 1,182,1 5,182,1 1,182,1 12,0,2 1,182,1 0,0,0 4,182,1 5,182,1 1,182,1
ADDLINE 1,146,1 1,146,1 1,146,1 12,0,2 1,146,1 0,0,0 1,146,1 1,146,1 1,146,1
ADDLINE 4,152,1 1,152,1 1,152,1 2,152,1 1,152,1 12,0,2 2,152,1 1,152,1 1,152,1
ADDLINE 3,174,1 1,174,1 1,174,1 0,0,0 1,174,1 12,0,2 1,174,1 0,0,0 0,0,0
ADDLINE 4,188,1 4,188,1 1,188,1 12,0,2 1,188,1 0,0,0 1,188,1 1,188,1 1,188,1
ADDLINE 0,0,0 0,0,0 12,0,2 0,0,0 0,0,0 0,0,0 1,150,1 1,150,1 2,150,1
ADDLINE 12,0,2 1,157,1 2,157,1 1,157,1 1,157,1 1,157,1 1,157,1 1,157,1 1,157,1
ADDLINE 0,0,0 1,179,1 2,179,1 1,179,1 3,179,1 12,0,2 1,179,1 1,179,1 4,179,1
ADDLINE 0,0,0 1,193,1 1,193,1 3,193,1 1,193,1 12,0,2 1,193,1 1,193,1 4,193,1
ADDLINE 0,0,0 4,155,1 12,0,2 1,155,1 0,0,0 0,0,0 0,0,0 0,0,0 0,0,0
ADDLINE 0,0,0 1,169,1 1,169,1 1,169,1 1,169,1 1,169,1 12,0,2 3,169,1 4,169,1
ADDLINE 0,0,0 1,184,1 1,184,1 1,184,1 1,184,1 2,184,1 12,0,2 1,184,1 0,0,0
ADDLINE 0,0,0 1,199,1 1,199,1 1,199,1 1,199,1 1,199,1 12,0,2 3,199,1 1,199,1
ADDLINE 0,0,0 3,159,1 12,0,2 0,0,0 2,159,1 0,0,0 1,159,1 0,0,0 0,0,0
ADDLINE 12,0,2 1,166,1 1,166,1 1,166,1 1,166,1 1,166,1 1,166,1 1,166,1 5,166,1
ADDLINE 0,0,0 0,0,0 12,0,2 0,0,0 0,0,0 1,189,1 0,0,0 0,0,0 0,0,0
ADDLINE 1,195,1 1,195,1 4,195,1 3,195,1 1,195,1 1,195,1 1,195,1 1,195,1 12,0,2
ADDLINE 1,164,1 4,164,1 12,0,2 1,164,1 2,164,1 1,164,1 1,164,1 1,164,1 0,0,0
ADDLINE 1,224,1 3,224,1 1,224,1 5,224,1 12,0,2 1,224,1 1,224,1 1,224,1 1,224,1
ADDLINE 2,237,1 1,237,1 1,237,1 5,237,1 0,0,0 0,0,0 12,0,2 0,0,0 1,237,1
ADDLINE 1,227,1 3,227,1 1,227,1 1,227,1 1,227,1 1,227,1 1,227,1 12,0,2 1,227,1
1,95,1 0,0,0 12,0,2 1,95,1 1,95,1 0,0,0 1,95,1 1,95,1 2,95,1
1,94,1 1,94,1 0,0,0 0,0,0 12,0,2 0,0,0 3,94,1 1,94,1 1,94,1
1,93,1 1,93,1 1,93,1 0,0,0 12,0,2 0,0,0 5,93,1 1,93,1 5,93,1
1,92,1 1,92,1 4,92,1 12,0,2 0,0,0 0,0,0 1,92,1 6,92,1 4,92,1
1,91,1 1,91,1 1,91,1 0,0,0 1,91,1 12,0,2 0,0,0 1,91,1 1,91,1
1,90,1 1,90,1 12,0,2 0,0,0 5,90,1 2,90,1 0,0,0 1,90,1 1,90,1
0,0,0 0,0,0 0,0,0 0,0,0 0,0,0 0,0,0 0,0,0 0,0,0 0,0,0
0,0,0 0,0,0 0,0,0 0,0,0 0,0,0 0,0,0 0,0,0 0,0,0 0,0,0
0,0,0 0,0,0 0,0,0 0,0,0 0,0,0 0,0,0 0,0,0 0,0,0 0,0,0