MODE 0
BALL 90
STARS 0/0/9300
ADDLINE 1,106,1 1,106,1 12,0,2 1,106,1 3,106,1 1,106,1 1,106,1 1,106,1 0,0,0
ADDLINE 1,107,1 5,107,1 12,0,2 1,107,1 1,107,1 1,107,1 1,107,1 4,107,1 0,0,0
ADDLINE 1,108,1 1,108,1 12,0,2 5,108,1 1,108,1 1,108,1 1,108,1 4,108,1 0,0,0
ADDLINE 1,119,1 4,119,1 0,0,0 12,0,2 0,0,0 1,119,1 0,0,0 1,119,1 0,0,0
ADDLINE 1,114,1 3,114,1 12,0,2 1,114,1 1,114,1 4,114,1 1,114,1 5,114,1 1,114,1
ADDLINE 0,0,0 0,0,0 12,0,2 1,131,1 1,131,1 1,131,1 0,0,0 1,131,1 1,131,1
ADDLINE 2,142,1 1,142,1 12,0,2 3,142,1 1,142,1 1,142,1 0,0,0 1,142,1 1,142,1
ADDLINE 0,0,0 1,154,1 12,0,2 3,154,1 1,154,1 1,154,1 0,0,0 1,154,1 1,154,1
ADDLINE 1,124,1 5,124,1 12,0,2 1,124,1 1,124,1 2,124,1 0,0,0 1,124,1 1,124,1
ADDLINE 3,136,1 1,136,1 1,136,1 4,136,1 12,0,2 0,0,0 0,0,0 0,0,0 0,0,0
ADDLINE 2,148,1 1,148,1 1,148,1 1,148,1 12,0,2 1,148,1 1,148,1 2,148,1 0,0,0
ADDLINE 1,160,1 1,160,1 1,160,1 1,160,1 12,0,2 1,160,1 1,160,1 1,160,1 0,0,0
ADDLINE 1,128,1 1,128,1 0,0,0 0,0,0 12,0,2 1,128,1 1,128,1 0,0,0 2,128,1
ADDLINE 5,141,1 12,0,2 0,0,0 0,0,0 0,0,0 1,141,1 0,0,0 0,0,0 4,141,1
ADDLINE 0,0,0 0,0,0 1,153,1 1,153,1 1,153,1 1,153,1 12,0,2 2,153,1 1,153,1
ADDLINE 1,165,1 1,165,1 1,165,1 5,165,1 12,0,2 0,0,0 4,165,1 1,165,1 4,165,1
ADDLINE 1,133,1 1,133,1 1,133,1 0,0,0 0,0,0 12,0,2 0,0,0 0,0,0 1,133,1
ADDLINE 1,145,1 2,145,1 0,0,0 0,0,0 1,145,1 12,0,2 0,0,0 0,0,0 1,145,1
ADDLINE 1,151,1 1,151,1 1,151,1 1,151,1 1,151,1 1,151,1 1,151,1 5,151,1 12,0,2
ADDLINE 3,171,1 3,171,1 0,0,0 12,0,2 0,0,0 0,0,0 0,0,0 0,0,0 0,0,0
ADDLINE 1,131,1 1,131,1 12,0,2 1,131,1 1,131,1 1,131,1 2,131,1 1,131,1 1,131,1
ADDLINE 1,150,1 1,150,1 12,0,2 0,0,0 0,0,0 1,150,1 1,150,1 1,150,1 1,150,1
ADDLINE 2,163,1 3,163,1 1,163,1 12,0,2 0,0,0 2,163,1 1,163,1 5,163,1 1,163,1
ADDLINE 1,177,1 1,177,1 1,177,1 12,0,2 0,0,0 3,177,1 1,177,1 1,177,1 1,177,1
ADDLINE 3,142,1 1,142,1 1,142,1 1,142,1 0,0,0 0,0,0 12,0,2 0,0,0 1,142,1
ADDLINE 1,148,1 1,148,1 4,148,1 1,148,1 4,148,1 5,148,1 1,148,1 12,0,2 1,148,1
ADDLINE 1,168,1 1,168,1 0,0,0 0,0,0 0,0,0 0,0,0 12,0,2 0,0,0 1,168,1
ADDLINE 1,173,1 1,173,1 1,173,1 1,173,1 12,0,2 1,173,1 1,173,1 1,173,1 1,173,1
ADDLINE 2,146,1 4,146,1 1,146,1 12,0,2 0,0,0 1,146,1 1,146,1 1,146,1 1,146,1
ADDLINE 2,152,1 5,152,1 4,152,1 12,0,2 1,152,1 1,152,1 5,152,1 1,152,1 1,152,1
ADDLINE 1,174,1 1,174,1 5,174,1 12,0,2 0,0,0 0,0,0 3,174,1 2,174,1 2,174,1
ADDLINE 1,188,1 1,188,1 1,188,1 1,188,1 1,188,1 0,0,0 0,0,0 12,0,2 0,0,0
ADDLINE 1,150,1 1,150,1 1,150,1 1,150,1 1,150,1 0,0,0 0,0,0 12,0,2 0,0,0
ADDLINE 1,165,1 1,165,1 1,165,1 1,165,1 1,165,1 12,0,2 0,0,0 2,165,1 1,165,1
ADDLINE 0,0,0 0,0,0 12,0,2 0,0,0 0,0,0 0,0,0 0,0,0 5,179,1 1,179,1
ADDLINE 0,0,0 12,0,2 1,193,1 1,193,1 3,193,1 5,193,1 1,193,1 1,193,1 1,193,1
ADDLINE 0,0,0 0,0,0 0,0,0 12,0,2 0,0,0 0,0,0 0,0,0 0,0,0 2,155,1
ADDLINE 0,0,0 1,169,1 1,169,1 1,169,1 2,169,1 5,169,1 1,169,1 12,0,2 1,169,1
ADDLINE 0,0,0 12,0,2 1,184,1 1,184,1 1,184,1 1,184,1 0,0,0 1,184,1 3,184,1
ADDLINE 1,199,1 0,0,0 0,0,0 0,0,0 0,0,0 12,0,2 0,0,0 2,199,1 1,199,1
ADDLINE 2,159,1 1,159,1 12,0,2 1,159,1 1,159,1 0,0,0 1,159,1 1,159,1 3,159,1
ADDLINE 5,174,1 1,174,1 0,0,0 0,0,0 0,0,0 12,0,2 0,0,0 1,174,1 1,174,1
ADDLINE 2,189,1 1,189,1 3,189,1 1,189,1 12,0,2 1,189,1 0,0,0 0,0,0 0,0,0
ADDLINE 1,205,1 5,205,1 5,205,1 1,205,1 0,0,0 12,0,2 1,205,1 1,205,1 0,0,0
ADDLINE 1,164,1 1,164,1 1,164,1 1,164,1 1,164,1 0,0,0 12,0,2 0,0,0 0,0,0
ADDLINE 1,224,1 4,224,1 1,224,1 1,224,1 1,224,1 1,224,1 12,0,2 1,224,1 1,224,1
ADDLINE 1,237,1 2,237,1 0,0,0 0,0,0 0,0,0 12,0,2 0,0,0 1,237,1 1,237,1
ADDLINE 2,239,1 12,0,2 0,0,0 5,239,1 4,239,1 1,239,1 1,239,1 1,239,1 1,239,1
0,0,0 1,95,1 2,95,1 1,95,1 1,95,1 0,0,0 0,0,0 12,0,2 5,95,1
1,90,1 1,90,1 1,90,1 1,90,1 1,90,1 1,90,1 1,90,1 12,0,2 3,90,1
1,93,1 1,93,1 5,93,1 6,93,1 1,93,1 0,0,0 0,0,0 12,0,2 0,0,0
1,88,1 1,88,1 1,88,1 1,88,1 4,88,1 12,0,2 1,88,1 2,88,1 1,88,1
0,0,0 0,0,0 0,0,0 12,0,2 0,0,0 0,0,0 0,0,0 0,0,0 2,91,1
5,90,1 12,0,2 1,90,1 1,90,1 1,90,1 1,90,1 1,90,1 0,0,0 1,90,1
0,0,0 0,0,0 0,0,0 0,0,0 0,0,0 0,0,0 0,0,0 0,0,0 0,0,0
0,0,0 0,0,0 0,0,0 0,0,0 0,0,0 0,0,0 0,0,0 0,0,0 0,0,0
0,0,0 0,0,0 0,0,0 0,0,0 0,0,0 0,0,0 0,0,0 0,0,0 0,0,0