MODE 0
BALL 50
STARS 0/2100/3100
ADDLINE 1,53,1 1,53,1 12,0,2 0,0,0 1,53,1 0,0,0 1,53,1 1,53,1 1,53,1
ADDLINE 1,54,1 1,54,1 0,0,0 1,54,1 0,0,0 1,54,1 0,0,0 12,0,2 11,0,2
ADDLINE 1,116,1 1,116,1 1,116,1 1,116,1 1,116,1 12,0,2 1,116,1 1,116,1 8,0,2
ADDLINE 1,62,1 1,62,1 1,62,1 0,0,0 0,0,0 12,0,2 1,62,1 1,62,1 0,0,0
ADDLINE 1,63,1 1,63,1 1,63,1 1,63,1 1,126,1 0,0,0 0,0,0 12,0,2 0,0,0
ADDLINE 1,176,1 1,176,1 12,0,2 0,0,0 0,0,0 10,0,2 1,176,1 1,176,1 0,0,0
1,52,1 0,0,0 1,52,1 12,0,2 4,52,1 0,0,0 1,104,1 0,0,0 0,0,0
1,49,1 1,49,1 1,49,1 12,0,2 3,49,1 0,0,0 1,98,1 1,49,1 1,49,1
1,50,1 12,0,2 1,50,1 0,0,0 1,50,1 1,50,1 17,50,1 1,100,1 1,50,1
1,49,1 1,49,1 1,49,1 12,0,2 1,49,1 0,0,0 1,98,1 0,0,0 1,49,1
1,48,1 0,0,0 0,0,0 12,0,2 1,48,1 0,0,0 1,96,1 1,48,1 1,48,1
1,47,1 12,0,2 1,47,1 1,47,1 1,47,1 0,0,0 1,94,1 0,0,0 1,47,1
0,0,0 0,0,0 0,0,0 0,0,0 0,0,0 0,0,0 0,0,0 0,0,0 0,0,0
0,0,0 0,0,0 0,0,0 0,0,0 0,0,0 0,0,0 0,0,0 0,0,0 0,0,0
0,0,0 0,0,0 0,0,0 0,0,0 0,0,0 0,0,0 0,0,0 0,0,0 0,0,0