MODE 0
BALL 90
STARS 0/0/9300
ADDLINE 1,101,1 1,101,1 1,101,1 1,101,1 12,0,2 1,101,1 1,101,1 1,101,1 1,101,1
ADDLINE 1,107,1 12,0,2 0,0,0 0,0,0 0,0,0 1,107,1 1,107,1 1,107,1 1,107,1
ADDLINE 1,108,1 0,0,0 0,0,0 0,0,0 0,0,0 12,0,2 0,0,0 0,0,0 1,108,1
ADDLINE 1,119,1 1,119,1 1,119,1 1,119,1 1,119,1 1,119,1 12,0,2 0,0,0 1,119,1
ADDLINE 1,120,1 1,120,1 1,120,1 1,120,1 1,120,1 1,120,1 0,0,0 12,0,2 0,0,0
ADDLINE 1,131,1 1,131,1 1,131,1 1,131,1 1,131,1 1,131,1 1,131,1 12,0,2 0,0,0
ADDLINE 1,142,1 1,142,1 1,142,1 1,142,1 1,142,1 12,0,2 0,0,0 0,0,0 1,142,1
ADDLINE 1,154,1 1,154,1 1,154,1 0,0,0 12,0,2 0,0,0 1,154,1 1,154,1 1,154,1
ADDLINE 1,124,1 1,124,1 1,124,1 12,0,2 0,0,0 1,124,1 1,124,1 1,124,1 1,124,1
ADDLINE 1,129,1 1,129,1 12,0,2 1,129,1 1,129,1 1,129,1 1,129,1 1,129,1 1,129,1
ADDLINE 0,0,0 0,0,0 12,0,2 1,148,1 0,0,0 1,148,1 0,0,0 0,0,0 0,0,0
ADDLINE 1,152,1 1,152,1 1,152,1 1,152,1 12,0,2 1,152,1 1,152,1 1,152,1 1,152,1
ADDLINE 0,0,0 0,0,0 0,0,0 12,0,2 0,0,0 1,128,1 1,128,1 1,128,1 1,128,1
ADDLINE 1,134,1 1,134,1 1,134,1 1,134,1 12,0,2 1,134,1 1,134,1 1,134,1 1,134,1
ADDLINE 0,0,0 12,0,2 0,0,0 1,153,1 0,0,0 1,153,1 1,153,1 1,153,1 1,153,1
ADDLINE 1,165,1 1,165,1 12,0,2 1,165,1 0,0,0 1,165,1 1,165,1 1,165,1 1,165,1
ADDLINE 0,0,0 0,0,0 0,0,0 1,133,1 0,0,0 0,0,0 12,0,2 1,133,1 0,0,0
ADDLINE 1,145,1 1,145,1 12,0,2 1,145,1 0,0,0 1,145,1 1,145,1 1,145,1 0,0,0
ADDLINE 1,158,1 12,0,2 1,158,1 1,158,1 1,158,1 1,158,1 1,158,1 0,0,0 1,158,1
ADDLINE 1,171,1 12,0,2 1,171,1 1,171,1 1,171,1 1,171,1 1,171,1 0,0,0 1,171,1
ADDLINE 0,0,0 0,0,0 12,0,2 0,0,0 0,0,0 0,0,0 1,137,1 0,0,0 1,137,1
ADDLINE 1,143,1 12,0,2 1,143,1 1,143,1 1,143,1 1,143,1 1,143,1 1,143,1 1,143,1
ADDLINE 0,0,0 0,0,0 0,0,0 12,0,2 1,163,1 1,163,1 1,163,1 1,163,1 1,163,1
ADDLINE 1,168,1 1,168,1 1,168,1 12,0,2 1,168,1 1,168,1 1,168,1 1,168,1 1,168,1
ADDLINE 1,135,1 1,135,1 1,135,1 12,0,2 1,135,1 1,135,1 1,135,1 1,135,1 1,135,1
ADDLINE 1,148,1 1,148,1 1,148,1 12,0,2 1,148,1 1,148,1 1,148,1 1,148,1 1,148,1
ADDLINE 1,168,1 1,168,1 1,168,1 12,0,2 1,168,1 0,0,0 0,0,0 0,0,0 1,168,1
ADDLINE 0,0,0 1,182,1 1,182,1 1,182,1 0,0,0 1,182,1 0,0,0 1,182,1 12,0,2
ADDLINE 0,0,0 1,146,1 1,146,1 1,146,1 0,0,0 1,146,1 0,0,0 1,146,1 12,0,2
ADDLINE 1,160,1 1,160,1 1,160,1 1,160,1 0,0,0 1,160,1 12,0,2 1,160,1 0,0,0
ADDLINE 0,0,0 1,174,1 1,174,1 1,174,1 0,0,0 1,174,1 12,0,2 1,174,1 0,0,0
ADDLINE 0,0,0 1,188,1 1,188,1 1,188,1 12,0,2 1,188,1 1,188,1 1,188,1 1,188,1
ADDLINE 1,150,1 12,0,2 1,150,1 0,0,0 1,150,1 1,150,1 1,150,1 0,0,0 1,150,1
ADDLINE 1,157,1 1,157,1 12,0,2 1,157,1 1,157,1 1,157,1 1,157,1 1,157,1 1,157,1
ADDLINE 1,179,1 1,179,1 12,0,2 1,179,1 1,179,1 1,179,1 1,179,1 1,179,1 0,0,0
ADDLINE 1,193,1 1,193,1 12,0,2 1,193,1 1,193,1 1,193,1 1,193,1 1,193,1 0,0,0
ADDLINE 0,0,0 12,0,2 0,0,0 0,0,0 1,155,1 0,0,0 1,155,1 0,0,0 1,155,1
ADDLINE 1,161,1 1,161,1 1,161,1 1,161,1 1,161,1 12,0,2 1,161,1 1,161,1 1,161,1
ADDLINE 1,184,1 1,184,1 1,184,1 0,0,0 12,0,2 0,0,0 0,0,0 0,0,0 1,184,1
ADDLINE 1,189,1 1,189,1 1,189,1 12,0,2 1,189,1 1,189,1 1,189,1 1,189,1 1,189,1
ADDLINE 1,159,1 0,0,0 12,0,2 0,0,0 1,159,1 0,0,0 1,159,1 1,159,1 1,159,1
ADDLINE 1,174,1 12,0,2 1,174,1 1,174,1 1,174,1 0,0,0 1,174,1 1,174,1 1,174,1
ADDLINE 0,0,0 12,0,2 1,189,1 0,0,0 0,0,0 0,0,0 0,0,0 0,0,0 0,0,0
ADDLINE 1,205,1 12,0,2 1,205,1 0,0,0 1,205,1 1,205,1 1,205,1 1,205,1 1,205,1
ADDLINE 1,164,1 12,0,2 1,164,1 0,0,0 1,164,1 0,0,0 1,164,1 1,164,1 1,164,1
ADDLINE 12,0,2 1,224,1 1,224,1 1,224,1 1,224,1 1,224,1 1,224,1 1,224,1 1,224,1
ADDLINE 0,0,0 12,0,2 1,237,1 1,237,1 1,237,1 1,237,1 1,237,1 1,237,1 1,237,1
ADDLINE 1,239,1 0,0,0 0,0,0 12,0,2 0,0,0 0,0,0 0,0,0 1,239,1 1,239,1
1,95,1 1,95,1 1,95,1 0,0,0 0,0,0 0,0,0 0,0,0 12,0,2 0,0,0
1,94,1 1,94,1 6,94,1 12,0,2 1,94,1 0,0,0 0,0,0 0,0,0 0,0,0
1,93,1 0,0,0 0,0,0 0,0,0 12,0,2 0,0,0 1,93,1 1,93,1 1,93,1
12,0,2 1,88,1 1,88,1 1,88,1 1,88,1 1,88,1 1,88,1 1,88,1 1,88,1
0,0,0 1,91,1 1,91,1 12,0,2 1,91,1 1,91,1 1,91,1 1,91,1 1,91,1
1,86,1 1,86,1 1,86,1 12,0,2 1,86,1 1,86,1 1,86,1 1,86,1 1,86,1
0,0,0 0,0,0 0,0,0 0,0,0 0,0,0 0,0,0 0,0,0 0,0,0 0,0,0
0,0,0 0,0,0 0,0,0 0,0,0 0,0,0 0,0,0 0,0,0 0,0,0 0,0,0
0,0,0 0,0,0 0,0,0 0,0,0 0,0,0 0,0,0 0,0,0 0,0,0 0,0,0