MODE 0
BALL 90
STARS 0/0/13000
ADDLINE 0,0,0 1,212,1 1,212,1 1,212,1 1,212,1 12,0,2 16,106,1 1,212,1 1,212,1
ADDLINE 16,107,1 12,0,2 1,214,1 1,214,1 1,214,1 1,214,1 1,214,1 1,214,1 1,214,1
ADDLINE 1,108,1 12,0,2 0,0,0 1,108,1 0,0,0 0,0,0 1,108,1 1,108,1 1,108,1
ADDLINE 1,119,1 1,119,1 1,119,1 1,238,1 1,238,1 12,0,2 1,238,1 11,0,2 1,119,1
ADDLINE 1,120,1 1,120,1 1,120,1 1,240,1 20,120,1 12,0,2 1,240,1 1,240,1 1,240,1
ADDLINE 1,262,1 1,262,1 1,262,1 1,262,1 1,262,1 12,0,2 1,262,1 1,262,1 19,131,1
ADDLINE 20,142,1 1,284,1 1,142,1 1,142,1 1,142,1 0,0,0 12,0,2 0,0,0 1,284,1
ADDLINE 1,294,1 1,294,1 1,147,1 1,147,1 1,147,1 12,0,2 1,147,1 1,147,1 1,147,1
ADDLINE 1,124,1 0,0,0 0,0,0 0,0,0 1,124,1 12,0,2 1,124,1 0,0,0 1,124,1
ADDLINE 0,0,0 0,0,0 12,0,2 0,0,0 0,0,0 1,136,1 1,136,1 1,136,1 1,136,1
ADDLINE 8,0,2 0,0,0 12,0,2 1,296,1 0,0,0 1,296,1 1,296,1 1,296,1 1,296,1
ADDLINE 1,160,1 1,160,1 1,160,1 0,0,0 1,160,1 0,0,0 12,0,2 0,0,0 1,160,1
ADDLINE 1,128,1 1,128,1 1,128,1 0,0,0 0,0,0 12,0,2 0,0,0 0,0,0 1,128,1
ADDLINE 1,141,1 0,0,0 1,141,1 1,141,1 1,141,1 1,141,1 1,141,1 12,0,2 0,0,0
ADDLINE 1,153,1 12,0,2 1,306,1 1,306,1 1,153,1 1,153,1 0,0,0 1,153,1 1,153,1
ADDLINE 0,0,0 1,330,1 19,165,1 1,330,1 1,330,1 12,0,2 1,330,1 1,330,1 1,330,1
ADDLINE 0,0,0 1,266,1 12,0,2 1,266,1 1,133,1 1,133,1 1,266,1 1,266,1 1,133,1
ADDLINE 0,0,0 12,0,2 1,290,1 1,290,1 1,290,1 1,290,1 1,290,1 19,145,1 1,290,1
ADDLINE 1,151,1 1,151,1 1,151,1 1,151,1 1,151,1 1,151,1 1,302,1 12,0,2 1,302,1
ADDLINE 1,342,1 1,342,1 1,342,1 1,342,1 1,342,1 1,342,1 1,342,1 12,0,2 10,0,2
ADDLINE 1,137,1 1,137,1 0,0,0 0,0,0 0,0,0 12,0,2 0,0,0 0,0,0 0,0,0
ADDLINE 8,0,2 12,0,2 0,0,0 1,300,1 1,300,1 1,300,1 1,300,1 1,300,1 1,300,1
ADDLINE 12,0,2 1,155,1 1,155,1 1,155,1 1,155,1 1,310,1 1,310,1 1,310,1 1,155,1
ADDLINE 8,0,2 12,0,2 1,354,1 1,354,1 1,354,1 1,354,1 7,0,2 1,354,1 1,354,1
ADDLINE 1,142,1 12,0,2 0,0,0 0,0,0 0,0,0 1,284,1 1,284,1 1,284,1 1,142,1
ADDLINE 1,310,1 1,310,1 1,310,1 1,310,1 12,0,2 16,155,1 1,310,1 1,310,1 1,310,1
ADDLINE 1,168,1 1,336,1 1,336,1 1,336,1 0,0,0 0,0,0 12,0,2 0,0,0 1,168,1
ADDLINE 1,182,1 1,364,1 17,182,1 1,364,1 1,182,1 1,182,1 1,182,1 1,182,1 12,0,2
ADDLINE 1,146,1 1,292,1 1,292,1 1,292,1 1,146,1 1,146,1 0,0,0 12,0,2 0,0,0
ADDLINE 1,160,1 1,160,1 1,160,1 1,160,1 0,0,0 12,0,2 0,0,0 1,160,1 1,160,1
ADDLINE 1,348,1 0,0,0 12,0,2 8,0,2 0,0,0 1,348,1 1,348,1 1,348,1 1,348,1
ADDLINE 1,188,1 0,0,0 0,0,0 12,0,2 0,0,0 0,0,0 0,0,0 0,0,0 0,0,0
ADDLINE 1,150,1 1,150,1 1,150,1 1,150,1 1,150,1 1,150,1 0,0,0 12,0,2 0,0,0
ADDLINE 1,330,1 1,330,1 1,330,1 16,165,1 1,330,1 1,330,1 12,0,2 0,0,0 1,330,1
ADDLINE 1,340,1 1,340,1 1,340,1 1,340,1 1,340,1 1,170,1 1,170,1 12,0,2 1,170,1
ADDLINE 19,193,1 1,386,1 1,386,1 7,0,2 1,386,1 1,386,1 12,0,2 0,0,0 1,386,1
ADDLINE 1,310,1 1,310,1 1,310,1 1,310,1 1,310,1 1,310,1 1,310,1 12,0,2 0,0,0
ADDLINE 1,338,1 1,338,1 1,338,1 1,338,1 1,338,1 10,0,2 12,0,2 0,0,0 0,0,0
ADDLINE 1,184,1 1,184,1 1,184,1 1,184,1 1,368,1 0,0,0 12,0,2 1,184,1 0,0,0
ADDLINE 0,0,0 0,0,0 0,0,0 1,398,1 1,398,1 0,0,0 0,0,0 1,199,1 12,0,2
ADDLINE 0,0,0 10,0,2 1,318,1 1,318,1 17,159,1 1,318,1 1,318,1 1,318,1 12,0,2
ADDLINE 1,174,1 1,348,1 1,348,1 12,0,2 1,348,1 1,348,1 1,174,1 0,0,0 0,0,0
ADDLINE 1,378,1 1,378,1 1,378,1 1,378,1 12,0,2 1,378,1 1,378,1 0,0,0 16,189,1
ADDLINE 1,410,1 1,410,1 19,205,1 1,410,1 1,410,1 12,0,2 1,410,1 1,410,1 0,0,0
ADDLINE 1,164,1 1,328,1 1,328,1 1,328,1 1,164,1 0,0,0 0,0,0 12,0,2 0,0,0
ADDLINE 1,224,1 1,224,1 1,224,1 12,0,2 1,224,1 1,224,1 1,224,1 1,224,1 1,224,1
ADDLINE 1,237,1 1,237,1 12,0,2 0,0,0 1,237,1 1,237,1 1,237,1 1,474,1 1,474,1
ADDLINE 1,478,1 1,478,1 12,0,2 8,0,2 1,478,1 1,478,1 1,478,1 1,478,1 17,239,1
1,95,1 1,95,1 1,95,1 1,95,1 12,0,2 1,95,1 1,95,1 1,95,1 0,0,0
1,94,1 1,94,1 1,94,1 1,94,1 12,0,2 1,94,1 1,94,1 1,188,1 0,0,0
1,186,1 1,186,1 1,186,1 1,186,1 12,0,2 1,186,1 1,186,1 1,186,1 0,0,0
1,92,1 1,92,1 1,92,1 1,92,1 12,0,2 1,92,1 1,184,1 7,0,2 10,0,2
1,91,1 1,182,1 1,182,1 1,91,1 12,0,2 6,91,1 1,182,1 1,182,1 0,0,0
0,0,0 7,0,2 1,180,1 12,0,2 1,180,1 8,0,2 1,180,1 1,180,1 1,180,1
0,0,0 0,0,0 0,0,0 0,0,0 0,0,0 0,0,0 0,0,0 0,0,0 0,0,0
0,0,0 0,0,0 0,0,0 0,0,0 0,0,0 0,0,0 0,0,0 0,0,0 0,0,0
0,0,0 0,0,0 0,0,0 0,0,0 0,0,0 0,0,0 0,0,0 0,0,0 0,0,0