MODE 0
BALL 90
STARS 0/0/9000
ADDLINE 1,101,1 1,101,1 1,101,1 1,101,1 1,101,1 1,101,1 12,0,2 1,101,1 1,101,1
ADDLINE 1,107,1 1,107,1 1,107,1 1,107,1 1,107,1 12,0,2 0,0,0 1,107,1 1,107,1
ADDLINE 1,108,1 1,108,1 1,108,1 1,108,1 1,108,1 12,0,2 0,0,0 0,0,0 0,0,0
ADDLINE 1,119,1 1,119,1 1,119,1 1,119,1 1,119,1 12,0,2 0,0,0 0,0,0 0,0,0
ADDLINE 1,120,1 1,120,1 1,120,1 1,120,1 1,120,1 0,0,0 12,0,2 0,0,0 1,120,1
ADDLINE 1,131,1 1,131,1 1,131,1 1,131,1 1,131,1 1,131,1 1,131,1 12,0,2 0,0,0
ADDLINE 1,142,1 1,142,1 1,142,1 12,0,2 0,0,0 0,0,0 0,0,0 0,0,0 0,0,0
ADDLINE 1,154,1 12,0,2 0,0,0 0,0,0 1,154,1 1,154,1 1,154,1 1,154,1 1,154,1
ADDLINE 1,118,1 12,0,2 1,118,1 1,118,1 1,118,1 1,118,1 1,118,1 1,118,1 1,118,1
ADDLINE 1,136,1 12,0,2 1,136,1 1,136,1 1,136,1 1,136,1 1,136,1 0,0,0 1,136,1
ADDLINE 0,0,0 0,0,0 0,0,0 0,0,0 12,0,2 0,0,0 1,148,1 0,0,0 0,0,0
ADDLINE 1,152,1 1,152,1 1,152,1 1,152,1 1,152,1 12,0,2 1,152,1 1,152,1 1,152,1
ADDLINE 0,0,0 12,0,2 0,0,0 0,0,0 1,128,1 0,0,0 1,128,1 1,128,1 1,128,1
ADDLINE 1,134,1 1,134,1 1,134,1 1,134,1 1,134,1 12,0,2 1,134,1 1,134,1 1,134,1
ADDLINE 0,0,0 0,0,0 0,0,0 0,0,0 0,0,0 12,0,2 1,153,1 1,153,1 1,153,1
ADDLINE 1,157,1 1,157,1 1,157,1 1,157,1 1,157,1 12,0,2 1,157,1 1,157,1 1,157,1
ADDLINE 1,133,1 0,0,0 1,133,1 1,133,1 1,133,1 12,0,2 1,133,1 0,0,0 0,0,0
ADDLINE 1,145,1 12,0,2 1,145,1 1,145,1 1,145,1 0,0,0 1,145,1 1,145,1 1,145,1
ADDLINE 1,151,1 1,151,1 1,151,1 12,0,2 1,151,1 1,151,1 1,151,1 1,151,1 1,151,1
ADDLINE 0,0,0 12,0,2 1,171,1 0,0,0 1,171,1 1,171,1 1,171,1 1,171,1 1,171,1
ADDLINE 1,131,1 1,131,1 1,131,1 12,0,2 1,131,1 1,131,1 1,131,1 1,131,1 1,131,1
ADDLINE 0,0,0 12,0,2 0,0,0 0,0,0 1,150,1 0,0,0 0,0,0 0,0,0 0,0,0
ADDLINE 1,163,1 12,0,2 1,163,1 0,0,0 1,163,1 1,163,1 1,163,1 1,163,1 1,163,1
ADDLINE 1,177,1 12,0,2 1,177,1 0,0,0 1,177,1 1,177,1 1,177,1 1,177,1 1,177,1
ADDLINE 1,142,1 12,0,2 1,142,1 0,0,0 1,142,1 1,142,1 1,142,1 1,142,1 1,142,1
ADDLINE 1,155,1 12,0,2 1,155,1 0,0,0 1,155,1 1,155,1 1,155,1 1,155,1 1,155,1
ADDLINE 1,160,1 1,160,1 1,160,1 12,0,2 1,160,1 1,160,1 1,160,1 1,160,1 1,160,1
ADDLINE 0,0,0 1,182,1 0,0,0 0,0,0 0,0,0 12,0,2 0,0,0 0,0,0 0,0,0
ADDLINE 1,146,1 1,146,1 12,0,2 1,146,1 1,146,1 1,146,1 1,146,1 1,146,1 0,0,0
ADDLINE 1,160,1 1,160,1 12,0,2 1,160,1 1,160,1 1,160,1 1,160,1 1,160,1 0,0,0
ADDLINE 1,174,1 1,174,1 12,0,2 1,174,1 1,174,1 1,174,1 1,174,1 1,174,1 0,0,0
ADDLINE 1,188,1 1,188,1 12,0,2 1,188,1 1,188,1 1,188,1 1,188,1 1,188,1 0,0,0
ADDLINE 1,143,1 1,143,1 1,143,1 1,143,1 1,143,1 1,143,1 1,143,1 1,143,1 12,0,2
ADDLINE 0,0,0 1,165,1 1,165,1 0,0,0 1,165,1 0,0,0 1,165,1 1,165,1 12,0,2
ADDLINE 0,0,0 1,179,1 1,179,1 1,179,1 0,0,0 1,179,1 1,179,1 1,179,1 12,0,2
ADDLINE 0,0,0 1,193,1 1,193,1 1,193,1 12,0,2 1,193,1 1,193,1 1,193,1 0,0,0
ADDLINE 0,0,0 1,155,1 1,155,1 1,155,1 1,155,1 1,155,1 12,0,2 1,155,1 1,155,1
ADDLINE 0,0,0 1,169,1 1,169,1 1,169,1 1,169,1 1,169,1 0,0,0 1,169,1 12,0,2
ADDLINE 0,0,0 1,184,1 1,184,1 1,184,1 1,184,1 1,184,1 0,0,0 1,184,1 12,0,2
ADDLINE 0,0,0 1,199,1 1,199,1 1,199,1 1,199,1 1,199,1 0,0,0 1,199,1 12,0,2
ADDLINE 0,0,0 1,159,1 1,159,1 1,159,1 1,159,1 1,159,1 0,0,0 1,159,1 12,0,2
ADDLINE 0,0,0 0,0,0 0,0,0 1,174,1 0,0,0 1,174,1 12,0,2 1,174,1 0,0,0
ADDLINE 0,0,0 1,189,1 1,189,1 1,189,1 12,0,2 1,189,1 1,189,1 1,189,1 1,189,1
ADDLINE 0,0,0 1,205,1 0,0,0 0,0,0 12,0,2 1,205,1 0,0,0 0,0,0 0,0,0
ADDLINE 0,0,0 1,164,1 1,164,1 1,164,1 0,0,0 1,164,1 12,0,2 1,164,1 1,164,1
ADDLINE 1,224,1 1,224,1 1,224,1 1,224,1 1,224,1 1,224,1 1,224,1 1,224,1 12,0,2
ADDLINE 1,237,1 0,0,0 0,0,0 0,0,0 12,0,2 0,0,0 0,0,0 0,0,0 0,0,0
ADDLINE 1,227,1 12,0,2 1,227,1 1,227,1 1,227,1 1,227,1 1,227,1 1,227,1 1,227,1
0,0,0 1,95,1 1,95,1 1,95,1 1,95,1 1,95,1 1,95,1 12,0,2 1,95,1
0,0,0 12,0,2 0,0,0 0,0,0 1,94,1 1,94,1 1,94,1 0,0,0 0,0,0
1,93,1 0,0,0 0,0,0 0,0,0 1,93,1 1,93,1 0,0,0 12,0,2 0,0,0
0,0,0 0,0,0 6,92,1 1,92,1 1,92,1 1,92,1 12,0,2 0,0,0 1,92,1
0,0,0 1,91,1 1,91,1 1,91,1 1,91,1 1,91,1 0,0,0 12,0,2 1,91,1
1,0,1 1,0,1 1,0,1 1,0,1 1,0,1 1,0,1 0,0,0 12,0,2 0,0,0
0,0,0 0,0,0 0,0,0 0,0,0 0,0,0 0,0,0 0,0,0 0,0,0 0,0,0
0,0,0 0,0,0 0,0,0 0,0,0 0,0,0 0,0,0 0,0,0 0,0,0 0,0,0
0,0,0 0,0,0 0,0,0 0,0,0 0,0,0 0,0,0 0,0,0 0,0,0 0,0,0