MODE 0
BALL 90
STARS 0/0/9800
ADDLINE 1,101,1 1,101,1 1,101,1 1,101,1 12,0,2 1,101,1 1,101,1 1,101,1 1,101,1
ADDLINE 1,102,1 1,102,1 1,102,1 1,102,1 12,0,2 1,102,1 1,102,1 1,102,1 1,102,1
ADDLINE 1,103,1 1,103,1 1,103,1 1,103,1 12,0,2 1,103,1 1,103,1 1,103,1 1,103,1
ADDLINE 1,113,1 1,113,1 1,113,1 1,113,1 12,0,2 1,113,1 1,113,1 1,113,1 1,113,1
ADDLINE 0,0,0 0,0,0 0,0,0 0,0,0 0,0,0 12,0,2 0,0,0 1,120,1 0,0,0
ADDLINE 1,125,1 1,125,1 12,0,2 1,125,1 1,125,1 1,125,1 1,125,1 1,125,1 1,125,1
ADDLINE 1,142,1 1,142,1 0,0,0 1,142,1 12,0,2 1,142,1 0,0,0 0,0,0 0,0,0
ADDLINE 1,154,1 1,154,1 12,0,2 1,154,1 0,0,0 1,154,1 1,154,1 1,154,1 1,154,1
ADDLINE 1,124,1 1,124,1 12,0,2 1,124,1 0,0,0 1,124,1 1,124,1 1,124,1 1,124,1
ADDLINE 0,0,0 0,0,0 0,0,0 12,0,2 1,136,1 1,136,1 1,136,1 1,136,1 0,0,0
ADDLINE 0,0,0 1,148,1 1,148,1 12,0,2 1,148,1 1,148,1 1,148,1 1,148,1 0,0,0
ADDLINE 0,0,0 12,0,2 0,0,0 0,0,0 1,160,1 1,160,1 1,160,1 1,160,1 0,0,0
ADDLINE 1,128,1 1,128,1 1,128,1 0,0,0 1,128,1 1,128,1 1,128,1 12,0,2 0,0,0
ADDLINE 1,141,1 1,141,1 0,0,0 0,0,0 0,0,0 0,0,0 12,0,2 0,0,0 1,141,1
ADDLINE 1,153,1 1,153,1 12,0,2 1,153,1 1,153,1 1,153,1 0,0,0 1,153,1 1,153,1
ADDLINE 0,0,0 0,0,0 1,165,1 1,165,1 12,0,2 0,0,0 0,0,0 1,165,1 1,165,1
ADDLINE 0,0,0 1,133,1 0,0,0 12,0,2 1,133,1 1,133,1 1,133,1 1,133,1 1,133,1
ADDLINE 0,0,0 12,0,2 1,145,1 1,145,1 1,145,1 1,145,1 1,145,1 1,145,1 0,0,0
ADDLINE 1,151,1 1,151,1 1,151,1 1,151,1 1,151,1 1,151,1 1,151,1 12,0,2 1,151,1
ADDLINE 1,163,1 1,163,1 1,163,1 1,163,1 1,163,1 1,163,1 1,163,1 12,0,2 1,163,1
ADDLINE 1,137,1 1,137,1 1,137,1 1,137,1 12,0,2 0,0,0 0,0,0 0,0,0 1,137,1
ADDLINE 1,150,1 1,150,1 1,150,1 1,150,1 0,0,0 0,0,0 12,0,2 0,0,0 1,150,1
ADDLINE 1,163,1 1,163,1 0,0,0 0,0,0 12,0,2 0,0,0 0,0,0 0,0,0 1,163,1
ADDLINE 1,168,1 1,168,1 12,0,2 1,168,1 1,168,1 1,168,1 1,168,1 1,168,1 1,168,1
ADDLINE 1,142,1 12,0,2 0,0,0 1,142,1 1,142,1 1,142,1 1,142,1 1,142,1 1,142,1
ADDLINE 1,155,1 0,0,0 0,0,0 0,0,0 12,0,2 0,0,0 1,155,1 1,155,1 1,155,1
ADDLINE 1,168,1 1,168,1 1,168,1 1,168,1 12,0,2 0,0,0 1,168,1 1,168,1 1,168,1
ADDLINE 1,173,1 1,173,1 1,173,1 1,173,1 1,173,1 1,173,1 1,173,1 1,173,1 12,0,2
ADDLINE 1,146,1 1,146,1 1,146,1 12,0,2 0,0,0 0,0,0 0,0,0 0,0,0 0,0,0
ADDLINE 1,160,1 1,160,1 1,160,1 12,0,2 0,0,0 1,160,1 1,160,1 1,160,1 1,160,1
ADDLINE 1,174,1 1,174,1 1,174,1 1,174,1 0,0,0 0,0,0 12,0,2 0,0,0 0,0,0
ADDLINE 1,188,1 1,188,1 1,188,1 1,188,1 1,188,1 1,188,1 0,0,0 12,0,2 0,0,0
ADDLINE 1,143,1 1,143,1 1,143,1 1,143,1 1,143,1 1,143,1 12,0,2 1,143,1 1,143,1
ADDLINE 1,157,1 1,157,1 1,157,1 1,157,1 1,157,1 1,157,1 12,0,2 1,157,1 1,157,1
ADDLINE 1,179,1 0,0,0 12,0,2 0,0,0 0,0,0 0,0,0 0,0,0 1,179,1 1,179,1
ADDLINE 1,184,1 12,0,2 1,184,1 1,184,1 1,184,1 1,184,1 1,184,1 1,184,1 1,184,1
ADDLINE 1,155,1 1,155,1 1,155,1 12,0,2 1,155,1 1,155,1 0,0,0 1,155,1 1,155,1
ADDLINE 1,169,1 1,169,1 0,0,0 12,0,2 1,169,1 1,169,1 0,0,0 0,0,0 1,169,1
ADDLINE 1,184,1 1,184,1 12,0,2 1,184,1 1,184,1 1,184,1 1,184,1 0,0,0 1,184,1
ADDLINE 1,199,1 1,199,1 0,0,0 0,0,0 12,0,2 0,0,0 1,199,1 0,0,0 0,0,0
ADDLINE 1,159,1 1,159,1 0,0,0 1,159,1 0,0,0 0,0,0 1,159,1 12,0,2 0,0,0
ADDLINE 1,174,1 1,174,1 12,0,2 0,0,0 1,174,1 1,174,1 1,174,1 0,0,0 0,0,0
ADDLINE 1,189,1 12,0,2 0,0,0 0,0,0 1,189,1 1,189,1 1,189,1 1,189,1 0,0,0
ADDLINE 1,205,1 12,0,2 1,205,1 1,205,1 1,205,1 1,205,1 1,205,1 1,205,1 0,0,0
ADDLINE 1,164,1 12,0,2 1,164,1 1,164,1 1,164,1 1,164,1 1,164,1 1,164,1 0,0,0
ADDLINE 1,236,1 1,236,1 1,236,1 1,236,1 1,236,1 0,0,0 12,0,2 0,0,0 1,236,1
ADDLINE 1,237,1 1,237,1 1,237,1 1,237,1 1,237,1 12,0,2 1,237,1 1,237,1 0,0,0
ADDLINE 1,239,1 1,239,1 1,239,1 0,0,0 0,0,0 12,0,2 1,239,1 1,239,1 0,0,0
1,91,1 1,91,1 1,91,1 1,91,1 1,91,1 1,91,1 12,0,2 1,91,1 1,91,1
0,0,0 1,94,1 6,94,1 1,94,1 1,94,1 1,94,1 0,0,0 12,0,2 0,0,0
12,0,2 1,89,1 1,89,1 1,89,1 1,89,1 1,89,1 1,89,1 1,89,1 1,89,1
0,0,0 1,92,1 1,92,1 1,92,1 1,92,1 1,92,1 12,0,2 1,92,1 1,92,1
0,0,0 1,91,1 1,91,1 1,91,1 1,91,1 1,91,1 12,0,2 1,91,1 1,91,1
0,0,0 0,0,0 12,0,2 1,90,1 0,0,0 0,0,0 0,0,0 1,90,1 1,90,1
0,0,0 0,0,0 0,0,0 0,0,0 0,0,0 0,0,0 0,0,0 0,0,0 0,0,0
0,0,0 0,0,0 0,0,0 0,0,0 0,0,0 0,0,0 0,0,0 0,0,0 0,0,0
0,0,0 0,0,0 0,0,0 0,0,0 0,0,0 0,0,0 0,0,0 0,0,0 0,0,0