MODE 0
BALL 90
STARS 0/0/12000
ADDLINE 1,101,1 1,101,1 1,101,1 12,0,2 1,101,1 1,101,1 1,202,1 1,202,1 1,101,1
ADDLINE 1,107,1 2,107,1 5,107,1 12,0,2 0,0,0 0,0,0 0,0,0 1,107,1 1,107,1
ADDLINE 1,108,1 1,108,1 3,108,1 1,108,1 1,108,1 12,0,2 0,0,0 5,108,1 1,108,1
ADDLINE 0,0,0 0,0,0 12,0,2 0,0,0 0,0,0 0,0,0 3,119,1 5,119,1 1,119,1
ADDLINE 0,0,0 0,0,0 12,0,2 0,0,0 1,120,1 1,120,1 1,120,1 1,120,1 1,120,1
ADDLINE 1,262,1 1,262,1 12,0,2 8,0,2 1,262,1 1,262,1 1,262,1 1,262,1 1,262,1
ADDLINE 1,136,1 1,136,1 12,0,2 1,136,1 1,136,1 1,136,1 1,136,1 4,136,1 1,136,1
ADDLINE 1,154,1 3,154,1 0,0,0 12,0,2 0,0,0 0,0,0 1,154,1 1,154,1 1,154,1
ADDLINE 2,124,1 1,124,1 4,124,1 1,124,1 12,0,2 0,0,0 1,248,1 1,248,1 1,124,1
ADDLINE 1,272,1 12,0,2 1,272,1 0,0,0 1,272,1 1,272,1 1,272,1 10,0,2 1,272,1
ADDLINE 0,0,0 0,0,0 0,0,0 0,0,0 2,148,1 1,148,1 1,296,1 12,0,2 1,148,1
ADDLINE 1,160,1 1,160,1 1,160,1 12,0,2 1,160,1 3,160,1 1,160,1 0,0,0 1,160,1
ADDLINE 1,128,1 1,128,1 1,128,1 12,0,2 5,128,1 1,128,1 2,128,1 0,0,0 0,0,0
ADDLINE 1,134,1 1,134,1 1,134,1 3,134,1 1,134,1 5,134,1 1,268,1 12,0,2 1,134,1
ADDLINE 0,0,0 0,0,0 1,153,1 0,0,0 0,0,0 12,0,2 0,0,0 7,0,2 1,153,1
ADDLINE 1,330,1 12,0,2 1,330,1 1,330,1 1,330,1 1,330,1 1,330,1 10,0,2 1,330,1
ADDLINE 0,0,0 0,0,0 3,133,1 1,133,1 1,133,1 0,0,0 1,266,1 12,0,2 1,133,1
ADDLINE 1,145,1 1,145,1 1,145,1 5,145,1 1,145,1 12,0,2 1,145,1 0,0,0 4,145,1
ADDLINE 0,0,0 0,0,0 0,0,0 1,158,1 0,0,0 1,158,1 0,0,0 0,0,0 12,0,2
ADDLINE 5,171,1 1,171,1 1,171,1 3,171,1 12,0,2 1,171,1 1,171,1 1,342,1 7,0,2
ADDLINE 1,137,1 4,137,1 1,137,1 1,274,1 11,0,2 12,0,2 0,0,0 1,274,1 0,0,0
ADDLINE 1,143,1 1,143,1 1,143,1 1,286,1 12,0,2 1,286,1 1,143,1 2,143,1 5,143,1
ADDLINE 1,155,1 1,155,1 4,155,1 4,155,1 12,0,2 1,155,1 1,155,1 1,155,1 1,155,1
ADDLINE 2,168,1 5,168,1 1,168,1 1,168,1 12,0,2 1,168,1 1,168,1 1,168,1 1,168,1
ADDLINE 0,0,0 3,142,1 0,0,0 0,0,0 12,0,2 1,142,1 1,142,1 2,142,1 1,142,1
ADDLINE 0,0,0 1,155,1 1,155,1 1,155,1 12,0,2 1,155,1 1,155,1 1,155,1 1,155,1
ADDLINE 0,0,0 5,168,1 1,168,1 5,168,1 12,0,2 1,168,1 0,0,0 1,168,1 0,0,0
ADDLINE 1,173,1 1,173,1 1,173,1 1,173,1 12,0,2 5,173,1 1,173,1 1,173,1 1,173,1
ADDLINE 0,0,0 1,146,1 0,0,0 0,0,0 2,146,1 1,146,1 1,146,1 12,0,2 1,146,1
ADDLINE 1,152,1 1,152,1 1,152,1 1,152,1 12,0,2 3,152,1 2,152,1 1,152,1 5,152,1
ADDLINE 11,0,2 1,348,1 0,0,0 1,174,1 12,0,2 1,174,1 1,174,1 1,174,1 1,174,1
ADDLINE 1,358,1 1,358,1 12,0,2 5,179,1 3,179,1 1,179,1 2,179,1 2,179,1 1,179,1
ADDLINE 1,150,1 1,150,1 12,0,2 1,150,1 0,0,0 0,0,0 0,0,0 0,0,0 0,0,0
ADDLINE 4,157,1 1,314,1 12,0,2 1,314,1 1,157,1 1,157,1 1,157,1 1,157,1 1,157,1
ADDLINE 0,0,0 12,0,2 10,0,2 1,358,1 0,0,0 1,358,1 1,358,1 1,358,1 1,358,1
ADDLINE 1,184,1 1,368,1 1,368,1 1,368,1 12,0,2 2,184,1 3,184,1 1,184,1 1,184,1
ADDLINE 0,0,0 3,155,1 1,155,1 1,310,1 12,0,2 1,310,1 0,0,0 1,155,1 0,0,0
ADDLINE 0,0,0 1,338,1 1,338,1 1,338,1 10,0,2 1,338,1 0,0,0 1,338,1 12,0,2
ADDLINE 0,0,0 2,184,1 1,184,1 1,368,1 1,368,1 1,368,1 1,184,1 1,184,1 12,0,2
ADDLINE 0,0,0 0,0,0 12,0,2 1,199,1 0,0,0 0,0,0 0,0,0 0,0,0 0,0,0
ADDLINE 1,152,1 2,152,1 1,152,1 1,152,1 1,152,1 1,152,1 5,152,1 4,152,1 12,0,2
ADDLINE 0,0,0 0,0,0 0,0,0 0,0,0 0,0,0 1,174,1 1,174,1 1,174,1 12,0,2
ADDLINE 2,180,1 5,180,1 3,180,1 1,180,1 1,180,1 1,180,1 1,180,1 1,180,1 12,0,2
ADDLINE 0,0,0 1,205,1 3,205,1 1,205,1 12,0,2 1,205,1 1,205,1 1,205,1 0,0,0
ADDLINE 0,0,0 1,164,1 1,164,1 1,164,1 12,0,2 5,164,1 1,164,1 1,164,1 1,164,1
ADDLINE 4,224,1 1,224,1 1,224,1 1,224,1 12,0,2 1,224,1 4,224,1 1,224,1 2,224,1
ADDLINE 1,237,1 1,237,1 5,237,1 1,237,1 12,0,2 0,0,0 1,237,1 1,237,1 5,237,1
ADDLINE 1,239,1 1,239,1 1,239,1 1,239,1 1,239,1 0,0,0 12,0,2 0,0,0 0,0,0
1,190,1 1,190,1 1,190,1 1,190,1 12,0,2 1,190,1 0,0,0 10,0,2 0,0,0
1,94,1 1,94,1 1,94,1 2,94,1 0,0,0 0,0,0 12,0,2 0,0,0 1,94,1
1,93,1 5,93,1 4,93,1 1,93,1 6,93,1 0,0,0 12,0,2 0,0,0 1,93,1
1,92,1 5,92,1 4,92,1 2,92,1 1,92,1 12,0,2 0,0,0 0,0,0 0,0,0
1,91,1 1,91,1 1,91,1 5,91,1 1,91,1 12,0,2 0,0,0 1,91,1 0,0,0
1,90,1 1,90,1 1,90,1 1,90,1 1,90,1 1,90,1 12,0,2 0,0,0 1,90,1
0,0,0 0,0,0 0,0,0 0,0,0 0,0,0 0,0,0 0,0,0 0,0,0 0,0,0
0,0,0 0,0,0 0,0,0 0,0,0 0,0,0 0,0,0 0,0,0 0,0,0 0,0,0
0,0,0 0,0,0 0,0,0 0,0,0 0,0,0 0,0,0 0,0,0 0,0,0 0,0,0