MODE 0
BALL 90
STARS 0/0/8900
ADDLINE 1,101,1 1,101,1 5,101,1 12,0,2 1,101,1 1,101,1 1,101,1 1,101,1 1,101,1
ADDLINE 1,102,1 1,102,1 1,102,1 12,0,2 5,102,1 2,102,1 4,102,1 2,102,1 1,102,1
ADDLINE 1,103,1 1,103,1 1,103,1 12,0,2 1,103,1 4,103,1 1,103,1 1,103,1 1,103,1
ADDLINE 1,119,1 1,119,1 1,119,1 0,0,0 0,0,0 12,0,2 1,119,1 0,0,0 0,0,0
ADDLINE 4,120,1 1,120,1 1,120,1 12,0,2 5,120,1 1,120,1 2,120,1 0,0,0 1,120,1
ADDLINE 1,131,1 0,0,0 12,0,2 0,0,0 5,131,1 0,0,0 1,131,1 0,0,0 1,131,1
ADDLINE 4,142,1 1,142,1 1,142,1 12,0,2 1,142,1 0,0,0 1,142,1 3,142,1 1,142,1
ADDLINE 2,154,1 3,154,1 1,154,1 0,0,0 12,0,2 0,0,0 1,154,1 1,154,1 1,154,1
ADDLINE 1,118,1 1,118,1 4,118,1 1,118,1 1,118,1 12,0,2 1,118,1 1,118,1 1,118,1
ADDLINE 5,136,1 1,136,1 3,136,1 0,0,0 0,0,0 0,0,0 12,0,2 0,0,0 0,0,0
ADDLINE 1,148,1 1,148,1 1,148,1 12,0,2 1,148,1 1,148,1 1,148,1 4,148,1 0,0,0
ADDLINE 1,160,1 4,160,1 1,160,1 1,160,1 0,0,0 0,0,0 12,0,2 0,0,0 0,0,0
ADDLINE 0,0,0 12,0,2 0,0,0 0,0,0 0,0,0 1,128,1 4,128,1 0,0,0 1,128,1
ADDLINE 0,0,0 1,141,1 3,141,1 1,141,1 5,141,1 1,141,1 0,0,0 12,0,2 1,141,1
ADDLINE 0,0,0 0,0,0 1,153,1 3,153,1 1,153,1 1,153,1 12,0,2 1,153,1 1,153,1
ADDLINE 0,0,0 0,0,0 1,165,1 1,165,1 1,165,1 1,165,1 12,0,2 1,165,1 1,165,1
ADDLINE 0,0,0 2,133,1 1,133,1 1,133,1 1,133,1 0,0,0 12,0,2 1,133,1 5,133,1
ADDLINE 0,0,0 0,0,0 1,145,1 1,145,1 12,0,2 0,0,0 1,145,1 3,145,1 5,145,1
ADDLINE 5,151,1 1,151,1 1,151,1 3,151,1 1,151,1 1,151,1 12,0,2 5,151,1 1,151,1
ADDLINE 1,171,1 1,171,1 1,171,1 2,171,1 1,171,1 12,0,2 0,0,0 2,171,1 3,171,1
ADDLINE 1,137,1 1,137,1 1,137,1 1,137,1 12,0,2 0,0,0 1,137,1 1,137,1 1,137,1
ADDLINE 1,150,1 1,150,1 1,150,1 12,0,2 0,0,0 1,150,1 3,150,1 2,150,1 1,150,1
ADDLINE 1,163,1 1,163,1 5,163,1 0,0,0 0,0,0 12,0,2 0,0,0 0,0,0 0,0,0
ADDLINE 1,177,1 5,177,1 1,177,1 1,177,1 1,177,1 1,177,1 1,177,1 12,0,2 0,0,0
ADDLINE 1,142,1 3,142,1 12,0,2 0,0,0 0,0,0 0,0,0 0,0,0 0,0,0 1,142,1
ADDLINE 0,0,0 0,0,0 12,0,2 1,155,1 1,155,1 4,155,1 1,155,1 4,155,1 1,155,1
ADDLINE 0,0,0 12,0,2 1,168,1 1,168,1 1,168,1 1,168,1 1,168,1 2,168,1 1,168,1
ADDLINE 5,182,1 0,0,0 12,0,2 0,0,0 1,182,1 1,182,1 1,182,1 0,0,0 1,182,1
ADDLINE 1,146,1 1,146,1 4,146,1 12,0,2 5,146,1 1,146,1 1,146,1 0,0,0 1,146,1
ADDLINE 1,160,1 1,160,1 0,0,0 12,0,2 1,160,1 1,160,1 3,160,1 0,0,0 0,0,0
ADDLINE 1,174,1 1,174,1 12,0,2 0,0,0 1,174,1 1,174,1 0,0,0 1,174,1 0,0,0
ADDLINE 1,188,1 1,188,1 2,188,1 4,188,1 5,188,1 12,0,2 1,188,1 1,188,1 0,0,0
ADDLINE 1,143,1 1,143,1 5,143,1 1,143,1 12,0,2 1,143,1 1,143,1 1,143,1 2,143,1
ADDLINE 1,165,1 1,165,1 1,165,1 1,165,1 0,0,0 0,0,0 12,0,2 0,0,0 0,0,0
ADDLINE 1,179,1 2,179,1 1,179,1 3,179,1 0,0,0 4,179,1 1,179,1 12,0,2 0,0,0
ADDLINE 1,193,1 1,193,1 1,193,1 4,193,1 12,0,2 0,0,0 0,0,0 0,0,0 1,193,1
ADDLINE 1,155,1 2,155,1 0,0,0 1,155,1 1,155,1 0,0,0 0,0,0 12,0,2 0,0,0
ADDLINE 1,169,1 1,169,1 0,0,0 0,0,0 1,169,1 1,169,1 0,0,0 12,0,2 0,0,0
ADDLINE 3,184,1 1,184,1 1,184,1 0,0,0 0,0,0 12,0,2 0,0,0 1,184,1 5,184,1
ADDLINE 1,199,1 1,199,1 1,199,1 12,0,2 1,199,1 1,199,1 1,199,1 0,0,0 3,199,1
ADDLINE 5,159,1 12,0,2 0,0,0 0,0,0 1,159,1 4,159,1 5,159,1 0,0,0 0,0,0
ADDLINE 1,174,1 12,0,2 1,174,1 0,0,0 1,174,1 1,174,1 1,174,1 1,174,1 0,0,0
ADDLINE 2,189,1 1,189,1 12,0,2 0,0,0 1,189,1 1,189,1 1,189,1 5,189,1 0,0,0
ADDLINE 1,205,1 1,205,1 0,0,0 12,0,2 0,0,0 1,205,1 1,205,1 1,205,1 0,0,0
ADDLINE 1,164,1 1,164,1 3,164,1 2,164,1 12,0,2 1,164,1 1,164,1 0,0,0 0,0,0
ADDLINE 5,224,1 1,224,1 1,224,1 1,224,1 1,224,1 12,0,2 1,224,1 1,224,1 5,224,1
ADDLINE 1,226,1 2,226,1 1,226,1 1,226,1 1,226,1 12,0,2 1,226,1 2,226,1 1,226,1
ADDLINE 4,239,1 1,239,1 1,239,1 1,239,1 1,239,1 12,0,2 0,0,0 0,0,0 0,0,0
0,0,0 0,0,0 0,0,0 1,95,1 0,0,0 2,95,1 1,95,1 1,95,1 12,0,2
4,94,1 3,94,1 1,94,1 6,94,1 12,0,2 1,94,1 1,94,1 1,94,1 0,0,0
0,0,0 0,0,0 0,0,0 0,0,0 12,0,2 1,93,1 0,0,0 0,0,0 0,0,0
1,88,1 1,88,1 1,88,1 12,0,2 1,88,1 2,88,1 2,88,1 5,88,1 4,88,1
0,0,0 0,0,0 1,91,1 12,0,2 0,0,0 0,0,0 1,91,1 0,0,0 1,91,1
1,86,1 1,86,1 1,86,1 1,86,1 12,0,2 1,86,1 1,86,1 5,86,1 1,86,1
0,0,0 0,0,0 0,0,0 0,0,0 0,0,0 0,0,0 0,0,0 0,0,0 0,0,0
0,0,0 0,0,0 0,0,0 0,0,0 0,0,0 0,0,0 0,0,0 0,0,0 0,0,0
0,0,0 0,0,0 0,0,0 0,0,0 0,0,0 0,0,0 0,0,0 0,0,0 0,0,0