MODE 0
BALL 90
STARS 0/0/9100
ADDLINE 1,106,1 12,0,2 4,106,1 3,106,1 1,106,1 0,0,0 1,106,1 3,106,1 5,106,1
ADDLINE 0,0,0 0,0,0 1,107,1 1,107,1 0,0,0 12,0,2 1,107,1 1,107,1 1,107,1
ADDLINE 0,0,0 1,108,1 1,108,1 0,0,0 12,0,2 1,108,1 1,108,1 1,108,1 1,108,1
ADDLINE 0,0,0 12,0,2 0,0,0 0,0,0 5,119,1 1,119,1 1,119,1 1,119,1 1,119,1
ADDLINE 0,0,0 12,0,2 5,120,1 1,120,1 1,120,1 1,120,1 1,120,1 1,120,1 0,0,0
ADDLINE 0,0,0 1,131,1 1,131,1 4,131,1 1,131,1 3,131,1 1,131,1 0,0,0 12,0,2
ADDLINE 0,0,0 12,0,2 1,142,1 1,142,1 1,142,1 1,142,1 1,142,1 0,0,0 0,0,0
ADDLINE 0,0,0 12,0,2 1,154,1 1,154,1 1,154,1 2,154,1 1,154,1 0,0,0 0,0,0
ADDLINE 0,0,0 0,0,0 1,124,1 5,124,1 4,124,1 5,124,1 12,0,2 0,0,0 1,124,1
ADDLINE 0,0,0 5,136,1 0,0,0 0,0,0 0,0,0 12,0,2 0,0,0 2,136,1 0,0,0
ADDLINE 1,148,1 1,148,1 12,0,2 1,148,1 0,0,0 1,148,1 1,148,1 1,148,1 0,0,0
ADDLINE 2,160,1 1,160,1 0,0,0 1,160,1 12,0,2 1,160,1 1,160,1 3,160,1 0,0,0
ADDLINE 1,128,1 2,128,1 12,0,2 3,128,1 2,128,1 4,128,1 1,128,1 1,128,1 0,0,0
ADDLINE 1,141,1 1,141,1 12,0,2 1,141,1 0,0,0 1,141,1 1,141,1 1,141,1 0,0,0
ADDLINE 1,153,1 4,153,1 12,0,2 1,153,1 0,0,0 1,153,1 1,153,1 1,153,1 0,0,0
ADDLINE 0,0,0 12,0,2 0,0,0 1,165,1 0,0,0 0,0,0 0,0,0 0,0,0 0,0,0
ADDLINE 0,0,0 1,133,1 1,133,1 1,133,1 1,133,1 4,133,1 12,0,2 1,133,1 1,133,1
ADDLINE 0,0,0 2,145,1 1,145,1 1,145,1 5,145,1 1,145,1 0,0,0 0,0,0 12,0,2
ADDLINE 5,158,1 12,0,2 2,158,1 1,158,1 1,158,1 1,158,1 1,158,1 0,0,0 1,158,1
ADDLINE 1,171,1 12,0,2 1,171,1 3,171,1 1,171,1 1,171,1 2,171,1 0,0,0 1,171,1
ADDLINE 1,131,1 12,0,2 1,131,1 3,131,1 1,131,1 1,131,1 5,131,1 1,131,1 1,131,1
ADDLINE 0,0,0 0,0,0 1,150,1 1,150,1 5,150,1 1,150,1 2,150,1 12,0,2 1,150,1
ADDLINE 1,155,1 1,155,1 1,155,1 1,155,1 2,155,1 1,155,1 1,155,1 12,0,2 1,155,1
ADDLINE 3,177,1 0,0,0 12,0,2 0,0,0 1,177,1 0,0,0 0,0,0 0,0,0 1,177,1
ADDLINE 4,142,1 12,0,2 1,142,1 1,142,1 1,142,1 1,142,1 1,142,1 0,0,0 1,142,1
ADDLINE 1,155,1 0,0,0 4,155,1 1,155,1 1,155,1 1,155,1 1,155,1 12,0,2 0,0,0
ADDLINE 5,168,1 12,0,2 1,168,1 5,168,1 3,168,1 1,168,1 1,168,1 0,0,0 1,168,1
ADDLINE 1,182,1 1,182,1 1,182,1 1,182,1 12,0,2 3,182,1 0,0,0 1,182,1 0,0,0
ADDLINE 3,146,1 1,146,1 1,146,1 1,146,1 12,0,2 1,146,1 0,0,0 1,146,1 0,0,0
ADDLINE 1,152,1 1,152,1 2,152,1 5,152,1 12,0,2 1,152,1 1,152,1 1,152,1 2,152,1
ADDLINE 1,165,1 1,165,1 1,165,1 5,165,1 12,0,2 3,165,1 1,165,1 1,165,1 1,165,1
ADDLINE 0,0,0 1,188,1 0,0,0 2,188,1 0,0,0 0,0,0 0,0,0 0,0,0 12,0,2
ADDLINE 1,150,1 1,150,1 1,150,1 12,0,2 1,150,1 5,150,1 1,150,1 0,0,0 1,150,1
ADDLINE 1,165,1 1,165,1 5,165,1 12,0,2 1,165,1 0,0,0 1,165,1 0,0,0 1,165,1
ADDLINE 1,179,1 1,179,1 1,179,1 1,179,1 4,179,1 12,0,2 1,179,1 0,0,0 4,179,1
ADDLINE 5,193,1 1,193,1 1,193,1 0,0,0 1,193,1 12,0,2 1,193,1 0,0,0 2,193,1
ADDLINE 1,155,1 12,0,2 1,155,1 1,155,1 1,155,1 0,0,0 1,155,1 0,0,0 1,155,1
ADDLINE 1,169,1 0,0,0 1,169,1 3,169,1 5,169,1 12,0,2 1,169,1 0,0,0 1,169,1
ADDLINE 4,184,1 0,0,0 4,184,1 0,0,0 0,0,0 12,0,2 0,0,0 0,0,0 1,184,1
ADDLINE 1,199,1 12,0,2 1,199,1 1,199,1 1,199,1 1,199,1 1,199,1 0,0,0 5,199,1
ADDLINE 1,159,1 12,0,2 2,159,1 4,159,1 5,159,1 1,159,1 1,159,1 0,0,0 1,159,1
ADDLINE 4,174,1 12,0,2 1,174,1 1,174,1 1,174,1 1,174,1 1,174,1 0,0,0 1,174,1
ADDLINE 0,0,0 1,189,1 5,189,1 0,0,0 0,0,0 12,0,2 0,0,0 0,0,0 1,189,1
ADDLINE 1,195,1 1,195,1 1,195,1 1,195,1 3,195,1 1,195,1 1,195,1 12,0,2 2,195,1
ADDLINE 3,164,1 1,164,1 1,164,1 1,164,1 1,164,1 0,0,0 12,0,2 0,0,0 1,164,1
ADDLINE 1,224,1 1,224,1 1,224,1 4,224,1 1,224,1 1,224,1 12,0,2 1,224,1 1,224,1
ADDLINE 2,237,1 4,237,1 5,237,1 1,237,1 0,0,0 12,0,2 0,0,0 1,237,1 1,237,1
ADDLINE 1,239,1 1,239,1 12,0,2 0,0,0 0,0,0 2,239,1 1,239,1 1,239,1 1,239,1
1,95,1 1,95,1 1,95,1 3,95,1 12,0,2 0,0,0 1,95,1 2,95,1 5,95,1
1,94,1 1,94,1 2,94,1 1,94,1 1,94,1 12,0,2 0,0,0 1,94,1 1,94,1
0,0,0 0,0,0 12,0,2 0,0,0 0,0,0 0,0,0 0,0,0 1,93,1 1,93,1
0,0,0 0,0,0 0,0,0 12,0,2 1,92,1 1,92,1 1,92,1 1,92,1 1,92,1
1,91,1 1,91,1 12,0,2 0,0,0 1,91,1 5,91,1 1,91,1 1,91,1 1,91,1
1,90,1 4,90,1 0,0,0 12,0,2 0,0,0 0,0,0 5,90,1 1,90,1 2,90,1
0,0,0 0,0,0 0,0,0 0,0,0 0,0,0 0,0,0 0,0,0 0,0,0 0,0,0
0,0,0 0,0,0 0,0,0 0,0,0 0,0,0 0,0,0 0,0,0 0,0,0 0,0,0
0,0,0 0,0,0 0,0,0 0,0,0 0,0,0 0,0,0 0,0,0 0,0,0 0,0,0