MODE 0
BALL 90
STARS 0/0/13500
ADDLINE 1,106,1 1,212,1 1,212,1 12,0,2 2,106,1 0,0,0 4,106,1 3,106,1 1,106,1
ADDLINE 1,102,1 1,102,1 1,102,1 1,102,1 1,102,1 12,0,2 1,102,1 1,204,1 1,204,1
ADDLINE 1,108,1 0,0,0 12,0,2 0,0,0 0,0,0 0,0,0 0,0,0 0,0,0 20,108,1
ADDLINE 1,238,1 1,238,1 1,238,1 12,0,2 1,238,1 1,238,1 1,238,1 1,238,1 16,119,1
ADDLINE 1,120,1 12,0,2 0,0,0 0,0,0 1,120,1 5,120,1 4,120,1 1,120,1 1,120,1
ADDLINE 1,125,1 12,0,2 1,125,1 3,125,1 1,125,1 1,125,1 1,125,1 1,250,1 1,250,1
ADDLINE 0,0,0 1,284,1 1,284,1 12,0,2 1,284,1 1,284,1 1,284,1 1,284,1 19,142,1
ADDLINE 1,147,1 1,147,1 2,147,1 12,0,2 1,147,1 1,147,1 1,147,1 1,294,1 1,294,1
ADDLINE 3,124,1 1,124,1 1,124,1 0,0,0 0,0,0 12,0,2 0,0,0 0,0,0 0,0,0
ADDLINE 1,136,1 1,136,1 1,136,1 0,0,0 0,0,0 12,0,2 0,0,0 0,0,0 0,0,0
ADDLINE 1,148,1 1,148,1 1,148,1 0,0,0 0,0,0 0,0,0 0,0,0 12,0,2 0,0,0
ADDLINE 3,160,1 1,320,1 12,0,2 0,0,0 1,160,1 5,160,1 4,160,1 1,160,1 1,160,1
ADDLINE 1,128,1 17,128,1 0,0,0 0,0,0 0,0,0 0,0,0 0,0,0 12,0,2 0,0,0
ADDLINE 1,141,1 1,282,1 1,282,1 5,141,1 1,141,1 12,0,2 3,141,1 1,141,1 0,0,0
ADDLINE 1,153,1 1,153,1 1,153,1 1,153,1 2,153,1 12,0,2 1,153,1 0,0,0 0,0,0
ADDLINE 1,165,1 1,165,1 1,165,1 0,0,0 0,0,0 12,0,2 1,165,1 1,165,1 0,0,0
ADDLINE 1,266,1 1,266,1 16,133,1 1,266,1 12,0,2 1,266,1 1,266,1 1,266,1 0,0,0
ADDLINE 1,145,1 2,145,1 1,145,1 1,145,1 0,0,0 12,0,2 1,290,1 20,145,1 4,145,1
ADDLINE 3,151,1 1,151,1 1,151,1 12,0,2 1,151,1 5,151,1 1,302,1 1,302,1 1,151,1
ADDLINE 3,171,1 1,171,1 2,171,1 0,0,0 12,0,2 0,0,0 0,0,0 0,0,0 1,171,1
ADDLINE 1,137,1 1,137,1 1,137,1 0,0,0 0,0,0 0,0,0 12,0,2 0,0,0 1,137,1
ADDLINE 1,143,1 1,143,1 4,143,1 12,0,2 1,143,1 1,143,1 5,143,1 1,143,1 3,143,1
ADDLINE 1,163,1 1,163,1 1,163,1 12,0,2 0,0,0 1,326,1 1,326,1 1,326,1 1,163,1
ADDLINE 1,177,1 4,177,1 1,177,1 1,177,1 12,0,2 1,354,1 17,177,1 1,354,1 1,177,1
ADDLINE 1,142,1 1,142,1 3,142,1 2,142,1 0,0,0 12,0,2 1,284,1 0,0,0 1,142,1
ADDLINE 2,155,1 1,155,1 5,155,1 1,155,1 0,0,0 0,0,0 12,0,2 0,0,0 1,155,1
ADDLINE 0,0,0 0,0,0 0,0,0 0,0,0 12,0,2 1,168,1 1,168,1 1,168,1 1,168,1
ADDLINE 1,173,1 12,0,2 5,173,1 1,173,1 1,173,1 5,173,1 1,173,1 1,173,1 4,173,1
ADDLINE 2,146,1 12,0,2 0,0,0 1,146,1 1,146,1 1,146,1 1,146,1 1,146,1 1,146,1
ADDLINE 1,320,1 16,160,1 1,320,1 1,320,1 1,320,1 12,0,2 1,320,1 1,320,1 0,0,0
ADDLINE 1,174,1 1,174,1 1,348,1 17,174,1 1,348,1 0,0,0 12,0,2 0,0,0 0,0,0
ADDLINE 4,179,1 5,179,1 1,358,1 12,0,2 1,358,1 1,358,1 1,358,1 1,179,1 1,179,1
ADDLINE 1,150,1 1,150,1 12,0,2 0,0,0 1,300,1 17,150,1 1,300,1 1,300,1 1,300,1
ADDLINE 0,0,0 0,0,0 12,0,2 1,165,1 1,330,1 1,330,1 1,330,1 1,330,1 17,165,1
ADDLINE 0,0,0 12,0,2 0,0,0 1,179,1 1,179,1 1,358,1 20,179,1 1,358,1 1,358,1
ADDLINE 1,184,1 1,184,1 12,0,2 1,184,1 2,184,1 1,368,1 1,368,1 1,368,1 4,184,1
ADDLINE 4,155,1 1,155,1 1,155,1 3,155,1 0,0,0 12,0,2 0,0,0 1,155,1 1,155,1
ADDLINE 1,169,1 4,169,1 1,169,1 1,169,1 1,169,1 12,0,2 0,0,0 0,0,0 1,169,1
ADDLINE 1,184,1 1,184,1 1,184,1 0,0,0 12,0,2 0,0,0 5,184,1 0,0,0 0,0,0
ADDLINE 1,199,1 1,199,1 1,199,1 0,0,0 0,0,0 12,0,2 0,0,0 0,0,0 0,0,0
ADDLINE 1,159,1 12,0,2 3,159,1 1,159,1 1,159,1 1,159,1 4,159,1 1,159,1 0,0,0
ADDLINE 16,174,1 1,348,1 1,348,1 1,348,1 12,0,2 1,348,1 1,348,1 1,348,1 0,0,0
ADDLINE 3,189,1 1,189,1 1,189,1 2,189,1 1,189,1 0,0,0 1,189,1 12,0,2 0,0,0
ADDLINE 1,205,1 1,205,1 4,205,1 1,410,1 1,410,1 12,0,2 1,205,1 0,0,0 4,205,1
ADDLINE 1,164,1 1,164,1 1,164,1 1,328,1 20,164,1 12,0,2 0,0,0 0,0,0 0,0,0
ADDLINE 2,224,1 1,224,1 3,224,1 12,0,2 1,448,1 1,448,1 4,224,1 1,224,1 4,224,1
ADDLINE 1,237,1 1,237,1 1,237,1 0,0,0 12,0,2 0,0,0 0,0,0 0,0,0 0,0,0
ADDLINE 1,239,1 1,239,1 1,239,1 1,239,1 1,239,1 1,239,1 1,239,1 12,0,2 0,0,0
1,190,1 12,0,2 10,0,2 1,190,1 1,190,1 1,190,1 1,190,1 1,190,1 1,190,1
1,94,1 12,0,2 1,188,1 0,0,0 1,94,1 3,94,1 1,94,1 1,94,1 1,94,1
6,93,1 0,0,0 12,0,2 0,0,0 1,186,1 1,186,1 1,186,1 1,93,1 4,93,1
1,184,1 1,184,1 1,184,1 12,0,2 1,184,1 10,0,2 1,184,1 1,184,1 1,184,1
1,91,1 1,91,1 2,91,1 0,0,0 1,182,1 1,182,1 0,0,0 12,0,2 0,0,0
1,86,1 1,86,1 1,86,1 1,86,1 1,86,1 5,86,1 4,86,1 12,0,2 1,86,1
0,0,0 0,0,0 0,0,0 0,0,0 0,0,0 0,0,0 0,0,0 0,0,0 0,0,0
0,0,0 0,0,0 0,0,0 0,0,0 0,0,0 0,0,0 0,0,0 0,0,0 0,0,0
0,0,0 0,0,0 0,0,0 0,0,0 0,0,0 0,0,0 0,0,0 0,0,0 0,0,0