MODE 0
BALL 50
STARS 0/1800/2700
ADDLINE 1,53,1 1,53,1 0,0,0 1,53,1 12,0,2 1,53,1 0,0,0 1,53,1 0,0,0
ADDLINE 0,0,0 0,0,0 12,0,2 1,54,1 0,0,0 1,54,1 0,0,0 1,54,1 0,0,0
ADDLINE 0,0,0 1,58,1 1,58,1 1,58,1 12,0,2 1,58,1 1,58,1 1,58,1 1,58,1
ADDLINE 0,0,0 0,0,0 0,0,0 1,62,1 0,0,0 0,0,0 12,0,2 1,62,1 1,62,1
ADDLINE 1,59,1 1,59,1 12,0,2 1,59,1 1,59,1 1,59,1 0,0,0 1,59,1 1,59,1
ADDLINE 0,0,0 1,88,1 12,0,2 1,88,1 0,0,0 1,88,1 1,88,1 1,88,1 1,88,1
1,52,1 1,52,1 1,52,1 0,0,0 12,0,2 0,0,0 1,52,1 0,0,0 1,52,1
1,51,1 0,0,0 1,51,1 1,51,1 1,51,1 12,0,2 1,51,1 0,0,0 0,0,0
1,50,1 0,0,0 1,50,1 1,50,1 1,50,1 0,0,0 12,0,2 1,50,1 0,0,0
1,44,1 1,44,1 1,44,1 1,44,1 1,44,1 4,44,1 3,44,1 1,44,1 12,0,2
0,0,0 12,0,2 1,48,1 1,48,1 0,0,0 0,0,0 0,0,0 0,0,0 0,0,0
1,47,1 12,0,2 0,0,0 1,47,1 0,0,0 1,47,1 1,47,1 1,47,1 1,47,1
0,0,0 0,0,0 0,0,0 0,0,0 0,0,0 0,0,0 0,0,0 0,0,0 0,0,0
0,0,0 0,0,0 0,0,0 0,0,0 0,0,0 0,0,0 0,0,0 0,0,0 0,0,0
0,0,0 0,0,0 0,0,0 0,0,0 0,0,0 0,0,0 0,0,0 0,0,0 0,0,0