MODE 0
BALL 90
STARS 0/0/9300
ADDLINE 1,106,1 1,106,1 1,106,1 1,106,1 1,106,1 1,106,1 12,0,2 0,0,0 0,0,0
ADDLINE 1,214,1 1,214,1 1,214,1 1,214,1 1,214,1 12,0,2 0,0,0 8,0,2 0,0,0
ADDLINE 1,108,1 1,108,1 1,108,1 1,108,1 1,108,1 0,0,0 0,0,0 12,0,2 0,0,0
ADDLINE 1,119,1 1,119,1 1,119,1 1,119,1 0,0,0 12,0,2 0,0,0 0,0,0 0,0,0
ADDLINE 1,240,1 1,240,1 1,240,1 0,0,0 12,0,2 1,240,1 1,240,1 1,240,1 8,0,2
ADDLINE 1,131,1 1,131,1 1,131,1 12,0,2 1,131,1 1,131,1 1,131,1 1,131,1 0,0,0
ADDLINE 1,142,1 1,142,1 12,0,2 0,0,0 1,142,1 1,142,1 1,142,1 1,142,1 0,0,0
ADDLINE 1,308,1 1,308,1 1,308,1 12,0,2 1,308,1 1,308,1 1,308,1 8,0,2 0,0,0
ADDLINE 1,124,1 1,248,1 1,248,1 12,0,2 0,0,0 0,0,0 7,0,2 0,0,0 1,124,1
ADDLINE 0,0,0 0,0,0 7,0,2 1,272,1 0,0,0 1,272,1 1,272,1 1,272,1 12,0,2
ADDLINE 1,141,1 1,282,1 1,282,1 1,282,1 12,0,2 1,141,1 1,282,1 1,282,1 1,141,1
ADDLINE 0,0,0 0,0,0 12,0,2 1,160,1 0,0,0 1,160,1 1,320,1 7,0,2 0,0,0
ADDLINE 1,122,1 1,122,1 1,122,1 1,122,1 12,0,2 1,122,1 1,244,1 1,244,1 1,122,1
ADDLINE 0,0,0 0,0,0 0,0,0 0,0,0 0,0,0 12,0,2 0,0,0 1,141,1 1,141,1
ADDLINE 1,153,1 1,153,1 12,0,2 1,153,1 1,153,1 1,153,1 0,0,0 1,153,1 1,153,1
ADDLINE 1,165,1 1,165,1 12,0,2 1,165,1 1,165,1 1,165,1 0,0,0 1,165,1 1,165,1
ADDLINE 1,127,1 1,127,1 12,0,2 1,127,1 1,127,1 1,127,1 1,127,1 1,127,1 1,127,1
ADDLINE 0,0,0 0,0,0 0,0,0 1,290,1 1,290,1 1,145,1 0,0,0 0,0,0 12,0,2
ADDLINE 1,158,1 1,158,1 1,316,1 7,0,2 1,316,1 12,0,2 1,158,1 0,0,0 1,158,1
ADDLINE 1,171,1 11,0,2 0,0,0 0,0,0 1,342,1 12,0,2 1,171,1 0,0,0 1,171,1
ADDLINE 1,131,1 1,262,1 1,262,1 1,131,1 1,131,1 1,131,1 1,131,1 12,0,2 1,131,1
ADDLINE 1,300,1 1,300,1 0,0,0 1,300,1 0,0,0 12,0,2 8,0,2 0,0,0 1,300,1
ADDLINE 1,155,1 1,155,1 1,155,1 1,155,1 1,155,1 12,0,2 1,155,1 1,310,1 1,310,1
ADDLINE 1,354,1 1,354,1 1,354,1 1,354,1 1,354,1 0,0,0 1,354,1 12,0,2 10,0,2
ADDLINE 1,135,1 1,135,1 1,135,1 1,135,1 1,135,1 12,0,2 1,135,1 1,270,1 1,270,1
ADDLINE 1,155,1 1,155,1 1,155,1 1,155,1 1,155,1 0,0,0 12,0,2 0,0,0 0,0,0
ADDLINE 1,160,1 1,160,1 1,160,1 1,160,1 1,160,1 1,160,1 1,160,1 12,0,2 1,160,1
ADDLINE 1,173,1 1,173,1 1,173,1 12,0,2 1,173,1 1,173,1 1,173,1 1,173,1 1,173,1
ADDLINE 1,146,1 0,0,0 0,0,0 0,0,0 0,0,0 0,0,0 0,0,0 12,0,2 0,0,0
ADDLINE 1,152,1 1,152,1 1,152,1 1,152,1 1,152,1 12,0,2 1,152,1 1,152,1 1,152,1
ADDLINE 1,165,1 1,165,1 1,165,1 1,165,1 1,165,1 12,0,2 1,165,1 1,165,1 1,165,1
ADDLINE 1,179,1 1,179,1 1,179,1 1,179,1 1,179,1 12,0,2 1,179,1 1,179,1 1,179,1
ADDLINE 1,143,1 1,143,1 1,143,1 1,143,1 1,143,1 12,0,2 1,143,1 1,143,1 1,143,1
ADDLINE 1,157,1 1,157,1 1,157,1 1,157,1 1,157,1 12,0,2 1,157,1 1,157,1 1,157,1
ADDLINE 0,0,0 0,0,0 0,0,0 0,0,0 1,179,1 0,0,0 0,0,0 0,0,0 12,0,2
ADDLINE 1,184,1 1,184,1 1,184,1 1,184,1 1,184,1 1,184,1 1,184,1 12,0,2 1,184,1
ADDLINE 1,147,1 12,0,2 1,147,1 1,147,1 1,147,1 1,147,1 1,147,1 1,147,1 1,147,1
ADDLINE 0,0,0 0,0,0 0,0,0 8,0,2 1,338,1 0,0,0 0,0,0 12,0,2 0,0,0
ADDLINE 1,175,1 1,175,1 1,175,1 12,0,2 1,175,1 1,175,1 1,175,1 1,175,1 1,175,1
ADDLINE 0,0,0 0,0,0 1,199,1 0,0,0 12,0,2 0,0,0 1,199,1 1,199,1 1,199,1
ADDLINE 1,152,1 1,152,1 1,152,1 1,152,1 1,152,1 12,0,2 1,152,1 1,152,1 1,152,1
ADDLINE 0,0,0 0,0,0 12,0,2 0,0,0 1,174,1 0,0,0 1,174,1 1,174,1 1,174,1
ADDLINE 1,189,1 1,189,1 1,189,1 12,0,2 1,189,1 0,0,0 1,189,1 1,189,1 1,189,1
ADDLINE 1,205,1 1,205,1 1,205,1 0,0,0 1,205,1 12,0,2 0,0,0 0,0,0 0,0,0
ADDLINE 1,156,1 1,156,1 1,156,1 1,156,1 1,156,1 1,156,1 1,156,1 12,0,2 1,156,1
ADDLINE 1,224,1 1,224,1 1,224,1 1,224,1 12,0,2 1,224,1 1,224,1 1,224,1 1,224,1
ADDLINE 1,237,1 1,237,1 1,237,1 1,237,1 0,0,0 12,0,2 0,0,0 0,0,0 0,0,0
ADDLINE 1,239,1 1,239,1 1,239,1 1,239,1 1,239,1 0,0,0 0,0,0 12,0,2 0,0,0
1,95,1 1,95,1 1,95,1 12,0,2 0,0,0 0,0,0 0,0,0 1,95,1 1,95,1
1,94,1 1,94,1 1,94,1 15,0,2 12,0,2 1,94,1 0,0,0 0,0,0 0,0,0
1,186,1 1,186,1 1,186,1 8,0,2 12,0,2 1,186,1 1,186,1 1,186,1 0,0,0
1,92,1 1,92,1 1,92,1 12,0,2 1,92,1 1,92,1 1,92,1 1,92,1 0,0,0
1,91,1 1,91,1 1,91,1 0,0,0 12,0,2 0,0,0 1,91,1 1,91,1 1,91,1
1,90,1 1,90,1 1,90,1 1,90,1 12,0,2 14,0,2 1,90,1 1,90,1 0,0,0
0,0,0 0,0,0 0,0,0 0,0,0 0,0,0 0,0,0 0,0,0 0,0,0 0,0,0
0,0,0 0,0,0 0,0,0 0,0,0 0,0,0 0,0,0 0,0,0 0,0,0 0,0,0
0,0,0 0,0,0 0,0,0 0,0,0 0,0,0 0,0,0 0,0,0 0,0,0 0,0,0