MODE 0
BALL 90
STARS 0/0/9400
ADDLINE 0,0,0 0,0,0 1,106,1 0,0,0 0,0,0 0,0,0 12,0,2 0,0,0 0,0,0
ADDLINE 1,102,1 1,102,1 1,102,1 12,0,2 1,102,1 1,102,1 1,102,1 1,102,1 1,102,1
ADDLINE 1,103,1 1,103,1 1,103,1 12,0,2 1,103,1 1,103,1 1,103,1 1,103,1 1,103,1
ADDLINE 1,113,1 1,113,1 1,113,1 12,0,2 1,113,1 1,113,1 1,113,1 1,113,1 1,113,1
ADDLINE 1,114,1 1,114,1 1,114,1 12,0,2 1,114,1 1,114,1 1,114,1 1,114,1 1,114,1
ADDLINE 1,125,1 1,125,1 1,125,1 12,0,2 1,125,1 1,125,1 1,125,1 1,125,1 1,125,1
ADDLINE 1,142,1 12,0,2 1,142,1 0,0,0 1,142,1 0,0,0 0,0,0 0,0,0 0,0,0
ADDLINE 1,154,1 12,0,2 1,154,1 0,0,0 1,154,1 1,154,1 1,154,1 1,154,1 1,154,1
ADDLINE 1,124,1 0,0,0 1,124,1 0,0,0 1,124,1 0,0,0 12,0,2 0,0,0 1,124,1
ADDLINE 1,136,1 1,136,1 1,136,1 0,0,0 0,0,0 12,0,2 1,136,1 1,136,1 0,0,0
ADDLINE 1,148,1 1,148,1 1,148,1 0,0,0 1,148,1 0,0,0 12,0,2 0,0,0 0,0,0
ADDLINE 1,160,1 1,160,1 1,160,1 0,0,0 12,0,2 0,0,0 1,160,1 1,160,1 1,160,1
ADDLINE 1,128,1 1,128,1 1,128,1 1,128,1 0,0,0 1,128,1 0,0,0 12,0,2 0,0,0
ADDLINE 1,141,1 1,141,1 1,141,1 1,141,1 12,0,2 1,141,1 1,141,1 1,141,1 0,0,0
ADDLINE 1,153,1 1,153,1 0,0,0 0,0,0 12,0,2 1,153,1 0,0,0 0,0,0 0,0,0
ADDLINE 1,165,1 0,0,0 0,0,0 1,165,1 12,0,2 0,0,0 0,0,0 1,165,1 1,165,1
ADDLINE 0,0,0 0,0,0 1,133,1 12,0,2 0,0,0 1,133,1 1,133,1 1,133,1 1,133,1
ADDLINE 0,0,0 12,0,2 0,0,0 0,0,0 1,145,1 1,145,1 1,145,1 1,145,1 1,145,1
ADDLINE 1,158,1 12,0,2 0,0,0 1,158,1 0,0,0 1,158,1 1,158,1 1,158,1 1,158,1
ADDLINE 1,171,1 1,171,1 0,0,0 1,171,1 12,0,2 0,0,0 0,0,0 0,0,0 0,0,0
ADDLINE 1,137,1 1,137,1 0,0,0 12,0,2 0,0,0 0,0,0 1,137,1 1,137,1 0,0,0
ADDLINE 1,143,1 1,143,1 1,143,1 1,143,1 1,143,1 1,143,1 1,143,1 1,143,1 12,0,2
ADDLINE 1,163,1 1,163,1 1,163,1 1,163,1 0,0,0 12,0,2 1,163,1 1,163,1 0,0,0
ADDLINE 1,177,1 1,177,1 1,177,1 1,177,1 12,0,2 1,177,1 1,177,1 1,177,1 0,0,0
ADDLINE 1,142,1 1,142,1 1,142,1 1,142,1 1,142,1 12,0,2 1,142,1 1,142,1 0,0,0
ADDLINE 1,155,1 1,155,1 1,155,1 1,155,1 1,155,1 12,0,2 0,0,0 1,155,1 0,0,0
ADDLINE 1,168,1 1,168,1 1,168,1 1,168,1 1,168,1 1,168,1 12,0,2 0,0,0 0,0,0
ADDLINE 1,173,1 1,173,1 1,173,1 12,0,2 1,173,1 1,173,1 1,173,1 1,173,1 1,173,1
ADDLINE 1,146,1 1,146,1 1,146,1 0,0,0 12,0,2 0,0,0 0,0,0 0,0,0 1,146,1
ADDLINE 1,160,1 1,160,1 1,160,1 1,160,1 12,0,2 0,0,0 0,0,0 0,0,0 1,160,1
ADDLINE 1,174,1 1,174,1 1,174,1 1,174,1 0,0,0 0,0,0 0,0,0 12,0,2 0,0,0
ADDLINE 1,188,1 1,188,1 1,188,1 1,188,1 0,0,0 0,0,0 0,0,0 12,0,2 0,0,0
ADDLINE 1,150,1 1,150,1 1,150,1 1,150,1 0,0,0 12,0,2 0,0,0 0,0,0 1,150,1
ADDLINE 1,157,1 1,157,1 1,157,1 1,157,1 1,157,1 1,157,1 1,157,1 12,0,2 1,157,1
ADDLINE 1,170,1 1,170,1 1,170,1 1,170,1 1,170,1 1,170,1 1,170,1 12,0,2 1,170,1
ADDLINE 1,193,1 1,193,1 1,193,1 1,193,1 1,193,1 0,0,0 12,0,2 0,0,0 1,193,1
ADDLINE 0,0,0 1,155,1 1,155,1 1,155,1 1,155,1 12,0,2 1,155,1 1,155,1 1,155,1
ADDLINE 0,0,0 1,169,1 1,169,1 1,169,1 0,0,0 12,0,2 1,169,1 1,169,1 1,169,1
ADDLINE 0,0,0 12,0,2 0,0,0 0,0,0 0,0,0 1,184,1 1,184,1 1,184,1 1,184,1
ADDLINE 0,0,0 0,0,0 0,0,0 12,0,2 1,199,1 1,199,1 1,199,1 1,199,1 1,199,1
ADDLINE 0,0,0 1,159,1 1,159,1 0,0,0 12,0,2 0,0,0 1,159,1 0,0,0 0,0,0
ADDLINE 1,174,1 1,174,1 1,174,1 1,174,1 12,0,2 0,0,0 0,0,0 0,0,0 0,0,0
ADDLINE 1,189,1 1,189,1 0,0,0 0,0,0 0,0,0 1,189,1 12,0,2 0,0,0 1,189,1
ADDLINE 1,205,1 1,205,1 1,205,1 1,205,1 1,205,1 12,0,2 1,205,1 0,0,0 1,205,1
ADDLINE 1,164,1 1,164,1 1,164,1 0,0,0 0,0,0 12,0,2 0,0,0 0,0,0 1,164,1
ADDLINE 1,224,1 1,224,1 1,224,1 1,224,1 12,0,2 1,224,1 1,224,1 1,224,1 1,224,1
ADDLINE 1,226,1 1,226,1 1,226,1 1,226,1 12,0,2 1,226,1 1,226,1 1,226,1 1,226,1
ADDLINE 1,239,1 1,239,1 1,239,1 12,0,2 0,0,0 1,239,1 1,239,1 1,239,1 1,239,1
0,0,0 0,0,0 1,95,1 0,0,0 0,0,0 15,0,2 12,0,2 0,0,0 1,95,1
1,94,1 12,0,2 1,94,1 1,94,1 1,94,1 1,94,1 1,94,1 0,0,0 1,94,1
1,93,1 12,0,2 1,93,1 1,93,1 1,93,1 1,93,1 1,93,1 0,0,0 1,93,1
1,88,1 12,0,2 1,88,1 1,88,1 1,88,1 1,88,1 1,88,1 1,88,1 1,88,1
0,0,0 12,0,2 14,0,2 0,0,0 1,91,1 0,0,0 0,0,0 0,0,0 1,91,1
1,86,1 1,86,1 1,86,1 1,86,1 1,86,1 12,0,2 1,86,1 1,86,1 1,86,1
0,0,0 0,0,0 0,0,0 0,0,0 0,0,0 0,0,0 0,0,0 0,0,0 0,0,0
0,0,0 0,0,0 0,0,0 0,0,0 0,0,0 0,0,0 0,0,0 0,0,0 0,0,0
0,0,0 0,0,0 0,0,0 0,0,0 0,0,0 0,0,0 0,0,0 0,0,0 0,0,0