MODE 0
BALL 90
STARS 0/0/12600
ADDLINE 1,212,1 1,212,1 12,0,2 1,106,1 1,106,1 1,106,1 1,212,1 1,212,1 0,0,0
ADDLINE 19,107,1 1,214,1 12,0,2 1,214,1 1,214,1 1,214,1 1,214,1 1,214,1 0,0,0
ADDLINE 1,216,1 1,216,1 12,0,2 1,108,1 1,216,1 17,108,1 1,216,1 1,108,1 0,0,0
ADDLINE 1,119,1 1,119,1 0,0,0 0,0,0 0,0,0 1,238,1 12,0,2 1,119,1 0,0,0
ADDLINE 1,114,1 1,114,1 12,0,2 1,114,1 1,114,1 1,114,1 1,114,1 1,114,1 1,114,1
ADDLINE 0,0,0 0,0,0 0,0,0 1,262,1 1,262,1 1,131,1 12,0,2 1,131,1 1,131,1
ADDLINE 1,142,1 1,142,1 12,0,2 17,142,1 1,284,1 1,142,1 0,0,0 1,142,1 1,142,1
ADDLINE 0,0,0 1,154,1 12,0,2 1,308,1 1,308,1 1,154,1 0,0,0 1,154,1 1,154,1
ADDLINE 1,124,1 1,124,1 12,0,2 1,124,1 1,124,1 1,124,1 0,0,0 1,124,1 1,124,1
ADDLINE 1,136,1 1,136,1 12,0,2 1,136,1 1,136,1 1,136,1 0,0,0 1,272,1 1,272,1
ADDLINE 1,148,1 0,0,0 12,0,2 1,148,1 1,148,1 1,148,1 0,0,0 1,296,1 17,148,1
ADDLINE 1,160,1 12,0,2 1,160,1 1,160,1 1,160,1 1,160,1 0,0,0 1,320,1 1,320,1
ADDLINE 0,0,0 0,0,0 1,128,1 1,128,1 1,128,1 1,128,1 12,0,2 1,128,1 1,128,1
ADDLINE 0,0,0 1,282,1 1,282,1 12,0,2 1,282,1 1,282,1 1,282,1 1,282,1 16,141,1
ADDLINE 1,153,1 1,153,1 0,0,0 12,0,2 0,0,0 0,0,0 1,306,1 20,153,1 1,153,1
ADDLINE 1,165,1 1,165,1 0,0,0 1,165,1 1,165,1 0,0,0 12,0,2 1,330,1 0,0,0
ADDLINE 0,0,0 12,0,2 0,0,0 1,266,1 1,266,1 1,266,1 1,133,1 1,133,1 0,0,0
ADDLINE 0,0,0 1,145,1 1,145,1 1,290,1 17,145,1 1,290,1 1,145,1 1,145,1 12,0,2
ADDLINE 1,151,1 1,151,1 1,151,1 12,0,2 1,302,1 1,302,1 1,151,1 1,151,1 1,151,1
ADDLINE 1,342,1 1,342,1 1,342,1 12,0,2 19,171,1 1,342,1 1,342,1 1,342,1 1,342,1
ADDLINE 1,137,1 1,137,1 1,137,1 12,0,2 1,274,1 0,0,0 0,0,0 0,0,0 0,0,0
ADDLINE 1,150,1 1,150,1 1,150,1 1,150,1 1,150,1 1,150,1 12,0,2 0,0,0 0,0,0
ADDLINE 1,155,1 1,155,1 1,155,1 1,155,1 1,155,1 1,155,1 12,0,2 1,155,1 1,155,1
ADDLINE 0,0,0 0,0,0 0,0,0 0,0,0 12,0,2 0,0,0 0,0,0 1,177,1 1,177,1
ADDLINE 12,0,2 1,135,1 1,135,1 1,135,1 1,135,1 1,135,1 1,135,1 1,135,1 1,135,1
ADDLINE 0,0,0 12,0,2 0,0,0 1,155,1 1,155,1 1,155,1 1,155,1 1,155,1 1,155,1
ADDLINE 0,0,0 12,0,2 0,0,0 1,168,1 1,168,1 1,168,1 1,168,1 1,168,1 1,168,1
ADDLINE 1,173,1 1,173,1 1,346,1 1,346,1 1,346,1 1,173,1 1,173,1 1,173,1 12,0,2
ADDLINE 1,146,1 1,146,1 1,292,1 17,146,1 1,292,1 12,0,2 0,0,0 0,0,0 0,0,0
ADDLINE 1,160,1 1,160,1 1,320,1 1,320,1 12,0,2 0,0,0 1,160,1 1,160,1 1,160,1
ADDLINE 1,174,1 1,174,1 1,174,1 12,0,2 0,0,0 1,174,1 1,174,1 1,174,1 1,174,1
ADDLINE 1,188,1 1,188,1 1,188,1 0,0,0 0,0,0 0,0,0 12,0,2 0,0,0 1,188,1
ADDLINE 1,150,1 1,150,1 1,150,1 1,150,1 1,150,1 1,150,1 12,0,2 0,0,0 1,150,1
ADDLINE 1,330,1 1,330,1 1,165,1 1,165,1 1,165,1 1,165,1 0,0,0 12,0,2 0,0,0
ADDLINE 17,179,1 1,358,1 1,179,1 1,179,1 1,179,1 0,0,0 0,0,0 12,0,2 0,0,0
ADDLINE 1,386,1 1,386,1 0,0,0 0,0,0 12,0,2 0,0,0 1,193,1 1,193,1 1,193,1
ADDLINE 1,155,1 20,155,1 1,310,1 1,155,1 12,0,2 1,155,1 1,155,1 1,155,1 1,155,1
ADDLINE 1,169,1 1,338,1 1,338,1 1,169,1 0,0,0 12,0,2 0,0,0 1,169,1 1,169,1
ADDLINE 1,175,1 1,175,1 1,175,1 1,175,1 1,175,1 1,175,1 12,0,2 1,175,1 1,175,1
ADDLINE 1,398,1 1,398,1 1,199,1 1,199,1 1,199,1 1,199,1 0,0,0 12,0,2 0,0,0
ADDLINE 20,159,1 1,318,1 0,0,0 0,0,0 0,0,0 1,318,1 12,0,2 1,318,1 0,0,0
ADDLINE 0,0,0 12,0,2 1,348,1 1,348,1 1,348,1 1,348,1 19,174,1 1,348,1 1,348,1
ADDLINE 0,0,0 0,0,0 0,0,0 0,0,0 12,0,2 0,0,0 1,378,1 1,378,1 17,189,1
ADDLINE 1,205,1 1,205,1 1,205,1 1,205,1 1,205,1 1,205,1 12,0,2 0,0,0 1,410,1
ADDLINE 1,164,1 1,164,1 1,328,1 1,328,1 0,0,0 0,0,0 12,0,2 0,0,0 0,0,0
ADDLINE 1,236,1 1,236,1 1,472,1 20,236,1 1,472,1 1,236,1 12,0,2 1,236,1 1,236,1
ADDLINE 1,237,1 1,237,1 1,474,1 1,474,1 12,0,2 0,0,0 0,0,0 1,237,1 1,237,1
ADDLINE 1,239,1 1,239,1 1,239,1 1,239,1 0,0,0 12,0,2 0,0,0 1,239,1 1,239,1
1,95,1 1,95,1 1,95,1 1,95,1 1,95,1 12,0,2 1,190,1 9,0,2 1,95,1
1,90,1 1,90,1 1,90,1 1,90,1 1,90,1 12,0,2 1,180,1 1,180,1 1,90,1
1,89,1 1,89,1 1,89,1 1,89,1 1,89,1 12,0,2 1,89,1 1,89,1 1,89,1
0,0,0 0,0,0 0,0,0 12,0,2 0,0,0 0,0,0 0,0,0 15,0,2 1,92,1
1,87,1 1,87,1 1,87,1 12,0,2 1,87,1 1,87,1 1,87,1 1,87,1 1,87,1
1,90,1 1,90,1 1,90,1 14,0,2 1,90,1 12,0,2 0,0,0 0,0,0 1,90,1
0,0,0 0,0,0 0,0,0 0,0,0 0,0,0 0,0,0 0,0,0 0,0,0 0,0,0
0,0,0 0,0,0 0,0,0 0,0,0 0,0,0 0,0,0 0,0,0 0,0,0 0,0,0
0,0,0 0,0,0 0,0,0 0,0,0 0,0,0 0,0,0 0,0,0 0,0,0 0,0,0