MODE 0
BALL 103
STARS 0/0/0
ADDLINE 1,101,1 1,101,1 5,101,1 1,101,1 1,101,1 1,101,1 12,0,2 1,101,1 4,101,1
ADDLINE 1,102,1 2,102,1 1,102,1 1,102,1 1,102,1 5,102,1 12,0,2 1,102,1 4,102,1
ADDLINE 1,103,1 1,103,1 1,103,1 1,103,1 2,103,1 1,103,1 12,0,2 1,103,1 1,103,1
ADDLINE 1,119,1 1,119,1 1,119,1 1,119,1 1,119,1 12,0,2 0,0,0 1,119,1 1,119,1
ADDLINE 1,120,1 5,120,1 2,120,1 1,120,1 3,120,1 12,0,2 0,0,0 0,0,0 0,0,0
ADDLINE 1,131,1 0,0,0 12,0,2 0,0,0 0,0,0 0,0,0 0,0,0 0,0,0 0,0,0
ADDLINE 0,0,0 12,0,2 1,142,1 1,142,1 1,142,1 3,142,1 1,142,1 1,142,1 1,142,1
ADDLINE 0,0,0 0,0,0 0,0,0 0,0,0 12,0,2 1,154,1 1,154,1 1,154,1 1,154,1
ADDLINE 1,124,1 4,124,1 1,124,1 2,124,1 12,0,2 0,0,0 1,124,1 4,124,1 1,124,1
ADDLINE 0,0,0 1,136,1 1,136,1 1,136,1 12,0,2 1,136,1 3,136,1 1,136,1 1,136,1
ADDLINE 0,0,0 1,148,1 0,0,0 12,0,2 0,0,0 1,148,1 1,148,1 5,148,1 1,148,1
ADDLINE 12,0,2 1,152,1 2,152,1 1,152,1 2,152,1 1,152,1 1,152,1 3,152,1 1,152,1
ADDLINE 12,0,2 1,122,1 2,122,1 1,122,1 1,122,1 1,122,1 1,122,1 1,122,1 1,122,1
ADDLINE 0,0,0 0,0,0 12,0,2 0,0,0 1,141,1 0,0,0 0,0,0 0,0,0 0,0,0
ADDLINE 1,146,1 3,146,1 1,146,1 1,146,1 5,146,1 12,0,2 1,146,1 3,146,1 1,146,1
ADDLINE 1,165,1 0,0,0 0,0,0 0,0,0 12,0,2 0,0,0 1,165,1 0,0,0 0,0,0
ADDLINE 1,127,1 12,0,2 1,127,1 3,127,1 1,127,1 2,127,1 1,127,1 1,127,1 5,127,1
ADDLINE 1,145,1 12,0,2 1,145,1 0,0,0 0,0,0 0,0,0 0,0,0 0,0,0 0,0,0
ADDLINE 5,158,1 1,158,1 1,158,1 12,0,2 1,158,1 4,158,1 1,158,1 0,0,0 1,158,1
ADDLINE 1,171,1 1,171,1 1,171,1 0,0,0 2,171,1 0,0,0 12,0,2 0,0,0 1,171,1
ADDLINE 1,131,1 5,131,1 1,131,1 1,131,1 1,131,1 12,0,2 4,131,1 1,131,1 1,131,1
ADDLINE 1,150,1 0,0,0 0,0,0 12,0,2 1,150,1 0,0,0 1,150,1 1,150,1 1,150,1
ADDLINE 5,155,1 1,155,1 5,155,1 1,155,1 2,155,1 12,0,2 3,155,1 1,155,1 1,155,1
ADDLINE 0,0,0 1,177,1 0,0,0 12,0,2 1,177,1 1,177,1 0,0,0 1,177,1 0,0,0
ADDLINE 1,142,1 1,142,1 1,142,1 1,142,1 1,142,1 12,0,2 5,142,1 0,0,0 1,142,1
ADDLINE 1,155,1 1,155,1 1,155,1 4,155,1 2,155,1 12,0,2 1,155,1 0,0,0 1,155,1
ADDLINE 1,160,1 2,160,1 5,160,1 4,160,1 1,160,1 1,160,1 1,160,1 12,0,2 1,160,1
ADDLINE 1,182,1 1,182,1 1,182,1 12,0,2 1,182,1 1,182,1 4,182,1 0,0,0 1,182,1
ADDLINE 1,146,1 2,146,1 1,146,1 0,0,0 12,0,2 0,0,0 0,0,0 0,0,0 0,0,0
ADDLINE 1,160,1 5,160,1 1,160,1 12,0,2 1,160,1 0,0,0 1,160,1 2,160,1 1,160,1
ADDLINE 2,174,1 1,174,1 1,174,1 12,0,2 1,174,1 0,0,0 1,174,1 5,174,1 1,174,1
ADDLINE 1,179,1 1,179,1 2,179,1 12,0,2 1,179,1 1,179,1 1,179,1 1,179,1 4,179,1
ADDLINE 0,0,0 0,0,0 0,0,0 0,0,0 4,150,1 12,0,2 1,150,1 1,150,1 1,150,1
ADDLINE 1,157,1 1,157,1 1,157,1 2,157,1 1,157,1 12,0,2 3,157,1 1,157,1 2,157,1
ADDLINE 0,0,0 0,0,0 1,179,1 1,179,1 5,179,1 1,179,1 1,179,1 12,0,2 3,179,1
ADDLINE 1,184,1 1,184,1 1,184,1 1,184,1 1,184,1 12,0,2 1,184,1 1,184,1 5,184,1
ADDLINE 0,0,0 0,0,0 1,155,1 12,0,2 5,155,1 1,155,1 1,155,1 2,155,1 1,155,1
ADDLINE 12,0,2 1,161,1 1,161,1 1,161,1 1,161,1 1,161,1 2,161,1 1,161,1 3,161,1
ADDLINE 0,0,0 0,0,0 0,0,0 0,0,0 0,0,0 0,0,0 12,0,2 0,0,0 1,184,1
ADDLINE 1,189,1 1,189,1 1,189,1 12,0,2 1,189,1 1,189,1 1,189,1 5,189,1 1,189,1
ADDLINE 4,159,1 1,159,1 4,159,1 0,0,0 1,159,1 0,0,0 0,0,0 12,0,2 0,0,0
ADDLINE 1,174,1 1,174,1 3,174,1 12,0,2 1,174,1 3,174,1 1,174,1 0,0,0 1,174,1
ADDLINE 1,189,1 5,189,1 4,189,1 0,0,0 0,0,0 12,0,2 2,189,1 0,0,0 1,189,1
ADDLINE 1,205,1 1,205,1 1,205,1 12,0,2 1,205,1 1,205,1 1,205,1 0,0,0 1,205,1
ADDLINE 4,164,1 0,0,0 0,0,0 12,0,2 1,164,1 1,164,1 1,164,1 0,0,0 1,164,1
ADDLINE 1,170,1 1,170,1 1,170,1 1,170,1 1,170,1 3,170,1 3,170,1 1,170,1 12,0,2
ADDLINE 4,194,1 4,194,1 1,194,1 1,194,1 1,194,1 1,194,1 1,194,1 12,0,2 0,0,0
ADDLINE 1,210,1 1,210,1 1,210,1 2,210,1 1,210,1 2,210,1 1,210,1 12,0,2 0,0,0
ADDLINE 1,229,1 3,229,1 1,229,1 1,229,1 2,229,1 1,229,1 1,229,1 1,229,1 12,0,2
ADDLINE 1,242,1 1,242,1 1,242,1 4,242,1 12,0,2 0,0,0 0,0,0 0,0,0 0,0,0
ADDLINE 0,0,0 12,0,2 0,0,0 0,0,0 0,0,0 1,244,1 1,244,1 3,244,1 1,244,1
3,95,1 1,95,1 1,95,1 12,0,2 15,0,2 0,0,0 4,95,1 1,95,1 1,95,1
1,94,1 1,94,1 1,94,1 12,0,2 1,94,1 5,94,1 0,0,0 1,94,1 1,94,1
5,93,1 1,93,1 1,93,1 1,93,1 12,0,2 1,93,1 0,0,0 1,93,1 3,93,1
4,92,1 1,92,1 1,92,1 1,92,1 0,0,0 1,92,1 12,0,2 0,0,0 0,0,0
1,91,1 1,91,1 12,0,2 0,0,0 0,0,0 3,91,1 1,91,1 0,0,0 0,0,0
4,90,1 12,0,2 14,0,2 1,90,1 2,90,1 1,90,1 1,90,1 0,0,0 1,90,1
0,0,0 0,0,0 0,0,0 0,0,0 0,0,0 0,0,0 0,0,0 0,0,0 0,0,0
0,0,0 0,0,0 0,0,0 0,0,0 0,0,0 0,0,0 0,0,0 0,0,0 0,0,0
0,0,0 0,0,0 0,0,0 0,0,0 0,0,0 0,0,0 0,0,0 0,0,0 0,0,0