MODE 0
BALL 103
STARS 0/0/10200
ADDLINE 1,101,1 1,101,1 1,101,1 1,101,1 1,101,1 12,0,2 1,101,1 1,101,1 1,101,1
ADDLINE 1,102,1 1,102,1 3,102,1 1,102,1 1,102,1 12,0,2 5,102,1 1,102,1 1,102,1
ADDLINE 1,103,1 4,103,1 1,103,1 4,103,1 3,103,1 12,0,2 5,103,1 1,103,1 1,103,1
ADDLINE 1,119,1 1,119,1 1,119,1 1,119,1 1,119,1 0,0,0 12,0,2 0,0,0 1,119,1
ADDLINE 2,114,1 1,114,1 3,114,1 5,114,1 1,114,1 12,0,2 1,114,1 1,114,1 1,114,1
ADDLINE 1,131,1 12,0,2 0,0,0 0,0,0 0,0,0 0,0,0 0,0,0 0,0,0 5,131,1
ADDLINE 1,136,1 1,136,1 1,136,1 1,136,1 1,136,1 1,136,1 1,136,1 12,0,2 5,136,1
ADDLINE 0,0,0 0,0,0 0,0,0 12,0,2 1,154,1 2,154,1 1,154,1 0,0,0 0,0,0
ADDLINE 5,124,1 1,124,1 1,124,1 12,0,2 1,124,1 1,124,1 1,124,1 0,0,0 3,124,1
ADDLINE 1,136,1 12,0,2 0,0,0 1,136,1 1,136,1 1,136,1 0,0,0 1,136,1 1,136,1
ADDLINE 4,148,1 12,0,2 0,0,0 1,148,1 1,148,1 1,148,1 0,0,0 0,0,0 0,0,0
ADDLINE 3,160,1 1,160,1 2,160,1 1,160,1 1,160,1 12,0,2 1,160,1 3,160,1 0,0,0
ADDLINE 1,128,1 1,128,1 1,128,1 0,0,0 0,0,0 0,0,0 1,128,1 12,0,2 0,0,0
ADDLINE 4,141,1 0,0,0 1,141,1 1,141,1 1,141,1 12,0,2 0,0,0 1,141,1 1,141,1
ADDLINE 1,153,1 12,0,2 0,0,0 1,153,1 2,153,1 0,0,0 5,153,1 1,153,1 5,153,1
ADDLINE 1,165,1 1,165,1 12,0,2 0,0,0 0,0,0 0,0,0 2,165,1 5,165,1 1,165,1
ADDLINE 0,0,0 12,0,2 0,0,0 1,133,1 0,0,0 1,133,1 1,133,1 1,133,1 1,133,1
ADDLINE 0,0,0 1,145,1 3,145,1 12,0,2 0,0,0 1,145,1 1,145,1 3,145,1 1,145,1
ADDLINE 1,158,1 1,158,1 5,158,1 1,158,1 2,158,1 12,0,2 1,158,1 0,0,0 0,0,0
ADDLINE 5,171,1 4,171,1 1,171,1 1,171,1 1,171,1 12,0,2 0,0,0 0,0,0 0,0,0
ADDLINE 1,137,1 1,137,1 1,137,1 1,137,1 1,137,1 1,137,1 1,137,1 12,0,2 0,0,0
ADDLINE 3,150,1 1,150,1 1,150,1 2,150,1 1,150,1 1,150,1 12,0,2 0,0,0 0,0,0
ADDLINE 1,163,1 1,163,1 1,163,1 1,163,1 1,163,1 12,0,2 0,0,0 4,163,1 0,0,0
ADDLINE 4,177,1 1,177,1 0,0,0 12,0,2 0,0,0 0,0,0 0,0,0 0,0,0 0,0,0
ADDLINE 0,0,0 1,142,1 12,0,2 4,142,1 1,142,1 1,142,1 1,142,1 2,142,1 1,142,1
ADDLINE 0,0,0 1,155,1 0,0,0 12,0,2 1,155,1 1,155,1 1,155,1 1,155,1 1,155,1
ADDLINE 0,0,0 0,0,0 0,0,0 12,0,2 1,168,1 5,168,1 1,168,1 4,168,1 1,168,1
ADDLINE 0,0,0 12,0,2 1,182,1 4,182,1 1,182,1 1,182,1 2,182,1 3,182,1 1,182,1
ADDLINE 0,0,0 12,0,2 1,146,1 4,146,1 1,146,1 1,146,1 1,146,1 1,146,1 1,146,1
ADDLINE 0,0,0 12,0,2 1,160,1 3,160,1 1,160,1 1,160,1 1,160,1 1,160,1 1,160,1
ADDLINE 0,0,0 0,0,0 0,0,0 12,0,2 5,174,1 1,174,1 1,174,1 1,174,1 1,174,1
ADDLINE 0,0,0 0,0,0 0,0,0 12,0,2 0,0,0 1,188,1 4,188,1 1,188,1 1,188,1
ADDLINE 1,150,1 1,150,1 12,0,2 0,0,0 0,0,0 1,150,1 3,150,1 3,150,1 1,150,1
ADDLINE 1,165,1 1,165,1 0,0,0 0,0,0 12,0,2 5,165,1 1,165,1 1,165,1 0,0,0
ADDLINE 1,179,1 1,179,1 12,0,2 1,179,1 2,179,1 1,179,1 0,0,0 0,0,0 0,0,0
ADDLINE 2,193,1 0,0,0 12,0,2 1,193,1 3,193,1 0,0,0 0,0,0 1,193,1 1,193,1
ADDLINE 1,155,1 0,0,0 0,0,0 1,155,1 3,155,1 5,155,1 2,155,1 12,0,2 0,0,0
ADDLINE 1,169,1 1,169,1 0,0,0 12,0,2 0,0,0 0,0,0 0,0,0 0,0,0 1,169,1
ADDLINE 1,184,1 1,184,1 1,184,1 12,0,2 0,0,0 0,0,0 1,184,1 5,184,1 1,184,1
ADDLINE 0,0,0 12,0,2 0,0,0 0,0,0 3,199,1 1,199,1 1,199,1 1,199,1 0,0,0
ADDLINE 1,159,1 3,159,1 1,159,1 0,0,0 12,0,2 1,159,1 1,159,1 0,0,0 0,0,0
ADDLINE 1,174,1 1,174,1 4,174,1 1,174,1 0,0,0 0,0,0 12,0,2 0,0,0 2,174,1
ADDLINE 0,0,0 1,189,1 5,189,1 1,189,1 1,189,1 1,189,1 12,0,2 1,189,1 1,189,1
ADDLINE 0,0,0 5,205,1 1,205,1 1,205,1 1,205,1 1,205,1 12,0,2 1,205,1 1,205,1
ADDLINE 0,0,0 0,0,0 1,164,1 3,164,1 1,164,1 2,164,1 12,0,2 0,0,0 0,0,0
ADDLINE 1,170,1 12,0,2 1,170,1 1,170,1 1,170,1 3,170,1 1,170,1 2,170,1 1,170,1
ADDLINE 1,194,1 0,0,0 0,0,0 0,0,0 12,0,2 0,0,0 0,0,0 0,0,0 0,0,0
ADDLINE 1,210,1 2,210,1 5,210,1 1,210,1 1,210,1 1,210,1 1,210,1 12,0,2 0,0,0
ADDLINE 1,241,1 1,241,1 1,241,1 1,241,1 2,241,1 1,241,1 12,0,2 0,0,0 1,241,1
ADDLINE 5,230,1 1,230,1 1,230,1 2,230,1 1,230,1 1,230,1 12,0,2 1,230,1 5,230,1
ADDLINE 1,244,1 1,244,1 4,244,1 1,244,1 1,244,1 12,0,2 0,0,0 4,244,1 1,244,1
1,95,1 12,0,2 1,95,1 2,95,1 1,95,1 1,95,1 1,95,1 0,0,0 1,95,1
3,90,1 12,0,2 1,90,1 5,90,1 2,90,1 1,90,1 1,90,1 1,90,1 1,90,1
1,93,1 12,0,2 1,93,1 1,93,1 1,93,1 3,93,1 5,93,1 0,0,0 1,93,1
5,92,1 12,0,2 2,92,1 1,92,1 1,92,1 3,92,1 1,92,1 14,0,2 1,92,1
0,0,0 15,0,2 0,0,0 0,0,0 0,0,0 0,0,0 12,0,2 0,0,0 1,91,1
1,86,1 1,86,1 1,86,1 1,86,1 1,86,1 12,0,2 1,86,1 1,86,1 3,86,1
0,0,0 0,0,0 0,0,0 0,0,0 0,0,0 0,0,0 0,0,0 0,0,0 0,0,0
0,0,0 0,0,0 0,0,0 0,0,0 0,0,0 0,0,0 0,0,0 0,0,0 0,0,0
0,0,0 0,0,0 0,0,0 0,0,0 0,0,0 0,0,0 0,0,0 0,0,0 0,0,0