MODE 0
BALL 103
STARS 0/0/13500
ADDLINE 1,101,1 1,101,1 1,101,1 12,0,2 3,101,1 4,101,1 1,202,1 1,202,1 4,101,1
ADDLINE 1,107,1 0,0,0 12,0,2 0,0,0 1,107,1 1,107,1 1,107,1 1,107,1 1,107,1
ADDLINE 0,0,0 12,0,2 5,108,1 1,108,1 1,216,1 1,216,1 1,216,1 1,108,1 1,108,1
ADDLINE 12,0,2 1,119,1 3,119,1 1,119,1 1,238,1 20,119,1 1,238,1 5,119,1 1,119,1
ADDLINE 0,0,0 8,0,2 12,0,2 0,0,0 0,0,0 1,240,1 1,240,1 1,240,1 1,240,1
ADDLINE 1,131,1 1,262,1 1,262,1 1,262,1 1,131,1 12,0,2 0,0,0 0,0,0 0,0,0
ADDLINE 1,284,1 1,284,1 20,142,1 0,0,0 0,0,0 12,0,2 0,0,0 0,0,0 0,0,0
ADDLINE 17,154,1 1,308,1 1,308,1 12,0,2 1,154,1 1,154,1 1,154,1 1,154,1 1,154,1
ADDLINE 1,248,1 1,248,1 12,0,2 0,0,0 3,124,1 1,124,1 1,124,1 5,124,1 1,124,1
ADDLINE 1,129,1 12,0,2 1,258,1 1,258,1 1,129,1 1,129,1 3,129,1 1,258,1 1,258,1
ADDLINE 4,148,1 12,0,2 7,0,2 0,0,0 0,0,0 0,0,0 1,148,1 1,296,1 17,148,1
ADDLINE 1,152,1 1,304,1 1,304,1 1,304,1 1,152,1 12,0,2 1,152,1 1,304,1 1,304,1
ADDLINE 0,0,0 0,0,0 0,0,0 12,0,2 1,256,1 0,0,0 0,0,0 8,0,2 1,256,1
ADDLINE 1,141,1 4,141,1 1,141,1 12,0,2 1,141,1 1,141,1 2,141,1 0,0,0 1,141,1
ADDLINE 1,153,1 3,153,1 1,153,1 0,0,0 1,153,1 0,0,0 12,0,2 0,0,0 1,153,1
ADDLINE 1,157,1 1,157,1 1,157,1 12,0,2 1,157,1 1,157,1 1,157,1 2,157,1 3,157,1
ADDLINE 1,133,1 4,133,1 4,133,1 0,0,0 1,133,1 0,0,0 0,0,0 12,0,2 0,0,0
ADDLINE 1,138,1 1,138,1 1,138,1 12,0,2 1,138,1 1,138,1 1,138,1 1,138,1 2,138,1
ADDLINE 1,158,1 12,0,2 1,316,1 1,316,1 1,158,1 1,158,1 1,158,1 0,0,0 1,158,1
ADDLINE 1,171,1 12,0,2 17,171,1 1,342,1 5,171,1 2,171,1 1,171,1 0,0,0 1,171,1
ADDLINE 0,0,0 0,0,0 1,274,1 1,274,1 0,0,0 0,0,0 4,137,1 12,0,2 1,137,1
ADDLINE 5,143,1 12,0,2 3,143,1 1,286,1 1,286,1 1,286,1 1,143,1 1,143,1 1,143,1
ADDLINE 0,0,0 0,0,0 12,0,2 0,0,0 17,163,1 1,326,1 1,163,1 1,163,1 1,163,1
ADDLINE 1,177,1 20,177,1 1,354,1 12,0,2 1,354,1 1,354,1 1,354,1 1,354,1 1,177,1
ADDLINE 1,284,1 7,0,2 1,284,1 12,0,2 1,142,1 1,142,1 1,284,1 17,142,1 1,142,1
ADDLINE 20,155,1 1,310,1 1,310,1 12,0,2 1,155,1 2,155,1 1,310,1 1,310,1 1,155,1
ADDLINE 1,336,1 1,336,1 1,168,1 0,0,0 5,168,1 12,0,2 0,0,0 0,0,0 1,168,1
ADDLINE 0,0,0 1,182,1 2,182,1 1,182,1 12,0,2 1,182,1 0,0,0 1,182,1 0,0,0
ADDLINE 1,292,1 1,292,1 1,146,1 1,146,1 0,0,0 1,146,1 12,0,2 5,146,1 0,0,0
ADDLINE 20,160,1 1,320,1 1,160,1 1,320,1 0,0,0 1,320,1 12,0,2 3,160,1 0,0,0
ADDLINE 0,0,0 1,348,1 2,174,1 1,348,1 7,0,2 20,174,1 12,0,2 3,174,1 0,0,0
ADDLINE 0,0,0 1,188,1 1,188,1 1,376,1 12,0,2 1,376,1 1,376,1 1,376,1 1,188,1
ADDLINE 1,150,1 12,0,2 1,150,1 0,0,0 1,150,1 1,150,1 1,300,1 7,0,2 1,150,1
ADDLINE 1,157,1 1,157,1 12,0,2 1,157,1 1,157,1 1,157,1 1,314,1 1,314,1 1,157,1
ADDLINE 2,179,1 1,179,1 12,0,2 1,179,1 3,179,1 1,179,1 1,179,1 5,179,1 0,0,0
ADDLINE 5,193,1 1,193,1 12,0,2 1,193,1 1,193,1 2,193,1 1,193,1 1,193,1 0,0,0
ADDLINE 16,155,1 1,310,1 1,310,1 12,0,2 1,310,1 1,310,1 1,310,1 1,310,1 1,310,1
ADDLINE 2,169,1 1,338,1 17,169,1 0,0,0 12,0,2 0,0,0 1,169,1 0,0,0 1,169,1
ADDLINE 1,175,1 1,350,1 1,350,1 1,350,1 4,175,1 1,175,1 1,175,1 12,0,2 1,175,1
ADDLINE 0,0,0 0,0,0 0,0,0 0,0,0 0,0,0 11,0,2 0,0,0 12,0,2 1,199,1
ADDLINE 1,152,1 1,304,1 1,304,1 3,152,1 1,304,1 1,304,1 1,304,1 12,0,2 1,152,1
ADDLINE 0,0,0 10,0,2 1,348,1 1,348,1 1,348,1 1,348,1 1,348,1 12,0,2 1,348,1
ADDLINE 1,180,1 1,360,1 1,360,1 1,180,1 1,180,1 1,360,1 1,360,1 12,0,2 1,180,1
ADDLINE 1,410,1 0,0,0 0,0,0 0,0,0 0,0,0 1,410,1 20,205,1 12,0,2 8,0,2
ADDLINE 5,164,1 12,0,2 1,164,1 1,164,1 1,164,1 0,0,0 1,328,1 1,328,1 2,164,1
ADDLINE 1,170,1 1,170,1 1,170,1 1,170,1 12,0,2 1,170,1 1,170,1 1,170,1 1,170,1
ADDLINE 1,194,1 1,194,1 1,194,1 2,194,1 0,0,0 0,0,0 12,0,2 0,0,0 0,0,0
ADDLINE 1,210,1 5,210,1 1,210,1 1,210,1 4,210,1 2,210,1 0,0,0 12,0,2 0,0,0
ADDLINE 2,229,1 1,229,1 1,229,1 1,229,1 1,229,1 4,229,1 12,0,2 1,229,1 1,229,1
ADDLINE 1,230,1 1,230,1 1,230,1 1,230,1 5,230,1 4,230,1 12,0,2 1,230,1 5,230,1
ADDLINE 1,244,1 0,0,0 0,0,0 0,0,0 0,0,0 12,0,2 0,0,0 1,244,1 1,244,1
0,0,0 0,0,0 12,0,2 4,95,1 1,95,1 1,95,1 1,190,1 7,0,2 1,95,1
0,0,0 1,94,1 1,94,1 12,0,2 1,94,1 2,94,1 1,188,1 1,188,1 1,94,1
1,93,1 15,0,2 5,93,1 1,93,1 0,0,0 12,0,2 0,0,0 1,186,1 1,93,1
1,184,1 12,0,2 1,184,1 1,184,1 1,184,1 1,184,1 1,184,1 10,0,2 1,184,1
1,182,1 12,0,2 8,0,2 0,0,0 1,182,1 14,0,2 1,182,1 1,182,1 1,182,1
8,0,2 1,180,1 12,0,2 1,180,1 1,180,1 0,0,0 1,180,1 1,180,1 1,180,1
0,0,0 0,0,0 0,0,0 0,0,0 0,0,0 0,0,0 0,0,0 0,0,0 0,0,0
0,0,0 0,0,0 0,0,0 0,0,0 0,0,0 0,0,0 0,0,0 0,0,0 0,0,0
0,0,0 0,0,0 0,0,0 0,0,0 0,0,0 0,0,0 0,0,0 0,0,0 0,0,0