MODE 0
BALL 103
STARS 0/0/10000
ADDLINE 0,0,0 0,0,0 12,0,2 1,106,1 2,106,1 0,0,0 1,106,1 0,0,0 0,0,0
ADDLINE 1,102,1 12,0,2 3,102,1 1,102,1 1,102,1 1,102,1 1,102,1 1,102,1 1,102,1
ADDLINE 1,108,1 0,0,0 0,0,0 1,108,1 12,0,2 0,0,0 5,108,1 1,108,1 5,108,1
ADDLINE 1,119,1 2,119,1 1,119,1 1,119,1 1,119,1 12,0,2 1,119,1 0,0,0 4,119,1
ADDLINE 5,120,1 1,120,1 1,120,1 1,120,1 2,120,1 12,0,2 1,120,1 0,0,0 5,120,1
ADDLINE 1,125,1 1,125,1 1,125,1 4,125,1 1,125,1 12,0,2 1,125,1 1,125,1 1,125,1
ADDLINE 1,142,1 1,142,1 1,142,1 5,142,1 3,142,1 12,0,2 0,0,0 0,0,0 0,0,0
ADDLINE 4,147,1 1,147,1 1,147,1 1,147,1 1,147,1 12,0,2 1,147,1 1,147,1 1,147,1
ADDLINE 1,124,1 0,0,0 0,0,0 0,0,0 3,124,1 12,0,2 1,124,1 0,0,0 1,124,1
ADDLINE 1,136,1 1,136,1 0,0,0 12,0,2 0,0,0 0,0,0 0,0,0 0,0,0 0,0,0
ADDLINE 1,148,1 4,148,1 12,0,2 1,148,1 1,148,1 1,148,1 1,148,1 1,148,1 0,0,0
ADDLINE 1,160,1 2,160,1 12,0,2 1,160,1 0,0,0 0,0,0 5,160,1 5,160,1 0,0,0
ADDLINE 1,128,1 1,128,1 0,0,0 0,0,0 1,128,1 1,128,1 12,0,2 0,0,0 3,128,1
ADDLINE 0,0,0 0,0,0 12,0,2 0,0,0 1,141,1 1,141,1 1,141,1 5,141,1 0,0,0
ADDLINE 1,153,1 2,153,1 1,153,1 12,0,2 0,0,0 0,0,0 0,0,0 0,0,0 0,0,0
ADDLINE 1,165,1 5,165,1 1,165,1 1,165,1 1,165,1 1,165,1 12,0,2 1,165,1 0,0,0
ADDLINE 1,133,1 1,133,1 1,133,1 1,133,1 1,133,1 1,133,1 12,0,2 1,133,1 0,0,0
ADDLINE 3,145,1 1,145,1 3,145,1 1,145,1 2,145,1 5,145,1 12,0,2 0,0,0 0,0,0
ADDLINE 1,151,1 12,0,2 4,151,1 1,151,1 1,151,1 1,151,1 2,151,1 4,151,1 1,151,1
ADDLINE 1,171,1 0,0,0 12,0,2 0,0,0 1,171,1 1,171,1 2,171,1 1,171,1 3,171,1
ADDLINE 1,131,1 1,131,1 1,131,1 12,0,2 3,131,1 1,131,1 1,131,1 1,131,1 1,131,1
ADDLINE 1,150,1 2,150,1 1,150,1 0,0,0 0,0,0 0,0,0 12,0,2 0,0,0 0,0,0
ADDLINE 4,163,1 1,163,1 1,163,1 1,163,1 1,163,1 4,163,1 5,163,1 12,0,2 0,0,0
ADDLINE 1,177,1 1,177,1 1,177,1 0,0,0 12,0,2 0,0,0 0,0,0 0,0,0 1,177,1
ADDLINE 1,142,1 1,142,1 1,142,1 12,0,2 0,0,0 1,142,1 3,142,1 1,142,1 1,142,1
ADDLINE 1,155,1 2,155,1 5,155,1 12,0,2 0,0,0 1,155,1 1,155,1 1,155,1 1,155,1
ADDLINE 1,168,1 1,168,1 12,0,2 0,0,0 3,168,1 1,168,1 2,168,1 1,168,1 1,168,1
ADDLINE 1,182,1 12,0,2 2,182,1 4,182,1 1,182,1 5,182,1 1,182,1 0,0,0 1,182,1
ADDLINE 1,146,1 0,0,0 0,0,0 0,0,0 1,146,1 1,146,1 1,146,1 12,0,2 0,0,0
ADDLINE 1,160,1 1,160,1 2,160,1 0,0,0 0,0,0 12,0,2 0,0,0 1,160,1 0,0,0
ADDLINE 3,174,1 3,174,1 1,174,1 1,174,1 12,0,2 1,174,1 1,174,1 1,174,1 0,0,0
ADDLINE 2,188,1 4,188,1 1,188,1 1,188,1 12,0,2 1,188,1 1,188,1 1,188,1 0,0,0
ADDLINE 1,150,1 1,150,1 1,150,1 1,150,1 12,0,2 1,150,1 1,150,1 2,150,1 0,0,0
ADDLINE 1,165,1 1,165,1 3,165,1 1,165,1 12,0,2 5,165,1 1,165,1 1,165,1 0,0,0
ADDLINE 1,170,1 1,170,1 1,170,1 2,170,1 1,170,1 1,170,1 1,170,1 12,0,2 1,170,1
ADDLINE 1,193,1 1,193,1 2,193,1 1,193,1 0,0,0 0,0,0 12,0,2 0,0,0 5,193,1
ADDLINE 4,155,1 1,155,1 12,0,2 1,155,1 1,155,1 5,155,1 0,0,0 0,0,0 0,0,0
ADDLINE 1,169,1 0,0,0 12,0,2 1,169,1 1,169,1 1,169,1 0,0,0 1,169,1 1,169,1
ADDLINE 3,184,1 12,0,2 1,184,1 3,184,1 0,0,0 0,0,0 0,0,0 1,184,1 1,184,1
ADDLINE 1,199,1 0,0,0 12,0,2 1,199,1 1,199,1 1,199,1 1,199,1 0,0,0 5,199,1
ADDLINE 1,159,1 0,0,0 0,0,0 1,159,1 1,159,1 1,159,1 1,159,1 12,0,2 0,0,0
ADDLINE 1,174,1 12,0,2 3,174,1 1,174,1 1,174,1 3,174,1 2,174,1 1,174,1 0,0,0
ADDLINE 1,189,1 0,0,0 0,0,0 0,0,0 0,0,0 1,189,1 1,189,1 12,0,2 0,0,0
ADDLINE 1,205,1 5,205,1 1,205,1 1,205,1 12,0,2 0,0,0 0,0,0 0,0,0 4,205,1
ADDLINE 1,164,1 3,164,1 1,164,1 1,164,1 12,0,2 1,164,1 1,164,1 0,0,0 4,164,1
ADDLINE 4,170,1 1,170,1 4,170,1 1,170,1 2,170,1 5,170,1 1,170,1 1,170,1 12,0,2
ADDLINE 1,194,1 1,194,1 1,194,1 1,194,1 1,194,1 5,194,1 1,194,1 12,0,2 0,0,0
ADDLINE 1,200,1 2,200,1 1,200,1 1,200,1 1,200,1 1,200,1 1,200,1 12,0,2 1,200,1
ADDLINE 1,241,1 1,241,1 4,241,1 1,241,1 1,241,1 0,0,0 12,0,2 0,0,0 3,241,1
ADDLINE 1,242,1 1,242,1 1,242,1 1,242,1 1,242,1 0,0,0 12,0,2 0,0,0 0,0,0
ADDLINE 1,244,1 1,244,1 2,244,1 4,244,1 1,244,1 0,0,0 0,0,0 12,0,2 0,0,0
1,91,1 1,91,1 1,91,1 1,91,1 1,91,1 1,91,1 12,0,2 1,91,1 1,91,1
15,0,2 1,94,1 0,0,0 0,0,0 0,0,0 0,0,0 12,0,2 3,94,1 1,94,1
12,0,2 3,89,1 1,89,1 5,89,1 4,89,1 1,89,1 1,89,1 1,89,1 5,89,1
1,92,1 1,92,1 0,0,0 2,92,1 0,0,0 0,0,0 12,0,2 14,0,2 2,92,1
12,0,2 1,87,1 1,87,1 4,87,1 1,87,1 1,87,1 1,87,1 1,87,1 5,87,1
0,0,0 1,90,1 0,0,0 1,90,1 12,0,2 1,90,1 0,0,0 1,90,1 0,0,0
0,0,0 0,0,0 0,0,0 0,0,0 0,0,0 0,0,0 0,0,0 0,0,0 0,0,0
0,0,0 0,0,0 0,0,0 0,0,0 0,0,0 0,0,0 0,0,0 0,0,0 0,0,0
0,0,0 0,0,0 0,0,0 0,0,0 0,0,0 0,0,0 0,0,0 0,0,0 0,0,0