MODE 0
BALL 103
STARS 0/0/9600
ADDLINE 1,202,1 1,202,1 1,101,1 1,101,1 12,0,2 1,101,1 1,101,1 1,101,1 1,101,1
ADDLINE 1,102,1 1,102,1 1,102,1 1,102,1 12,0,2 1,102,1 1,102,1 1,102,1 1,102,1
ADDLINE 1,103,1 1,103,1 1,103,1 1,103,1 12,0,2 1,103,1 1,103,1 1,103,1 1,103,1
ADDLINE 1,113,1 1,113,1 1,113,1 1,113,1 12,0,2 1,113,1 1,113,1 1,113,1 1,113,1
ADDLINE 0,0,0 0,0,0 0,0,0 0,0,0 0,0,0 0,0,0 12,0,2 1,120,1 0,0,0
ADDLINE 1,125,1 1,125,1 12,0,2 1,125,1 1,125,1 1,125,1 1,125,1 1,250,1 1,250,1
ADDLINE 1,142,1 1,142,1 0,0,0 1,142,1 0,0,0 1,142,1 12,0,2 0,0,0 7,0,2
ADDLINE 1,154,1 1,154,1 12,0,2 1,154,1 0,0,0 1,154,1 1,154,1 1,308,1 1,308,1
ADDLINE 1,124,1 1,124,1 12,0,2 1,124,1 0,0,0 1,124,1 1,124,1 1,124,1 1,124,1
ADDLINE 1,272,1 8,0,2 12,0,2 0,0,0 0,0,0 1,272,1 1,272,1 1,272,1 1,272,1
ADDLINE 1,148,1 0,0,0 1,148,1 1,148,1 0,0,0 12,0,2 0,0,0 0,0,0 1,148,1
ADDLINE 1,160,1 1,160,1 12,0,2 0,0,0 1,160,1 1,160,1 1,160,1 0,0,0 0,0,0
ADDLINE 0,0,0 12,0,2 8,0,2 1,256,1 1,256,1 1,256,1 1,256,1 0,0,0 1,256,1
ADDLINE 0,0,0 1,141,1 1,141,1 1,141,1 0,0,0 12,0,2 0,0,0 0,0,0 1,141,1
ADDLINE 0,0,0 1,153,1 1,153,1 12,0,2 0,0,0 1,153,1 1,306,1 7,0,2 1,153,1
ADDLINE 0,0,0 0,0,0 1,165,1 12,0,2 1,165,1 1,165,1 1,330,1 1,330,1 1,165,1
ADDLINE 1,133,1 1,133,1 1,133,1 12,0,2 0,0,0 1,133,1 1,133,1 1,133,1 1,133,1
ADDLINE 1,145,1 1,145,1 1,145,1 12,0,2 0,0,0 1,145,1 1,145,1 1,145,1 1,145,1
ADDLINE 1,158,1 0,0,0 1,158,1 1,158,1 1,158,1 1,158,1 1,158,1 12,0,2 0,0,0
ADDLINE 0,0,0 0,0,0 1,171,1 1,171,1 1,171,1 1,171,1 1,171,1 12,0,2 0,0,0
ADDLINE 0,0,0 12,0,2 1,137,1 1,137,1 1,137,1 1,137,1 0,0,0 0,0,0 0,0,0
ADDLINE 1,150,1 12,0,2 1,150,1 1,150,1 1,150,1 1,150,1 0,0,0 1,150,1 1,150,1
ADDLINE 1,163,1 0,0,0 0,0,0 12,0,2 1,163,1 1,163,1 0,0,0 1,163,1 1,163,1
ADDLINE 1,354,1 0,0,0 12,0,2 8,0,2 1,354,1 1,354,1 1,354,1 1,354,1 1,354,1
ADDLINE 0,0,0 0,0,0 0,0,0 12,0,2 1,142,1 1,142,1 1,142,1 1,142,1 1,142,1
ADDLINE 0,0,0 12,0,2 0,0,0 1,155,1 1,155,1 1,155,1 1,155,1 1,155,1 1,155,1
ADDLINE 0,0,0 12,0,2 11,0,2 1,336,1 1,168,1 1,168,1 1,168,1 1,168,1 1,168,1
ADDLINE 1,182,1 1,364,1 0,0,0 1,364,1 1,182,1 12,0,2 0,0,0 0,0,0 1,182,1
ADDLINE 0,0,0 12,0,2 0,0,0 1,146,1 0,0,0 0,0,0 1,146,1 1,146,1 1,146,1
ADDLINE 8,0,2 12,0,2 1,320,1 1,320,1 0,0,0 1,320,1 1,320,1 1,320,1 1,320,1
ADDLINE 0,0,0 12,0,2 0,0,0 0,0,0 0,0,0 1,174,1 1,174,1 1,174,1 1,174,1
ADDLINE 0,0,0 1,188,1 12,0,2 1,188,1 1,188,1 1,376,1 1,376,1 1,376,1 1,188,1
ADDLINE 0,0,0 12,0,2 0,0,0 0,0,0 1,150,1 1,300,1 7,0,2 1,300,1 1,150,1
ADDLINE 0,0,0 0,0,0 12,0,2 11,0,2 1,330,1 1,330,1 1,330,1 1,330,1 1,165,1
ADDLINE 0,0,0 0,0,0 12,0,2 1,358,1 1,358,1 1,179,1 1,179,1 1,179,1 1,179,1
ADDLINE 0,0,0 12,0,2 11,0,2 1,386,1 1,193,1 1,193,1 1,193,1 1,193,1 1,193,1
ADDLINE 0,0,0 0,0,0 12,0,2 1,310,1 1,155,1 1,155,1 1,155,1 1,155,1 0,0,0
ADDLINE 1,169,1 1,169,1 0,0,0 1,169,1 1,169,1 1,169,1 12,0,2 0,0,0 0,0,0
ADDLINE 0,0,0 0,0,0 0,0,0 1,368,1 1,368,1 8,0,2 12,0,2 1,368,1 1,368,1
ADDLINE 0,0,0 0,0,0 1,398,1 1,199,1 1,199,1 12,0,2 1,199,1 1,199,1 1,199,1
ADDLINE 1,318,1 10,0,2 12,0,2 0,0,0 0,0,0 0,0,0 1,318,1 1,318,1 1,318,1
ADDLINE 1,174,1 1,348,1 12,0,2 1,174,1 0,0,0 1,348,1 1,348,1 1,174,1 1,174,1
ADDLINE 1,378,1 1,378,1 0,0,0 1,378,1 12,0,2 10,0,2 0,0,0 0,0,0 1,378,1
ADDLINE 1,205,1 1,205,1 1,205,1 1,205,1 1,410,1 12,0,2 1,410,1 0,0,0 1,205,1
ADDLINE 1,164,1 1,164,1 12,0,2 0,0,0 0,0,0 0,0,0 1,164,1 0,0,0 1,164,1
ADDLINE 1,170,1 1,170,1 1,170,1 1,170,1 1,170,1 1,170,1 1,170,1 12,0,2 1,170,1
ADDLINE 1,194,1 1,194,1 1,194,1 1,194,1 1,194,1 1,194,1 12,0,2 0,0,0 1,194,1
ADDLINE 1,200,1 1,200,1 1,200,1 1,200,1 1,200,1 1,200,1 12,0,2 1,200,1 1,200,1
ADDLINE 1,241,1 1,241,1 1,241,1 0,0,0 0,0,0 12,0,2 0,0,0 1,241,1 1,241,1
ADDLINE 1,242,1 1,242,1 1,242,1 0,0,0 12,0,2 0,0,0 1,242,1 1,242,1 1,242,1
ADDLINE 1,244,1 1,244,1 0,0,0 12,0,2 11,0,2 0,0,0 1,244,1 1,244,1 1,244,1
7,0,2 0,0,0 12,0,2 0,0,0 0,0,0 1,95,1 0,0,0 1,95,1 0,0,0
1,188,1 1,188,1 1,94,1 1,94,1 1,94,1 1,94,1 12,0,2 1,94,1 0,0,0
0,0,0 1,93,1 1,93,1 1,93,1 1,93,1 1,93,1 12,0,2 1,93,1 15,0,2
14,0,2 1,92,1 1,92,1 1,92,1 1,92,1 1,92,1 12,0,2 1,92,1 1,92,1
0,0,0 1,91,1 0,0,0 1,91,1 12,0,2 0,0,0 1,91,1 0,0,0 0,0,0
1,90,1 1,90,1 12,0,2 1,90,1 1,90,1 1,90,1 1,90,1 1,90,1 0,0,0
0,0,0 0,0,0 0,0,0 0,0,0 0,0,0 0,0,0 0,0,0 0,0,0 0,0,0
0,0,0 0,0,0 0,0,0 0,0,0 0,0,0 0,0,0 0,0,0 0,0,0 0,0,0
0,0,0 0,0,0 0,0,0 0,0,0 0,0,0 0,0,0 0,0,0 0,0,0 0,0,0