MODE 0
BALL 103
STARS 0/0/13250
ADDLINE 1,101,1 1,101,1 1,101,1 1,101,1 1,101,1 1,101,1 1,101,1 1,101,1 12,0,2
ADDLINE 1,107,1 1,107,1 1,107,1 0,0,0 0,0,0 12,0,2 0,0,0 0,0,0 0,0,0
ADDLINE 1,108,1 1,108,1 12,0,2 0,0,0 1,108,1 1,108,1 1,108,1 1,108,1 1,108,1
ADDLINE 1,113,1 1,113,1 12,0,2 1,113,1 1,113,1 1,113,1 1,113,1 1,113,1 1,113,1
ADDLINE 1,114,1 1,114,1 12,0,2 1,114,1 1,114,1 1,114,1 1,114,1 1,114,1 1,114,1
ADDLINE 1,131,1 1,131,1 12,0,2 0,0,0 0,0,0 0,0,0 0,0,0 1,131,1 1,131,1
ADDLINE 1,142,1 1,142,1 1,142,1 0,0,0 0,0,0 12,0,2 0,0,0 1,142,1 1,142,1
ADDLINE 1,154,1 1,154,1 1,154,1 0,0,0 0,0,0 12,0,2 0,0,0 1,154,1 1,154,1
ADDLINE 1,124,1 1,124,1 1,124,1 1,124,1 12,0,2 0,0,0 0,0,0 1,124,1 1,124,1
ADDLINE 1,136,1 1,136,1 1,136,1 0,0,0 1,136,1 12,0,2 0,0,0 0,0,0 0,0,0
ADDLINE 1,148,1 1,148,1 1,148,1 12,0,2 1,148,1 1,148,1 1,148,1 0,0,0 1,148,1
ADDLINE 1,160,1 12,0,2 0,0,0 0,0,0 1,160,1 0,0,0 1,160,1 0,0,0 1,160,1
ADDLINE 1,128,1 12,0,2 1,128,1 1,128,1 1,128,1 0,0,0 1,128,1 1,128,1 1,128,1
ADDLINE 1,141,1 0,0,0 12,0,2 0,0,0 1,141,1 0,0,0 1,141,1 0,0,0 1,141,1
ADDLINE 1,153,1 1,153,1 1,153,1 12,0,2 1,153,1 0,0,0 1,153,1 0,0,0 1,153,1
ADDLINE 1,165,1 1,165,1 1,165,1 0,0,0 12,0,2 0,0,0 1,165,1 0,0,0 0,0,0
ADDLINE 1,127,1 1,127,1 1,127,1 12,0,2 1,127,1 1,127,1 1,127,1 1,127,1 1,127,1
ADDLINE 1,138,1 1,138,1 1,138,1 12,0,2 1,138,1 1,138,1 1,138,1 1,138,1 1,138,1
ADDLINE 0,0,0 0,0,0 0,0,0 1,158,1 0,0,0 1,158,1 12,0,2 0,0,0 0,0,0
ADDLINE 1,171,1 1,171,1 1,171,1 1,171,1 12,0,2 1,171,1 1,171,1 1,171,1 0,0,0
ADDLINE 1,137,1 1,137,1 1,137,1 1,137,1 0,0,0 12,0,2 0,0,0 1,137,1 0,0,0
ADDLINE 1,143,1 1,143,1 1,143,1 1,143,1 12,0,2 1,143,1 1,143,1 1,143,1 1,143,1
ADDLINE 1,155,1 1,155,1 1,155,1 1,155,1 12,0,2 1,155,1 1,155,1 1,155,1 1,155,1
ADDLINE 1,168,1 1,168,1 1,168,1 1,168,1 12,0,2 1,168,1 1,168,1 1,168,1 1,168,1
ADDLINE 0,0,0 1,142,1 0,0,0 12,0,2 0,0,0 1,142,1 1,142,1 1,142,1 1,142,1
ADDLINE 0,0,0 1,155,1 1,155,1 1,155,1 12,0,2 1,155,1 1,155,1 1,155,1 1,155,1
ADDLINE 0,0,0 1,168,1 1,168,1 1,168,1 0,0,0 1,168,1 12,0,2 1,168,1 0,0,0
ADDLINE 1,173,1 1,173,1 1,173,1 1,173,1 12,0,2 1,173,1 1,173,1 1,173,1 1,173,1
ADDLINE 0,0,0 1,146,1 12,0,2 0,0,0 1,146,1 1,146,1 1,146,1 0,0,0 1,146,1
ADDLINE 1,152,1 1,152,1 1,152,1 1,152,1 12,0,2 1,152,1 1,152,1 1,152,1 1,152,1
ADDLINE 0,0,0 1,174,1 12,0,2 1,174,1 0,0,0 1,174,1 1,174,1 1,174,1 1,174,1
ADDLINE 1,179,1 1,179,1 12,0,2 1,179,1 1,179,1 1,179,1 1,179,1 1,179,1 1,179,1
ADDLINE 1,150,1 1,150,1 0,0,0 1,150,1 0,0,0 0,0,0 0,0,0 12,0,2 0,0,0
ADDLINE 1,157,1 1,157,1 12,0,2 1,157,1 1,157,1 1,157,1 1,157,1 1,157,1 1,157,1
ADDLINE 0,0,0 0,0,0 12,0,2 1,179,1 0,0,0 1,179,1 1,179,1 1,179,1 1,179,1
ADDLINE 1,184,1 1,184,1 1,184,1 1,184,1 12,0,2 1,184,1 1,184,1 1,184,1 1,184,1
ADDLINE 1,147,1 1,147,1 1,147,1 1,147,1 1,147,1 1,147,1 1,147,1 12,0,2 1,147,1
ADDLINE 1,169,1 1,169,1 1,169,1 0,0,0 0,0,0 12,0,2 0,0,0 0,0,0 1,169,1
ADDLINE 1,184,1 1,184,1 1,184,1 12,0,2 1,184,1 1,184,1 1,184,1 0,0,0 1,184,1
ADDLINE 0,0,0 0,0,0 1,199,1 0,0,0 1,199,1 1,199,1 1,199,1 12,0,2 0,0,0
ADDLINE 1,152,1 1,152,1 1,152,1 12,0,2 1,152,1 1,152,1 1,152,1 1,152,1 1,152,1
ADDLINE 0,0,0 0,0,0 0,0,0 0,0,0 1,174,1 1,174,1 1,174,1 12,0,2 1,174,1
ADDLINE 1,189,1 1,189,1 1,189,1 12,0,2 1,189,1 1,189,1 1,189,1 0,0,0 1,189,1
ADDLINE 0,0,0 0,0,0 1,205,1 0,0,0 1,205,1 0,0,0 12,0,2 0,0,0 0,0,0
ADDLINE 1,156,1 1,156,1 1,156,1 12,0,2 1,156,1 1,156,1 1,156,1 1,156,1 1,156,1
ADDLINE 1,170,1 1,170,1 1,170,1 1,170,1 12,0,2 1,170,1 1,170,1 1,170,1 1,170,1
ADDLINE 1,194,1 1,194,1 12,0,2 0,0,0 0,0,0 1,194,1 1,194,1 1,194,1 1,194,1
ADDLINE 1,210,1 1,210,1 12,0,2 0,0,0 1,210,1 1,210,1 1,210,1 1,210,1 1,210,1
ADDLINE 0,0,0 0,0,0 12,0,2 0,0,0 1,241,1 1,241,1 1,241,1 1,241,1 1,241,1
ADDLINE 0,0,0 12,0,2 0,0,0 1,242,1 1,242,1 1,242,1 1,242,1 1,242,1 1,242,1
ADDLINE 1,244,1 1,244,1 12,0,2 0,0,0 0,0,0 0,0,0 1,244,1 1,244,1 1,244,1
1,95,1 1,95,1 1,95,1 1,95,1 1,95,1 0,0,0 12,0,2 15,0,2 1,95,1
1,94,1 1,94,1 12,0,2 1,94,1 1,94,1 0,0,0 1,94,1 1,94,1 1,94,1
1,93,1 1,93,1 12,0,2 0,0,0 14,0,2 0,0,0 1,93,1 1,93,1 1,93,1
1,92,1 1,92,1 1,92,1 1,92,1 12,0,2 0,0,0 1,92,1 1,92,1 1,92,1
1,91,1 1,91,1 1,91,1 1,91,1 12,0,2 0,0,0 1,91,1 1,91,1 1,91,1
1,90,1 1,90,1 1,90,1 1,90,1 0,0,0 12,0,2 0,0,0 1,90,1 1,90,1
0,0,0 0,0,0 0,0,0 0,0,0 0,0,0 0,0,0 0,0,0 0,0,0 0,0,0
0,0,0 0,0,0 0,0,0 0,0,0 0,0,0 0,0,0 0,0,0 0,0,0 0,0,0
0,0,0 0,0,0 0,0,0 0,0,0 0,0,0 0,0,0 0,0,0 0,0,0 0,0,0