MODE 0
BALL 103
STARS 0/0/12600
ADDLINE 1,212,1 19,106,1 1,212,1 1,212,1 1,212,1 1,212,1 12,0,2 1,212,1 0,0,0
ADDLINE 1,107,1 1,214,1 1,214,1 1,107,1 12,0,2 1,107,1 1,107,1 1,107,1 0,0,0
ADDLINE 1,108,1 1,108,1 1,108,1 1,108,1 12,0,2 1,108,1 1,108,1 1,108,1 0,0,0
ADDLINE 1,119,1 1,119,1 1,119,1 1,119,1 12,0,2 1,119,1 1,119,1 0,0,0 1,119,1
ADDLINE 1,120,1 1,120,1 1,120,1 1,120,1 0,0,0 1,120,1 12,0,2 0,0,0 1,120,1
ADDLINE 0,0,0 1,131,1 1,131,1 0,0,0 0,0,0 12,0,2 1,131,1 1,131,1 1,131,1
ADDLINE 0,0,0 1,142,1 1,142,1 12,0,2 1,142,1 1,142,1 1,142,1 1,142,1 1,142,1
ADDLINE 0,0,0 1,154,1 1,154,1 12,0,2 0,0,0 0,0,0 1,154,1 1,154,1 1,154,1
ADDLINE 0,0,0 0,0,0 1,124,1 1,124,1 1,124,1 12,0,2 1,124,1 1,124,1 1,124,1
ADDLINE 1,136,1 1,136,1 1,136,1 1,136,1 12,0,2 1,136,1 0,0,0 1,136,1 1,136,1
ADDLINE 1,148,1 1,148,1 1,296,1 1,296,1 1,296,1 1,148,1 0,0,0 12,0,2 0,0,0
ADDLINE 1,320,1 1,320,1 1,320,1 19,160,1 12,0,2 1,320,1 0,0,0 1,320,1 1,320,1
ADDLINE 0,0,0 1,128,1 0,0,0 1,256,1 1,256,1 1,128,1 12,0,2 1,128,1 0,0,0
ADDLINE 1,141,1 1,141,1 12,0,2 1,141,1 1,141,1 1,141,1 0,0,0 1,141,1 1,141,1
ADDLINE 0,0,0 12,0,2 0,0,0 1,153,1 1,153,1 1,153,1 0,0,0 1,153,1 1,153,1
ADDLINE 1,165,1 1,165,1 12,0,2 1,165,1 1,165,1 1,165,1 0,0,0 1,165,1 1,165,1
ADDLINE 0,0,0 16,133,1 12,0,2 1,266,1 1,266,1 1,266,1 1,266,1 1,266,1 1,266,1
ADDLINE 0,0,0 1,145,1 12,0,2 1,145,1 1,290,1 20,145,1 1,290,1 1,145,1 1,145,1
ADDLINE 1,158,1 12,0,2 1,316,1 1,316,1 1,316,1 1,316,1 1,316,1 0,0,0 1,158,1
ADDLINE 1,171,1 12,0,2 1,342,1 17,171,1 1,342,1 1,171,1 1,171,1 0,0,0 1,171,1
ADDLINE 1,274,1 12,0,2 1,274,1 1,274,1 1,274,1 1,274,1 16,137,1 1,274,1 1,274,1
ADDLINE 0,0,0 12,0,2 1,150,1 1,150,1 1,150,1 1,150,1 1,150,1 0,0,0 20,150,1
ADDLINE 1,155,1 1,155,1 1,155,1 1,155,1 1,155,1 1,155,1 1,155,1 12,0,2 1,310,1
ADDLINE 1,354,1 1,354,1 1,354,1 12,0,2 1,354,1 1,354,1 0,0,0 1,354,1 19,177,1
ADDLINE 1,142,1 12,0,2 20,142,1 1,284,1 1,142,1 1,284,1 1,284,1 0,0,0 1,284,1
ADDLINE 1,155,1 0,0,0 1,310,1 1,310,1 1,155,1 1,310,1 20,155,1 12,0,2 0,0,0
ADDLINE 1,160,1 12,0,2 1,160,1 1,160,1 1,160,1 1,320,1 1,320,1 1,320,1 1,160,1
ADDLINE 1,182,1 1,182,1 1,182,1 1,182,1 12,0,2 1,182,1 0,0,0 1,182,1 0,0,0
ADDLINE 1,146,1 1,146,1 1,146,1 1,146,1 12,0,2 1,146,1 0,0,0 1,146,1 0,0,0
ADDLINE 1,152,1 1,152,1 1,152,1 1,152,1 12,0,2 1,152,1 1,152,1 1,152,1 1,152,1
ADDLINE 1,165,1 1,165,1 1,165,1 1,165,1 12,0,2 1,165,1 1,165,1 1,165,1 1,165,1
ADDLINE 0,0,0 1,188,1 12,0,2 1,188,1 0,0,0 0,0,0 0,0,0 0,0,0 0,0,0
ADDLINE 1,150,1 1,150,1 1,150,1 12,0,2 1,150,1 1,150,1 1,150,1 0,0,0 1,150,1
ADDLINE 1,165,1 1,165,1 1,165,1 0,0,0 1,165,1 12,0,2 1,165,1 0,0,0 1,165,1
ADDLINE 1,179,1 1,179,1 1,179,1 1,179,1 1,179,1 12,0,2 1,179,1 0,0,0 1,179,1
ADDLINE 1,193,1 1,193,1 1,193,1 0,0,0 1,193,1 12,0,2 1,193,1 0,0,0 1,193,1
ADDLINE 1,155,1 1,155,1 1,155,1 0,0,0 1,155,1 1,310,1 12,0,2 1,310,1 0,0,0
ADDLINE 1,338,1 1,338,1 1,338,1 12,0,2 1,338,1 1,338,1 19,169,1 1,338,1 1,338,1
ADDLINE 0,0,0 0,0,0 1,184,1 12,0,2 1,184,1 0,0,0 1,368,1 1,368,1 17,184,1
ADDLINE 1,199,1 0,0,0 1,199,1 1,199,1 1,199,1 12,0,2 1,199,1 0,0,0 1,398,1
ADDLINE 1,159,1 0,0,0 1,159,1 1,159,1 1,159,1 0,0,0 12,0,2 0,0,0 1,159,1
ADDLINE 1,166,1 12,0,2 1,166,1 1,166,1 1,166,1 1,166,1 1,166,1 1,166,1 1,166,1
ADDLINE 1,180,1 1,180,1 1,180,1 1,180,1 12,0,2 1,180,1 1,180,1 1,180,1 1,180,1
ADDLINE 0,0,0 1,205,1 0,0,0 1,205,1 1,410,1 1,410,1 0,0,0 0,0,0 12,0,2
ADDLINE 0,0,0 1,328,1 1,328,1 1,328,1 1,328,1 19,164,1 12,0,2 1,328,1 1,328,1
ADDLINE 1,170,1 1,170,1 1,340,1 1,340,1 1,340,1 1,340,1 12,0,2 1,170,1 1,170,1
ADDLINE 1,194,1 1,194,1 1,388,1 20,194,1 1,388,1 1,194,1 12,0,2 1,194,1 1,194,1
ADDLINE 1,210,1 1,210,1 1,420,1 1,420,1 1,420,1 12,0,2 0,0,0 1,210,1 1,210,1
ADDLINE 1,229,1 1,229,1 1,229,1 1,229,1 1,229,1 12,0,2 1,458,1 1,458,1 1,229,1
ADDLINE 1,484,1 1,484,1 1,484,1 1,484,1 1,484,1 12,0,2 0,0,0 19,242,1 1,484,1
ADDLINE 1,488,1 1,488,1 1,488,1 1,488,1 1,488,1 12,0,2 0,0,0 1,488,1 16,244,1
0,0,0 10,0,2 1,190,1 1,190,1 1,190,1 1,190,1 1,190,1 1,190,1 12,0,2
0,0,0 0,0,0 1,188,1 1,94,1 1,94,1 1,94,1 1,94,1 12,0,2 15,0,2
1,93,1 0,0,0 0,0,0 1,93,1 1,93,1 1,93,1 1,93,1 12,0,2 0,0,0
1,92,1 1,92,1 12,0,2 0,0,0 14,0,2 1,92,1 0,0,0 0,0,0 1,92,1
1,91,1 1,91,1 1,91,1 1,91,1 12,0,2 1,91,1 0,0,0 1,91,1 0,0,0
1,90,1 1,90,1 1,90,1 1,90,1 0,0,0 0,0,0 12,0,2 1,90,1 0,0,0
0,0,0 0,0,0 0,0,0 0,0,0 0,0,0 0,0,0 0,0,0 0,0,0 0,0,0
0,0,0 0,0,0 0,0,0 0,0,0 0,0,0 0,0,0 0,0,0 0,0,0 0,0,0
0,0,0 0,0,0 0,0,0 0,0,0 0,0,0 0,0,0 0,0,0 0,0,0 0,0,0