MODE 0
BALL 103
STARS 0/0/10000
ADDLINE 1,106,1 1,106,1 1,106,1 12,0,2 1,106,1 0,0,0 1,106,1 1,106,1 1,106,1
ADDLINE 1,102,1 1,102,1 1,102,1 1,102,1 1,102,1 12,0,2 1,102,1 1,102,1 1,102,1
ADDLINE 1,108,1 0,0,0 0,0,0 0,0,0 12,0,2 0,0,0 0,0,0 0,0,0 1,108,1
ADDLINE 1,113,1 1,113,1 1,113,1 12,0,2 1,113,1 1,113,1 1,113,1 1,113,1 1,113,1
ADDLINE 1,120,1 12,0,2 0,0,0 0,0,0 1,120,1 1,120,1 1,120,1 1,120,1 1,120,1
ADDLINE 1,125,1 12,0,2 1,125,1 1,125,1 1,125,1 1,125,1 1,125,1 1,125,1 1,125,1
ADDLINE 0,0,0 12,0,2 1,142,1 0,0,0 1,142,1 1,142,1 1,142,1 1,142,1 1,142,1
ADDLINE 1,147,1 1,147,1 1,147,1 12,0,2 1,147,1 1,147,1 1,147,1 1,147,1 1,147,1
ADDLINE 1,124,1 1,124,1 1,124,1 12,0,2 0,0,0 0,0,0 0,0,0 0,0,0 0,0,0
ADDLINE 1,136,1 1,136,1 0,0,0 0,0,0 12,0,2 0,0,0 0,0,0 0,0,0 1,136,1
ADDLINE 1,148,1 1,148,1 12,0,2 1,148,1 1,148,1 1,148,1 1,148,1 0,0,0 1,148,1
ADDLINE 1,160,1 1,160,1 1,160,1 0,0,0 0,0,0 0,0,0 12,0,2 0,0,0 1,160,1
ADDLINE 1,128,1 1,128,1 0,0,0 1,128,1 1,128,1 1,128,1 12,0,2 1,128,1 0,0,0
ADDLINE 0,0,0 0,0,0 0,0,0 1,141,1 1,141,1 1,141,1 0,0,0 12,0,2 0,0,0
ADDLINE 0,0,0 0,0,0 1,153,1 1,153,1 1,153,1 1,153,1 1,153,1 1,153,1 12,0,2
ADDLINE 1,165,1 12,0,2 0,0,0 1,165,1 1,165,1 1,165,1 1,165,1 1,165,1 0,0,0
ADDLINE 1,133,1 1,133,1 12,0,2 1,133,1 1,133,1 1,133,1 1,133,1 0,0,0 0,0,0
ADDLINE 1,145,1 1,145,1 0,0,0 12,0,2 0,0,0 0,0,0 1,145,1 1,145,1 1,145,1
ADDLINE 1,158,1 1,158,1 1,158,1 1,158,1 0,0,0 12,0,2 1,158,1 0,0,0 1,158,1
ADDLINE 1,171,1 1,171,1 1,171,1 12,0,2 0,0,0 1,171,1 0,0,0 0,0,0 1,171,1
ADDLINE 1,137,1 1,137,1 1,137,1 12,0,2 1,137,1 1,137,1 0,0,0 1,137,1 1,137,1
ADDLINE 1,150,1 1,150,1 1,150,1 0,0,0 1,150,1 1,150,1 12,0,2 0,0,0 1,150,1
ADDLINE 1,163,1 1,163,1 1,163,1 12,0,2 1,163,1 0,0,0 1,163,1 0,0,0 0,0,0
ADDLINE 1,177,1 1,177,1 1,177,1 1,177,1 0,0,0 12,0,2 1,177,1 1,177,1 0,0,0
ADDLINE 1,142,1 1,142,1 1,142,1 1,142,1 0,0,0 1,142,1 0,0,0 12,0,2 0,0,0
ADDLINE 1,155,1 1,155,1 1,155,1 1,155,1 1,155,1 1,155,1 12,0,2 1,155,1 0,0,0
ADDLINE 1,168,1 1,168,1 1,168,1 1,168,1 1,168,1 12,0,2 0,0,0 1,168,1 0,0,0
ADDLINE 1,173,1 1,173,1 1,173,1 12,0,2 1,173,1 1,173,1 1,173,1 1,173,1 1,173,1
ADDLINE 1,146,1 0,0,0 12,0,2 0,0,0 1,146,1 1,146,1 1,146,1 1,146,1 1,146,1
ADDLINE 1,152,1 12,0,2 1,152,1 1,152,1 1,152,1 1,152,1 1,152,1 1,152,1 1,152,1
ADDLINE 1,174,1 12,0,2 0,0,0 1,174,1 1,174,1 1,174,1 1,174,1 1,174,1 1,174,1
ADDLINE 0,0,0 12,0,2 0,0,0 1,188,1 1,188,1 1,188,1 1,188,1 1,188,1 1,188,1
ADDLINE 0,0,0 0,0,0 12,0,2 0,0,0 1,150,1 1,150,1 1,150,1 1,150,1 1,150,1
ADDLINE 1,165,1 1,165,1 1,165,1 0,0,0 0,0,0 0,0,0 0,0,0 12,0,2 0,0,0
ADDLINE 1,179,1 1,179,1 1,179,1 1,179,1 1,179,1 1,179,1 1,179,1 12,0,2 0,0,0
ADDLINE 1,193,1 1,193,1 1,193,1 0,0,0 12,0,2 0,0,0 0,0,0 0,0,0 1,193,1
ADDLINE 0,0,0 0,0,0 12,0,2 1,155,1 1,155,1 1,155,1 1,155,1 1,155,1 1,155,1
ADDLINE 0,0,0 1,169,1 1,169,1 0,0,0 0,0,0 0,0,0 1,169,1 1,169,1 12,0,2
ADDLINE 1,184,1 0,0,0 12,0,2 0,0,0 1,184,1 0,0,0 0,0,0 0,0,0 0,0,0
ADDLINE 1,199,1 1,199,1 1,199,1 12,0,2 1,199,1 1,199,1 1,199,1 1,199,1 0,0,0
ADDLINE 1,159,1 0,0,0 12,0,2 0,0,0 0,0,0 0,0,0 0,0,0 0,0,0 0,0,0
ADDLINE 0,0,0 12,0,2 1,174,1 1,174,1 1,174,1 1,174,1 1,174,1 1,174,1 1,174,1
ADDLINE 0,0,0 12,0,2 1,189,1 1,189,1 1,189,1 1,189,1 1,189,1 1,189,1 0,0,0
ADDLINE 0,0,0 12,0,2 1,205,1 1,205,1 1,205,1 1,205,1 1,205,1 1,205,1 0,0,0
ADDLINE 0,0,0 12,0,2 1,164,1 1,164,1 1,164,1 1,164,1 1,164,1 1,164,1 0,0,0
ADDLINE 1,170,1 1,170,1 1,170,1 1,170,1 1,170,1 12,0,2 1,170,1 1,170,1 1,170,1
ADDLINE 1,194,1 1,194,1 1,194,1 1,194,1 1,194,1 0,0,0 12,0,2 0,0,0 1,194,1
ADDLINE 1,210,1 1,210,1 1,210,1 1,210,1 1,210,1 1,210,1 1,210,1 12,0,2 0,0,0
ADDLINE 1,241,1 1,241,1 1,241,1 1,241,1 1,241,1 1,241,1 1,241,1 12,0,2 0,0,0
ADDLINE 1,242,1 1,242,1 1,242,1 1,242,1 1,242,1 1,242,1 1,242,1 12,0,2 0,0,0
ADDLINE 0,0,0 0,0,0 0,0,0 0,0,0 0,0,0 12,0,2 0,0,0 0,0,0 1,244,1
1,95,1 12,0,2 1,95,1 0,0,0 1,95,1 0,0,0 1,95,1 1,95,1 1,95,1
1,94,1 12,0,2 1,94,1 0,0,0 1,94,1 0,0,0 1,94,1 1,94,1 1,94,1
1,93,1 12,0,2 1,93,1 0,0,0 1,93,1 1,93,1 1,93,1 1,93,1 1,93,1
0,0,0 0,0,0 1,92,1 0,0,0 14,0,2 0,0,0 0,0,0 12,0,2 1,92,1
1,91,1 1,91,1 1,91,1 1,91,1 1,91,1 12,0,2 1,91,1 15,0,2 1,91,1
1,90,1 1,90,1 1,90,1 1,90,1 1,90,1 12,0,2 1,90,1 0,0,0 1,90,1
0,0,0 0,0,0 0,0,0 0,0,0 0,0,0 0,0,0 0,0,0 0,0,0 0,0,0
0,0,0 0,0,0 0,0,0 0,0,0 0,0,0 0,0,0 0,0,0 0,0,0 0,0,0
0,0,0 0,0,0 0,0,0 0,0,0 0,0,0 0,0,0 0,0,0 0,0,0 0,0,0