MODE 0
BALL 103
STARS 0/0/10000
ADDLINE 1,101,1 1,101,1 2,101,1 1,101,1 3,101,1 1,101,1 1,101,1 1,101,1 12,0,2
ADDLINE 1,102,1 1,102,1 5,102,1 1,102,1 2,102,1 1,102,1 1,102,1 1,102,1 12,0,2
ADDLINE 1,108,1 3,108,1 1,108,1 5,108,1 1,108,1 1,108,1 1,108,1 12,0,2 0,0,0
ADDLINE 1,119,1 1,119,1 1,119,1 1,119,1 1,119,1 5,119,1 1,119,1 12,0,2 0,0,0
ADDLINE 3,114,1 3,114,1 1,114,1 1,114,1 1,114,1 4,114,1 1,114,1 1,114,1 12,0,2
ADDLINE 1,131,1 0,0,0 0,0,0 12,0,2 0,0,0 0,0,0 0,0,0 0,0,0 0,0,0
ADDLINE 0,0,0 12,0,2 3,142,1 1,142,1 2,142,1 1,142,1 1,142,1 4,142,1 1,142,1
ADDLINE 0,0,0 0,0,0 12,0,2 0,0,0 0,0,0 0,0,0 0,0,0 1,154,1 1,154,1
ADDLINE 1,124,1 1,124,1 0,0,0 0,0,0 12,0,2 0,0,0 0,0,0 1,124,1 1,124,1
ADDLINE 3,136,1 12,0,2 1,136,1 3,136,1 4,136,1 0,0,0 1,136,1 0,0,0 0,0,0
ADDLINE 2,148,1 0,0,0 1,148,1 1,148,1 1,148,1 12,0,2 1,148,1 0,0,0 1,148,1
ADDLINE 0,0,0 0,0,0 0,0,0 0,0,0 1,160,1 0,0,0 1,160,1 12,0,2 1,160,1
ADDLINE 1,128,1 5,128,1 4,128,1 12,0,2 1,128,1 4,128,1 1,128,1 0,0,0 1,128,1
ADDLINE 1,141,1 1,141,1 3,141,1 0,0,0 0,0,0 12,0,2 0,0,0 0,0,0 1,141,1
ADDLINE 1,146,1 1,146,1 1,146,1 1,146,1 1,146,1 5,146,1 1,146,1 12,0,2 1,146,1
ADDLINE 1,165,1 1,165,1 1,165,1 12,0,2 5,165,1 1,165,1 1,165,1 0,0,0 2,165,1
ADDLINE 1,133,1 1,133,1 1,133,1 12,0,2 1,133,1 1,133,1 1,133,1 0,0,0 1,133,1
ADDLINE 0,0,0 0,0,0 4,145,1 0,0,0 0,0,0 0,0,0 1,145,1 12,0,2 5,145,1
ADDLINE 1,158,1 5,158,1 1,158,1 0,0,0 0,0,0 0,0,0 0,0,0 12,0,2 0,0,0
ADDLINE 1,163,1 1,163,1 3,163,1 1,163,1 1,163,1 12,0,2 1,163,1 4,163,1 1,163,1
ADDLINE 0,0,0 12,0,2 0,0,0 0,0,0 1,137,1 0,0,0 4,137,1 1,137,1 1,137,1
ADDLINE 3,143,1 1,143,1 1,143,1 1,143,1 1,143,1 12,0,2 1,143,1 2,143,1 1,143,1
ADDLINE 1,155,1 1,155,1 1,155,1 1,155,1 1,155,1 12,0,2 5,155,1 1,155,1 1,155,1
ADDLINE 1,168,1 2,168,1 1,168,1 1,168,1 1,168,1 12,0,2 3,168,1 5,168,1 1,168,1
ADDLINE 1,142,1 1,142,1 1,142,1 1,142,1 1,142,1 0,0,0 0,0,0 12,0,2 0,0,0
ADDLINE 1,148,1 1,148,1 1,148,1 4,148,1 1,148,1 2,148,1 4,148,1 12,0,2 1,148,1
ADDLINE 0,0,0 0,0,0 0,0,0 0,0,0 0,0,0 12,0,2 5,168,1 0,0,0 1,168,1
ADDLINE 1,173,1 12,0,2 2,173,1 1,173,1 1,173,1 1,173,1 1,173,1 1,173,1 1,173,1
ADDLINE 0,0,0 0,0,0 0,0,0 12,0,2 4,146,1 1,146,1 2,146,1 1,146,1 4,146,1
ADDLINE 1,152,1 1,152,1 1,152,1 12,0,2 1,152,1 1,152,1 3,152,1 1,152,1 1,152,1
ADDLINE 1,165,1 4,165,1 1,165,1 12,0,2 4,165,1 1,165,1 1,165,1 1,165,1 1,165,1
ADDLINE 1,179,1 1,179,1 1,179,1 12,0,2 2,179,1 3,179,1 1,179,1 1,179,1 1,179,1
ADDLINE 1,150,1 12,0,2 1,150,1 0,0,0 0,0,0 0,0,0 0,0,0 0,0,0 2,150,1
ADDLINE 1,157,1 12,0,2 2,157,1 3,157,1 1,157,1 1,157,1 1,157,1 4,157,1 1,157,1
ADDLINE 1,179,1 0,0,0 0,0,0 12,0,2 0,0,0 0,0,0 1,179,1 1,179,1 1,179,1
ADDLINE 1,193,1 12,0,2 1,193,1 3,193,1 1,193,1 0,0,0 4,193,1 1,193,1 1,193,1
ADDLINE 0,0,0 5,155,1 1,155,1 1,155,1 0,0,0 0,0,0 0,0,0 0,0,0 12,0,2
ADDLINE 0,0,0 1,169,1 1,169,1 1,169,1 12,0,2 1,169,1 2,169,1 4,169,1 1,169,1
ADDLINE 0,0,0 0,0,0 12,0,2 4,184,1 0,0,0 1,184,1 1,184,1 1,184,1 0,0,0
ADDLINE 1,199,1 1,199,1 3,199,1 5,199,1 12,0,2 1,199,1 2,199,1 5,199,1 0,0,0
ADDLINE 1,159,1 1,159,1 1,159,1 1,159,1 12,0,2 1,159,1 3,159,1 1,159,1 0,0,0
ADDLINE 1,166,1 2,166,1 1,166,1 1,166,1 12,0,2 1,166,1 1,166,1 1,166,1 1,166,1
ADDLINE 0,0,0 12,0,2 0,0,0 2,189,1 0,0,0 0,0,0 0,0,0 0,0,0 0,0,0
ADDLINE 0,0,0 4,205,1 1,205,1 1,205,1 12,0,2 1,205,1 3,205,1 1,205,1 1,205,1
ADDLINE 0,0,0 1,164,1 1,164,1 1,164,1 0,0,0 1,164,1 0,0,0 0,0,0 12,0,2
ADDLINE 4,170,1 12,0,2 1,170,1 1,170,1 1,170,1 1,170,1 3,170,1 1,170,1 1,170,1
ADDLINE 1,194,1 12,0,2 0,0,0 0,0,0 0,0,0 2,194,1 1,194,1 1,194,1 1,194,1
ADDLINE 0,0,0 0,0,0 0,0,0 0,0,0 12,0,2 2,210,1 1,210,1 1,210,1 1,210,1
ADDLINE 12,0,2 1,229,1 1,229,1 1,229,1 4,229,1 1,229,1 1,229,1 1,229,1 3,229,1
ADDLINE 0,0,0 12,0,2 2,242,1 1,242,1 4,242,1 1,242,1 1,242,1 1,242,1 1,242,1
ADDLINE 1,244,1 0,0,0 12,0,2 0,0,0 1,244,1 2,244,1 1,244,1 1,244,1 1,244,1
15,0,2 0,0,0 12,0,2 1,95,1 3,95,1 1,95,1 1,95,1 1,95,1 1,95,1
5,90,1 1,90,1 12,0,2 1,90,1 5,90,1 1,90,1 1,90,1 1,90,1 1,90,1
4,93,1 1,93,1 0,0,0 12,0,2 0,0,0 1,93,1 3,93,1 1,93,1 1,93,1
1,92,1 2,92,1 1,92,1 12,0,2 0,0,0 1,92,1 3,92,1 4,92,1 1,92,1
1,91,1 1,91,1 1,91,1 14,0,2 0,0,0 12,0,2 0,0,0 0,0,0 0,0,0
1,90,1 2,90,1 1,90,1 1,90,1 1,90,1 1,90,1 0,0,0 12,0,2 0,0,0
0,0,0 0,0,0 0,0,0 0,0,0 0,0,0 0,0,0 0,0,0 0,0,0 0,0,0
0,0,0 0,0,0 0,0,0 0,0,0 0,0,0 0,0,0 0,0,0 0,0,0 0,0,0
0,0,0 0,0,0 0,0,0 0,0,0 0,0,0 0,0,0 0,0,0 0,0,0 0,0,0