MODE 0
BALL 103
STARS 0/0/10200
ADDLINE 0,0,0 12,0,2 4,106,1 1,106,1 2,106,1 0,0,0 1,106,1 1,106,1 1,106,1
ADDLINE 12,0,2 1,102,1 1,102,1 1,102,1 5,102,1 1,102,1 1,102,1 1,102,1 1,102,1
ADDLINE 0,0,0 0,0,0 1,108,1 0,0,0 0,0,0 12,0,2 2,108,1 1,108,1 1,108,1
ADDLINE 1,113,1 1,113,1 1,113,1 1,113,1 1,113,1 12,0,2 2,113,1 3,113,1 1,113,1
ADDLINE 1,120,1 1,120,1 1,120,1 3,120,1 5,120,1 12,0,2 1,120,1 0,0,0 0,0,0
ADDLINE 1,125,1 1,125,1 1,125,1 5,125,1 1,125,1 12,0,2 1,125,1 1,125,1 2,125,1
ADDLINE 0,0,0 8,0,2 0,0,0 0,0,0 12,0,2 0,0,0 1,284,1 1,284,1 1,284,1
ADDLINE 1,147,1 1,147,1 1,147,1 2,147,1 4,147,1 12,0,2 1,147,1 1,147,1 1,147,1
ADDLINE 0,0,0 0,0,0 0,0,0 12,0,2 1,124,1 0,0,0 1,124,1 1,124,1 3,124,1
ADDLINE 1,136,1 0,0,0 0,0,0 0,0,0 0,0,0 12,0,2 0,0,0 0,0,0 0,0,0
ADDLINE 1,141,1 1,141,1 3,141,1 4,141,1 1,141,1 1,141,1 1,141,1 12,0,2 5,141,1
ADDLINE 0,0,0 0,0,0 0,0,0 0,0,0 0,0,0 1,160,1 1,160,1 12,0,2 1,160,1
ADDLINE 0,0,0 0,0,0 4,128,1 1,128,1 0,0,0 0,0,0 12,0,2 0,0,0 5,128,1
ADDLINE 1,141,1 12,0,2 1,141,1 1,141,1 0,0,0 1,141,1 1,141,1 1,141,1 4,141,1
ADDLINE 0,0,0 0,0,0 1,153,1 1,153,1 12,0,2 1,153,1 2,153,1 1,153,1 1,153,1
ADDLINE 0,0,0 1,165,1 4,165,1 1,165,1 12,0,2 1,165,1 4,165,1 1,165,1 1,165,1
ADDLINE 0,0,0 3,133,1 1,133,1 1,133,1 12,0,2 1,133,1 1,133,1 1,133,1 2,133,1
ADDLINE 1,290,1 1,290,1 1,290,1 1,290,1 8,0,2 0,0,0 12,0,2 0,0,0 1,290,1
ADDLINE 2,151,1 5,151,1 1,151,1 1,151,1 1,151,1 1,151,1 12,0,2 1,151,1 1,151,1
ADDLINE 1,171,1 1,171,1 1,342,1 11,0,2 12,0,2 0,0,0 0,0,0 3,171,1 1,171,1
ADDLINE 1,137,1 1,137,1 1,274,1 12,0,2 11,0,2 1,274,1 1,274,1 1,274,1 5,137,1
ADDLINE 1,300,1 1,300,1 1,300,1 1,300,1 0,0,0 12,0,2 0,0,0 10,0,2 1,300,1
ADDLINE 3,163,1 1,163,1 1,163,1 0,0,0 0,0,0 0,0,0 12,0,2 0,0,0 1,163,1
ADDLINE 2,177,1 1,177,1 1,177,1 12,0,2 0,0,0 5,177,1 1,177,1 1,177,1 1,177,1
ADDLINE 8,0,2 0,0,0 0,0,0 12,0,2 0,0,0 1,284,1 1,284,1 1,284,1 1,284,1
ADDLINE 0,0,0 12,0,2 1,155,1 1,155,1 1,155,1 4,155,1 1,155,1 3,155,1 1,155,1
ADDLINE 0,0,0 12,0,2 3,168,1 1,168,1 1,168,1 5,168,1 1,168,1 1,168,1 1,168,1
ADDLINE 1,173,1 3,173,1 1,173,1 1,173,1 1,173,1 1,173,1 1,173,1 3,173,1 12,0,2
ADDLINE 1,146,1 1,146,1 1,146,1 2,146,1 5,146,1 1,146,1 12,0,2 0,0,0 0,0,0
ADDLINE 1,160,1 1,160,1 1,160,1 1,160,1 1,160,1 2,160,1 0,0,0 12,0,2 0,0,0
ADDLINE 1,174,1 1,174,1 4,174,1 1,348,1 11,0,2 0,0,0 0,0,0 12,0,2 0,0,0
ADDLINE 2,188,1 1,188,1 12,0,2 0,0,0 0,0,0 1,376,1 1,188,1 1,188,1 1,188,1
ADDLINE 8,0,2 0,0,0 12,0,2 1,300,1 1,300,1 1,300,1 1,300,1 1,300,1 1,300,1
ADDLINE 12,0,2 1,157,1 1,157,1 1,157,1 2,157,1 5,157,1 1,157,1 1,157,1 1,157,1
ADDLINE 0,0,0 0,0,0 0,0,0 0,0,0 12,0,2 4,179,1 1,179,1 1,179,1 1,179,1
ADDLINE 1,386,1 1,386,1 1,386,1 1,386,1 12,0,2 0,0,0 0,0,0 8,0,2 0,0,0
ADDLINE 1,155,1 1,155,1 0,0,0 0,0,0 0,0,0 12,0,2 2,155,1 1,155,1 0,0,0
ADDLINE 1,169,1 1,169,1 2,169,1 1,169,1 12,0,2 1,169,1 1,169,1 0,0,0 0,0,0
ADDLINE 1,184,1 1,184,1 0,0,0 5,184,1 0,0,0 4,184,1 1,184,1 12,0,2 0,0,0
ADDLINE 1,199,1 1,199,1 0,0,0 1,199,1 4,199,1 12,0,2 0,0,0 1,199,1 0,0,0
ADDLINE 3,159,1 5,159,1 12,0,2 1,159,1 1,159,1 3,159,1 1,159,1 1,159,1 0,0,0
ADDLINE 1,174,1 1,174,1 0,0,0 0,0,0 12,0,2 11,0,2 1,348,1 1,348,1 0,0,0
ADDLINE 1,378,1 1,378,1 12,0,2 1,378,1 1,378,1 1,378,1 0,0,0 1,378,1 10,0,2
ADDLINE 1,205,1 5,205,1 1,205,1 12,0,2 0,0,0 0,0,0 1,205,1 1,410,1 0,0,0
ADDLINE 1,164,1 3,164,1 1,328,1 11,0,2 0,0,0 0,0,0 0,0,0 12,0,2 0,0,0
ADDLINE 1,179,1 1,179,1 1,358,1 1,358,1 1,358,1 12,0,2 5,179,1 0,0,0 0,0,0
ADDLINE 1,194,1 4,194,1 1,388,1 1,388,1 1,388,1 12,0,2 1,194,1 1,194,1 0,0,0
ADDLINE 1,210,1 1,210,1 1,420,1 7,0,2 1,420,1 12,0,2 0,0,0 0,0,0 0,0,0
ADDLINE 1,241,1 1,241,1 1,482,1 1,482,1 1,482,1 1,241,1 0,0,0 12,0,2 0,0,0
ADDLINE 1,242,1 2,242,1 1,242,1 1,242,1 1,242,1 0,0,0 12,0,2 1,242,1 0,0,0
ADDLINE 1,244,1 1,244,1 5,244,1 4,244,1 1,488,1 11,0,2 12,0,2 0,0,0 0,0,0
0,0,0 1,95,1 15,0,2 3,95,1 2,95,1 3,95,1 1,95,1 1,95,1 12,0,2
0,0,0 1,94,1 1,94,1 1,94,1 5,94,1 1,94,1 1,94,1 1,94,1 12,0,2
1,93,1 0,0,0 0,0,0 0,0,0 0,0,0 0,0,0 12,0,2 1,93,1 0,0,0
1,88,1 1,88,1 3,88,1 5,88,1 1,88,1 1,88,1 12,0,2 1,88,1 1,88,1
1,91,1 1,91,1 1,91,1 3,91,1 12,0,2 1,91,1 14,0,2 1,91,1 1,91,1
1,90,1 5,90,1 1,90,1 1,90,1 12,0,2 4,90,1 0,0,0 4,90,1 1,90,1
0,0,0 0,0,0 0,0,0 0,0,0 0,0,0 0,0,0 0,0,0 0,0,0 0,0,0
0,0,0 0,0,0 0,0,0 0,0,0 0,0,0 0,0,0 0,0,0 0,0,0 0,0,0
0,0,0 0,0,0 0,0,0 0,0,0 0,0,0 0,0,0 0,0,0 0,0,0 0,0,0