MODE 0
BALL 103
STARS 0/0/13000
ADDLINE 1,101,1 1,101,1 3,101,1 2,101,1 1,101,1 12,0,2 1,101,1 1,101,1 1,101,1
ADDLINE 3,107,1 4,107,1 1,107,1 0,0,0 12,0,2 0,0,0 1,107,1 1,107,1 4,107,1
ADDLINE 1,108,1 1,108,1 1,108,1 12,0,2 0,0,0 0,0,0 1,108,1 1,108,1 1,108,1
ADDLINE 5,119,1 1,119,1 1,119,1 1,119,1 1,119,1 0,0,0 12,0,2 0,0,0 0,0,0
ADDLINE 4,120,1 1,120,1 1,120,1 1,120,1 1,120,1 0,0,0 0,0,0 12,0,2 0,0,0
ADDLINE 1,131,1 1,131,1 5,131,1 1,131,1 12,0,2 0,0,0 2,131,1 1,131,1 1,131,1
ADDLINE 1,142,1 1,142,1 1,142,1 3,142,1 0,0,0 0,0,0 0,0,0 12,0,2 0,0,0
ADDLINE 1,154,1 1,154,1 1,154,1 1,154,1 1,154,1 4,154,1 2,154,1 12,0,2 0,0,0
ADDLINE 1,124,1 1,124,1 3,124,1 12,0,2 0,0,0 0,0,0 0,0,0 0,0,0 1,124,1
ADDLINE 0,0,0 2,136,1 0,0,0 1,136,1 1,136,1 1,136,1 12,0,2 4,136,1 1,136,1
ADDLINE 0,0,0 0,0,0 0,0,0 1,148,1 1,148,1 1,148,1 12,0,2 0,0,0 0,0,0
ADDLINE 1,152,1 1,152,1 1,152,1 1,152,1 1,152,1 2,152,1 12,0,2 3,152,1 1,152,1
ADDLINE 1,128,1 1,128,1 12,0,2 0,0,0 0,0,0 0,0,0 0,0,0 0,0,0 0,0,0
ADDLINE 1,134,1 1,134,1 12,0,2 1,134,1 1,134,1 1,134,1 1,134,1 1,134,1 3,134,1
ADDLINE 4,153,1 1,153,1 0,0,0 5,153,1 12,0,2 1,153,1 4,153,1 1,153,1 0,0,0
ADDLINE 1,165,1 3,165,1 12,0,2 5,165,1 0,0,0 1,165,1 1,165,1 1,165,1 0,0,0
ADDLINE 0,0,0 0,0,0 0,0,0 1,133,1 0,0,0 1,133,1 1,133,1 2,133,1 12,0,2
ADDLINE 1,138,1 1,138,1 1,138,1 1,138,1 12,0,2 1,138,1 1,138,1 2,138,1 1,138,1
ADDLINE 1,158,1 1,158,1 1,158,1 12,0,2 1,158,1 0,0,0 1,158,1 0,0,0 1,158,1
ADDLINE 1,171,1 0,0,0 12,0,2 0,0,0 4,171,1 0,0,0 1,171,1 0,0,0 2,171,1
ADDLINE 5,131,1 1,131,1 1,131,1 1,131,1 1,131,1 1,131,1 1,131,1 12,0,2 5,131,1
ADDLINE 1,150,1 1,150,1 12,0,2 1,150,1 0,0,0 0,0,0 0,0,0 0,0,0 1,150,1
ADDLINE 1,155,1 1,155,1 5,155,1 5,155,1 1,155,1 12,0,2 1,155,1 1,155,1 1,155,1
ADDLINE 4,177,1 1,177,1 1,177,1 1,177,1 1,177,1 12,0,2 2,177,1 0,0,0 0,0,0
ADDLINE 1,135,1 1,135,1 4,135,1 1,135,1 1,135,1 12,0,2 3,135,1 1,135,1 1,135,1
ADDLINE 1,155,1 1,155,1 1,155,1 1,155,1 4,155,1 12,0,2 0,0,0 0,0,0 0,0,0
ADDLINE 2,160,1 1,160,1 1,160,1 1,160,1 1,160,1 2,160,1 1,160,1 12,0,2 1,160,1
ADDLINE 1,173,1 1,173,1 4,173,1 12,0,2 1,173,1 1,173,1 2,173,1 1,173,1 1,173,1
ADDLINE 1,146,1 12,0,2 0,0,0 0,0,0 0,0,0 0,0,0 0,0,0 0,0,0 0,0,0
ADDLINE 1,152,1 3,152,1 1,152,1 1,152,1 1,152,1 12,0,2 1,152,1 4,152,1 1,152,1
ADDLINE 1,165,1 1,165,1 1,165,1 1,165,1 1,165,1 12,0,2 2,165,1 2,165,1 1,165,1
ADDLINE 1,179,1 5,179,1 3,179,1 1,179,1 1,179,1 12,0,2 1,179,1 1,179,1 5,179,1
ADDLINE 1,143,1 1,143,1 1,143,1 1,143,1 1,143,1 12,0,2 3,143,1 1,143,1 1,143,1
ADDLINE 1,157,1 1,157,1 1,157,1 1,157,1 3,157,1 12,0,2 1,157,1 1,157,1 1,157,1
ADDLINE 0,0,0 0,0,0 0,0,0 0,0,0 1,179,1 12,0,2 0,0,0 0,0,0 0,0,0
ADDLINE 2,184,1 1,184,1 1,184,1 1,184,1 2,184,1 1,184,1 5,184,1 12,0,2 1,184,1
ADDLINE 1,155,1 12,0,2 4,155,1 0,0,0 0,0,0 0,0,0 0,0,0 0,0,0 0,0,0
ADDLINE 1,169,1 12,0,2 2,169,1 3,169,1 1,169,1 1,169,1 1,169,1 0,0,0 1,169,1
ADDLINE 1,184,1 12,0,2 1,184,1 2,184,1 1,184,1 1,184,1 1,184,1 0,0,0 1,184,1
ADDLINE 3,199,1 12,0,2 1,199,1 1,199,1 1,199,1 1,199,1 1,199,1 0,0,0 3,199,1
ADDLINE 0,0,0 12,0,2 1,159,1 1,159,1 5,159,1 1,159,1 2,159,1 0,0,0 0,0,0
ADDLINE 5,166,1 1,166,1 1,166,1 1,166,1 1,166,1 1,166,1 1,166,1 1,166,1 12,0,2
ADDLINE 1,189,1 0,0,0 12,0,2 0,0,0 0,0,0 0,0,0 0,0,0 0,0,0 0,0,0
ADDLINE 4,195,1 12,0,2 1,195,1 1,195,1 5,195,1 3,195,1 1,195,1 1,195,1 1,195,1
ADDLINE 1,164,1 0,0,0 1,164,1 0,0,0 0,0,0 0,0,0 1,164,1 12,0,2 0,0,0
ADDLINE 1,179,1 3,179,1 1,179,1 12,0,2 0,0,0 5,179,1 1,179,1 1,179,1 1,179,1
ADDLINE 1,194,1 2,194,1 5,194,1 12,0,2 3,194,1 0,0,0 1,194,1 1,194,1 1,194,1
ADDLINE 1,210,1 1,210,1 1,210,1 12,0,2 1,210,1 1,210,1 0,0,0 1,210,1 1,210,1
ADDLINE 1,241,1 1,241,1 1,241,1 12,0,2 1,241,1 2,241,1 0,0,0 5,241,1 1,241,1
ADDLINE 1,242,1 5,242,1 1,242,1 1,242,1 1,242,1 1,242,1 1,242,1 12,0,2 0,0,0
ADDLINE 2,244,1 4,244,1 1,244,1 12,0,2 1,244,1 1,244,1 0,0,0 0,0,0 0,0,0
1,95,1 5,95,1 3,95,1 1,95,1 1,95,1 12,0,2 15,0,2 0,0,0 0,0,0
1,94,1 1,94,1 1,94,1 4,94,1 1,94,1 12,0,2 0,0,0 0,0,0 0,0,0
3,93,1 1,93,1 1,93,1 1,93,1 1,93,1 1,93,1 1,93,1 12,0,2 0,0,0
1,92,1 3,92,1 1,92,1 1,92,1 1,92,1 1,92,1 5,92,1 12,0,2 0,0,0
3,91,1 1,91,1 1,91,1 1,91,1 1,91,1 0,0,0 12,0,2 1,91,1 0,0,0
1,90,1 1,90,1 1,90,1 5,90,1 12,0,2 0,0,0 4,90,1 1,90,1 14,0,2
0,0,0 0,0,0 0,0,0 0,0,0 0,0,0 0,0,0 0,0,0 0,0,0 0,0,0
0,0,0 0,0,0 0,0,0 0,0,0 0,0,0 0,0,0 0,0,0 0,0,0 0,0,0
0,0,0 0,0,0 0,0,0 0,0,0 0,0,0 0,0,0 0,0,0 0,0,0 0,0,0