MODE 0
BALL 103
STARS 0/0/9600
ADDLINE 0,0,0 0,0,0 1,106,1 12,0,2 0,0,0 0,0,0 0,0,0 0,0,0 0,0,0
ADDLINE 1,102,1 3,102,1 5,102,1 12,0,2 1,102,1 1,102,1 1,102,1 1,102,1 5,102,1
ADDLINE 1,103,1 1,103,1 1,103,1 12,0,2 1,103,1 1,103,1 1,103,1 1,103,1 4,103,1
ADDLINE 1,113,1 1,113,1 1,113,1 12,0,2 1,113,1 1,113,1 2,113,1 1,113,1 1,113,1
ADDLINE 1,114,1 3,114,1 4,114,1 12,0,2 1,114,1 1,114,1 1,114,1 1,114,1 1,114,1
ADDLINE 2,125,1 3,125,1 1,125,1 12,0,2 4,125,1 1,125,1 1,125,1 1,125,1 1,125,1
ADDLINE 1,142,1 0,0,0 2,142,1 0,0,0 1,142,1 0,0,0 0,0,0 12,0,2 0,0,0
ADDLINE 1,154,1 12,0,2 1,154,1 0,0,0 1,154,1 3,154,1 1,154,1 1,154,1 1,154,1
ADDLINE 1,124,1 0,0,0 3,124,1 0,0,0 1,124,1 12,0,2 0,0,0 0,0,0 4,124,1
ADDLINE 1,136,1 1,136,1 1,136,1 0,0,0 1,136,1 1,136,1 3,136,1 12,0,2 0,0,0
ADDLINE 1,148,1 1,148,1 5,148,1 12,0,2 0,0,0 0,0,0 1,148,1 0,0,0 2,148,1
ADDLINE 3,160,1 1,160,1 0,0,0 0,0,0 12,0,2 0,0,0 0,0,0 0,0,0 1,160,1
ADDLINE 1,128,1 1,128,1 0,0,0 12,0,2 1,128,1 2,128,1 0,0,0 0,0,0 1,128,1
ADDLINE 4,141,1 3,141,1 12,0,2 0,0,0 1,141,1 1,141,1 1,141,1 0,0,0 2,141,1
ADDLINE 1,153,1 1,153,1 0,0,0 1,153,1 1,153,1 12,0,2 0,0,0 0,0,0 1,153,1
ADDLINE 1,165,1 0,0,0 0,0,0 0,0,0 12,0,2 0,0,0 1,165,1 1,165,1 3,165,1
ADDLINE 1,133,1 12,0,2 1,133,1 0,0,0 5,133,1 1,133,1 5,133,1 1,133,1 1,133,1
ADDLINE 1,145,1 12,0,2 0,0,0 1,145,1 1,145,1 1,145,1 0,0,0 1,145,1 4,145,1
ADDLINE 1,151,1 1,151,1 1,151,1 1,151,1 12,0,2 1,151,1 1,151,1 5,151,1 1,151,1
ADDLINE 3,171,1 0,0,0 0,0,0 12,0,2 0,0,0 1,171,1 1,171,1 1,171,1 1,171,1
ADDLINE 0,0,0 12,0,2 5,137,1 4,137,1 1,137,1 1,137,1 1,137,1 1,137,1 3,137,1
ADDLINE 12,0,2 1,143,1 4,143,1 1,143,1 1,143,1 1,143,1 2,143,1 1,143,1 1,143,1
ADDLINE 0,0,0 0,0,0 0,0,0 0,0,0 12,0,2 0,0,0 1,163,1 5,163,1 1,163,1
ADDLINE 1,177,1 1,177,1 4,177,1 1,177,1 1,177,1 0,0,0 12,0,2 0,0,0 0,0,0
ADDLINE 1,142,1 1,142,1 3,142,1 1,142,1 1,142,1 0,0,0 12,0,2 0,0,0 0,0,0
ADDLINE 4,155,1 1,155,1 5,155,1 1,155,1 3,155,1 0,0,0 12,0,2 0,0,0 0,0,0
ADDLINE 1,168,1 1,168,1 1,168,1 1,168,1 1,168,1 1,168,1 1,168,1 12,0,2 0,0,0
ADDLINE 1,182,1 2,182,1 1,182,1 1,182,1 1,182,1 12,0,2 0,0,0 0,0,0 0,0,0
ADDLINE 1,146,1 1,146,1 4,146,1 1,146,1 0,0,0 12,0,2 0,0,0 0,0,0 0,0,0
ADDLINE 3,160,1 1,160,1 4,160,1 1,160,1 1,160,1 0,0,0 0,0,0 12,0,2 0,0,0
ADDLINE 1,174,1 3,174,1 1,174,1 1,174,1 12,0,2 0,0,0 1,174,1 1,174,1 0,0,0
ADDLINE 5,188,1 1,188,1 4,188,1 1,188,1 12,0,2 0,0,0 0,0,0 0,0,0 0,0,0
ADDLINE 5,150,1 1,150,1 1,150,1 1,150,1 0,0,0 0,0,0 12,0,2 0,0,0 0,0,0
ADDLINE 1,165,1 1,165,1 1,165,1 1,165,1 12,0,2 1,165,1 1,165,1 0,0,0 0,0,0
ADDLINE 1,179,1 1,179,1 4,179,1 1,179,1 0,0,0 12,0,2 0,0,0 0,0,0 3,179,1
ADDLINE 2,193,1 1,193,1 1,193,1 4,193,1 1,193,1 12,0,2 0,0,0 1,193,1 1,193,1
ADDLINE 3,155,1 1,155,1 12,0,2 0,0,0 1,155,1 1,155,1 4,155,1 1,155,1 0,0,0
ADDLINE 0,0,0 0,0,0 0,0,0 1,169,1 1,169,1 2,169,1 1,169,1 1,169,1 12,0,2
ADDLINE 0,0,0 1,184,1 0,0,0 1,184,1 0,0,0 0,0,0 2,184,1 12,0,2 0,0,0
ADDLINE 1,199,1 1,199,1 3,199,1 12,0,2 2,199,1 1,199,1 1,199,1 1,199,1 0,0,0
ADDLINE 1,159,1 1,159,1 1,159,1 0,0,0 1,159,1 1,159,1 0,0,0 12,0,2 0,0,0
ADDLINE 1,174,1 4,174,1 0,0,0 12,0,2 0,0,0 0,0,0 0,0,0 1,174,1 3,174,1
ADDLINE 1,189,1 3,189,1 0,0,0 1,189,1 1,189,1 12,0,2 0,0,0 1,189,1 1,189,1
ADDLINE 1,205,1 1,205,1 0,0,0 12,0,2 1,205,1 4,205,1 0,0,0 0,0,0 2,205,1
ADDLINE 1,164,1 1,164,1 12,0,2 0,0,0 3,164,1 1,164,1 0,0,0 0,0,0 1,164,1
ADDLINE 12,0,2 2,170,1 1,170,1 1,170,1 3,170,1 1,170,1 2,170,1 5,170,1 1,170,1
ADDLINE 0,0,0 12,0,2 0,0,0 1,194,1 1,194,1 1,194,1 1,194,1 5,194,1 1,194,1
ADDLINE 0,0,0 0,0,0 12,0,2 1,210,1 1,210,1 1,210,1 1,210,1 1,210,1 1,210,1
ADDLINE 12,0,2 1,229,1 4,229,1 1,229,1 1,229,1 1,229,1 2,229,1 1,229,1 1,229,1
ADDLINE 0,0,0 12,0,2 5,242,1 1,242,1 1,242,1 1,242,1 1,242,1 4,242,1 1,242,1
ADDLINE 1,244,1 0,0,0 12,0,2 0,0,0 0,0,0 0,0,0 0,0,0 0,0,0 0,0,0
0,0,0 0,0,0 0,0,0 0,0,0 0,0,0 12,0,2 4,95,1 15,0,2 0,0,0
1,90,1 2,90,1 1,90,1 1,90,1 1,90,1 12,0,2 1,90,1 1,90,1 1,90,1
1,93,1 1,93,1 1,93,1 3,93,1 1,93,1 0,0,0 12,0,2 0,0,0 4,93,1
1,92,1 1,92,1 1,92,1 1,92,1 5,92,1 12,0,2 1,92,1 0,0,0 1,92,1
14,0,2 0,0,0 0,0,0 12,0,2 1,91,1 0,0,0 1,91,1 0,0,0 1,91,1
2,86,1 4,86,1 1,86,1 5,86,1 1,86,1 1,86,1 1,86,1 12,0,2 1,86,1
0,0,0 0,0,0 0,0,0 0,0,0 0,0,0 0,0,0 0,0,0 0,0,0 0,0,0
0,0,0 0,0,0 0,0,0 0,0,0 0,0,0 0,0,0 0,0,0 0,0,0 0,0,0
0,0,0 0,0,0 0,0,0 0,0,0 0,0,0 0,0,0 0,0,0 0,0,0 0,0,0