MODE 0
BALL 50
STARS 0/1800/2600
ADDLINE 0,0,0 0,0,0 1,53,1 1,106,1 17,53,1 1,106,1 12,0,2 1,53,1 0,0,0
ADDLINE 1,51,1 1,51,1 1,51,1 1,51,1 1,102,1 12,0,2 0,0,0 1,51,1 1,51,1
ADDLINE 0,0,0 1,61,1 0,0,0 0,0,0 12,0,2 1,61,1 0,0,0 1,61,1 0,0,0
ADDLINE 1,62,1 1,124,1 0,0,0 1,62,1 1,62,1 1,62,1 0,0,0 1,124,1 12,0,2
ADDLINE 1,63,1 17,63,1 1,126,1 1,63,1 0,0,0 0,0,0 12,0,2 1,126,1 1,63,1
ADDLINE 1,88,1 1,176,1 0,0,0 1,88,1 12,0,2 1,88,1 1,176,1 17,88,1 1,88,1
0,0,0 12,0,2 1,98,1 1,98,1 1,98,1 1,98,1 1,49,1 1,49,1 1,49,1
12,0,2 1,51,1 1,102,1 17,51,1 1,102,1 1,51,1 0,0,0 1,51,1 0,0,0
0,0,0 1,50,1 12,0,2 1,100,1 1,100,1 1,50,1 0,0,0 1,50,1 1,50,1
0,0,0 1,49,1 0,0,0 0,0,0 0,0,0 0,0,0 1,49,1 12,0,2 1,49,1
0,0,0 12,0,2 0,0,0 1,96,1 1,48,1 1,48,1 0,0,0 0,0,0 0,0,0
1,47,1 1,47,1 0,0,0 0,0,0 0,0,0 1,47,1 1,47,1 1,47,1 12,0,2
0,0,0 0,0,0 0,0,0 0,0,0 0,0,0 0,0,0 0,0,0 0,0,0 0,0,0
0,0,0 0,0,0 0,0,0 0,0,0 0,0,0 0,0,0 0,0,0 0,0,0 0,0,0
0,0,0 0,0,0 0,0,0 0,0,0 0,0,0 0,0,0 0,0,0 0,0,0 0,0,0