MODE 0
BALL 103
STARS 0/0/9600
ADDLINE 1,106,1 1,106,1 1,106,1 1,106,1 1,106,1 1,106,1 0,0,0 12,0,2 0,0,0
ADDLINE 1,107,1 1,107,1 1,107,1 1,107,1 1,107,1 0,0,0 12,0,2 1,107,1 0,0,0
ADDLINE 1,108,1 1,108,1 1,108,1 1,108,1 1,108,1 12,0,2 0,0,0 1,108,1 0,0,0
ADDLINE 1,119,1 1,119,1 1,119,1 1,119,1 1,119,1 1,119,1 0,0,0 12,0,2 0,0,0
ADDLINE 1,120,1 1,120,1 1,120,1 1,120,1 1,120,1 0,0,0 0,0,0 12,0,2 0,0,0
ADDLINE 1,131,1 1,131,1 1,131,1 1,131,1 1,131,1 12,0,2 1,131,1 1,131,1 0,0,0
ADDLINE 1,142,1 1,142,1 1,142,1 1,142,1 0,0,0 12,0,2 1,142,1 0,0,0 0,0,0
ADDLINE 1,154,1 0,0,0 0,0,0 0,0,0 0,0,0 1,154,1 12,0,2 0,0,0 1,154,1
ADDLINE 1,124,1 0,0,0 0,0,0 0,0,0 12,0,2 0,0,0 0,0,0 1,124,1 1,124,1
ADDLINE 0,0,0 1,136,1 1,136,1 1,136,1 0,0,0 1,136,1 12,0,2 1,136,1 1,136,1
ADDLINE 0,0,0 1,148,1 1,148,1 1,148,1 12,0,2 1,148,1 0,0,0 1,148,1 1,148,1
ADDLINE 0,0,0 1,160,1 1,160,1 1,160,1 12,0,2 1,160,1 1,160,1 1,160,1 1,160,1
ADDLINE 0,0,0 1,128,1 0,0,0 0,0,0 0,0,0 0,0,0 12,0,2 0,0,0 1,128,1
ADDLINE 1,141,1 1,141,1 12,0,2 1,141,1 1,141,1 1,141,1 0,0,0 1,141,1 1,141,1
ADDLINE 0,0,0 0,0,0 0,0,0 1,153,1 1,153,1 1,153,1 0,0,0 0,0,0 12,0,2
ADDLINE 1,157,1 1,157,1 1,157,1 1,157,1 1,157,1 1,157,1 1,157,1 1,157,1 12,0,2
ADDLINE 0,0,0 1,133,1 0,0,0 1,133,1 1,133,1 1,133,1 12,0,2 1,133,1 0,0,0
ADDLINE 0,0,0 1,145,1 12,0,2 1,145,1 1,145,1 1,145,1 1,145,1 1,145,1 1,145,1
ADDLINE 1,158,1 1,158,1 1,158,1 12,0,2 1,158,1 1,158,1 1,158,1 0,0,0 1,158,1
ADDLINE 1,171,1 1,171,1 1,171,1 0,0,0 1,171,1 0,0,0 12,0,2 0,0,0 1,171,1
ADDLINE 1,131,1 1,131,1 1,131,1 1,131,1 1,131,1 12,0,2 1,131,1 1,131,1 1,131,1
ADDLINE 1,150,1 12,0,2 0,0,0 0,0,0 1,150,1 0,0,0 1,150,1 1,150,1 1,150,1
ADDLINE 1,155,1 1,155,1 1,155,1 1,155,1 1,155,1 12,0,2 1,155,1 1,155,1 1,155,1
ADDLINE 0,0,0 1,177,1 0,0,0 0,0,0 1,177,1 1,177,1 0,0,0 1,177,1 12,0,2
ADDLINE 1,142,1 1,142,1 1,142,1 1,142,1 1,142,1 12,0,2 1,142,1 0,0,0 1,142,1
ADDLINE 1,155,1 1,155,1 1,155,1 1,155,1 1,155,1 12,0,2 1,155,1 0,0,0 1,155,1
ADDLINE 1,160,1 1,160,1 1,160,1 1,160,1 1,160,1 1,160,1 1,160,1 12,0,2 1,160,1
ADDLINE 1,182,1 1,182,1 1,182,1 12,0,2 1,182,1 1,182,1 1,182,1 0,0,0 1,182,1
ADDLINE 1,146,1 1,146,1 1,146,1 0,0,0 12,0,2 0,0,0 0,0,0 0,0,0 0,0,0
ADDLINE 1,160,1 1,160,1 1,160,1 12,0,2 1,160,1 0,0,0 1,160,1 1,160,1 1,160,1
ADDLINE 1,174,1 1,174,1 1,174,1 12,0,2 1,174,1 0,0,0 1,174,1 1,174,1 1,174,1
ADDLINE 1,179,1 1,179,1 1,179,1 12,0,2 1,179,1 1,179,1 1,179,1 1,179,1 1,179,1
ADDLINE 0,0,0 0,0,0 12,0,2 0,0,0 1,150,1 0,0,0 1,150,1 1,150,1 1,150,1
ADDLINE 1,157,1 1,157,1 1,157,1 1,157,1 1,157,1 12,0,2 1,157,1 1,157,1 1,157,1
ADDLINE 0,0,0 12,0,2 1,179,1 1,179,1 1,179,1 1,179,1 1,179,1 0,0,0 1,179,1
ADDLINE 1,184,1 1,184,1 1,184,1 1,184,1 1,184,1 12,0,2 1,184,1 1,184,1 1,184,1
ADDLINE 0,0,0 0,0,0 12,0,2 1,155,1 0,0,0 0,0,0 0,0,0 0,0,0 0,0,0
ADDLINE 1,169,1 1,169,1 1,169,1 1,169,1 12,0,2 1,169,1 1,169,1 1,169,1 0,0,0
ADDLINE 0,0,0 1,184,1 1,184,1 1,184,1 0,0,0 12,0,2 0,0,0 1,184,1 0,0,0
ADDLINE 0,0,0 1,199,1 1,199,1 1,199,1 0,0,0 1,199,1 1,199,1 1,199,1 12,0,2
ADDLINE 0,0,0 1,159,1 1,159,1 1,159,1 0,0,0 1,159,1 1,159,1 1,159,1 12,0,2
ADDLINE 0,0,0 1,174,1 1,174,1 1,174,1 12,0,2 1,174,1 1,174,1 1,174,1 0,0,0
ADDLINE 0,0,0 12,0,2 0,0,0 1,189,1 0,0,0 1,189,1 1,189,1 1,189,1 0,0,0
ADDLINE 0,0,0 1,205,1 1,205,1 1,205,1 12,0,2 1,205,1 1,205,1 1,205,1 1,205,1
ADDLINE 0,0,0 1,164,1 12,0,2 1,164,1 0,0,0 0,0,0 0,0,0 0,0,0 0,0,0
ADDLINE 1,170,1 1,170,1 1,170,1 1,170,1 12,0,2 1,170,1 1,170,1 1,170,1 1,170,1
ADDLINE 1,194,1 1,194,1 1,194,1 1,194,1 0,0,0 0,0,0 12,0,2 0,0,0 0,0,0
ADDLINE 1,200,1 1,200,1 1,200,1 1,200,1 1,200,1 1,200,1 1,200,1 1,200,1 12,0,2
ADDLINE 1,241,1 1,241,1 1,241,1 1,241,1 1,241,1 1,241,1 12,0,2 0,0,0 0,0,0
ADDLINE 1,242,1 1,242,1 1,242,1 0,0,0 12,0,2 0,0,0 0,0,0 1,242,1 1,242,1
ADDLINE 1,232,1 1,232,1 1,232,1 12,0,2 1,232,1 1,232,1 1,232,1 1,232,1 1,232,1
0,0,0 0,0,0 0,0,0 0,0,0 12,0,2 1,95,1 1,95,1 1,95,1 1,95,1
0,0,0 0,0,0 1,94,1 1,94,1 12,0,2 1,94,1 1,94,1 1,94,1 1,94,1
1,93,1 12,0,2 1,93,1 0,0,0 0,0,0 1,93,1 1,93,1 1,93,1 1,93,1
1,92,1 0,0,0 1,92,1 12,0,2 0,0,0 1,92,1 1,92,1 1,92,1 1,92,1
1,91,1 0,0,0 1,91,1 1,91,1 0,0,0 0,0,0 0,0,0 1,91,1 1,91,1
1,90,1 1,90,1 1,90,1 1,90,1 1,90,1 1,90,1 0,0,0 12,0,2 0,0,0
0,0,0 0,0,0 0,0,0 0,0,0 0,0,0 0,0,0 0,0,0 0,0,0 0,0,0
0,0,0 0,0,0 0,0,0 0,0,0 0,0,0 0,0,0 0,0,0 0,0,0 0,0,0
0,0,0 0,0,0 0,0,0 0,0,0 0,0,0 0,0,0 0,0,0 0,0,0 0,0,0