MODE 0
BALL 103
STARS 0/0/13100
ADDLINE 1,106,1 17,106,1 1,212,1 1,106,1 1,106,1 12,0,2 1,106,1 1,106,1 1,106,1
ADDLINE 1,102,1 1,204,1 1,204,1 1,102,1 1,102,1 12,0,2 1,102,1 1,102,1 1,102,1
ADDLINE 1,103,1 1,103,1 1,103,1 1,206,1 1,206,1 12,0,2 1,103,1 1,103,1 1,103,1
ADDLINE 1,119,1 1,238,1 1,238,1 1,238,1 20,119,1 12,0,2 0,0,0 0,0,0 1,119,1
ADDLINE 1,120,1 1,240,1 17,120,1 1,240,1 1,240,1 12,0,2 1,120,1 1,120,1 1,120,1
ADDLINE 1,131,1 0,0,0 1,262,1 1,262,1 12,0,2 0,0,0 0,0,0 1,262,1 1,262,1
ADDLINE 1,142,1 1,142,1 1,142,1 1,142,1 1,142,1 1,142,1 1,142,1 12,0,2 17,142,1
ADDLINE 1,308,1 1,308,1 12,0,2 0,0,0 1,154,1 1,154,1 1,154,1 0,0,0 1,308,1
ADDLINE 19,124,1 1,248,1 1,248,1 12,0,2 1,248,1 1,248,1 1,248,1 0,0,0 1,248,1
ADDLINE 0,0,0 1,272,1 0,0,0 0,0,0 12,0,2 0,0,0 1,272,1 1,272,1 1,136,1
ADDLINE 7,0,2 1,296,1 1,148,1 1,148,1 1,148,1 12,0,2 1,296,1 20,148,1 1,148,1
ADDLINE 0,0,0 1,320,1 1,160,1 1,160,1 1,160,1 12,0,2 1,320,1 1,320,1 1,160,1
ADDLINE 0,0,0 0,0,0 0,0,0 12,0,2 1,256,1 1,256,1 0,0,0 1,128,1 0,0,0
ADDLINE 1,141,1 1,141,1 1,141,1 0,0,0 12,0,2 17,141,1 1,282,1 1,141,1 0,0,0
ADDLINE 1,153,1 1,153,1 1,153,1 1,153,1 1,306,1 12,0,2 1,306,1 1,153,1 0,0,0
ADDLINE 1,330,1 1,330,1 1,330,1 1,330,1 1,330,1 12,0,2 1,330,1 1,330,1 8,0,2
ADDLINE 17,133,1 1,266,1 0,0,0 12,0,2 0,0,0 1,133,1 0,0,0 0,0,0 0,0,0
ADDLINE 1,290,1 1,290,1 0,0,0 0,0,0 12,0,2 0,0,0 0,0,0 1,145,1 1,145,1
ADDLINE 1,151,1 12,0,2 1,151,1 1,151,1 1,151,1 1,151,1 1,151,1 1,302,1 1,302,1
ADDLINE 0,0,0 12,0,2 1,171,1 1,171,1 1,171,1 1,171,1 1,171,1 1,342,1 20,171,1
ADDLINE 0,0,0 0,0,0 0,0,0 12,0,2 0,0,0 1,137,1 1,137,1 1,274,1 1,274,1
ADDLINE 1,300,1 1,300,1 1,300,1 16,150,1 12,0,2 1,300,1 1,300,1 8,0,2 0,0,0
ADDLINE 1,163,1 1,163,1 1,326,1 17,163,1 1,326,1 0,0,0 0,0,0 12,0,2 0,0,0
ADDLINE 1,168,1 1,168,1 1,336,1 1,336,1 1,336,1 12,0,2 1,168,1 1,168,1 1,168,1
ADDLINE 1,135,1 1,135,1 1,135,1 1,135,1 1,135,1 12,0,2 1,135,1 1,135,1 1,135,1
ADDLINE 1,310,1 1,310,1 1,310,1 12,0,2 1,310,1 0,0,0 1,310,1 1,310,1 16,155,1
ADDLINE 11,0,2 0,0,0 12,0,2 1,336,1 1,336,1 1,336,1 1,336,1 16,168,1 1,336,1
ADDLINE 1,346,1 1,346,1 1,173,1 1,173,1 1,173,1 1,173,1 1,173,1 12,0,2 1,173,1
ADDLINE 1,146,1 1,146,1 1,146,1 0,0,0 12,0,2 0,0,0 0,0,0 0,0,0 1,146,1
ADDLINE 1,160,1 1,160,1 12,0,2 0,0,0 1,160,1 1,160,1 1,320,1 1,320,1 1,160,1
ADDLINE 1,174,1 12,0,2 11,0,2 1,348,1 1,174,1 1,174,1 1,348,1 7,0,2 1,174,1
ADDLINE 1,376,1 10,0,2 12,0,2 0,0,0 1,376,1 1,376,1 1,376,1 1,376,1 1,376,1
ADDLINE 1,150,1 1,300,1 12,0,2 0,0,0 1,150,1 1,300,1 7,0,2 1,300,1 1,150,1
ADDLINE 1,157,1 1,157,1 12,0,2 1,157,1 1,157,1 1,314,1 1,314,1 1,314,1 1,157,1
ADDLINE 1,179,1 1,179,1 0,0,0 0,0,0 1,179,1 0,0,0 12,0,2 0,0,0 1,179,1
ADDLINE 1,386,1 12,0,2 0,0,0 0,0,0 0,0,0 0,0,0 0,0,0 0,0,0 1,193,1
ADDLINE 17,155,1 1,310,1 0,0,0 1,155,1 0,0,0 12,0,2 0,0,0 0,0,0 0,0,0
ADDLINE 0,0,0 1,338,1 1,169,1 1,169,1 0,0,0 12,0,2 0,0,0 0,0,0 0,0,0
ADDLINE 0,0,0 1,184,1 12,0,2 0,0,0 0,0,0 1,184,1 1,184,1 1,184,1 1,184,1
ADDLINE 1,398,1 1,398,1 1,398,1 12,0,2 8,0,2 1,398,1 0,0,0 1,398,1 16,199,1
ADDLINE 1,159,1 1,159,1 1,159,1 1,159,1 0,0,0 0,0,0 0,0,0 12,0,2 0,0,0
ADDLINE 1,174,1 1,174,1 1,174,1 1,174,1 1,174,1 12,0,2 1,348,1 1,348,1 0,0,0
ADDLINE 1,378,1 1,378,1 1,378,1 1,378,1 1,378,1 0,0,0 12,0,2 10,0,2 0,0,0
ADDLINE 1,205,1 1,205,1 1,205,1 1,205,1 1,205,1 12,0,2 1,410,1 1,410,1 7,0,2
ADDLINE 1,164,1 1,164,1 1,164,1 1,164,1 1,164,1 12,0,2 0,0,0 0,0,0 0,0,0
ADDLINE 1,170,1 1,170,1 1,170,1 12,0,2 1,170,1 1,170,1 1,340,1 1,340,1 1,170,1
ADDLINE 1,194,1 1,194,1 1,194,1 12,0,2 0,0,0 1,194,1 1,388,1 7,0,2 1,194,1
ADDLINE 1,200,1 1,400,1 1,400,1 1,200,1 12,0,2 1,200,1 1,400,1 1,400,1 1,200,1
ADDLINE 1,241,1 20,241,1 0,0,0 12,0,2 0,0,0 1,241,1 1,241,1 1,241,1 1,241,1
ADDLINE 1,242,1 1,484,1 1,484,1 12,0,2 0,0,0 1,242,1 1,242,1 1,242,1 1,242,1
ADDLINE 1,244,1 17,244,1 1,488,1 1,244,1 12,0,2 0,0,0 0,0,0 0,0,0 0,0,0
1,95,1 1,190,1 1,190,1 1,190,1 12,0,2 1,95,1 0,0,0 1,95,1 1,95,1
0,0,0 1,188,1 17,94,1 12,0,2 0,0,0 1,94,1 0,0,0 1,94,1 1,94,1
0,0,0 1,186,1 1,186,1 1,186,1 12,0,2 1,93,1 0,0,0 1,93,1 1,93,1
0,0,0 1,92,1 1,184,1 1,92,1 0,0,0 12,0,2 0,0,0 0,0,0 0,0,0
1,87,1 1,87,1 1,174,1 1,87,1 12,0,2 1,87,1 1,87,1 1,87,1 1,87,1
0,0,0 1,90,1 1,180,1 1,90,1 12,0,2 1,90,1 1,90,1 1,90,1 1,90,1
0,0,0 0,0,0 0,0,0 0,0,0 0,0,0 0,0,0 0,0,0 0,0,0 0,0,0
0,0,0 0,0,0 0,0,0 0,0,0 0,0,0 0,0,0 0,0,0 0,0,0 0,0,0
0,0,0 0,0,0 0,0,0 0,0,0 0,0,0 0,0,0 0,0,0 0,0,0 0,0,0