MODE 0
BALL 103
STARS 0/0/13400
ADDLINE 1,101,1 1,101,1 1,101,1 12,0,2 1,101,1 1,101,1 1,101,1 1,101,1 1,101,1
ADDLINE 1,107,1 0,0,0 12,0,2 0,0,0 1,107,1 1,107,1 1,107,1 1,107,1 1,107,1
ADDLINE 1,103,1 12,0,2 1,103,1 1,103,1 1,103,1 1,103,1 1,103,1 1,103,1 1,103,1
ADDLINE 0,0,0 12,0,2 1,119,1 1,119,1 1,119,1 1,119,1 1,119,1 1,119,1 1,119,1
ADDLINE 0,0,0 0,0,0 12,0,2 1,120,1 1,120,1 1,120,1 1,120,1 1,120,1 1,120,1
ADDLINE 1,131,1 1,131,1 12,0,2 0,0,0 0,0,0 1,131,1 1,131,1 1,131,1 1,131,1
ADDLINE 0,0,0 0,0,0 0,0,0 0,0,0 12,0,2 1,142,1 1,142,1 1,142,1 1,142,1
ADDLINE 0,0,0 0,0,0 0,0,0 0,0,0 0,0,0 12,0,2 0,0,0 1,154,1 1,154,1
ADDLINE 1,124,1 1,124,1 1,124,1 1,124,1 1,124,1 1,124,1 0,0,0 12,0,2 0,0,0
ADDLINE 1,136,1 1,136,1 1,136,1 1,136,1 1,136,1 12,0,2 1,136,1 0,0,0 1,136,1
ADDLINE 1,148,1 0,0,0 0,0,0 0,0,0 0,0,0 0,0,0 1,148,1 12,0,2 0,0,0
ADDLINE 1,152,1 1,152,1 1,152,1 1,152,1 1,152,1 1,152,1 1,152,1 12,0,2 1,152,1
ADDLINE 0,0,0 0,0,0 0,0,0 0,0,0 1,128,1 0,0,0 12,0,2 0,0,0 1,128,1
ADDLINE 1,134,1 1,134,1 1,134,1 12,0,2 1,134,1 1,134,1 1,134,1 1,134,1 1,134,1
ADDLINE 1,153,1 1,153,1 1,153,1 12,0,2 0,0,0 0,0,0 0,0,0 0,0,0 0,0,0
ADDLINE 1,157,1 1,157,1 1,157,1 12,0,2 1,157,1 1,157,1 1,157,1 1,157,1 1,157,1
ADDLINE 0,0,0 0,0,0 0,0,0 12,0,2 1,133,1 1,133,1 1,133,1 1,133,1 1,133,1
ADDLINE 1,138,1 1,138,1 1,138,1 12,0,2 1,138,1 1,138,1 1,138,1 1,138,1 1,138,1
ADDLINE 1,158,1 12,0,2 1,158,1 1,158,1 1,158,1 1,158,1 1,158,1 0,0,0 1,158,1
ADDLINE 1,171,1 12,0,2 1,171,1 1,171,1 1,171,1 1,171,1 1,171,1 0,0,0 1,171,1
ADDLINE 0,0,0 0,0,0 0,0,0 0,0,0 12,0,2 0,0,0 1,137,1 0,0,0 1,137,1
ADDLINE 1,143,1 12,0,2 1,143,1 1,143,1 1,143,1 1,143,1 1,143,1 1,143,1 1,143,1
ADDLINE 0,0,0 0,0,0 0,0,0 12,0,2 1,163,1 1,163,1 1,163,1 1,163,1 1,163,1
ADDLINE 1,168,1 1,168,1 1,168,1 12,0,2 1,168,1 1,168,1 1,168,1 1,168,1 1,168,1
ADDLINE 1,135,1 1,135,1 1,135,1 12,0,2 1,135,1 1,135,1 1,135,1 1,135,1 1,135,1
ADDLINE 1,148,1 1,148,1 1,148,1 12,0,2 1,148,1 1,148,1 1,148,1 1,148,1 1,148,1
ADDLINE 1,168,1 1,168,1 1,168,1 12,0,2 1,168,1 0,0,0 0,0,0 0,0,0 1,168,1
ADDLINE 0,0,0 1,182,1 1,182,1 1,182,1 0,0,0 1,182,1 0,0,0 1,182,1 12,0,2
ADDLINE 0,0,0 1,146,1 1,146,1 1,146,1 0,0,0 1,146,1 0,0,0 1,146,1 12,0,2
ADDLINE 1,160,1 1,160,1 1,160,1 1,160,1 0,0,0 1,160,1 12,0,2 1,160,1 0,0,0
ADDLINE 0,0,0 1,174,1 1,174,1 1,174,1 0,0,0 1,174,1 12,0,2 1,174,1 0,0,0
ADDLINE 0,0,0 1,188,1 1,188,1 1,188,1 12,0,2 1,188,1 1,188,1 1,188,1 1,188,1
ADDLINE 1,150,1 12,0,2 1,150,1 0,0,0 1,150,1 1,150,1 1,150,1 0,0,0 1,150,1
ADDLINE 1,157,1 1,157,1 12,0,2 1,157,1 1,157,1 1,157,1 1,157,1 1,157,1 1,157,1
ADDLINE 1,179,1 1,179,1 12,0,2 1,179,1 1,179,1 1,179,1 1,179,1 1,179,1 0,0,0
ADDLINE 1,193,1 1,193,1 12,0,2 1,193,1 1,193,1 1,193,1 1,193,1 1,193,1 0,0,0
ADDLINE 1,155,1 1,155,1 1,155,1 12,0,2 1,155,1 0,0,0 1,155,1 1,155,1 1,155,1
ADDLINE 1,169,1 0,0,0 1,169,1 12,0,2 1,169,1 0,0,0 1,169,1 1,169,1 1,169,1
ADDLINE 1,184,1 12,0,2 1,184,1 1,184,1 1,184,1 0,0,0 1,184,1 1,184,1 1,184,1
ADDLINE 1,199,1 0,0,0 1,199,1 0,0,0 0,0,0 0,0,0 0,0,0 12,0,2 0,0,0
ADDLINE 1,159,1 12,0,2 1,159,1 0,0,0 1,159,1 1,159,1 1,159,1 1,159,1 1,159,1
ADDLINE 0,0,0 0,0,0 0,0,0 12,0,2 1,174,1 1,174,1 1,174,1 1,174,1 1,174,1
ADDLINE 1,180,1 1,180,1 1,180,1 12,0,2 1,180,1 1,180,1 1,180,1 1,180,1 1,180,1
ADDLINE 1,205,1 1,205,1 1,205,1 0,0,0 0,0,0 12,0,2 0,0,0 0,0,0 0,0,0
ADDLINE 1,156,1 1,156,1 1,156,1 12,0,2 1,156,1 1,156,1 1,156,1 1,156,1 1,156,1
ADDLINE 1,179,1 1,179,1 1,179,1 1,179,1 1,179,1 0,0,0 12,0,2 0,0,0 1,179,1
ADDLINE 1,194,1 1,194,1 1,194,1 1,194,1 1,194,1 12,0,2 1,194,1 1,194,1 0,0,0
ADDLINE 1,210,1 1,210,1 1,210,1 1,210,1 1,210,1 12,0,2 1,210,1 1,210,1 0,0,0
ADDLINE 1,241,1 0,0,0 12,0,2 0,0,0 0,0,0 0,0,0 1,241,1 1,241,1 0,0,0
ADDLINE 1,242,1 1,242,1 1,242,1 1,242,1 1,242,1 12,0,2 1,242,1 1,242,1 0,0,0
ADDLINE 1,244,1 1,244,1 1,244,1 1,244,1 1,244,1 12,0,2 1,244,1 1,244,1 0,0,0
1,95,1 12,0,2 0,0,0 0,0,0 0,0,0 0,0,0 1,95,1 1,95,1 1,95,1
1,94,1 12,0,2 1,94,1 1,94,1 1,94,1 0,0,0 1,94,1 1,94,1 1,94,1
1,93,1 12,0,2 1,93,1 1,93,1 1,93,1 0,0,0 1,93,1 1,93,1 1,93,1
1,92,1 1,92,1 1,92,1 12,0,2 0,0,0 0,0,0 0,0,0 1,92,1 1,92,1
1,91,1 1,91,1 1,91,1 1,91,1 12,0,2 1,91,1 0,0,0 1,91,1 1,91,1
1,90,1 1,90,1 1,90,1 1,90,1 12,0,2 1,90,1 0,0,0 1,90,1 1,90,1
0,0,0 0,0,0 0,0,0 0,0,0 0,0,0 0,0,0 0,0,0 0,0,0 0,0,0
0,0,0 0,0,0 0,0,0 0,0,0 0,0,0 0,0,0 0,0,0 0,0,0 0,0,0
0,0,0 0,0,0 0,0,0 0,0,0 0,0,0 0,0,0 0,0,0 0,0,0 0,0,0