MODE 0
BALL 103
STARS 0/0/9500
ADDLINE 1,212,1 1,212,1 1,212,1 12,0,2 0,0,0 10,0,2 1,212,1 1,212,1 1,212,1
ADDLINE 1,214,1 1,214,1 12,0,2 8,0,2 1,214,1 0,0,0 1,214,1 1,214,1 1,214,1
ADDLINE 3,108,1 1,108,1 12,0,2 1,108,1 1,108,1 0,0,0 1,108,1 2,108,1 1,108,1
ADDLINE 1,119,1 1,119,1 12,0,2 1,119,1 5,119,1 1,119,1 0,0,0 1,119,1 5,119,1
ADDLINE 0,0,0 0,0,0 4,120,1 3,120,1 0,0,0 12,0,2 0,0,0 1,120,1 1,120,1
ADDLINE 0,0,0 1,262,1 1,131,1 12,0,2 1,131,1 1,131,1 1,131,1 1,131,1 1,131,1
ADDLINE 10,0,2 1,284,1 1,284,1 12,0,2 1,284,1 1,284,1 1,284,1 1,284,1 1,284,1
ADDLINE 0,0,0 0,0,0 1,154,1 12,0,2 5,154,1 3,154,1 1,154,1 2,154,1 1,154,1
ADDLINE 1,124,1 0,0,0 12,0,2 0,0,0 1,124,1 1,124,1 1,124,1 1,124,1 1,124,1
ADDLINE 0,0,0 1,136,1 4,136,1 1,136,1 2,136,1 1,136,1 12,0,2 1,136,1 0,0,0
ADDLINE 12,0,2 5,141,1 1,141,1 5,141,1 1,141,1 1,141,1 1,141,1 1,141,1 1,141,1
ADDLINE 0,0,0 1,160,1 1,160,1 1,160,1 1,160,1 4,160,1 12,0,2 1,160,1 0,0,0
ADDLINE 8,0,2 1,256,1 1,256,1 1,256,1 1,256,1 1,256,1 0,0,0 1,256,1 12,0,2
ADDLINE 0,0,0 1,141,1 0,0,0 0,0,0 0,0,0 12,0,2 0,0,0 1,141,1 0,0,0
ADDLINE 0,0,0 1,153,1 3,153,1 1,153,1 4,153,1 1,153,1 12,0,2 1,153,1 1,153,1
ADDLINE 0,0,0 0,0,0 0,0,0 12,0,2 0,0,0 1,165,1 0,0,0 5,165,1 1,165,1
ADDLINE 0,0,0 1,133,1 1,133,1 1,133,1 0,0,0 1,133,1 12,0,2 1,133,1 1,133,1
ADDLINE 0,0,0 4,145,1 12,0,2 0,0,0 0,0,0 1,145,1 0,0,0 2,145,1 1,145,1
ADDLINE 1,151,1 1,151,1 1,151,1 12,0,2 1,151,1 1,151,1 3,151,1 1,151,1 1,151,1
ADDLINE 0,0,0 11,0,2 1,342,1 12,0,2 3,171,1 1,171,1 1,171,1 1,171,1 1,171,1
ADDLINE 1,131,1 1,262,1 1,262,1 12,0,2 4,131,1 1,131,1 1,131,1 4,131,1 5,131,1
ADDLINE 0,0,0 0,0,0 0,0,0 0,0,0 1,150,1 0,0,0 0,0,0 0,0,0 12,0,2
ADDLINE 3,163,1 12,0,2 1,163,1 0,0,0 1,163,1 1,163,1 1,163,1 1,163,1 4,163,1
ADDLINE 1,354,1 12,0,2 1,354,1 8,0,2 1,354,1 1,354,1 1,354,1 1,354,1 1,354,1
ADDLINE 1,142,1 12,0,2 1,142,1 0,0,0 3,142,1 1,142,1 1,142,1 1,142,1 1,142,1
ADDLINE 3,155,1 12,0,2 1,155,1 0,0,0 1,155,1 1,155,1 4,155,1 1,155,1 1,155,1
ADDLINE 1,160,1 1,160,1 1,160,1 12,0,2 2,160,1 1,160,1 2,160,1 4,160,1 1,160,1
ADDLINE 0,0,0 1,182,1 0,0,0 0,0,0 0,0,0 0,0,0 12,0,2 0,0,0 0,0,0
ADDLINE 1,146,1 1,146,1 12,0,2 1,146,1 4,146,1 3,146,1 1,146,1 1,146,1 0,0,0
ADDLINE 3,160,1 5,160,1 12,0,2 1,160,1 1,160,1 1,160,1 1,160,1 1,160,1 0,0,0
ADDLINE 1,174,1 1,174,1 12,0,2 2,174,1 1,174,1 1,174,1 5,174,1 1,348,1 0,0,0
ADDLINE 1,376,1 1,376,1 12,0,2 1,376,1 1,376,1 1,376,1 1,376,1 1,376,1 10,0,2
ADDLINE 4,143,1 1,143,1 1,143,1 1,143,1 1,143,1 1,143,1 1,143,1 1,286,1 12,0,2
ADDLINE 0,0,0 1,165,1 1,165,1 0,0,0 1,165,1 0,0,0 1,165,1 1,165,1 12,0,2
ADDLINE 0,0,0 1,179,1 1,179,1 1,179,1 12,0,2 4,179,1 1,179,1 3,179,1 0,0,0
ADDLINE 0,0,0 1,193,1 2,193,1 1,193,1 0,0,0 1,193,1 2,193,1 1,193,1 12,0,2
ADDLINE 8,0,2 12,0,2 0,0,0 0,0,0 0,0,0 0,0,0 1,310,1 1,310,1 1,310,1
ADDLINE 1,161,1 12,0,2 1,161,1 4,161,1 1,161,1 1,161,1 5,161,1 1,161,1 3,161,1
ADDLINE 1,184,1 0,0,0 0,0,0 0,0,0 0,0,0 1,184,1 12,0,2 1,184,1 0,0,0
ADDLINE 1,189,1 1,189,1 12,0,2 3,189,1 1,189,1 5,189,1 1,189,1 1,189,1 5,189,1
ADDLINE 1,159,1 0,0,0 0,0,0 0,0,0 12,0,2 0,0,0 0,0,0 0,0,0 1,159,1
ADDLINE 1,174,1 12,0,2 1,174,1 1,174,1 2,174,1 1,174,1 1,174,1 0,0,0 1,348,1
ADDLINE 1,378,1 12,0,2 1,378,1 1,378,1 1,378,1 1,378,1 1,378,1 0,0,0 10,0,2
ADDLINE 1,205,1 12,0,2 1,205,1 1,205,1 1,205,1 5,205,1 1,410,1 11,0,2 1,410,1
ADDLINE 1,328,1 8,0,2 1,328,1 0,0,0 12,0,2 0,0,0 1,328,1 0,0,0 1,328,1
ADDLINE 1,170,1 1,170,1 1,170,1 1,170,1 1,170,1 3,170,1 5,170,1 1,170,1 12,0,2
ADDLINE 1,194,1 1,194,1 2,194,1 0,0,0 12,0,2 0,0,0 0,0,0 0,0,0 0,0,0
ADDLINE 1,210,1 1,210,1 2,210,1 12,0,2 11,0,2 1,420,1 1,210,1 1,210,1 1,210,1
ADDLINE 1,241,1 5,241,1 1,241,1 1,482,1 0,0,0 0,0,0 0,0,0 12,0,2 0,0,0
ADDLINE 1,230,1 1,230,1 2,230,1 1,230,1 1,230,1 1,230,1 1,230,1 1,460,1 12,0,2
ADDLINE 1,244,1 4,244,1 1,244,1 1,244,1 1,244,1 1,244,1 4,244,1 12,0,2 7,0,2
1,95,1 3,95,1 1,95,1 0,0,0 12,0,2 0,0,0 1,190,1 1,95,1 0,0,0
2,94,1 1,94,1 1,94,1 1,94,1 1,188,1 12,0,2 0,0,0 0,0,0 0,0,0
1,93,1 1,93,1 1,93,1 4,93,1 1,186,1 17,93,1 12,0,2 0,0,0 1,0,1
1,92,1 1,92,1 1,92,1 1,92,1 0,0,0 0,0,0 1,184,1 12,0,2 0,0,0
1,182,1 1,182,1 1,182,1 1,182,1 12,0,2 0,0,0 1,182,1 1,182,1 16,91,1
3,90,1 1,90,1 1,90,1 1,90,1 1,90,1 12,0,2 4,90,1 0,0,0 11,0,2
0,0,0 0,0,0 0,0,0 0,0,0 0,0,0 0,0,0 0,0,0 0,0,0 0,0,0
0,0,0 0,0,0 0,0,0 0,0,0 0,0,0 0,0,0 0,0,0 0,0,0 0,0,0
0,0,0 0,0,0 0,0,0 0,0,0 0,0,0 0,0,0 0,0,0 0,0,0 0,0,0