MODE 0
BALL 103
STARS 0/0/10200
ADDLINE 1,101,1 3,101,1 1,101,1 1,101,1 12,0,2 1,101,1 3,101,1 4,101,1 1,101,1
ADDLINE 1,102,1 1,102,1 4,102,1 1,102,1 12,0,2 1,102,1 1,102,1 2,102,1 1,102,1
ADDLINE 1,103,1 1,103,1 1,103,1 1,103,1 12,0,2 1,103,1 2,103,1 1,103,1 1,103,1
ADDLINE 5,113,1 3,113,1 1,113,1 1,113,1 12,0,2 1,113,1 1,113,1 5,113,1 1,113,1
ADDLINE 0,0,0 0,0,0 0,0,0 0,0,0 0,0,0 12,0,2 0,0,0 1,120,1 0,0,0
ADDLINE 1,125,1 1,125,1 12,0,2 1,125,1 1,125,1 1,125,1 1,125,1 4,125,1 1,125,1
ADDLINE 1,142,1 1,142,1 0,0,0 1,142,1 12,0,2 1,142,1 0,0,0 0,0,0 0,0,0
ADDLINE 3,154,1 1,154,1 12,0,2 1,154,1 0,0,0 1,154,1 1,154,1 1,154,1 1,154,1
ADDLINE 3,124,1 4,124,1 12,0,2 1,124,1 0,0,0 2,124,1 1,124,1 1,124,1 1,124,1
ADDLINE 1,136,1 1,136,1 12,0,2 1,136,1 1,136,1 1,136,1 4,136,1 0,0,0 1,136,1
ADDLINE 1,148,1 1,148,1 12,0,2 1,148,1 3,148,1 1,148,1 0,0,0 0,0,0 2,148,1
ADDLINE 1,160,1 1,160,1 0,0,0 0,0,0 1,160,1 4,160,1 12,0,2 1,160,1 0,0,0
ADDLINE 1,128,1 1,128,1 1,128,1 12,0,2 0,0,0 0,0,0 0,0,0 0,0,0 0,0,0
ADDLINE 1,134,1 1,134,1 5,134,1 12,0,2 3,134,1 2,134,1 1,134,1 1,134,1 1,134,1
ADDLINE 1,153,1 1,153,1 0,0,0 0,0,0 12,0,2 0,0,0 0,0,0 0,0,0 0,0,0
ADDLINE 5,165,1 1,165,1 0,0,0 12,0,2 1,165,1 1,165,1 1,165,1 0,0,0 0,0,0
ADDLINE 3,133,1 1,133,1 1,133,1 12,0,2 1,133,1 1,133,1 0,0,0 0,0,0 3,133,1
ADDLINE 1,145,1 1,145,1 1,145,1 12,0,2 1,145,1 4,145,1 0,0,0 1,145,1 1,145,1
ADDLINE 5,151,1 1,151,1 12,0,2 2,151,1 1,151,1 1,151,1 3,151,1 5,151,1 1,151,1
ADDLINE 1,171,1 12,0,2 0,0,0 1,171,1 3,171,1 1,171,1 1,171,1 1,171,1 1,171,1
ADDLINE 1,137,1 12,0,2 0,0,0 1,137,1 2,137,1 1,137,1 1,137,1 1,137,1 1,137,1
ADDLINE 5,150,1 12,0,2 0,0,0 4,150,1 1,150,1 1,150,1 1,150,1 1,150,1 1,150,1
ADDLINE 1,163,1 0,0,0 12,0,2 0,0,0 0,0,0 0,0,0 1,163,1 1,163,1 1,163,1
ADDLINE 1,177,1 1,177,1 0,0,0 12,0,2 0,0,0 0,0,0 1,177,1 4,177,1 3,177,1
ADDLINE 3,142,1 1,142,1 0,0,0 0,0,0 0,0,0 0,0,0 0,0,0 12,0,2 0,0,0
ADDLINE 4,148,1 1,148,1 1,148,1 5,148,1 1,148,1 1,148,1 1,148,1 5,148,1 12,0,2
ADDLINE 1,168,1 1,168,1 1,168,1 1,168,1 1,168,1 1,168,1 12,0,2 0,0,0 0,0,0
ADDLINE 1,173,1 2,173,1 1,173,1 1,173,1 1,173,1 1,173,1 1,173,1 12,0,2 1,173,1
ADDLINE 1,146,1 1,146,1 5,146,1 3,146,1 12,0,2 0,0,0 0,0,0 0,0,0 2,146,1
ADDLINE 1,160,1 1,160,1 1,160,1 1,160,1 0,0,0 12,0,2 0,0,0 0,0,0 0,0,0
ADDLINE 1,174,1 3,174,1 1,174,1 0,0,0 12,0,2 0,0,0 0,0,0 0,0,0 0,0,0
ADDLINE 5,188,1 1,188,1 2,188,1 12,0,2 0,0,0 1,188,1 1,188,1 1,188,1 1,188,1
ADDLINE 0,0,0 12,0,2 0,0,0 0,0,0 0,0,0 1,150,1 1,150,1 5,150,1 1,150,1
ADDLINE 0,0,0 12,0,2 1,165,1 1,165,1 1,165,1 1,165,1 5,165,1 1,165,1 1,165,1
ADDLINE 0,0,0 12,0,2 1,179,1 2,179,1 1,179,1 1,179,1 1,179,1 1,179,1 3,179,1
ADDLINE 0,0,0 12,0,2 3,193,1 1,193,1 1,193,1 1,193,1 1,193,1 1,193,1 5,193,1
ADDLINE 0,0,0 1,155,1 1,155,1 3,155,1 1,155,1 4,155,1 1,155,1 12,0,2 0,0,0
ADDLINE 0,0,0 0,0,0 0,0,0 1,169,1 1,169,1 1,169,1 1,169,1 1,169,1 12,0,2
ADDLINE 1,184,1 3,184,1 0,0,0 12,0,2 1,184,1 2,184,1 0,0,0 0,0,0 0,0,0
ADDLINE 1,199,1 1,199,1 1,199,1 0,0,0 12,0,2 1,199,1 0,0,0 0,0,0 5,199,1
ADDLINE 1,159,1 2,159,1 1,159,1 0,0,0 0,0,0 1,159,1 1,159,1 12,0,2 0,0,0
ADDLINE 1,174,1 1,174,1 0,0,0 3,174,1 0,0,0 0,0,0 0,0,0 12,0,2 0,0,0
ADDLINE 1,189,1 1,189,1 12,0,2 1,189,1 0,0,0 4,189,1 1,189,1 1,189,1 2,189,1
ADDLINE 1,205,1 1,205,1 12,0,2 1,205,1 0,0,0 3,205,1 0,0,0 4,205,1 1,205,1
ADDLINE 1,164,1 1,164,1 0,0,0 1,164,1 0,0,0 12,0,2 0,0,0 1,164,1 1,164,1
ADDLINE 12,0,2 1,170,1 4,170,1 1,170,1 1,170,1 1,170,1 1,170,1 1,170,1 1,170,1
ADDLINE 0,0,0 12,0,2 0,0,0 0,0,0 0,0,0 0,0,0 1,194,1 1,194,1 5,194,1
ADDLINE 5,210,1 1,210,1 1,210,1 0,0,0 12,0,2 0,0,0 1,210,1 2,210,1 1,210,1
ADDLINE 5,241,1 1,241,1 12,0,2 0,0,0 3,241,1 1,241,1 1,241,1 1,241,1 2,241,1
ADDLINE 1,242,1 12,0,2 0,0,0 2,242,1 1,242,1 1,242,1 1,242,1 1,242,1 1,242,1
ADDLINE 1,244,1 12,0,2 0,0,0 0,0,0 0,0,0 0,0,0 1,244,1 1,244,1 1,244,1
5,95,1 0,0,0 0,0,0 12,0,2 1,95,1 2,95,1 1,95,1 0,0,0 1,95,1
1,90,1 12,0,2 1,90,1 1,90,1 1,90,1 4,90,1 4,90,1 1,90,1 1,90,1
1,93,1 0,0,0 0,0,0 0,0,0 0,0,0 12,0,2 0,0,0 0,0,0 1,93,1
5,92,1 1,92,1 1,92,1 12,0,2 1,92,1 1,92,1 1,92,1 0,0,0 4,92,1
1,91,1 5,91,1 1,91,1 12,0,2 1,91,1 1,91,1 1,91,1 0,0,0 1,91,1
1,86,1 1,86,1 1,86,1 1,86,1 2,86,1 1,86,1 2,86,1 12,0,2 4,86,1
0,0,0 0,0,0 0,0,0 0,0,0 0,0,0 0,0,0 0,0,0 0,0,0 0,0,0
0,0,0 0,0,0 0,0,0 0,0,0 0,0,0 0,0,0 0,0,0 0,0,0 0,0,0
0,0,0 0,0,0 0,0,0 0,0,0 0,0,0 0,0,0 0,0,0 0,0,0 0,0,0