MODE 0
BALL 103
STARS 0/0/12700
ADDLINE 1,101,1 1,101,1 2,101,1 1,101,1 12,0,2 4,101,1 5,101,1 1,101,1 1,101,1
ADDLINE 5,107,1 1,107,1 4,107,1 12,0,2 0,0,0 1,107,1 1,107,1 1,107,1 1,107,1
ADDLINE 1,103,1 1,103,1 1,103,1 12,0,2 1,103,1 2,103,1 1,103,1 1,103,1 1,103,1
ADDLINE 3,119,1 1,119,1 1,119,1 0,0,0 12,0,2 0,0,0 1,119,1 1,119,1 3,119,1
ADDLINE 2,120,1 1,120,1 1,120,1 1,120,1 1,120,1 0,0,0 0,0,0 12,0,2 0,0,0
ADDLINE 1,131,1 4,131,1 1,131,1 1,131,1 1,131,1 0,0,0 0,0,0 12,0,2 0,0,0
ADDLINE 1,142,1 4,142,1 1,142,1 1,142,1 5,142,1 12,0,2 0,0,0 4,142,1 1,142,1
ADDLINE 0,0,0 0,0,0 12,0,2 0,0,0 0,0,0 0,0,0 0,0,0 1,154,1 1,154,1
ADDLINE 0,0,0 12,0,2 1,124,1 3,124,1 1,124,1 1,124,1 1,124,1 1,124,1 1,124,1
ADDLINE 1,129,1 1,129,1 4,129,1 1,129,1 3,129,1 12,0,2 1,129,1 3,129,1 1,129,1
ADDLINE 0,0,0 0,0,0 0,0,0 0,0,0 0,0,0 12,0,2 1,148,1 0,0,0 0,0,0
ADDLINE 1,160,1 12,0,2 1,160,1 1,160,1 1,160,1 0,0,0 1,160,1 5,160,1 1,160,1
ADDLINE 1,128,1 12,0,2 1,128,1 1,128,1 1,128,1 0,0,0 1,128,1 1,128,1 1,128,1
ADDLINE 1,134,1 12,0,2 1,134,1 1,134,1 1,134,1 1,134,1 5,134,1 3,134,1 1,134,1
ADDLINE 5,153,1 0,0,0 0,0,0 12,0,2 4,153,1 0,0,0 1,153,1 0,0,0 0,0,0
ADDLINE 1,165,1 4,165,1 1,165,1 12,0,2 1,165,1 0,0,0 1,165,1 1,165,1 1,165,1
ADDLINE 0,0,0 12,0,2 1,133,1 0,0,0 1,133,1 0,0,0 1,133,1 1,133,1 1,133,1
ADDLINE 4,138,1 1,138,1 2,138,1 1,138,1 3,138,1 12,0,2 2,138,1 1,138,1 1,138,1
ADDLINE 0,0,0 0,0,0 0,0,0 1,158,1 0,0,0 5,158,1 0,0,0 0,0,0 12,0,2
ADDLINE 1,171,1 1,171,1 3,171,1 1,171,1 12,0,2 1,171,1 3,171,1 1,171,1 0,0,0
ADDLINE 1,137,1 1,137,1 1,137,1 1,137,1 0,0,0 12,0,2 0,0,0 4,137,1 0,0,0
ADDLINE 1,143,1 1,143,1 1,143,1 1,143,1 12,0,2 1,143,1 1,143,1 1,143,1 2,143,1
ADDLINE 1,155,1 4,155,1 1,155,1 1,155,1 12,0,2 1,155,1 1,155,1 1,155,1 4,155,1
ADDLINE 3,168,1 1,168,1 1,168,1 1,168,1 12,0,2 3,168,1 1,168,1 2,168,1 1,168,1
ADDLINE 0,0,0 1,142,1 0,0,0 0,0,0 12,0,2 2,142,1 1,142,1 1,142,1 1,142,1
ADDLINE 0,0,0 1,155,1 5,155,1 1,155,1 12,0,2 3,155,1 1,155,1 1,155,1 1,155,1
ADDLINE 0,0,0 3,168,1 1,168,1 1,168,1 0,0,0 1,168,1 0,0,0 1,168,1 12,0,2
ADDLINE 1,173,1 2,173,1 1,173,1 1,173,1 12,0,2 1,173,1 5,173,1 1,173,1 3,173,1
ADDLINE 0,0,0 1,146,1 0,0,0 0,0,0 1,146,1 1,146,1 5,146,1 12,0,2 1,146,1
ADDLINE 1,152,1 2,152,1 1,152,1 1,152,1 12,0,2 1,152,1 1,152,1 1,152,1 1,152,1
ADDLINE 0,0,0 1,174,1 12,0,2 1,174,1 0,0,0 1,174,1 1,174,1 1,174,1 1,174,1
ADDLINE 3,179,1 1,179,1 12,0,2 2,179,1 1,179,1 1,179,1 1,179,1 4,179,1 1,179,1
ADDLINE 1,150,1 2,150,1 0,0,0 1,150,1 0,0,0 12,0,2 0,0,0 0,0,0 0,0,0
ADDLINE 1,157,1 1,157,1 12,0,2 1,157,1 5,157,1 1,157,1 1,157,1 1,157,1 1,157,1
ADDLINE 0,0,0 12,0,2 0,0,0 1,179,1 0,0,0 1,179,1 2,179,1 4,179,1 5,179,1
ADDLINE 1,184,1 1,184,1 1,184,1 4,184,1 12,0,2 1,184,1 1,184,1 1,184,1 1,184,1
ADDLINE 1,147,1 1,147,1 1,147,1 5,147,1 1,147,1 1,147,1 1,147,1 12,0,2 1,147,1
ADDLINE 0,0,0 0,0,0 5,169,1 1,169,1 1,169,1 2,169,1 1,169,1 12,0,2 2,169,1
ADDLINE 1,184,1 12,0,2 1,184,1 1,184,1 1,184,1 1,184,1 3,184,1 0,0,0 1,184,1
ADDLINE 0,0,0 0,0,0 0,0,0 0,0,0 1,199,1 12,0,2 0,0,0 0,0,0 3,199,1
ADDLINE 1,152,1 12,0,2 1,152,1 1,152,1 4,152,1 1,152,1 1,152,1 1,152,1 2,152,1
ADDLINE 1,174,1 0,0,0 12,0,2 0,0,0 0,0,0 0,0,0 0,0,0 0,0,0 0,0,0
ADDLINE 1,189,1 12,0,2 1,189,1 1,189,1 3,189,1 1,189,1 1,189,1 0,0,0 1,189,1
ADDLINE 0,0,0 12,0,2 4,205,1 1,205,1 4,205,1 1,205,1 1,205,1 0,0,0 1,205,1
ADDLINE 0,0,0 12,0,2 1,164,1 3,164,1 5,164,1 1,164,1 1,164,1 1,164,1 1,164,1
ADDLINE 12,0,2 1,170,1 1,170,1 1,170,1 1,170,1 1,170,1 1,170,1 1,170,1 1,170,1
ADDLINE 12,0,2 1,185,1 3,185,1 1,185,1 1,185,1 1,185,1 1,185,1 5,185,1 1,185,1
ADDLINE 12,0,2 4,200,1 1,200,1 1,200,1 3,200,1 1,200,1 1,200,1 4,200,1 5,200,1
ADDLINE 0,0,0 0,0,0 0,0,0 12,0,2 0,0,0 0,0,0 1,241,1 1,241,1 4,241,1
ADDLINE 1,242,1 1,242,1 0,0,0 0,0,0 12,0,2 0,0,0 1,242,1 1,242,1 1,242,1
ADDLINE 3,244,1 2,244,1 12,0,2 0,0,0 2,244,1 1,244,1 1,244,1 1,244,1 1,244,1
1,95,1 1,95,1 5,95,1 0,0,0 12,0,2 1,95,1 1,95,1 0,0,0 1,95,1
1,94,1 1,94,1 4,94,1 2,94,1 12,0,2 0,0,0 1,94,1 1,94,1 5,94,1
1,93,1 1,93,1 0,0,0 0,0,0 12,0,2 0,0,0 0,0,0 0,0,0 0,0,0
5,92,1 3,92,1 0,0,0 1,92,1 1,92,1 1,92,1 1,92,1 12,0,2 0,0,0
1,91,1 12,0,2 0,0,0 1,91,1 1,91,1 3,91,1 1,91,1 0,0,0 0,0,0
0,0,0 12,0,2 1,90,1 1,90,1 1,90,1 1,90,1 4,90,1 1,90,1 0,0,0
0,0,0 0,0,0 0,0,0 0,0,0 0,0,0 0,0,0 0,0,0 0,0,0 0,0,0
0,0,0 0,0,0 0,0,0 0,0,0 0,0,0 0,0,0 0,0,0 0,0,0 0,0,0
0,0,0 0,0,0 0,0,0 0,0,0 0,0,0 0,0,0 0,0,0 0,0,0 0,0,0