MODE 0
BALL 103
STARS 0/0/13000
ADDLINE 1,106,1 1,106,1 1,106,1 12,0,2 2,106,1 1,212,1 20,106,1 1,212,1 2,106,1
ADDLINE 1,102,1 1,102,1 1,102,1 12,0,2 5,102,1 1,204,1 1,204,1 1,204,1 1,102,1
ADDLINE 1,103,1 1,103,1 4,103,1 12,0,2 1,103,1 1,103,1 1,103,1 1,103,1 1,103,1
ADDLINE 5,119,1 1,119,1 3,119,1 0,0,0 12,0,2 0,0,0 5,119,1 0,0,0 0,0,0
ADDLINE 4,120,1 1,120,1 1,120,1 12,0,2 1,120,1 1,120,1 1,120,1 0,0,0 1,120,1
ADDLINE 1,131,1 0,0,0 0,0,0 0,0,0 1,131,1 12,0,2 1,131,1 0,0,0 1,131,1
ADDLINE 1,284,1 1,284,1 4,142,1 12,0,2 3,142,1 0,0,0 4,142,1 1,142,1 1,142,1
ADDLINE 20,154,1 1,308,1 1,154,1 12,0,2 0,0,0 0,0,0 1,154,1 1,154,1 1,154,1
ADDLINE 1,236,1 1,236,1 1,118,1 1,118,1 5,118,1 12,0,2 1,118,1 1,118,1 1,118,1
ADDLINE 4,136,1 12,0,2 1,136,1 1,136,1 1,136,1 0,0,0 1,272,1 1,272,1 1,136,1
ADDLINE 1,296,1 1,296,1 12,0,2 1,296,1 1,296,1 0,0,0 1,296,1 19,148,1 1,296,1
ADDLINE 1,160,1 1,160,1 12,0,2 3,160,1 0,0,0 1,160,1 1,320,1 1,320,1 1,160,1
ADDLINE 3,128,1 0,0,0 12,0,2 1,128,1 0,0,0 0,0,0 0,0,0 1,128,1 2,128,1
ADDLINE 0,0,0 0,0,0 1,141,1 1,141,1 1,141,1 1,141,1 12,0,2 1,141,1 1,141,1
ADDLINE 0,0,0 0,0,0 12,0,2 0,0,0 1,153,1 4,153,1 0,0,0 0,0,0 1,153,1
ADDLINE 1,330,1 19,165,1 1,330,1 1,330,1 12,0,2 1,330,1 1,330,1 0,0,0 1,330,1
ADDLINE 2,133,1 1,266,1 1,266,1 20,133,1 12,0,2 0,0,0 1,133,1 0,0,0 1,133,1
ADDLINE 1,145,1 5,145,1 1,290,1 1,290,1 12,0,2 0,0,0 0,0,0 0,0,0 1,145,1
ADDLINE 1,158,1 3,158,1 1,316,1 1,316,1 1,316,1 12,0,2 0,0,0 1,158,1 1,158,1
ADDLINE 1,171,1 1,171,1 1,342,1 17,171,1 1,342,1 0,0,0 0,0,0 12,0,2 0,0,0
ADDLINE 2,137,1 1,137,1 1,274,1 1,274,1 1,274,1 0,0,0 12,0,2 0,0,0 0,0,0
ADDLINE 1,150,1 1,150,1 3,150,1 1,150,1 12,0,2 0,0,0 1,150,1 1,150,1 0,0,0
ADDLINE 1,326,1 1,326,1 1,326,1 12,0,2 1,326,1 16,163,1 1,326,1 1,326,1 0,0,0
ADDLINE 1,177,1 1,177,1 1,354,1 0,0,0 1,354,1 5,177,1 1,177,1 12,0,2 0,0,0
ADDLINE 1,142,1 1,142,1 1,284,1 20,142,1 1,284,1 1,142,1 12,0,2 0,0,0 0,0,0
ADDLINE 16,155,1 1,310,1 1,310,1 1,310,1 1,310,1 1,310,1 12,0,2 1,310,1 0,0,0
ADDLINE 4,168,1 1,168,1 1,168,1 12,0,2 3,168,1 1,168,1 1,168,1 0,0,0 0,0,0
ADDLINE 1,173,1 2,173,1 1,173,1 1,173,1 1,173,1 1,173,1 1,173,1 1,173,1 12,0,2
ADDLINE 5,146,1 1,146,1 0,0,0 0,0,0 0,0,0 0,0,0 0,0,0 12,0,2 0,0,0
ADDLINE 1,152,1 1,152,1 12,0,2 3,152,1 1,152,1 3,152,1 1,152,1 1,152,1 1,152,1
ADDLINE 1,174,1 1,174,1 12,0,2 0,0,0 0,0,0 2,174,1 1,174,1 5,174,1 1,174,1
ADDLINE 1,376,1 16,188,1 1,376,1 12,0,2 0,0,0 1,376,1 1,376,1 1,376,1 1,376,1
ADDLINE 1,150,1 4,150,1 1,150,1 12,0,2 0,0,0 1,150,1 1,150,1 1,150,1 1,150,1
ADDLINE 1,165,1 1,165,1 1,165,1 3,165,1 1,330,1 1,330,1 12,0,2 0,0,0 2,165,1
ADDLINE 1,179,1 1,179,1 1,179,1 1,179,1 1,358,1 17,179,1 1,358,1 12,0,2 1,179,1
ADDLINE 5,193,1 1,193,1 0,0,0 0,0,0 0,0,0 1,386,1 12,0,2 0,0,0 1,193,1
ADDLINE 4,155,1 1,155,1 1,155,1 12,0,2 1,155,1 0,0,0 1,155,1 1,155,1 1,155,1
ADDLINE 1,169,1 4,169,1 0,0,0 12,0,2 3,169,1 0,0,0 5,169,1 1,169,1 1,169,1
ADDLINE 1,184,1 1,184,1 0,0,0 0,0,0 1,184,1 0,0,0 0,0,0 12,0,2 0,0,0
ADDLINE 4,199,1 1,199,1 2,199,1 0,0,0 1,199,1 12,0,2 1,398,1 1,398,1 0,0,0
ADDLINE 1,159,1 1,318,1 1,318,1 0,0,0 12,0,2 0,0,0 1,318,1 17,159,1 0,0,0
ADDLINE 1,174,1 20,174,1 0,0,0 12,0,2 1,174,1 1,174,1 0,0,0 1,348,1 0,0,0
ADDLINE 1,189,1 1,378,1 12,0,2 1,189,1 3,189,1 2,189,1 0,0,0 1,189,1 0,0,0
ADDLINE 1,410,1 19,205,1 12,0,2 1,410,1 1,410,1 1,410,1 1,410,1 1,410,1 0,0,0
ADDLINE 1,164,1 0,0,0 12,0,2 1,164,1 1,164,1 5,164,1 0,0,0 1,164,1 1,164,1
ADDLINE 12,0,2 1,170,1 3,170,1 4,170,1 4,170,1 1,170,1 1,170,1 1,170,1 1,170,1
ADDLINE 12,0,2 1,185,1 1,185,1 1,185,1 1,185,1 1,185,1 1,185,1 1,185,1 1,185,1
ADDLINE 12,0,2 3,200,1 5,200,1 1,200,1 1,200,1 5,200,1 1,400,1 1,400,1 1,200,1
ADDLINE 0,0,0 1,482,1 1,482,1 1,482,1 1,482,1 12,0,2 1,482,1 19,241,1 1,482,1
ADDLINE 1,242,1 0,0,0 12,0,2 0,0,0 0,0,0 0,0,0 1,484,1 1,484,1 1,242,1
ADDLINE 1,232,1 12,0,2 1,232,1 1,232,1 1,232,1 5,232,1 4,232,1 1,232,1 1,232,1
1,95,1 0,0,0 0,0,0 0,0,0 0,0,0 12,0,2 1,190,1 0,0,0 1,95,1
1,94,1 0,0,0 1,94,1 12,0,2 1,188,1 1,188,1 1,94,1 0,0,0 1,94,1
0,0,0 0,0,0 1,93,1 1,186,1 17,93,1 0,0,0 1,93,1 12,0,2 5,93,1
1,88,1 4,88,1 1,88,1 1,176,1 1,176,1 12,0,2 5,88,1 1,88,1 1,88,1
1,182,1 0,0,0 1,182,1 1,91,1 0,0,0 1,91,1 12,0,2 1,91,1 0,0,0
3,180,1 20,90,1 1,180,1 1,90,1 12,0,2 1,90,1 1,90,1 1,90,1 5,90,1
0,0,0 0,0,0 0,0,0 0,0,0 0,0,0 0,0,0 0,0,0 0,0,0 0,0,0
0,0,0 0,0,0 0,0,0 0,0,0 0,0,0 0,0,0 0,0,0 0,0,0 0,0,0
0,0,0 0,0,0 0,0,0 0,0,0 0,0,0 0,0,0 0,0,0 0,0,0 0,0,0