MODE 0
BALL 50
STARS 0/1900/2600
ADDLINE 1,53,1 0,0,0 0,0,0 12,0,2 1,53,1 0,0,0 1,53,1 1,53,1 0,0,0
ADDLINE 1,54,1 1,54,1 1,54,1 1,54,1 12,0,2 0,0,0 1,54,1 0,0,0 0,0,0
ADDLINE 1,58,1 1,58,1 1,58,1 0,0,0 12,0,2 1,58,1 1,58,1 1,58,1 1,58,1
ADDLINE 1,62,1 0,0,0 1,62,1 0,0,0 12,0,2 0,0,0 0,0,0 1,62,1 1,62,1
ADDLINE 0,0,0 12,0,2 1,63,1 1,63,1 1,63,1 1,63,1 1,63,1 0,0,0 0,0,0
ADDLINE 1,84,1 12,0,2 1,84,1 1,84,1 1,84,1 1,84,1 1,84,1 1,84,1 0,0,0
1,49,1 12,0,2 1,49,1 1,49,1 1,49,1 1,49,1 1,49,1 0,0,0 1,49,1
1,51,1 12,0,2 1,51,1 0,0,0 1,51,1 0,0,0 1,51,1 0,0,0 1,51,1
1,48,1 12,0,2 1,48,1 1,48,1 1,48,1 1,48,1 1,48,1 0,0,0 1,48,1
1,49,1 0,0,0 0,0,0 12,0,2 1,49,1 1,49,1 0,0,0 0,0,0 1,49,1
0,0,0 1,48,1 12,0,2 1,48,1 1,48,1 1,48,1 0,0,0 1,48,1 0,0,0
0,0,0 1,47,1 0,0,0 0,0,0 0,0,0 0,0,0 12,0,2 1,47,1 0,0,0
0,0,0 0,0,0 0,0,0 0,0,0 0,0,0 0,0,0 0,0,0 0,0,0 0,0,0
0,0,0 0,0,0 0,0,0 0,0,0 0,0,0 0,0,0 0,0,0 0,0,0 0,0,0
0,0,0 0,0,0 0,0,0 0,0,0 0,0,0 0,0,0 0,0,0 0,0,0 0,0,0