MODE 0
BALL 103
STARS 0/0/9400
ADDLINE 1,101,1 1,101,1 1,101,1 1,101,1 1,101,1 1,101,1 1,101,1 1,101,1 12,0,2
ADDLINE 1,107,1 1,107,1 1,107,1 1,107,1 1,107,1 1,107,1 12,0,2 0,0,0 0,0,0
ADDLINE 1,108,1 1,108,1 1,108,1 1,108,1 12,0,2 0,0,0 0,0,0 1,108,1 1,108,1
ADDLINE 1,119,1 0,0,0 12,0,2 0,0,0 0,0,0 1,119,1 1,119,1 1,119,1 1,119,1
ADDLINE 1,120,1 0,0,0 0,0,0 0,0,0 12,0,2 0,0,0 0,0,0 0,0,0 0,0,0
ADDLINE 1,131,1 1,131,1 1,131,1 1,131,1 1,131,1 1,131,1 12,0,2 0,0,0 0,0,0
ADDLINE 1,142,1 1,142,1 1,142,1 1,142,1 1,142,1 1,142,1 12,0,2 11,0,2 1,142,1
ADDLINE 1,147,1 1,147,1 1,147,1 1,147,1 1,147,1 1,147,1 1,294,1 12,0,2 1,147,1
ADDLINE 1,248,1 1,248,1 1,248,1 1,248,1 1,248,1 1,248,1 12,0,2 10,0,2 1,248,1
ADDLINE 0,0,0 0,0,0 0,0,0 1,136,1 0,0,0 1,136,1 0,0,0 0,0,0 12,0,2
ADDLINE 1,148,1 1,148,1 1,148,1 1,148,1 12,0,2 1,296,1 0,0,0 1,296,1 1,148,1
ADDLINE 1,160,1 1,160,1 1,160,1 1,160,1 12,0,2 1,320,1 7,0,2 1,320,1 0,0,0
ADDLINE 1,128,1 1,128,1 1,128,1 1,128,1 0,0,0 1,256,1 12,0,2 1,256,1 0,0,0
ADDLINE 0,0,0 0,0,0 0,0,0 0,0,0 12,0,2 1,282,1 0,0,0 0,0,0 10,0,2
ADDLINE 12,0,2 1,146,1 1,146,1 1,146,1 1,146,1 1,146,1 1,146,1 1,292,1 1,292,1
ADDLINE 0,0,0 1,165,1 1,165,1 1,165,1 12,0,2 1,165,1 1,165,1 1,165,1 0,0,0
ADDLINE 1,127,1 1,127,1 1,127,1 1,127,1 12,0,2 1,127,1 1,127,1 1,127,1 1,127,1
ADDLINE 0,0,0 0,0,0 1,290,1 0,0,0 0,0,0 0,0,0 12,0,2 0,0,0 0,0,0
ADDLINE 1,158,1 1,158,1 1,316,1 7,0,2 0,0,0 0,0,0 0,0,0 12,0,2 0,0,0
ADDLINE 1,163,1 1,163,1 1,326,1 1,326,1 1,326,1 12,0,2 1,163,1 1,163,1 1,163,1
ADDLINE 0,0,0 12,0,2 0,0,0 0,0,0 1,137,1 0,0,0 1,137,1 1,137,1 1,137,1
ADDLINE 1,143,1 1,143,1 1,143,1 1,143,1 1,143,1 12,0,2 1,143,1 1,143,1 1,143,1
ADDLINE 1,155,1 1,155,1 1,155,1 1,155,1 1,155,1 12,0,2 1,155,1 1,155,1 1,155,1
ADDLINE 1,168,1 1,168,1 1,168,1 1,168,1 1,168,1 12,0,2 1,168,1 1,168,1 1,168,1
ADDLINE 1,142,1 1,142,1 1,142,1 1,142,1 1,142,1 12,0,2 0,0,0 0,0,0 0,0,0
ADDLINE 1,148,1 1,148,1 1,148,1 1,148,1 1,148,1 1,148,1 1,148,1 12,0,2 1,148,1
ADDLINE 0,0,0 0,0,0 0,0,0 12,0,2 0,0,0 0,0,0 1,168,1 0,0,0 1,168,1
ADDLINE 1,173,1 12,0,2 1,346,1 1,173,1 1,173,1 1,173,1 1,173,1 1,173,1 1,173,1
ADDLINE 0,0,0 10,0,2 12,0,2 0,0,0 1,292,1 1,292,1 1,292,1 1,292,1 1,292,1
ADDLINE 1,152,1 1,304,1 1,304,1 12,0,2 1,152,1 1,152,1 1,152,1 1,152,1 1,152,1
ADDLINE 1,165,1 1,165,1 1,165,1 12,0,2 1,165,1 1,165,1 1,165,1 1,165,1 1,165,1
ADDLINE 1,179,1 1,179,1 1,179,1 12,0,2 1,179,1 1,179,1 1,179,1 1,179,1 1,179,1
ADDLINE 1,150,1 0,0,0 1,150,1 0,0,0 0,0,0 12,0,2 0,0,0 0,0,0 1,150,1
ADDLINE 1,157,1 12,0,2 1,157,1 1,157,1 1,157,1 1,157,1 1,157,1 1,157,1 1,157,1
ADDLINE 1,179,1 12,0,2 0,0,0 0,0,0 0,0,0 0,0,0 1,179,1 1,179,1 1,179,1
ADDLINE 1,193,1 12,0,2 1,193,1 1,193,1 1,193,1 0,0,0 1,193,1 1,193,1 1,193,1
ADDLINE 1,155,1 12,0,2 1,155,1 0,0,0 1,155,1 0,0,0 1,155,1 0,0,0 1,155,1
ADDLINE 0,0,0 0,0,0 1,169,1 0,0,0 1,169,1 0,0,0 1,169,1 0,0,0 12,0,2
ADDLINE 1,184,1 1,184,1 1,368,1 12,0,2 1,368,1 0,0,0 1,184,1 1,184,1 1,184,1
ADDLINE 1,398,1 1,398,1 1,398,1 10,0,2 1,398,1 0,0,0 1,398,1 12,0,2 0,0,0
ADDLINE 1,159,1 1,159,1 1,318,1 0,0,0 1,318,1 12,0,2 1,159,1 0,0,0 1,159,1
ADDLINE 1,174,1 1,174,1 1,174,1 12,0,2 1,174,1 0,0,0 1,174,1 0,0,0 1,174,1
ADDLINE 1,378,1 1,378,1 1,378,1 12,0,2 1,378,1 8,0,2 1,378,1 1,378,1 1,378,1
ADDLINE 1,205,1 12,0,2 1,205,1 0,0,0 1,205,1 0,0,0 0,0,0 0,0,0 1,205,1
ADDLINE 1,328,1 1,328,1 1,328,1 12,0,2 1,328,1 8,0,2 1,328,1 1,328,1 1,328,1
ADDLINE 1,170,1 12,0,2 1,170,1 1,170,1 1,170,1 1,170,1 1,170,1 1,170,1 1,170,1
ADDLINE 1,185,1 12,0,2 1,185,1 1,185,1 1,185,1 1,185,1 1,185,1 1,185,1 1,185,1
ADDLINE 1,210,1 0,0,0 0,0,0 0,0,0 12,0,2 0,0,0 0,0,0 0,0,0 0,0,0
ADDLINE 1,229,1 1,229,1 1,229,1 1,229,1 1,229,1 1,229,1 1,229,1 1,229,1 12,0,2
ADDLINE 1,230,1 1,230,1 1,230,1 1,230,1 1,230,1 1,230,1 1,230,1 1,230,1 12,0,2
ADDLINE 1,244,1 1,244,1 1,244,1 1,244,1 1,244,1 1,244,1 12,0,2 0,0,0 0,0,0
1,95,1 1,95,1 1,95,1 1,95,1 1,95,1 12,0,2 0,0,0 0,0,0 0,0,0
1,94,1 1,94,1 1,94,1 1,94,1 1,94,1 0,0,0 12,0,2 0,0,0 0,0,0
1,93,1 1,93,1 1,93,1 1,93,1 1,93,1 1,93,1 0,0,0 12,0,2 0,0,0
1,92,1 1,92,1 1,92,1 1,92,1 1,92,1 1,92,1 0,0,0 12,0,2 0,0,0
1,91,1 1,91,1 1,91,1 1,91,1 1,91,1 0,0,0 12,0,2 11,0,2 0,0,0
1,90,1 0,0,0 0,0,0 0,0,0 12,0,2 0,0,0 1,90,1 1,90,1 1,90,1
0,0,0 0,0,0 0,0,0 0,0,0 0,0,0 0,0,0 0,0,0 0,0,0 0,0,0
0,0,0 0,0,0 0,0,0 0,0,0 0,0,0 0,0,0 0,0,0 0,0,0 0,0,0
0,0,0 0,0,0 0,0,0 0,0,0 0,0,0 0,0,0 0,0,0 0,0,0 0,0,0