MODE 0
BALL 103
STARS 0/0/13000
ADDLINE 0,0,0 12,0,2 1,106,1 0,0,0 0,0,0 0,0,0 0,0,0 0,0,0 0,0,0
ADDLINE 1,102,1 1,102,1 1,102,1 12,0,2 1,102,1 1,102,1 1,102,1 1,102,1 1,102,1
ADDLINE 1,103,1 1,206,1 1,206,1 12,0,2 1,103,1 1,103,1 1,103,1 1,103,1 1,103,1
ADDLINE 1,119,1 20,119,1 1,238,1 12,0,2 1,119,1 1,119,1 1,119,1 1,119,1 1,119,1
ADDLINE 1,114,1 1,228,1 1,228,1 12,0,2 1,228,1 1,228,1 1,228,1 1,114,1 1,114,1
ADDLINE 1,262,1 1,262,1 1,262,1 12,0,2 1,262,1 19,131,1 1,262,1 1,262,1 1,262,1
ADDLINE 1,142,1 0,0,0 1,142,1 12,0,2 1,284,1 1,284,1 0,0,0 0,0,0 0,0,0
ADDLINE 1,308,1 12,0,2 1,308,1 0,0,0 1,308,1 16,154,1 1,308,1 1,308,1 1,308,1
ADDLINE 1,248,1 1,248,1 1,248,1 12,0,2 1,248,1 1,248,1 1,248,1 0,0,0 16,124,1
ADDLINE 1,136,1 0,0,0 12,0,2 1,136,1 1,136,1 1,136,1 1,136,1 0,0,0 1,136,1
ADDLINE 1,148,1 0,0,0 0,0,0 0,0,0 12,0,2 1,148,1 0,0,0 0,0,0 1,148,1
ADDLINE 1,160,1 12,0,2 1,160,1 1,160,1 1,160,1 0,0,0 0,0,0 1,160,1 1,160,1
ADDLINE 1,256,1 1,256,1 1,256,1 12,0,2 1,256,1 1,256,1 1,256,1 0,0,0 16,128,1
ADDLINE 1,141,1 1,141,1 1,141,1 1,141,1 12,0,2 1,141,1 0,0,0 0,0,0 1,141,1
ADDLINE 1,153,1 1,153,1 1,153,1 1,153,1 12,0,2 1,153,1 0,0,0 1,153,1 1,153,1
ADDLINE 1,165,1 1,165,1 1,165,1 0,0,0 0,0,0 1,165,1 0,0,0 12,0,2 0,0,0
ADDLINE 1,133,1 1,133,1 1,133,1 0,0,0 0,0,0 0,0,0 12,0,2 0,0,0 1,133,1
ADDLINE 1,145,1 1,145,1 1,145,1 1,145,1 1,145,1 1,145,1 12,0,2 0,0,0 1,145,1
ADDLINE 1,151,1 1,151,1 1,151,1 12,0,2 1,151,1 1,151,1 1,151,1 1,151,1 1,151,1
ADDLINE 1,171,1 1,171,1 1,171,1 0,0,0 12,0,2 0,0,0 0,0,0 1,171,1 1,171,1
ADDLINE 1,137,1 1,137,1 1,137,1 1,137,1 1,137,1 12,0,2 0,0,0 1,137,1 1,137,1
ADDLINE 0,0,0 0,0,0 0,0,0 0,0,0 12,0,2 0,0,0 1,150,1 1,150,1 1,150,1
ADDLINE 0,0,0 0,0,0 12,0,2 0,0,0 1,163,1 1,163,1 1,163,1 1,163,1 1,163,1
ADDLINE 1,177,1 1,177,1 12,0,2 0,0,0 1,177,1 1,177,1 1,177,1 1,177,1 1,177,1
ADDLINE 1,270,1 1,270,1 12,0,2 1,135,1 1,135,1 1,135,1 1,135,1 1,135,1 1,135,1
ADDLINE 17,155,1 1,310,1 0,0,0 0,0,0 12,0,2 0,0,0 1,155,1 1,155,1 1,155,1
ADDLINE 1,336,1 1,336,1 1,336,1 1,168,1 12,0,2 0,0,0 1,168,1 1,168,1 1,168,1
ADDLINE 1,182,1 20,182,1 1,364,1 1,182,1 1,182,1 1,182,1 1,182,1 12,0,2 1,182,1
ADDLINE 1,139,1 1,278,1 1,278,1 1,139,1 1,139,1 1,139,1 1,139,1 12,0,2 1,139,1
ADDLINE 1,160,1 1,160,1 1,320,1 1,320,1 1,320,1 12,0,2 0,0,0 0,0,0 1,160,1
ADDLINE 1,174,1 1,174,1 1,348,1 20,174,1 12,0,2 0,0,0 0,0,0 0,0,0 1,174,1
ADDLINE 1,188,1 1,188,1 0,0,0 12,0,2 1,376,1 0,0,0 0,0,0 0,0,0 1,188,1
ADDLINE 1,143,1 1,143,1 12,0,2 1,143,1 1,143,1 1,143,1 1,143,1 1,143,1 1,143,1
ADDLINE 1,165,1 12,0,2 0,0,0 1,165,1 1,165,1 1,165,1 1,165,1 1,165,1 1,165,1
ADDLINE 1,179,1 12,0,2 0,0,0 0,0,0 0,0,0 0,0,0 1,179,1 1,179,1 1,179,1
ADDLINE 1,386,1 1,386,1 1,386,1 1,386,1 12,0,2 0,0,0 1,386,1 1,386,1 16,193,1
ADDLINE 1,155,1 1,155,1 1,155,1 1,155,1 12,0,2 1,310,1 1,310,1 1,310,1 0,0,0
ADDLINE 1,338,1 1,338,1 1,169,1 1,169,1 0,0,0 1,338,1 17,169,1 12,0,2 0,0,0
ADDLINE 19,184,1 1,368,1 1,368,1 1,368,1 1,368,1 1,368,1 1,368,1 12,0,2 0,0,0
ADDLINE 0,0,0 1,398,1 1,199,1 1,199,1 1,199,1 1,199,1 1,199,1 1,199,1 12,0,2
ADDLINE 0,0,0 1,318,1 1,318,1 0,0,0 12,0,2 0,0,0 0,0,0 1,159,1 0,0,0
ADDLINE 1,174,1 1,348,1 20,174,1 1,348,1 1,174,1 0,0,0 12,0,2 1,174,1 0,0,0
ADDLINE 1,189,1 1,378,1 1,378,1 1,378,1 12,0,2 0,0,0 1,189,1 0,0,0 0,0,0
ADDLINE 1,410,1 1,410,1 1,410,1 19,205,1 12,0,2 1,410,1 1,410,1 1,410,1 0,0,0
ADDLINE 1,164,1 1,164,1 1,328,1 12,0,2 0,0,0 1,164,1 1,164,1 1,164,1 0,0,0
ADDLINE 1,170,1 1,170,1 1,170,1 1,170,1 12,0,2 1,170,1 1,170,1 1,170,1 1,170,1
ADDLINE 1,194,1 1,194,1 1,194,1 1,194,1 12,0,2 0,0,0 0,0,0 0,0,0 1,194,1
ADDLINE 1,200,1 1,400,1 1,400,1 1,400,1 1,200,1 1,200,1 1,200,1 12,0,2 1,200,1
ADDLINE 1,482,1 1,482,1 19,241,1 1,482,1 1,482,1 1,482,1 12,0,2 0,0,0 1,482,1
ADDLINE 1,242,1 1,484,1 1,484,1 12,0,2 0,0,0 0,0,0 1,242,1 1,242,1 1,242,1
ADDLINE 1,244,1 1,244,1 1,244,1 12,0,2 0,0,0 0,0,0 1,244,1 1,244,1 1,244,1
0,0,0 1,95,1 0,0,0 0,0,0 0,0,0 0,0,0 12,0,2 1,190,1 0,0,0
1,94,1 1,94,1 12,0,2 1,94,1 0,0,0 1,188,1 17,94,1 1,188,1 1,94,1
1,93,1 1,93,1 12,0,2 1,93,1 0,0,0 1,186,1 1,186,1 1,186,1 1,93,1
1,184,1 1,184,1 12,0,2 1,184,1 1,184,1 1,184,1 19,92,1 1,184,1 1,184,1
0,0,0 0,0,0 0,0,0 1,182,1 1,182,1 1,182,1 0,0,0 1,182,1 12,0,2
1,90,1 1,90,1 12,0,2 17,90,1 1,180,1 1,90,1 1,180,1 1,90,1 1,90,1
0,0,0 0,0,0 0,0,0 0,0,0 0,0,0 0,0,0 0,0,0 0,0,0 0,0,0
0,0,0 0,0,0 0,0,0 0,0,0 0,0,0 0,0,0 0,0,0 0,0,0 0,0,0
0,0,0 0,0,0 0,0,0 0,0,0 0,0,0 0,0,0 0,0,0 0,0,0 0,0,0