MODE 0
BALL 103
STARS 0/0/13700
ADDLINE 5,106,1 12,0,2 0,0,0 0,0,0 1,106,1 1,106,1 1,106,1 0,0,0 1,106,1
ADDLINE 1,107,1 1,107,1 3,107,1 12,0,2 2,107,1 1,107,1 1,107,1 0,0,0 1,107,1
ADDLINE 2,108,1 1,108,1 12,0,2 0,0,0 1,108,1 1,108,1 1,108,1 0,0,0 0,0,0
ADDLINE 1,119,1 1,119,1 12,0,2 0,0,0 1,119,1 3,119,1 0,0,0 1,119,1 0,0,0
ADDLINE 1,120,1 2,120,1 1,120,1 4,120,1 3,120,1 12,0,2 1,120,1 1,120,1 0,0,0
ADDLINE 1,125,1 1,125,1 1,125,1 4,125,1 12,0,2 1,125,1 1,125,1 1,125,1 1,125,1
ADDLINE 1,142,1 2,142,1 1,142,1 1,142,1 0,0,0 12,0,2 0,0,0 0,0,0 0,0,0
ADDLINE 1,154,1 1,154,1 4,154,1 1,154,1 0,0,0 1,154,1 1,154,1 12,0,2 0,0,0
ADDLINE 1,124,1 2,124,1 3,124,1 1,124,1 0,0,0 12,0,2 0,0,0 0,0,0 1,124,1
ADDLINE 12,0,2 1,129,1 3,129,1 3,129,1 1,129,1 1,129,1 5,129,1 4,129,1 1,129,1
ADDLINE 0,0,0 1,148,1 1,148,1 1,148,1 1,148,1 1,148,1 0,0,0 4,148,1 12,0,2
ADDLINE 1,160,1 1,160,1 1,160,1 1,160,1 1,160,1 1,160,1 12,0,2 1,160,1 0,0,0
ADDLINE 0,0,0 1,128,1 1,128,1 5,128,1 1,128,1 2,128,1 12,0,2 1,128,1 0,0,0
ADDLINE 0,0,0 1,141,1 1,141,1 1,141,1 1,141,1 1,141,1 0,0,0 1,141,1 12,0,2
ADDLINE 0,0,0 0,0,0 0,0,0 0,0,0 12,0,2 0,0,0 0,0,0 3,153,1 0,0,0
ADDLINE 0,0,0 5,165,1 5,165,1 2,165,1 1,165,1 1,165,1 1,165,1 4,165,1 12,0,2
ADDLINE 0,0,0 0,0,0 0,0,0 1,133,1 0,0,0 0,0,0 12,0,2 0,0,0 0,0,0
ADDLINE 1,138,1 1,138,1 1,138,1 1,138,1 12,0,2 1,138,1 1,138,1 1,138,1 1,138,1
ADDLINE 1,158,1 0,0,0 0,0,0 0,0,0 12,0,2 0,0,0 1,158,1 1,158,1 1,158,1
ADDLINE 1,163,1 1,163,1 4,163,1 1,163,1 1,163,1 12,0,2 1,163,1 1,163,1 1,163,1
ADDLINE 3,131,1 4,131,1 3,131,1 1,131,1 1,131,1 12,0,2 1,131,1 5,131,1 1,131,1
ADDLINE 1,143,1 1,143,1 1,143,1 3,143,1 5,143,1 12,0,2 1,143,1 1,143,1 1,143,1
ADDLINE 0,0,0 12,0,2 0,0,0 0,0,0 3,163,1 0,0,0 0,0,0 0,0,0 0,0,0
ADDLINE 1,168,1 4,168,1 1,168,1 1,168,1 1,168,1 1,168,1 1,168,1 12,0,2 1,168,1
ADDLINE 5,142,1 12,0,2 1,142,1 1,142,1 1,142,1 1,142,1 1,142,1 0,0,0 1,142,1
ADDLINE 1,148,1 12,0,2 1,148,1 4,148,1 1,148,1 1,148,1 1,148,1 4,148,1 1,148,1
ADDLINE 1,168,1 12,0,2 1,168,1 1,168,1 2,168,1 1,168,1 5,168,1 0,0,0 0,0,0
ADDLINE 1,182,1 1,182,1 1,182,1 12,0,2 3,182,1 0,0,0 3,182,1 1,182,1 5,182,1
ADDLINE 1,146,1 4,146,1 4,146,1 12,0,2 1,146,1 0,0,0 1,146,1 5,146,1 1,146,1
ADDLINE 1,152,1 1,152,1 1,152,1 1,152,1 1,152,1 12,0,2 1,152,1 1,152,1 1,152,1
ADDLINE 1,174,1 4,174,1 1,174,1 0,0,0 1,174,1 0,0,0 1,174,1 12,0,2 0,0,0
ADDLINE 1,188,1 1,188,1 4,188,1 12,0,2 1,188,1 0,0,0 1,188,1 3,188,1 1,188,1
ADDLINE 0,0,0 0,0,0 0,0,0 0,0,0 0,0,0 12,0,2 2,150,1 1,150,1 1,150,1
ADDLINE 12,0,2 1,157,1 1,157,1 4,157,1 1,157,1 3,157,1 1,157,1 1,157,1 1,157,1
ADDLINE 0,0,0 1,179,1 1,179,1 1,179,1 3,179,1 12,0,2 1,179,1 5,179,1 1,179,1
ADDLINE 0,0,0 1,193,1 5,193,1 1,193,1 1,193,1 12,0,2 4,193,1 1,193,1 1,193,1
ADDLINE 1,147,1 12,0,2 4,147,1 2,147,1 1,147,1 5,147,1 1,147,1 5,147,1 1,147,1
ADDLINE 1,169,1 0,0,0 0,0,0 12,0,2 0,0,0 0,0,0 1,169,1 1,169,1 4,169,1
ADDLINE 1,184,1 1,184,1 1,184,1 12,0,2 1,184,1 0,0,0 1,184,1 1,184,1 1,184,1
ADDLINE 0,0,0 0,0,0 1,199,1 12,0,2 1,199,1 0,0,0 5,199,1 0,0,0 0,0,0
ADDLINE 1,152,1 1,152,1 1,152,1 12,0,2 1,152,1 4,152,1 1,152,1 1,152,1 1,152,1
ADDLINE 2,174,1 1,174,1 1,174,1 12,0,2 4,174,1 1,174,1 1,174,1 0,0,0 1,174,1
ADDLINE 3,189,1 2,189,1 1,189,1 12,0,2 1,189,1 1,189,1 1,189,1 0,0,0 1,189,1
ADDLINE 0,0,0 12,0,2 0,0,0 0,0,0 1,205,1 0,0,0 0,0,0 0,0,0 0,0,0
ADDLINE 2,156,1 1,156,1 1,156,1 12,0,2 1,156,1 4,156,1 1,156,1 1,156,1 1,156,1
ADDLINE 1,170,1 1,170,1 1,170,1 3,170,1 1,170,1 1,170,1 12,0,2 1,170,1 1,170,1
ADDLINE 3,194,1 1,194,1 0,0,0 12,0,2 0,0,0 0,0,0 0,0,0 2,194,1 4,194,1
ADDLINE 1,210,1 12,0,2 0,0,0 4,210,1 1,210,1 1,210,1 1,210,1 1,210,1 1,210,1
ADDLINE 1,168,1 0,0,0 12,0,2 0,0,0 0,0,0 1,168,1 1,168,1 1,168,1 1,168,1
ADDLINE 5,184,1 1,184,1 3,184,1 2,184,1 0,0,0 12,0,2 0,0,0 2,184,1 1,184,1
ADDLINE 1,190,1 1,190,1 3,190,1 1,190,1 1,190,1 1,190,1 12,0,2 1,190,1 1,190,1
ADDLINE 1,245,1 5,245,1 5,245,1 1,245,1 1,245,1 12,0,2 0,0,0 2,245,1 1,245,1
ADDLINE 2,247,1 1,247,1 1,247,1 1,247,1 12,0,2 0,0,0 1,247,1 1,247,1 1,247,1
ADDLINE 1,249,1 1,249,1 1,249,1 3,249,1 0,0,0 0,0,0 12,0,2 0,0,0 1,249,1
2,95,1 1,95,1 1,95,1 4,95,1 4,95,1 1,95,1 12,0,2 0,0,0 1,95,1
1,90,1 3,90,1 1,90,1 1,90,1 1,90,1 1,90,1 12,0,2 1,90,1 1,90,1
1,93,1 1,93,1 1,93,1 2,93,1 1,93,1 1,93,1 12,0,2 0,0,0 0,0,0
1,88,1 2,88,1 1,88,1 1,88,1 1,88,1 1,88,1 1,88,1 1,88,1 12,0,2
3,91,1 1,91,1 12,0,2 0,0,0 0,0,0 0,0,0 0,0,0 0,0,0 0,0,0
1,90,1 1,90,1 0,0,0 12,0,2 0,0,0 0,0,0 4,90,1 2,90,1 1,90,1
0,0,0 0,0,0 0,0,0 0,0,0 0,0,0 0,0,0 0,0,0 0,0,0 0,0,0
0,0,0 0,0,0 0,0,0 0,0,0 0,0,0 0,0,0 0,0,0 0,0,0 0,0,0
0,0,0 0,0,0 0,0,0 0,0,0 0,0,0 0,0,0 0,0,0 0,0,0 0,0,0