MODE 0
BALL 103
STARS 0/0/10400
ADDLINE 1,106,1 1,106,1 12,0,2 1,106,1 1,106,1 1,106,1 1,106,1 1,106,1 0,0,0
ADDLINE 1,107,1 1,107,1 12,0,2 1,107,1 4,107,1 1,107,1 4,107,1 1,107,1 0,0,0
ADDLINE 2,108,1 3,108,1 12,0,2 1,108,1 1,108,1 1,108,1 3,108,1 1,108,1 0,0,0
ADDLINE 2,119,1 1,119,1 12,0,2 0,0,0 0,0,0 1,119,1 0,0,0 2,119,1 0,0,0
ADDLINE 1,114,1 1,114,1 12,0,2 1,114,1 3,114,1 1,114,1 1,114,1 1,114,1 1,114,1
ADDLINE 0,0,0 0,0,0 12,0,2 1,131,1 1,131,1 4,131,1 0,0,0 1,131,1 1,131,1
ADDLINE 5,142,1 1,142,1 12,0,2 1,142,1 1,142,1 1,142,1 0,0,0 2,142,1 1,142,1
ADDLINE 0,0,0 1,154,1 12,0,2 3,154,1 2,154,1 1,154,1 0,0,0 3,154,1 1,154,1
ADDLINE 1,124,1 1,124,1 12,0,2 1,124,1 1,124,1 1,124,1 0,0,0 1,124,1 1,124,1
ADDLINE 3,136,1 1,136,1 1,136,1 0,0,0 12,0,2 0,0,0 0,0,0 0,0,0 0,0,0
ADDLINE 1,148,1 1,148,1 2,148,1 0,0,0 1,148,1 1,148,1 12,0,2 0,0,0 0,0,0
ADDLINE 1,160,1 12,0,2 0,0,0 0,0,0 1,160,1 5,160,1 0,0,0 1,160,1 1,160,1
ADDLINE 2,128,1 12,0,2 5,128,1 1,128,1 1,128,1 1,128,1 1,128,1 0,0,0 4,128,1
ADDLINE 5,141,1 12,0,2 1,141,1 1,141,1 1,141,1 1,141,1 1,141,1 0,0,0 1,141,1
ADDLINE 1,153,1 0,0,0 0,0,0 12,0,2 0,0,0 0,0,0 0,0,0 0,0,0 1,153,1
ADDLINE 1,165,1 5,165,1 1,165,1 1,165,1 12,0,2 1,165,1 0,0,0 1,165,1 1,165,1
ADDLINE 1,133,1 1,133,1 1,133,1 1,133,1 12,0,2 3,133,1 0,0,0 4,133,1 1,133,1
ADDLINE 4,145,1 1,145,1 1,145,1 1,145,1 12,0,2 1,145,1 0,0,0 1,145,1 3,145,1
ADDLINE 1,158,1 12,0,2 1,158,1 1,158,1 5,158,1 0,0,0 1,158,1 2,158,1 1,158,1
ADDLINE 0,0,0 12,0,2 1,171,1 1,171,1 0,0,0 0,0,0 1,171,1 1,171,1 1,171,1
ADDLINE 0,0,0 3,137,1 1,137,1 12,0,2 0,0,0 1,137,1 1,137,1 1,137,1 5,137,1
ADDLINE 0,0,0 0,0,0 0,0,0 12,0,2 1,150,1 1,150,1 1,150,1 1,150,1 3,150,1
ADDLINE 0,0,0 0,0,0 1,163,1 1,163,1 5,163,1 1,163,1 1,163,1 1,163,1 12,0,2
ADDLINE 0,0,0 1,177,1 3,177,1 1,177,1 4,177,1 1,177,1 1,177,1 12,0,2 0,0,0
ADDLINE 0,0,0 0,0,0 1,142,1 2,142,1 1,142,1 1,142,1 1,142,1 12,0,2 0,0,0
ADDLINE 0,0,0 0,0,0 1,155,1 1,155,1 1,155,1 1,155,1 2,155,1 0,0,0 12,0,2
ADDLINE 0,0,0 0,0,0 5,168,1 1,168,1 4,168,1 1,168,1 12,0,2 0,0,0 1,168,1
ADDLINE 2,173,1 1,173,1 4,173,1 1,173,1 2,173,1 1,173,1 12,0,2 1,173,1 3,173,1
ADDLINE 1,146,1 1,146,1 1,146,1 1,146,1 1,146,1 12,0,2 0,0,0 1,146,1 4,146,1
ADDLINE 1,160,1 1,160,1 1,160,1 1,160,1 12,0,2 0,0,0 1,160,1 1,160,1 3,160,1
ADDLINE 1,174,1 1,174,1 1,174,1 12,0,2 0,0,0 3,174,1 1,174,1 1,174,1 1,174,1
ADDLINE 1,188,1 1,188,1 1,188,1 12,0,2 0,0,0 0,0,0 0,0,0 0,0,0 0,0,0
ADDLINE 1,150,1 1,150,1 2,150,1 2,150,1 1,150,1 1,150,1 5,150,1 12,0,2 0,0,0
ADDLINE 3,165,1 2,165,1 0,0,0 0,0,0 0,0,0 12,0,2 0,0,0 0,0,0 1,165,1
ADDLINE 0,0,0 12,0,2 0,0,0 1,179,1 1,179,1 1,179,1 4,179,1 1,179,1 1,179,1
ADDLINE 0,0,0 12,0,2 2,193,1 1,193,1 1,193,1 1,193,1 1,193,1 1,193,1 1,193,1
ADDLINE 1,155,1 0,0,0 0,0,0 12,0,2 1,155,1 0,0,0 0,0,0 4,155,1 1,155,1
ADDLINE 0,0,0 1,169,1 1,169,1 5,169,1 0,0,0 0,0,0 12,0,2 2,169,1 1,169,1
ADDLINE 0,0,0 2,184,1 0,0,0 0,0,0 12,0,2 1,184,1 1,184,1 1,184,1 1,184,1
ADDLINE 0,0,0 0,0,0 3,199,1 1,199,1 0,0,0 0,0,0 0,0,0 12,0,2 0,0,0
ADDLINE 1,159,1 12,0,2 0,0,0 0,0,0 0,0,0 1,159,1 1,159,1 1,159,1 0,0,0
ADDLINE 1,174,1 1,174,1 1,174,1 4,174,1 12,0,2 0,0,0 2,174,1 1,174,1 0,0,0
ADDLINE 1,189,1 1,189,1 1,189,1 3,189,1 1,189,1 12,0,2 1,189,1 1,189,1 0,0,0
ADDLINE 1,205,1 3,205,1 1,205,1 1,205,1 1,205,1 0,0,0 5,205,1 12,0,2 0,0,0
ADDLINE 1,164,1 2,164,1 1,164,1 1,164,1 5,164,1 0,0,0 1,164,1 12,0,2 0,0,0
ADDLINE 2,170,1 4,170,1 1,170,1 12,0,2 1,170,1 5,170,1 1,170,1 1,170,1 1,170,1
ADDLINE 1,194,1 1,194,1 5,194,1 12,0,2 0,0,0 1,194,1 1,194,1 1,194,1 1,194,1
ADDLINE 2,210,1 1,210,1 1,210,1 1,210,1 0,0,0 0,0,0 0,0,0 12,0,2 0,0,0
ADDLINE 1,160,1 1,160,1 2,160,1 1,160,1 1,160,1 1,160,1 1,160,1 3,160,1 12,0,2
ADDLINE 1,175,1 1,175,1 4,175,1 1,175,1 1,175,1 1,175,1 1,175,1 1,175,1 12,0,2
ADDLINE 3,200,1 4,200,1 1,200,1 1,200,1 0,0,0 0,0,0 0,0,0 12,0,2 0,0,0
ADDLINE 1,245,1 1,245,1 1,245,1 1,245,1 12,0,2 0,0,0 0,0,0 0,0,0 1,245,1
ADDLINE 1,235,1 4,235,1 1,235,1 2,235,1 1,235,1 4,235,1 1,235,1 12,0,2 1,235,1
ADDLINE 1,249,1 1,249,1 3,249,1 0,0,0 0,0,0 0,0,0 12,0,2 0,0,0 1,249,1
0,0,0 1,95,1 1,95,1 1,95,1 4,95,1 1,95,1 12,0,2 1,95,1 1,95,1
0,0,0 3,94,1 1,94,1 4,94,1 1,94,1 1,94,1 12,0,2 3,94,1 5,94,1
12,0,2 1,89,1 1,89,1 1,89,1 1,89,1 1,89,1 1,89,1 5,89,1 1,89,1
0,0,0 0,0,0 0,0,0 1,92,1 0,0,0 0,0,0 12,0,2 1,92,1 1,92,1
1,87,1 4,87,1 12,0,2 4,87,1 1,87,1 1,87,1 1,87,1 2,87,1 1,87,1
1,90,1 1,90,1 0,0,0 3,90,1 12,0,2 0,0,0 0,0,0 0,0,0 0,0,0
0,0,0 0,0,0 0,0,0 0,0,0 0,0,0 0,0,0 0,0,0 0,0,0 0,0,0
0,0,0 0,0,0 0,0,0 0,0,0 0,0,0 0,0,0 0,0,0 0,0,0 0,0,0
0,0,0 0,0,0 0,0,0 0,0,0 0,0,0 0,0,0 0,0,0 0,0,0 0,0,0