MODE 0
BALL 103
STARS 0/0/13500
ADDLINE 1,101,1 12,0,2 1,202,1 1,202,1 1,202,1 1,202,1 1,202,1 1,202,1 1,101,1
ADDLINE 1,107,1 12,0,2 0,0,0 3,107,1 1,107,1 1,214,1 17,107,1 1,214,1 4,107,1
ADDLINE 1,108,1 20,108,1 1,216,1 12,0,2 0,0,0 0,0,0 1,216,1 1,216,1 0,0,0
ADDLINE 1,119,1 1,238,1 1,238,1 3,119,1 12,0,2 0,0,0 0,0,0 0,0,0 0,0,0
ADDLINE 1,120,1 1,120,1 1,120,1 12,0,2 0,0,0 1,120,1 1,120,1 2,120,1 1,120,1
ADDLINE 1,262,1 16,131,1 12,0,2 0,0,0 1,262,1 1,262,1 1,262,1 1,262,1 1,262,1
ADDLINE 0,0,0 12,0,2 0,0,0 1,142,1 1,142,1 1,142,1 2,142,1 1,142,1 2,142,1
ADDLINE 0,0,0 12,0,2 0,0,0 1,308,1 1,308,1 1,308,1 1,154,1 1,154,1 1,154,1
ADDLINE 4,124,1 1,124,1 12,0,2 1,248,1 17,124,1 1,248,1 1,124,1 1,124,1 5,124,1
ADDLINE 12,0,2 1,129,1 2,129,1 1,258,1 1,258,1 1,258,1 4,129,1 1,129,1 1,129,1
ADDLINE 0,0,0 11,0,2 0,0,0 0,0,0 12,0,2 0,0,0 0,0,0 1,148,1 0,0,0
ADDLINE 1,320,1 19,160,1 1,320,1 1,320,1 1,320,1 1,320,1 1,320,1 1,320,1 12,0,2
ADDLINE 1,128,1 1,256,1 12,0,2 1,128,1 1,128,1 1,128,1 1,128,1 1,128,1 0,0,0
ADDLINE 1,268,1 1,268,1 12,0,2 1,134,1 1,134,1 5,134,1 1,268,1 1,268,1 2,134,1
ADDLINE 19,153,1 1,306,1 12,0,2 1,306,1 1,306,1 1,306,1 1,306,1 10,0,2 0,0,0
ADDLINE 1,330,1 1,330,1 4,165,1 1,165,1 1,330,1 17,165,1 12,0,2 1,330,1 0,0,0
ADDLINE 0,0,0 12,0,2 0,0,0 0,0,0 0,0,0 1,266,1 1,266,1 1,133,1 0,0,0
ADDLINE 0,0,0 5,145,1 1,145,1 1,145,1 1,145,1 1,145,1 1,145,1 1,145,1 12,0,2
ADDLINE 1,316,1 1,316,1 1,316,1 12,0,2 1,316,1 1,316,1 1,316,1 8,0,2 1,316,1
ADDLINE 1,171,1 4,171,1 1,171,1 12,0,2 1,171,1 0,0,0 0,0,0 0,0,0 1,171,1
ADDLINE 1,131,1 3,131,1 2,131,1 1,131,1 1,131,1 12,0,2 1,131,1 1,131,1 1,131,1
ADDLINE 1,300,1 8,0,2 0,0,0 12,0,2 1,300,1 0,0,0 1,300,1 1,300,1 1,300,1
ADDLINE 1,326,1 1,326,1 1,326,1 1,326,1 1,326,1 12,0,2 1,326,1 1,326,1 16,163,1
ADDLINE 0,0,0 1,354,1 12,0,2 8,0,2 1,354,1 1,354,1 0,0,0 1,354,1 0,0,0
ADDLINE 2,142,1 3,142,1 2,142,1 1,142,1 1,142,1 12,0,2 20,142,1 11,0,2 1,142,1
ADDLINE 1,148,1 1,148,1 4,148,1 1,148,1 1,148,1 12,0,2 1,296,1 1,296,1 1,148,1
ADDLINE 4,160,1 1,160,1 1,160,1 1,160,1 1,160,1 1,160,1 1,160,1 12,0,2 1,160,1
ADDLINE 1,364,1 1,364,1 1,364,1 12,0,2 16,182,1 1,364,1 1,364,1 0,0,0 1,364,1
ADDLINE 17,146,1 1,292,1 2,146,1 0,0,0 12,0,2 0,0,0 0,0,0 0,0,0 0,0,0
ADDLINE 1,320,1 1,320,1 1,160,1 12,0,2 1,160,1 0,0,0 1,320,1 1,320,1 1,160,1
ADDLINE 1,174,1 1,174,1 1,174,1 12,0,2 1,174,1 1,348,1 20,174,1 1,348,1 1,174,1
ADDLINE 1,179,1 2,179,1 1,179,1 12,0,2 5,179,1 1,358,1 1,358,1 1,358,1 1,179,1
ADDLINE 0,0,0 0,0,0 0,0,0 0,0,0 3,150,1 12,0,2 1,150,1 1,150,1 5,150,1
ADDLINE 2,157,1 1,314,1 1,314,1 1,314,1 1,314,1 12,0,2 1,157,1 1,157,1 1,157,1
ADDLINE 0,0,0 10,0,2 1,358,1 1,358,1 17,179,1 1,358,1 1,358,1 12,0,2 1,358,1
ADDLINE 5,184,1 1,368,1 1,368,1 1,368,1 1,368,1 12,0,2 1,184,1 1,184,1 1,184,1
ADDLINE 1,310,1 12,0,2 11,0,2 0,0,0 0,0,0 0,0,0 0,0,0 1,155,1 0,0,0
ADDLINE 19,169,1 1,338,1 1,338,1 1,338,1 1,338,1 1,338,1 1,338,1 1,338,1 12,0,2
ADDLINE 0,0,0 10,0,2 0,0,0 1,368,1 0,0,0 12,0,2 0,0,0 0,0,0 0,0,0
ADDLINE 1,199,1 1,398,1 12,0,2 1,199,1 3,199,1 1,199,1 1,199,1 1,199,1 0,0,0
ADDLINE 0,0,0 1,159,1 0,0,0 1,159,1 1,159,1 1,159,1 1,159,1 5,159,1 12,0,2
ADDLINE 0,0,0 1,174,1 0,0,0 1,174,1 1,174,1 4,174,1 3,174,1 1,174,1 12,0,2
ADDLINE 0,0,0 1,189,1 12,0,2 1,189,1 1,189,1 1,189,1 1,189,1 1,189,1 0,0,0
ADDLINE 0,0,0 1,410,1 1,410,1 16,205,1 1,410,1 1,410,1 1,410,1 1,410,1 12,0,2
ADDLINE 0,0,0 5,164,1 0,0,0 0,0,0 0,0,0 2,164,1 12,0,2 0,0,0 0,0,0
ADDLINE 1,170,1 1,170,1 1,170,1 1,170,1 1,170,1 1,170,1 1,170,1 12,0,2 5,170,1
ADDLINE 1,185,1 4,185,1 1,185,1 3,185,1 1,185,1 1,185,1 1,185,1 12,0,2 1,185,1
ADDLINE 1,210,1 1,210,1 5,210,1 1,210,1 3,210,1 1,420,1 1,420,1 12,0,2 0,0,0
ADDLINE 4,168,1 1,168,1 2,168,1 1,168,1 1,168,1 12,0,2 7,0,2 0,0,0 0,0,0
ADDLINE 1,368,1 1,368,1 1,184,1 1,184,1 1,184,1 0,0,0 0,0,0 12,0,2 0,0,0
ADDLINE 20,200,1 1,400,1 5,200,1 1,200,1 1,200,1 0,0,0 0,0,0 12,0,2 0,0,0
ADDLINE 1,490,1 1,490,1 1,245,1 1,245,1 2,245,1 12,0,2 0,0,0 4,245,1 1,245,1
ADDLINE 0,0,0 0,0,0 0,0,0 0,0,0 0,0,0 12,0,2 0,0,0 1,247,1 1,247,1
ADDLINE 10,0,2 0,0,0 12,0,2 1,498,1 1,498,1 1,498,1 1,498,1 1,498,1 1,498,1
16,95,1 1,190,1 1,190,1 11,0,2 12,0,2 1,190,1 1,190,1 1,190,1 0,0,0
19,94,1 1,188,1 1,188,1 1,188,1 1,188,1 1,188,1 1,188,1 12,0,2 0,0,0
1,186,1 1,186,1 0,0,0 1,93,1 1,93,1 1,186,1 0,0,0 12,0,2 0,0,0
1,184,1 1,92,1 0,0,0 12,0,2 0,0,0 0,0,0 11,0,2 1,184,1 1,92,1
4,182,1 1,91,1 5,91,1 1,91,1 0,0,0 12,0,2 0,0,0 0,0,0 0,0,0
3,180,1 1,90,1 1,90,1 1,90,1 1,90,1 1,90,1 5,90,1 12,0,2 0,0,0
0,0,0 0,0,0 0,0,0 0,0,0 0,0,0 0,0,0 0,0,0 0,0,0 0,0,0
0,0,0 0,0,0 0,0,0 0,0,0 0,0,0 0,0,0 0,0,0 0,0,0 0,0,0
0,0,0 0,0,0 0,0,0 0,0,0 0,0,0 0,0,0 0,0,0 0,0,0 0,0,0