MODE 0
BALL 103
STARS 0/0/10000
ADDLINE 1,101,1 1,101,1 3,101,1 1,101,1 1,101,1 12,0,2 1,101,1 1,101,1 1,101,1
ADDLINE 2,102,1 2,102,1 4,102,1 3,102,1 1,102,1 12,0,2 1,102,1 4,102,1 1,102,1
ADDLINE 1,103,1 1,103,1 1,103,1 1,103,1 1,103,1 12,0,2 1,103,1 1,103,1 1,103,1
ADDLINE 1,119,1 1,119,1 1,119,1 1,119,1 1,119,1 12,0,2 0,0,0 0,0,0 3,119,1
ADDLINE 1,114,1 1,114,1 1,114,1 1,114,1 2,114,1 12,0,2 4,114,1 1,114,1 1,114,1
ADDLINE 3,131,1 0,0,0 12,0,2 0,0,0 0,0,0 0,0,0 0,0,0 0,0,0 1,131,1
ADDLINE 1,136,1 1,136,1 1,136,1 2,136,1 1,136,1 1,136,1 1,136,1 12,0,2 4,136,1
ADDLINE 0,0,0 0,0,0 12,0,2 0,0,0 1,154,1 5,154,1 1,154,1 0,0,0 0,0,0
ADDLINE 1,124,1 1,124,1 1,124,1 12,0,2 2,124,1 1,124,1 1,124,1 0,0,0 1,124,1
ADDLINE 0,0,0 0,0,0 0,0,0 12,0,2 1,136,1 3,136,1 1,136,1 1,136,1 1,136,1
ADDLINE 0,0,0 1,148,1 4,148,1 5,148,1 0,0,0 0,0,0 0,0,0 12,0,2 1,148,1
ADDLINE 0,0,0 0,0,0 0,0,0 12,0,2 1,160,1 1,160,1 1,160,1 0,0,0 1,160,1
ADDLINE 1,122,1 1,122,1 1,122,1 1,122,1 1,122,1 1,122,1 1,122,1 1,122,1 12,0,2
ADDLINE 1,141,1 0,0,0 12,0,2 0,0,0 1,141,1 1,141,1 1,141,1 2,141,1 0,0,0
ADDLINE 2,153,1 12,0,2 4,153,1 1,153,1 1,153,1 1,153,1 5,153,1 4,153,1 0,0,0
ADDLINE 1,165,1 1,165,1 1,165,1 5,165,1 1,165,1 12,0,2 0,0,0 0,0,0 0,0,0
ADDLINE 0,0,0 0,0,0 3,133,1 5,133,1 12,0,2 1,133,1 1,133,1 1,133,1 1,133,1
ADDLINE 0,0,0 0,0,0 12,0,2 0,0,0 0,0,0 1,145,1 4,145,1 1,145,1 1,145,1
ADDLINE 12,0,2 1,151,1 1,151,1 1,151,1 1,151,1 3,151,1 1,151,1 1,151,1 5,151,1
ADDLINE 0,0,0 12,0,2 1,171,1 3,171,1 1,171,1 2,171,1 1,171,1 5,171,1 1,171,1
ADDLINE 1,137,1 0,0,0 12,0,2 0,0,0 1,137,1 1,137,1 1,137,1 1,137,1 1,137,1
ADDLINE 1,150,1 2,150,1 4,150,1 0,0,0 12,0,2 0,0,0 0,0,0 0,0,0 0,0,0
ADDLINE 1,155,1 1,155,1 4,155,1 1,155,1 3,155,1 1,155,1 1,155,1 1,155,1 12,0,2
ADDLINE 1,168,1 1,168,1 1,168,1 1,168,1 1,168,1 2,168,1 1,168,1 1,168,1 12,0,2
ADDLINE 1,142,1 1,142,1 1,142,1 1,142,1 2,142,1 1,142,1 1,142,1 12,0,2 0,0,0
ADDLINE 1,155,1 3,155,1 4,155,1 4,155,1 12,0,2 0,0,0 0,0,0 0,0,0 1,155,1
ADDLINE 0,0,0 12,0,2 0,0,0 0,0,0 0,0,0 1,168,1 1,168,1 1,168,1 1,168,1
ADDLINE 1,173,1 1,173,1 1,173,1 12,0,2 1,173,1 3,173,1 1,173,1 1,173,1 3,173,1
ADDLINE 1,146,1 1,146,1 4,146,1 0,0,0 0,0,0 0,0,0 12,0,2 0,0,0 5,146,1
ADDLINE 1,160,1 1,160,1 1,160,1 0,0,0 0,0,0 12,0,2 0,0,0 0,0,0 1,160,1
ADDLINE 4,165,1 1,165,1 1,165,1 12,0,2 2,165,1 1,165,1 3,165,1 1,165,1 1,165,1
ADDLINE 1,188,1 1,188,1 1,188,1 12,0,2 0,0,0 1,188,1 1,188,1 1,188,1 1,188,1
ADDLINE 3,143,1 1,143,1 2,143,1 1,143,1 12,0,2 1,143,1 4,143,1 1,143,1 1,143,1
ADDLINE 1,165,1 1,165,1 3,165,1 3,165,1 0,0,0 12,0,2 0,0,0 0,0,0 1,165,1
ADDLINE 1,179,1 1,179,1 1,179,1 1,179,1 12,0,2 0,0,0 0,0,0 0,0,0 1,179,1
ADDLINE 0,0,0 0,0,0 0,0,0 0,0,0 12,0,2 4,193,1 2,193,1 1,193,1 1,193,1
ADDLINE 2,155,1 0,0,0 0,0,0 12,0,2 0,0,0 0,0,0 1,155,1 0,0,0 0,0,0
ADDLINE 1,161,1 1,161,1 3,161,1 1,161,1 1,161,1 1,161,1 5,161,1 1,161,1 12,0,2
ADDLINE 1,184,1 2,184,1 0,0,0 12,0,2 1,184,1 1,184,1 1,184,1 1,184,1 0,0,0
ADDLINE 1,199,1 1,199,1 2,199,1 12,0,2 1,199,1 1,199,1 2,199,1 1,199,1 0,0,0
ADDLINE 1,159,1 3,159,1 4,159,1 0,0,0 1,159,1 0,0,0 1,159,1 12,0,2 0,0,0
ADDLINE 0,0,0 0,0,0 0,0,0 12,0,2 1,174,1 0,0,0 1,174,1 0,0,0 1,174,1
ADDLINE 1,189,1 1,189,1 1,189,1 0,0,0 0,0,0 0,0,0 5,189,1 12,0,2 0,0,0
ADDLINE 4,205,1 1,205,1 1,205,1 12,0,2 2,205,1 1,205,1 1,205,1 1,205,1 0,0,0
ADDLINE 0,0,0 1,164,1 1,164,1 0,0,0 0,0,0 1,164,1 5,164,1 12,0,2 0,0,0
ADDLINE 12,0,2 1,170,1 1,170,1 1,170,1 1,170,1 1,170,1 1,170,1 1,170,1 5,170,1
ADDLINE 0,0,0 12,0,2 2,194,1 3,194,1 1,194,1 5,194,1 1,194,1 1,194,1 1,194,1
ADDLINE 1,210,1 0,0,0 12,0,2 0,0,0 0,0,0 0,0,0 0,0,0 1,210,1 1,210,1
ADDLINE 5,168,1 1,168,1 1,168,1 1,168,1 0,0,0 12,0,2 0,0,0 1,168,1 1,168,1
ADDLINE 1,184,1 1,184,1 1,184,1 12,0,2 0,0,0 1,184,1 3,184,1 1,184,1 4,184,1
ADDLINE 1,200,1 1,200,1 12,0,2 0,0,0 3,200,1 5,200,1 1,200,1 1,200,1 1,200,1
ADDLINE 1,245,1 4,245,1 0,0,0 12,0,2 0,0,0 5,245,1 1,245,1 2,245,1 2,245,1
ADDLINE 1,247,1 1,247,1 1,247,1 12,0,2 0,0,0 1,247,1 1,247,1 1,247,1 1,247,1
ADDLINE 1,249,1 5,249,1 12,0,2 0,0,0 1,249,1 1,249,1 1,249,1 1,249,1 1,249,1
1,95,1 0,0,0 0,0,0 0,0,0 0,0,0 12,0,2 5,95,1 0,0,0 0,0,0
1,90,1 5,90,1 1,90,1 12,0,2 1,90,1 1,90,1 4,90,1 1,90,1 2,90,1
0,0,0 0,0,0 1,93,1 12,0,2 1,93,1 1,93,1 1,93,1 0,0,0 1,93,1
1,92,1 5,92,1 1,92,1 12,0,2 1,92,1 4,92,1 1,92,1 0,0,0 1,92,1
1,91,1 1,91,1 0,0,0 0,0,0 12,0,2 0,0,0 1,91,1 0,0,0 0,0,0
1,90,1 1,90,1 1,90,1 12,0,2 1,90,1 0,0,0 3,90,1 3,90,1 1,90,1
0,0,0 0,0,0 0,0,0 0,0,0 0,0,0 0,0,0 0,0,0 0,0,0 0,0,0
0,0,0 0,0,0 0,0,0 0,0,0 0,0,0 0,0,0 0,0,0 0,0,0 0,0,0
0,0,0 0,0,0 0,0,0 0,0,0 0,0,0 0,0,0 0,0,0 0,0,0 0,0,0