MODE 0
BALL 50
STARS 0/2000/2800
ADDLINE 1,53,1 4,53,1 1,53,1 0,0,0 0,0,0 12,0,2 0,0,0 0,0,0 1,53,1
ADDLINE 1,51,1 1,51,1 1,51,1 12,0,2 4,51,1 1,51,1 0,0,0 1,51,1 1,51,1
ADDLINE 1,58,1 2,58,1 1,58,1 0,0,0 1,58,1 1,58,1 12,0,2 5,58,1 1,58,1
ADDLINE 1,62,1 1,62,1 12,0,2 0,0,0 1,62,1 1,62,1 0,0,0 0,0,0 0,0,0
ADDLINE 0,0,0 12,0,2 5,59,1 1,59,1 1,59,1 1,59,1 1,59,1 4,59,1 1,59,1
ADDLINE 1,88,1 12,0,2 0,0,0 1,88,1 0,0,0 0,0,0 1,88,1 1,88,1 2,88,1
0,0,0 1,52,1 12,0,2 0,0,0 1,52,1 1,52,1 0,0,0 1,52,1 0,0,0
1,49,1 4,49,1 0,0,0 1,49,1 1,49,1 1,49,1 12,0,2 5,49,1 1,49,1
1,50,1 2,50,1 5,50,1 4,50,1 0,0,0 0,0,0 0,0,0 2,50,1 12,0,2
1,49,1 2,49,1 0,0,0 3,49,1 12,0,2 4,49,1 4,49,1 3,49,1 0,0,0
0,0,0 1,48,1 0,0,0 4,48,1 3,48,1 1,48,1 1,48,1 1,48,1 12,0,2
0,0,0 1,47,1 12,0,2 0,0,0 0,0,0 1,47,1 0,0,0 1,47,1 1,47,1
0,0,0 0,0,0 0,0,0 0,0,0 0,0,0 0,0,0 0,0,0 0,0,0 0,0,0
0,0,0 0,0,0 0,0,0 0,0,0 0,0,0 0,0,0 0,0,0 0,0,0 0,0,0
0,0,0 0,0,0 0,0,0 0,0,0 0,0,0 0,0,0 0,0,0 0,0,0 0,0,0