MODE 0
BALL 103
STARS 0/0/10500
ADDLINE 0,0,0 0,0,0 0,0,0 1,106,1 1,106,1 12,0,2 1,106,1 0,0,0 0,0,0
ADDLINE 1,102,1 12,0,2 1,102,1 1,102,1 1,102,1 1,102,1 1,102,1 1,102,1 1,102,1
ADDLINE 1,108,1 0,0,0 12,0,2 1,108,1 0,0,0 0,0,0 1,108,1 1,108,1 1,108,1
ADDLINE 1,119,1 1,119,1 1,238,1 1,238,1 1,238,1 12,0,2 1,119,1 0,0,0 1,119,1
ADDLINE 1,120,1 1,120,1 1,240,1 7,0,2 1,240,1 12,0,2 1,120,1 0,0,0 1,120,1
ADDLINE 1,125,1 1,125,1 1,250,1 1,250,1 1,250,1 12,0,2 1,125,1 1,125,1 1,125,1
ADDLINE 1,142,1 1,142,1 1,142,1 1,142,1 1,142,1 0,0,0 0,0,0 12,0,2 0,0,0
ADDLINE 1,147,1 1,147,1 1,147,1 1,147,1 1,147,1 12,0,2 1,147,1 1,147,1 1,147,1
ADDLINE 1,248,1 8,0,2 0,0,0 12,0,2 1,248,1 0,0,0 1,248,1 0,0,0 1,248,1
ADDLINE 1,136,1 1,136,1 12,0,2 0,0,0 7,0,2 0,0,0 1,136,1 1,136,1 1,136,1
ADDLINE 1,148,1 1,296,1 0,0,0 1,296,1 1,296,1 1,296,1 12,0,2 0,0,0 1,148,1
ADDLINE 1,160,1 7,0,2 0,0,0 0,0,0 12,0,2 1,160,1 1,160,1 1,160,1 0,0,0
ADDLINE 1,122,1 1,244,1 1,244,1 1,122,1 1,122,1 1,122,1 1,122,1 1,244,1 12,0,2
ADDLINE 1,282,1 1,282,1 0,0,0 0,0,0 0,0,0 1,282,1 1,282,1 12,0,2 10,0,2
ADDLINE 11,0,2 12,0,2 0,0,0 1,153,1 1,153,1 1,153,1 1,153,1 1,306,1 1,306,1
ADDLINE 0,0,0 1,330,1 1,165,1 0,0,0 12,0,2 0,0,0 0,0,0 0,0,0 1,165,1
ADDLINE 1,127,1 1,127,1 1,127,1 12,0,2 1,127,1 1,127,1 1,127,1 1,127,1 1,127,1
ADDLINE 0,0,0 12,0,2 0,0,0 1,145,1 1,145,1 1,145,1 1,145,1 1,145,1 1,145,1
ADDLINE 1,158,1 1,158,1 1,158,1 1,158,1 1,158,1 1,158,1 12,0,2 0,0,0 0,0,0
ADDLINE 1,171,1 1,171,1 1,171,1 1,171,1 1,171,1 0,0,0 12,0,2 0,0,0 0,0,0
ADDLINE 1,137,1 1,137,1 1,137,1 1,137,1 1,137,1 0,0,0 12,0,2 0,0,0 0,0,0
ADDLINE 1,150,1 1,150,1 1,150,1 1,150,1 0,0,0 0,0,0 12,0,2 0,0,0 0,0,0
ADDLINE 1,163,1 1,163,1 1,163,1 12,0,2 0,0,0 1,163,1 1,163,1 1,163,1 0,0,0
ADDLINE 1,177,1 1,177,1 1,354,1 12,0,2 1,354,1 1,177,1 1,177,1 1,177,1 0,0,0
ADDLINE 1,284,1 1,284,1 12,0,2 10,0,2 1,284,1 1,284,1 1,284,1 1,284,1 0,0,0
ADDLINE 1,155,1 1,155,1 1,310,1 0,0,0 1,310,1 1,155,1 1,155,1 12,0,2 0,0,0
ADDLINE 1,168,1 1,168,1 1,168,1 0,0,0 0,0,0 12,0,2 0,0,0 0,0,0 1,168,1
ADDLINE 0,0,0 1,364,1 1,182,1 12,0,2 1,182,1 1,182,1 1,364,1 7,0,2 1,182,1
ADDLINE 10,0,2 0,0,0 1,292,1 12,0,2 1,292,1 1,292,1 1,292,1 1,292,1 1,292,1
ADDLINE 1,320,1 1,320,1 1,160,1 12,0,2 1,160,1 1,160,1 0,0,0 1,160,1 1,160,1
ADDLINE 1,174,1 1,174,1 1,174,1 0,0,0 12,0,2 0,0,0 0,0,0 0,0,0 1,174,1
ADDLINE 1,188,1 1,188,1 1,188,1 1,188,1 0,0,0 11,0,2 0,0,0 12,0,2 0,0,0
ADDLINE 1,150,1 1,300,1 1,300,1 1,150,1 12,0,2 1,300,1 1,300,1 0,0,0 0,0,0
ADDLINE 1,165,1 7,0,2 1,330,1 1,165,1 1,165,1 1,165,1 1,165,1 12,0,2 0,0,0
ADDLINE 1,179,1 1,358,1 1,358,1 1,179,1 1,179,1 12,0,2 0,0,0 0,0,0 0,0,0
ADDLINE 1,193,1 1,193,1 1,193,1 1,193,1 1,193,1 12,0,2 0,0,0 0,0,0 0,0,0
ADDLINE 1,155,1 1,155,1 1,155,1 12,0,2 0,0,0 0,0,0 0,0,0 0,0,0 1,155,1
ADDLINE 1,169,1 1,169,1 1,169,1 12,0,2 1,169,1 1,169,1 1,169,1 0,0,0 0,0,0
ADDLINE 1,184,1 1,184,1 1,184,1 1,184,1 0,0,0 1,184,1 0,0,0 12,0,2 0,0,0
ADDLINE 1,199,1 1,199,1 1,199,1 1,199,1 12,0,2 1,398,1 11,0,2 1,398,1 1,199,1
ADDLINE 1,159,1 1,159,1 1,159,1 1,159,1 1,159,1 1,318,1 12,0,2 1,318,1 0,0,0
ADDLINE 1,174,1 1,174,1 1,174,1 1,174,1 0,0,0 12,0,2 0,0,0 0,0,0 0,0,0
ADDLINE 0,0,0 0,0,0 0,0,0 0,0,0 0,0,0 1,189,1 1,189,1 12,0,2 1,189,1
ADDLINE 0,0,0 1,205,1 1,205,1 1,205,1 1,205,1 1,205,1 0,0,0 12,0,2 1,205,1
ADDLINE 1,164,1 0,0,0 1,164,1 0,0,0 12,0,2 0,0,0 0,0,0 1,164,1 1,164,1
ADDLINE 1,170,1 1,170,1 1,170,1 1,170,1 1,170,1 1,170,1 1,170,1 1,170,1 12,0,2
ADDLINE 1,194,1 12,0,2 0,0,0 0,0,0 0,0,0 0,0,0 0,0,0 0,0,0 0,0,0
ADDLINE 1,200,1 12,0,2 1,200,1 1,200,1 1,200,1 1,200,1 1,200,1 1,200,1 1,200,1
ADDLINE 0,0,0 12,0,2 1,168,1 1,168,1 1,168,1 1,168,1 1,168,1 1,168,1 1,168,1
ADDLINE 0,0,0 0,0,0 12,0,2 1,184,1 1,184,1 1,184,1 1,184,1 1,184,1 1,184,1
ADDLINE 1,190,1 1,190,1 12,0,2 1,190,1 1,190,1 1,190,1 1,190,1 1,190,1 1,190,1
ADDLINE 1,233,1 1,233,1 12,0,2 1,233,1 1,233,1 1,233,1 1,233,1 1,233,1 1,233,1
ADDLINE 0,0,0 0,0,0 12,0,2 1,247,1 1,247,1 1,247,1 1,247,1 1,247,1 1,247,1
ADDLINE 0,0,0 8,0,2 0,0,0 12,0,2 0,0,0 0,0,0 1,498,1 1,498,1 1,498,1
1,91,1 1,91,1 1,91,1 1,91,1 12,0,2 1,91,1 1,91,1 1,91,1 1,91,1
1,90,1 1,90,1 1,90,1 1,90,1 12,0,2 1,90,1 1,90,1 1,90,1 1,90,1
1,89,1 1,89,1 1,89,1 1,89,1 12,0,2 1,89,1 1,89,1 1,89,1 1,89,1
0,0,0 1,92,1 0,0,0 0,0,0 0,0,0 1,92,1 0,0,0 0,0,0 12,0,2
1,87,1 1,87,1 12,0,2 1,87,1 1,87,1 1,87,1 1,87,1 1,87,1 1,87,1
0,0,0 1,90,1 1,90,1 1,90,1 12,0,2 0,0,0 0,0,0 0,0,0 1,90,1
0,0,0 0,0,0 0,0,0 0,0,0 0,0,0 0,0,0 0,0,0 0,0,0 0,0,0
0,0,0 0,0,0 0,0,0 0,0,0 0,0,0 0,0,0 0,0,0 0,0,0 0,0,0
0,0,0 0,0,0 0,0,0 0,0,0 0,0,0 0,0,0 0,0,0 0,0,0 0,0,0