MODE 0
BALL 103
STARS 0/0/14000
ADDLINE 1,101,1 1,101,1 1,101,1 12,0,2 1,101,1 1,101,1 1,101,1 1,101,1 1,101,1
ADDLINE 1,107,1 1,107,1 1,107,1 0,0,0 0,0,0 0,0,0 12,0,2 0,0,0 1,107,1
ADDLINE 1,108,1 1,108,1 1,108,1 1,108,1 0,0,0 0,0,0 12,0,2 0,0,0 1,108,1
ADDLINE 1,119,1 1,119,1 1,119,1 1,119,1 0,0,0 0,0,0 0,0,0 12,0,2 0,0,0
ADDLINE 1,120,1 1,120,1 1,120,1 1,120,1 12,0,2 0,0,0 0,0,0 0,0,0 0,0,0
ADDLINE 1,131,1 1,131,1 1,131,1 1,131,1 12,0,2 0,0,0 0,0,0 0,0,0 1,131,1
ADDLINE 1,136,1 1,136,1 1,136,1 1,136,1 1,136,1 1,136,1 1,136,1 12,0,2 1,136,1
ADDLINE 1,147,1 1,147,1 1,147,1 1,147,1 1,147,1 1,147,1 1,147,1 12,0,2 1,147,1
ADDLINE 1,124,1 1,124,1 1,124,1 1,124,1 1,124,1 0,0,0 12,0,2 0,0,0 1,124,1
ADDLINE 1,136,1 12,0,2 1,136,1 1,136,1 1,136,1 0,0,0 1,136,1 1,136,1 1,136,1
ADDLINE 1,148,1 0,0,0 1,148,1 1,148,1 1,148,1 0,0,0 1,148,1 12,0,2 0,0,0
ADDLINE 1,160,1 12,0,2 1,160,1 1,160,1 1,160,1 0,0,0 1,160,1 1,160,1 1,160,1
ADDLINE 1,128,1 0,0,0 1,128,1 1,128,1 1,128,1 12,0,2 0,0,0 0,0,0 0,0,0
ADDLINE 1,134,1 12,0,2 1,134,1 1,134,1 1,134,1 1,134,1 1,134,1 1,134,1 1,134,1
ADDLINE 0,0,0 0,0,0 12,0,2 0,0,0 0,0,0 0,0,0 1,153,1 0,0,0 0,0,0
ADDLINE 1,165,1 1,165,1 1,165,1 1,165,1 1,165,1 12,0,2 1,165,1 0,0,0 1,165,1
ADDLINE 1,133,1 1,133,1 1,133,1 1,133,1 1,133,1 12,0,2 1,133,1 0,0,0 1,133,1
ADDLINE 1,145,1 1,145,1 1,145,1 1,145,1 1,145,1 12,0,2 1,145,1 0,0,0 1,145,1
ADDLINE 1,151,1 1,151,1 1,151,1 12,0,2 1,151,1 1,151,1 1,151,1 1,151,1 1,151,1
ADDLINE 0,0,0 12,0,2 1,171,1 0,0,0 1,171,1 1,171,1 1,171,1 1,171,1 1,171,1
ADDLINE 1,131,1 1,131,1 1,131,1 12,0,2 1,131,1 1,131,1 1,131,1 1,131,1 1,131,1
ADDLINE 0,0,0 12,0,2 0,0,0 0,0,0 1,150,1 0,0,0 0,0,0 0,0,0 0,0,0
ADDLINE 1,163,1 12,0,2 1,163,1 0,0,0 1,163,1 1,163,1 1,163,1 1,163,1 1,163,1
ADDLINE 1,177,1 12,0,2 1,177,1 0,0,0 1,177,1 1,177,1 1,177,1 1,177,1 1,177,1
ADDLINE 1,142,1 12,0,2 1,142,1 0,0,0 1,142,1 1,142,1 1,142,1 1,142,1 1,142,1
ADDLINE 1,155,1 12,0,2 1,155,1 0,0,0 1,155,1 1,155,1 1,155,1 1,155,1 1,155,1
ADDLINE 1,160,1 1,160,1 1,160,1 12,0,2 1,160,1 1,160,1 1,160,1 1,160,1 1,160,1
ADDLINE 0,0,0 1,182,1 0,0,0 0,0,0 0,0,0 0,0,0 12,0,2 0,0,0 0,0,0
ADDLINE 1,146,1 1,146,1 12,0,2 1,146,1 1,146,1 1,146,1 1,146,1 1,146,1 0,0,0
ADDLINE 1,160,1 1,160,1 12,0,2 1,160,1 1,160,1 1,160,1 1,160,1 1,160,1 0,0,0
ADDLINE 1,174,1 1,174,1 12,0,2 1,174,1 1,174,1 1,174,1 1,174,1 1,174,1 0,0,0
ADDLINE 1,188,1 1,188,1 12,0,2 1,188,1 1,188,1 1,188,1 1,188,1 1,188,1 0,0,0
ADDLINE 1,143,1 1,143,1 1,143,1 1,143,1 1,143,1 1,143,1 1,143,1 1,143,1 12,0,2
ADDLINE 0,0,0 1,165,1 1,165,1 0,0,0 1,165,1 12,0,2 1,165,1 1,165,1 0,0,0
ADDLINE 0,0,0 1,179,1 1,179,1 1,179,1 0,0,0 1,179,1 1,179,1 1,179,1 12,0,2
ADDLINE 0,0,0 1,193,1 1,193,1 1,193,1 12,0,2 1,193,1 1,193,1 1,193,1 0,0,0
ADDLINE 1,155,1 12,0,2 0,0,0 0,0,0 0,0,0 0,0,0 0,0,0 0,0,0 1,155,1
ADDLINE 1,169,1 1,169,1 1,169,1 1,169,1 12,0,2 1,169,1 1,169,1 1,169,1 0,0,0
ADDLINE 1,184,1 1,184,1 1,184,1 1,184,1 0,0,0 1,184,1 12,0,2 0,0,0 0,0,0
ADDLINE 1,199,1 1,199,1 1,199,1 1,199,1 12,0,2 1,199,1 1,199,1 1,199,1 0,0,0
ADDLINE 0,0,0 0,0,0 12,0,2 1,159,1 0,0,0 1,159,1 0,0,0 1,159,1 0,0,0
ADDLINE 1,166,1 1,166,1 1,166,1 1,166,1 1,166,1 1,166,1 12,0,2 1,166,1 1,166,1
ADDLINE 1,180,1 1,180,1 1,180,1 1,180,1 1,180,1 1,180,1 12,0,2 1,180,1 1,180,1
ADDLINE 1,205,1 12,0,2 0,0,0 0,0,0 0,0,0 0,0,0 0,0,0 0,0,0 1,205,1
ADDLINE 1,164,1 12,0,2 1,164,1 1,164,1 1,164,1 1,164,1 1,164,1 0,0,0 1,164,1
ADDLINE 1,179,1 1,179,1 1,179,1 1,179,1 1,179,1 0,0,0 12,0,2 0,0,0 1,179,1
ADDLINE 1,194,1 1,194,1 1,194,1 1,194,1 1,194,1 12,0,2 1,194,1 1,194,1 0,0,0
ADDLINE 1,210,1 1,210,1 1,210,1 0,0,0 12,0,2 0,0,0 1,210,1 1,210,1 0,0,0
ADDLINE 1,168,1 1,168,1 1,168,1 0,0,0 12,0,2 1,168,1 1,168,1 1,168,1 0,0,0
ADDLINE 1,184,1 1,184,1 1,184,1 1,184,1 12,0,2 1,184,1 1,184,1 1,184,1 0,0,0
ADDLINE 1,200,1 1,200,1 1,200,1 1,200,1 12,0,2 0,0,0 1,200,1 1,200,1 0,0,0
ADDLINE 1,245,1 1,245,1 1,245,1 1,245,1 1,245,1 1,245,1 12,0,2 1,245,1 0,0,0
ADDLINE 1,247,1 1,247,1 1,247,1 1,247,1 1,247,1 1,247,1 12,0,2 0,0,0 1,247,1
ADDLINE 1,249,1 0,0,0 1,249,1 1,249,1 1,249,1 1,249,1 12,0,2 0,0,0 1,249,1
1,95,1 1,95,1 1,95,1 1,95,1 1,95,1 1,95,1 12,0,2 0,0,0 1,95,1
1,94,1 1,94,1 0,0,0 0,0,0 0,0,0 12,0,2 0,0,0 0,0,0 1,94,1
0,0,0 0,0,0 12,0,2 1,93,1 1,93,1 1,93,1 1,93,1 1,93,1 1,93,1
0,0,0 12,0,2 1,92,1 1,92,1 1,92,1 1,92,1 1,92,1 1,92,1 1,92,1
1,91,1 0,0,0 12,0,2 0,0,0 1,91,1 1,91,1 1,91,1 1,91,1 1,91,1
1,90,1 1,90,1 1,90,1 12,0,2 0,0,0 0,0,0 1,90,1 1,90,1 1,90,1
0,0,0 0,0,0 0,0,0 0,0,0 0,0,0 0,0,0 0,0,0 0,0,0 0,0,0
0,0,0 0,0,0 0,0,0 0,0,0 0,0,0 0,0,0 0,0,0 0,0,0 0,0,0
0,0,0 0,0,0 0,0,0 0,0,0 0,0,0 0,0,0 0,0,0 0,0,0 0,0,0