MODE 0
BALL 103
STARS 0/0/10000
ADDLINE 1,101,1 1,101,1 1,101,1 1,101,1 12,0,2 1,101,1 1,101,1 1,101,1 1,101,1
ADDLINE 1,102,1 1,102,1 1,102,1 1,102,1 12,0,2 1,102,1 1,102,1 1,102,1 1,102,1
ADDLINE 1,103,1 1,103,1 1,103,1 1,103,1 12,0,2 1,103,1 1,103,1 1,103,1 1,103,1
ADDLINE 1,113,1 1,113,1 1,113,1 1,113,1 12,0,2 1,113,1 1,113,1 1,113,1 1,113,1
ADDLINE 0,0,0 0,0,0 0,0,0 12,0,2 0,0,0 0,0,0 0,0,0 1,120,1 0,0,0
ADDLINE 1,125,1 1,125,1 12,0,2 1,125,1 1,125,1 1,125,1 1,125,1 1,125,1 1,125,1
ADDLINE 1,142,1 1,142,1 0,0,0 1,142,1 0,0,0 1,142,1 12,0,2 0,0,0 0,0,0
ADDLINE 1,154,1 1,154,1 12,0,2 1,154,1 0,0,0 1,154,1 1,154,1 1,154,1 1,154,1
ADDLINE 1,124,1 1,124,1 12,0,2 1,124,1 0,0,0 1,124,1 1,124,1 1,124,1 1,124,1
ADDLINE 1,136,1 1,136,1 12,0,2 1,136,1 1,136,1 1,136,1 1,136,1 1,136,1 0,0,0
ADDLINE 1,148,1 0,0,0 12,0,2 1,148,1 1,148,1 1,148,1 1,148,1 1,148,1 0,0,0
ADDLINE 0,0,0 0,0,0 1,160,1 1,160,1 1,160,1 0,0,0 0,0,0 12,0,2 0,0,0
ADDLINE 0,0,0 1,128,1 0,0,0 0,0,0 12,0,2 0,0,0 1,128,1 1,128,1 0,0,0
ADDLINE 1,141,1 1,141,1 1,141,1 12,0,2 1,141,1 1,141,1 1,141,1 0,0,0 0,0,0
ADDLINE 1,153,1 1,153,1 1,153,1 12,0,2 1,153,1 1,153,1 0,0,0 0,0,0 0,0,0
ADDLINE 1,165,1 1,165,1 1,165,1 12,0,2 0,0,0 1,165,1 0,0,0 1,165,1 0,0,0
ADDLINE 1,133,1 1,133,1 1,133,1 1,133,1 1,133,1 12,0,2 0,0,0 1,133,1 0,0,0
ADDLINE 1,145,1 1,145,1 1,145,1 1,145,1 1,145,1 0,0,0 12,0,2 0,0,0 0,0,0
ADDLINE 1,151,1 1,151,1 1,151,1 1,151,1 12,0,2 1,151,1 1,151,1 1,151,1 1,151,1
ADDLINE 1,171,1 1,171,1 12,0,2 0,0,0 0,0,0 1,171,1 1,171,1 1,171,1 1,171,1
ADDLINE 1,137,1 12,0,2 0,0,0 1,137,1 1,137,1 1,137,1 1,137,1 1,137,1 1,137,1
ADDLINE 1,150,1 0,0,0 12,0,2 0,0,0 0,0,0 1,150,1 1,150,1 1,150,1 1,150,1
ADDLINE 1,163,1 1,163,1 1,163,1 1,163,1 0,0,0 0,0,0 12,0,2 0,0,0 1,163,1
ADDLINE 1,177,1 1,177,1 1,177,1 0,0,0 0,0,0 12,0,2 0,0,0 0,0,0 1,177,1
ADDLINE 1,135,1 1,135,1 1,135,1 12,0,2 1,135,1 1,135,1 1,135,1 1,135,1 1,135,1
ADDLINE 0,0,0 12,0,2 0,0,0 0,0,0 1,155,1 1,155,1 1,155,1 1,155,1 1,155,1
ADDLINE 0,0,0 12,0,2 1,168,1 1,168,1 1,168,1 1,168,1 1,168,1 1,168,1 1,168,1
ADDLINE 1,182,1 0,0,0 12,0,2 1,182,1 0,0,0 1,182,1 1,182,1 1,182,1 1,182,1
ADDLINE 1,146,1 1,146,1 0,0,0 1,146,1 0,0,0 0,0,0 12,0,2 0,0,0 0,0,0
ADDLINE 1,160,1 1,160,1 12,0,2 0,0,0 0,0,0 0,0,0 1,160,1 1,160,1 0,0,0
ADDLINE 1,165,1 1,165,1 1,165,1 1,165,1 1,165,1 1,165,1 1,165,1 1,165,1 12,0,2
ADDLINE 1,188,1 1,188,1 1,188,1 1,188,1 12,0,2 0,0,0 1,188,1 1,188,1 0,0,0
ADDLINE 1,150,1 1,150,1 1,150,1 1,150,1 12,0,2 1,150,1 1,150,1 1,150,1 0,0,0
ADDLINE 1,165,1 1,165,1 1,165,1 1,165,1 1,165,1 12,0,2 1,165,1 1,165,1 0,0,0
ADDLINE 1,179,1 1,179,1 1,179,1 1,179,1 1,179,1 12,0,2 0,0,0 1,179,1 0,0,0
ADDLINE 1,193,1 1,193,1 1,193,1 1,193,1 1,193,1 1,193,1 0,0,0 12,0,2 0,0,0
ADDLINE 1,155,1 12,0,2 0,0,0 0,0,0 0,0,0 0,0,0 1,155,1 1,155,1 1,155,1
ADDLINE 1,169,1 0,0,0 0,0,0 0,0,0 1,169,1 0,0,0 12,0,2 0,0,0 0,0,0
ADDLINE 1,184,1 1,184,1 1,184,1 0,0,0 12,0,2 1,184,1 1,184,1 1,184,1 0,0,0
ADDLINE 1,199,1 1,199,1 1,199,1 12,0,2 0,0,0 0,0,0 0,0,0 0,0,0 0,0,0
ADDLINE 1,159,1 1,159,1 1,159,1 1,159,1 1,159,1 12,0,2 1,159,1 0,0,0 1,159,1
ADDLINE 1,174,1 1,174,1 1,174,1 1,174,1 1,174,1 12,0,2 1,174,1 0,0,0 1,174,1
ADDLINE 1,189,1 1,189,1 1,189,1 0,0,0 0,0,0 12,0,2 0,0,0 0,0,0 1,189,1
ADDLINE 1,205,1 1,205,1 0,0,0 0,0,0 0,0,0 12,0,2 0,0,0 1,205,1 1,205,1
ADDLINE 1,164,1 1,164,1 12,0,2 1,164,1 1,164,1 0,0,0 1,164,1 1,164,1 1,164,1
ADDLINE 1,170,1 1,170,1 1,170,1 1,170,1 12,0,2 1,170,1 1,170,1 1,170,1 1,170,1
ADDLINE 1,194,1 1,194,1 1,194,1 1,194,1 12,0,2 0,0,0 1,194,1 1,194,1 1,194,1
ADDLINE 1,210,1 1,210,1 1,210,1 1,210,1 1,210,1 0,0,0 0,0,0 12,0,2 0,0,0
ADDLINE 1,160,1 1,160,1 1,160,1 1,160,1 1,160,1 1,160,1 1,160,1 1,160,1 12,0,2
ADDLINE 1,175,1 1,175,1 1,175,1 1,175,1 1,175,1 1,175,1 1,175,1 1,175,1 12,0,2
ADDLINE 1,200,1 1,200,1 12,0,2 0,0,0 0,0,0 0,0,0 0,0,0 0,0,0 0,0,0
ADDLINE 1,245,1 1,245,1 12,0,2 0,0,0 1,245,1 1,245,1 1,245,1 1,245,1 1,245,1
ADDLINE 1,247,1 1,247,1 1,247,1 0,0,0 12,0,2 0,0,0 1,247,1 1,247,1 1,247,1
ADDLINE 1,249,1 1,249,1 1,249,1 12,0,2 0,0,0 0,0,0 1,249,1 1,249,1 1,249,1
1,95,1 1,95,1 12,0,2 1,95,1 0,0,0 1,95,1 1,95,1 1,95,1 1,95,1
1,94,1 1,94,1 12,0,2 1,94,1 0,0,0 1,94,1 1,94,1 1,94,1 0,0,0
1,93,1 1,93,1 12,0,2 1,93,1 1,93,1 1,93,1 1,93,1 1,93,1 0,0,0
1,92,1 1,92,1 0,0,0 0,0,0 0,0,0 12,0,2 0,0,0 0,0,0 0,0,0
1,91,1 1,91,1 12,0,2 1,91,1 1,91,1 1,91,1 0,0,0 1,91,1 1,91,1
0,0,0 1,90,1 12,0,2 1,90,1 1,90,1 1,90,1 0,0,0 1,90,1 0,0,0
0,0,0 0,0,0 0,0,0 0,0,0 0,0,0 0,0,0 0,0,0 0,0,0 0,0,0
0,0,0 0,0,0 0,0,0 0,0,0 0,0,0 0,0,0 0,0,0 0,0,0 0,0,0
0,0,0 0,0,0 0,0,0 0,0,0 0,0,0 0,0,0 0,0,0 0,0,0 0,0,0