MODE 0
BALL 103
STARS 0/0/13300
ADDLINE 1,101,1 1,202,1 1,202,1 1,202,1 1,101,1 1,101,1 1,101,1 1,101,1 12,0,2
ADDLINE 1,107,1 1,107,1 1,107,1 1,107,1 1,107,1 0,0,0 12,0,2 0,0,0 0,0,0
ADDLINE 1,108,1 1,108,1 1,108,1 1,108,1 12,0,2 0,0,0 1,108,1 1,108,1 1,108,1
ADDLINE 1,119,1 1,119,1 1,119,1 12,0,2 0,0,0 1,119,1 1,119,1 1,119,1 1,119,1
ADDLINE 1,240,1 1,240,1 1,120,1 0,0,0 0,0,0 12,0,2 0,0,0 0,0,0 1,120,1
ADDLINE 19,131,1 1,262,1 1,262,1 1,262,1 1,262,1 1,262,1 12,0,2 0,0,0 1,262,1
ADDLINE 1,284,1 1,284,1 1,142,1 1,142,1 1,142,1 1,142,1 0,0,0 12,0,2 0,0,0
ADDLINE 1,308,1 1,308,1 1,154,1 1,154,1 0,0,0 0,0,0 12,0,2 0,0,0 0,0,0
ADDLINE 17,124,1 1,248,1 0,0,0 12,0,2 1,248,1 0,0,0 1,124,1 1,124,1 1,124,1
ADDLINE 1,272,1 1,272,1 1,136,1 1,272,1 17,136,1 1,272,1 12,0,2 1,272,1 1,272,1
ADDLINE 1,296,1 1,296,1 12,0,2 1,296,1 1,296,1 1,296,1 0,0,0 1,296,1 19,148,1
ADDLINE 1,160,1 1,160,1 12,0,2 1,160,1 1,160,1 1,160,1 0,0,0 1,320,1 1,320,1
ADDLINE 0,0,0 12,0,2 0,0,0 1,128,1 0,0,0 0,0,0 0,0,0 1,128,1 1,128,1
ADDLINE 1,141,1 1,141,1 12,0,2 1,141,1 1,141,1 1,141,1 0,0,0 1,141,1 1,141,1
ADDLINE 1,153,1 1,153,1 0,0,0 12,0,2 0,0,0 1,153,1 0,0,0 0,0,0 0,0,0
ADDLINE 1,165,1 1,165,1 1,165,1 1,165,1 12,0,2 1,165,1 0,0,0 1,165,1 1,165,1
ADDLINE 0,0,0 0,0,0 0,0,0 0,0,0 0,0,0 1,133,1 0,0,0 0,0,0 12,0,2
ADDLINE 1,145,1 1,145,1 12,0,2 1,145,1 1,145,1 1,145,1 1,145,1 1,145,1 0,0,0
ADDLINE 0,0,0 12,0,2 0,0,0 1,158,1 0,0,0 1,158,1 0,0,0 0,0,0 0,0,0
ADDLINE 17,171,1 1,342,1 1,171,1 1,171,1 12,0,2 1,171,1 1,171,1 1,171,1 0,0,0
ADDLINE 1,274,1 1,274,1 1,137,1 1,137,1 12,0,2 1,274,1 0,0,0 1,137,1 0,0,0
ADDLINE 1,150,1 1,150,1 1,300,1 1,300,1 12,0,2 20,150,1 1,300,1 1,150,1 1,150,1
ADDLINE 1,163,1 1,163,1 1,326,1 17,163,1 12,0,2 1,326,1 1,326,1 1,163,1 1,163,1
ADDLINE 1,354,1 1,354,1 1,354,1 1,354,1 12,0,2 1,354,1 1,354,1 1,354,1 16,177,1
ADDLINE 0,0,0 1,142,1 12,0,2 0,0,0 1,284,1 1,284,1 1,284,1 1,142,1 1,142,1
ADDLINE 0,0,0 1,155,1 1,155,1 1,155,1 12,0,2 20,155,1 1,310,1 1,155,1 1,155,1
ADDLINE 0,0,0 1,168,1 1,168,1 1,168,1 0,0,0 1,336,1 1,336,1 1,168,1 12,0,2
ADDLINE 1,173,1 1,173,1 1,173,1 1,173,1 12,0,2 1,173,1 1,173,1 1,173,1 1,173,1
ADDLINE 0,0,0 1,146,1 0,0,0 12,0,2 1,292,1 1,292,1 1,292,1 0,0,0 1,146,1
ADDLINE 1,160,1 1,160,1 1,160,1 1,160,1 12,0,2 17,160,1 1,320,1 1,160,1 1,160,1
ADDLINE 0,0,0 1,174,1 0,0,0 1,174,1 12,0,2 1,348,1 1,348,1 1,174,1 1,174,1
ADDLINE 1,179,1 1,179,1 12,0,2 1,179,1 1,179,1 1,179,1 1,179,1 1,179,1 1,179,1
ADDLINE 1,150,1 1,150,1 0,0,0 1,150,1 0,0,0 0,0,0 0,0,0 12,0,2 0,0,0
ADDLINE 1,157,1 1,157,1 12,0,2 1,157,1 1,157,1 1,157,1 1,157,1 1,157,1 1,157,1
ADDLINE 0,0,0 0,0,0 0,0,0 1,179,1 12,0,2 1,179,1 1,179,1 1,179,1 1,179,1
ADDLINE 1,184,1 1,184,1 1,184,1 1,184,1 12,0,2 1,184,1 1,184,1 1,184,1 1,184,1
ADDLINE 0,0,0 1,310,1 1,310,1 1,310,1 16,155,1 1,310,1 1,310,1 1,310,1 12,0,2
ADDLINE 0,0,0 1,338,1 1,338,1 19,169,1 1,338,1 12,0,2 1,338,1 1,338,1 1,338,1
ADDLINE 1,184,1 1,184,1 1,368,1 1,368,1 12,0,2 1,184,1 0,0,0 1,368,1 1,368,1
ADDLINE 1,398,1 1,398,1 1,398,1 1,398,1 12,0,2 1,398,1 0,0,0 1,398,1 19,199,1
ADDLINE 1,152,1 1,152,1 1,152,1 1,152,1 12,0,2 1,152,1 1,152,1 1,304,1 1,304,1
ADDLINE 0,0,0 0,0,0 12,0,2 0,0,0 0,0,0 1,174,1 0,0,0 1,174,1 1,174,1
ADDLINE 1,180,1 1,180,1 1,180,1 1,180,1 1,180,1 1,180,1 12,0,2 1,180,1 1,180,1
ADDLINE 0,0,0 12,0,2 0,0,0 0,0,0 0,0,0 1,205,1 0,0,0 0,0,0 0,0,0
ADDLINE 1,164,1 1,164,1 12,0,2 1,164,1 1,164,1 1,164,1 1,164,1 1,164,1 0,0,0
ADDLINE 1,340,1 1,340,1 1,170,1 1,170,1 1,170,1 12,0,2 1,170,1 1,170,1 1,170,1
ADDLINE 19,194,1 1,388,1 1,388,1 1,388,1 1,388,1 12,0,2 1,388,1 1,388,1 1,388,1
ADDLINE 1,420,1 1,420,1 17,210,1 1,420,1 1,210,1 12,0,2 0,0,0 0,0,0 0,0,0
ADDLINE 1,168,1 1,336,1 1,336,1 1,336,1 1,168,1 1,168,1 12,0,2 0,0,0 0,0,0
ADDLINE 1,184,1 1,184,1 1,184,1 1,184,1 0,0,0 12,0,2 0,0,0 1,184,1 1,184,1
ADDLINE 1,200,1 12,0,2 0,0,0 0,0,0 0,0,0 1,400,1 1,400,1 1,400,1 1,200,1
ADDLINE 0,0,0 12,0,2 1,245,1 1,245,1 1,245,1 1,490,1 17,245,1 1,490,1 1,245,1
ADDLINE 0,0,0 0,0,0 12,0,2 1,247,1 1,247,1 1,494,1 1,494,1 1,494,1 1,247,1
ADDLINE 1,249,1 1,249,1 0,0,0 12,0,2 0,0,0 1,249,1 1,249,1 1,249,1 1,249,1
1,95,1 1,190,1 17,95,1 0,0,0 0,0,0 0,0,0 12,0,2 0,0,0 1,95,1
1,94,1 1,188,1 1,188,1 1,188,1 0,0,0 0,0,0 0,0,0 12,0,2 0,0,0
1,93,1 1,93,1 1,186,1 1,93,1 0,0,0 12,0,2 0,0,0 0,0,0 0,0,0
1,184,1 1,184,1 1,184,1 1,92,1 1,92,1 0,0,0 12,0,2 0,0,0 1,92,1
20,91,1 1,182,1 1,182,1 1,91,1 1,91,1 1,91,1 0,0,0 12,0,2 0,0,0
1,180,1 1,180,1 1,180,1 1,90,1 1,90,1 1,90,1 0,0,0 12,0,2 0,0,0
0,0,0 0,0,0 0,0,0 0,0,0 0,0,0 0,0,0 0,0,0 0,0,0 0,0,0
0,0,0 0,0,0 0,0,0 0,0,0 0,0,0 0,0,0 0,0,0 0,0,0 0,0,0
0,0,0 0,0,0 0,0,0 0,0,0 0,0,0 0,0,0 0,0,0 0,0,0 0,0,0