MODE 0
BALL 103
STARS 0/0/13800
ADDLINE 1,101,1 1,101,1 1,101,1 12,0,2 1,101,1 1,101,1 1,101,1 1,101,1 1,101,1
ADDLINE 1,102,1 1,102,1 1,102,1 12,0,2 1,102,1 1,102,1 1,102,1 1,102,1 1,102,1
ADDLINE 1,103,1 1,103,1 1,103,1 12,0,2 1,103,1 1,103,1 1,103,1 1,103,1 1,103,1
ADDLINE 1,119,1 1,119,1 1,119,1 12,0,2 0,0,0 0,0,0 1,119,1 0,0,0 0,0,0
ADDLINE 1,120,1 1,120,1 1,120,1 12,0,2 1,120,1 1,120,1 1,120,1 0,0,0 1,120,1
ADDLINE 1,131,1 12,0,2 0,0,0 0,0,0 1,131,1 0,0,0 1,131,1 0,0,0 1,131,1
ADDLINE 1,142,1 1,142,1 1,142,1 12,0,2 1,142,1 0,0,0 1,142,1 1,142,1 1,142,1
ADDLINE 1,154,1 1,154,1 1,154,1 12,0,2 0,0,0 0,0,0 1,154,1 1,154,1 1,154,1
ADDLINE 1,118,1 1,118,1 1,118,1 1,118,1 1,118,1 12,0,2 1,118,1 1,118,1 1,118,1
ADDLINE 1,136,1 1,136,1 12,0,2 1,136,1 1,136,1 0,0,0 1,136,1 1,136,1 1,136,1
ADDLINE 1,148,1 1,148,1 0,0,0 0,0,0 12,0,2 0,0,0 0,0,0 0,0,0 0,0,0
ADDLINE 1,160,1 1,160,1 12,0,2 1,160,1 1,160,1 1,160,1 0,0,0 0,0,0 0,0,0
ADDLINE 1,128,1 1,128,1 12,0,2 1,128,1 1,128,1 1,128,1 0,0,0 1,128,1 1,128,1
ADDLINE 1,141,1 12,0,2 0,0,0 0,0,0 0,0,0 0,0,0 0,0,0 0,0,0 0,0,0
ADDLINE 1,153,1 0,0,0 12,0,2 1,153,1 1,153,1 1,153,1 1,153,1 1,153,1 0,0,0
ADDLINE 1,165,1 1,165,1 1,165,1 1,165,1 1,165,1 1,165,1 0,0,0 12,0,2 0,0,0
ADDLINE 1,133,1 1,133,1 1,133,1 1,133,1 1,133,1 12,0,2 1,133,1 1,133,1 0,0,0
ADDLINE 1,145,1 1,145,1 1,145,1 1,145,1 1,145,1 0,0,0 0,0,0 12,0,2 0,0,0
ADDLINE 1,151,1 1,151,1 1,151,1 1,151,1 1,151,1 1,151,1 12,0,2 1,151,1 1,151,1
ADDLINE 1,163,1 1,163,1 1,163,1 1,163,1 1,163,1 1,163,1 12,0,2 1,163,1 1,163,1
ADDLINE 1,131,1 1,131,1 1,131,1 1,131,1 1,131,1 1,131,1 12,0,2 1,131,1 1,131,1
ADDLINE 1,150,1 1,150,1 1,150,1 1,150,1 1,150,1 12,0,2 0,0,0 1,150,1 1,150,1
ADDLINE 1,163,1 1,163,1 1,163,1 1,163,1 1,163,1 0,0,0 0,0,0 12,0,2 0,0,0
ADDLINE 1,177,1 0,0,0 0,0,0 12,0,2 0,0,0 0,0,0 0,0,0 0,0,0 0,0,0
ADDLINE 0,0,0 12,0,2 1,142,1 1,142,1 1,142,1 1,142,1 1,142,1 1,142,1 1,142,1
ADDLINE 0,0,0 0,0,0 0,0,0 0,0,0 12,0,2 1,155,1 1,155,1 1,155,1 1,155,1
ADDLINE 1,168,1 1,168,1 1,168,1 1,168,1 12,0,2 0,0,0 1,168,1 1,168,1 1,168,1
ADDLINE 1,173,1 1,173,1 1,173,1 12,0,2 1,173,1 1,173,1 1,173,1 1,173,1 1,173,1
ADDLINE 1,139,1 1,139,1 1,139,1 12,0,2 1,139,1 1,139,1 1,139,1 1,139,1 1,139,1
ADDLINE 1,160,1 1,160,1 1,160,1 0,0,0 0,0,0 0,0,0 12,0,2 0,0,0 0,0,0
ADDLINE 1,174,1 1,174,1 1,174,1 1,174,1 1,174,1 1,174,1 0,0,0 12,0,2 0,0,0
ADDLINE 1,179,1 1,179,1 1,179,1 1,179,1 1,179,1 1,179,1 12,0,2 1,179,1 1,179,1
ADDLINE 0,0,0 0,0,0 0,0,0 0,0,0 0,0,0 0,0,0 12,0,2 1,150,1 1,150,1
ADDLINE 12,0,2 1,157,1 1,157,1 1,157,1 1,157,1 1,157,1 1,157,1 1,157,1 1,157,1
ADDLINE 0,0,0 0,0,0 12,0,2 1,179,1 1,179,1 1,179,1 1,179,1 1,179,1 1,179,1
ADDLINE 0,0,0 0,0,0 12,0,2 1,193,1 1,193,1 1,193,1 1,193,1 1,193,1 1,193,1
ADDLINE 1,147,1 1,147,1 1,147,1 1,147,1 1,147,1 1,147,1 12,0,2 1,147,1 1,147,1
ADDLINE 0,0,0 12,0,2 0,0,0 0,0,0 0,0,0 0,0,0 0,0,0 1,169,1 1,169,1
ADDLINE 12,0,2 1,175,1 1,175,1 1,175,1 1,175,1 1,175,1 1,175,1 1,175,1 1,175,1
ADDLINE 0,0,0 12,0,2 1,199,1 1,199,1 1,199,1 1,199,1 1,199,1 1,199,1 1,199,1
ADDLINE 1,159,1 0,0,0 12,0,2 0,0,0 0,0,0 0,0,0 0,0,0 0,0,0 1,159,1
ADDLINE 1,174,1 1,174,1 1,174,1 1,174,1 1,174,1 1,174,1 1,174,1 12,0,2 0,0,0
ADDLINE 1,189,1 1,189,1 0,0,0 0,0,0 12,0,2 0,0,0 0,0,0 0,0,0 0,0,0
ADDLINE 1,205,1 1,205,1 12,0,2 0,0,0 1,205,1 1,205,1 1,205,1 1,205,1 1,205,1
ADDLINE 1,156,1 1,156,1 1,156,1 12,0,2 1,156,1 1,156,1 1,156,1 1,156,1 1,156,1
ADDLINE 1,170,1 1,170,1 1,170,1 1,170,1 1,170,1 1,170,1 12,0,2 1,170,1 1,170,1
ADDLINE 1,194,1 1,194,1 1,194,1 1,194,1 0,0,0 12,0,2 0,0,0 1,194,1 1,194,1
ADDLINE 1,210,1 1,210,1 0,0,0 12,0,2 0,0,0 1,210,1 1,210,1 1,210,1 1,210,1
ADDLINE 1,160,1 1,160,1 12,0,2 1,160,1 1,160,1 1,160,1 1,160,1 1,160,1 1,160,1
ADDLINE 1,184,1 1,184,1 0,0,0 12,0,2 0,0,0 1,184,1 1,184,1 1,184,1 1,184,1
ADDLINE 1,190,1 1,190,1 1,190,1 1,190,1 12,0,2 1,190,1 1,190,1 1,190,1 1,190,1
ADDLINE 1,245,1 1,245,1 12,0,2 0,0,0 0,0,0 1,245,1 1,245,1 1,245,1 1,245,1
ADDLINE 1,247,1 1,247,1 0,0,0 0,0,0 12,0,2 0,0,0 0,0,0 1,247,1 1,247,1
ADDLINE 1,249,1 1,249,1 1,249,1 1,249,1 1,249,1 1,249,1 12,0,2 0,0,0 1,249,1
1,95,1 1,95,1 1,95,1 12,0,2 1,95,1 0,0,0 0,0,0 0,0,0 0,0,0
1,90,1 1,90,1 1,90,1 12,0,2 1,90,1 1,90,1 1,90,1 1,90,1 1,90,1
0,0,0 12,0,2 1,93,1 0,0,0 1,93,1 0,0,0 1,93,1 1,93,1 1,93,1
1,92,1 1,92,1 1,92,1 12,0,2 1,92,1 0,0,0 1,92,1 1,92,1 1,92,1
1,91,1 1,91,1 1,91,1 0,0,0 0,0,0 12,0,2 1,91,1 0,0,0 0,0,0
1,90,1 1,90,1 1,90,1 12,0,2 1,90,1 1,90,1 1,90,1 0,0,0 1,90,1
0,0,0 0,0,0 0,0,0 0,0,0 0,0,0 0,0,0 0,0,0 0,0,0 0,0,0
0,0,0 0,0,0 0,0,0 0,0,0 0,0,0 0,0,0 0,0,0 0,0,0 0,0,0
0,0,0 0,0,0 0,0,0 0,0,0 0,0,0 0,0,0 0,0,0 0,0,0 0,0,0