MODE 0
BALL 103
STARS 0/0/10500
ADDLINE 0,0,0 12,0,2 1,106,1 1,106,1 1,106,1 1,106,1 1,106,1 4,106,1 1,106,1
ADDLINE 0,0,0 12,0,2 1,107,1 1,107,1 3,107,1 4,107,1 1,107,1 1,107,1 1,107,1
ADDLINE 0,0,0 12,0,2 1,108,1 1,108,1 1,108,1 5,108,1 5,108,1 1,108,1 1,108,1
ADDLINE 0,0,0 0,0,0 0,0,0 12,0,2 2,119,1 1,119,1 1,119,1 1,119,1 1,119,1
ADDLINE 0,0,0 0,0,0 0,0,0 0,0,0 12,0,2 1,120,1 4,120,1 3,120,1 1,120,1
ADDLINE 3,131,1 1,131,1 0,0,0 12,0,2 0,0,0 1,131,1 1,131,1 1,131,1 1,131,1
ADDLINE 1,142,1 1,142,1 12,0,2 0,0,0 0,0,0 1,142,1 1,142,1 4,142,1 0,0,0
ADDLINE 1,154,1 1,154,1 0,0,0 1,154,1 3,154,1 4,154,1 0,0,0 12,0,2 0,0,0
ADDLINE 1,124,1 0,0,0 0,0,0 1,124,1 1,124,1 12,0,2 0,0,0 1,124,1 5,124,1
ADDLINE 0,0,0 1,136,1 12,0,2 1,136,1 0,0,0 1,136,1 1,136,1 1,136,1 1,136,1
ADDLINE 0,0,0 2,148,1 0,0,0 1,148,1 12,0,2 0,0,0 0,0,0 0,0,0 0,0,0
ADDLINE 1,160,1 3,160,1 12,0,2 1,160,1 0,0,0 3,160,1 1,160,1 4,160,1 1,160,1
ADDLINE 0,0,0 12,0,2 0,0,0 3,128,1 0,0,0 2,128,1 1,128,1 1,128,1 1,128,1
ADDLINE 1,134,1 1,134,1 5,134,1 1,134,1 12,0,2 1,134,1 1,134,1 1,134,1 3,134,1
ADDLINE 0,0,0 0,0,0 0,0,0 12,0,2 0,0,0 1,153,1 1,153,1 1,153,1 1,153,1
ADDLINE 1,165,1 1,165,1 12,0,2 1,165,1 0,0,0 1,165,1 1,165,1 1,165,1 1,165,1
ADDLINE 0,0,0 2,133,1 0,0,0 1,133,1 12,0,2 0,0,0 0,0,0 1,133,1 0,0,0
ADDLINE 1,145,1 1,145,1 12,0,2 3,145,1 0,0,0 5,145,1 1,145,1 2,145,1 1,145,1
ADDLINE 1,158,1 12,0,2 5,158,1 1,158,1 1,158,1 1,158,1 1,158,1 0,0,0 1,158,1
ADDLINE 1,171,1 12,0,2 1,171,1 1,171,1 4,171,1 1,171,1 5,171,1 0,0,0 1,171,1
ADDLINE 1,131,1 12,0,2 1,131,1 3,131,1 1,131,1 1,131,1 1,131,1 4,131,1 3,131,1
ADDLINE 0,0,0 0,0,0 5,150,1 1,150,1 1,150,1 2,150,1 1,150,1 12,0,2 4,150,1
ADDLINE 1,155,1 1,155,1 1,155,1 1,155,1 1,155,1 1,155,1 2,155,1 12,0,2 1,155,1
ADDLINE 1,177,1 0,0,0 0,0,0 0,0,0 1,177,1 12,0,2 0,0,0 0,0,0 1,177,1
ADDLINE 1,142,1 12,0,2 2,142,1 1,142,1 1,142,1 1,142,1 1,142,1 0,0,0 5,142,1
ADDLINE 1,155,1 12,0,2 3,155,1 1,155,1 1,155,1 1,155,1 1,155,1 0,0,0 0,0,0
ADDLINE 1,168,1 12,0,2 3,168,1 1,168,1 2,168,1 1,168,1 1,168,1 0,0,0 1,168,1
ADDLINE 1,182,1 1,182,1 1,182,1 1,182,1 0,0,0 1,182,1 12,0,2 1,182,1 0,0,0
ADDLINE 1,146,1 4,146,1 1,146,1 1,146,1 12,0,2 1,146,1 0,0,0 3,146,1 0,0,0
ADDLINE 1,152,1 2,152,1 1,152,1 1,152,1 12,0,2 1,152,1 2,152,1 1,152,1 4,152,1
ADDLINE 2,165,1 5,165,1 4,165,1 1,165,1 12,0,2 1,165,1 1,165,1 1,165,1 1,165,1
ADDLINE 0,0,0 1,188,1 0,0,0 1,188,1 0,0,0 0,0,0 0,0,0 0,0,0 12,0,2
ADDLINE 1,150,1 1,150,1 4,150,1 12,0,2 1,150,1 1,150,1 1,150,1 0,0,0 1,150,1
ADDLINE 1,165,1 1,165,1 5,165,1 12,0,2 1,165,1 0,0,0 1,165,1 0,0,0 3,165,1
ADDLINE 1,179,1 1,179,1 1,179,1 1,179,1 4,179,1 12,0,2 1,179,1 0,0,0 1,179,1
ADDLINE 4,193,1 1,193,1 1,193,1 0,0,0 5,193,1 12,0,2 1,193,1 0,0,0 1,193,1
ADDLINE 0,0,0 12,0,2 0,0,0 1,155,1 0,0,0 0,0,0 0,0,0 0,0,0 0,0,0
ADDLINE 1,161,1 2,161,1 1,161,1 4,161,1 1,161,1 12,0,2 1,161,1 1,161,1 2,161,1
ADDLINE 1,184,1 1,184,1 5,184,1 1,184,1 1,184,1 12,0,2 1,184,1 0,0,0 0,0,0
ADDLINE 1,189,1 1,189,1 1,189,1 1,189,1 2,189,1 12,0,2 1,189,1 1,189,1 1,189,1
ADDLINE 0,0,0 12,0,2 0,0,0 0,0,0 0,0,0 0,0,0 0,0,0 0,0,0 4,159,1
ADDLINE 1,166,1 1,166,1 1,166,1 1,166,1 1,166,1 5,166,1 1,166,1 12,0,2 2,166,1
ADDLINE 12,0,2 1,180,1 1,180,1 1,180,1 1,180,1 1,180,1 1,180,1 1,180,1 3,180,1
ADDLINE 0,0,0 0,0,0 1,205,1 0,0,0 12,0,2 0,0,0 0,0,0 0,0,0 1,205,1
ADDLINE 0,0,0 1,164,1 1,164,1 5,164,1 12,0,2 1,164,1 1,164,1 5,164,1 2,164,1
ADDLINE 1,170,1 1,170,1 1,170,1 12,0,2 2,170,1 1,170,1 5,170,1 1,170,1 3,170,1
ADDLINE 1,194,1 1,194,1 1,194,1 0,0,0 0,0,0 0,0,0 0,0,0 12,0,2 0,0,0
ADDLINE 1,210,1 1,210,1 1,210,1 1,210,1 2,210,1 1,210,1 1,210,1 12,0,2 0,0,0
ADDLINE 1,168,1 1,168,1 1,168,1 1,168,1 12,0,2 0,0,0 0,0,0 0,0,0 3,168,1
ADDLINE 1,184,1 4,184,1 1,184,1 1,184,1 12,0,2 0,0,0 0,0,0 1,184,1 4,184,1
ADDLINE 1,200,1 1,200,1 1,200,1 1,200,1 5,200,1 12,0,2 0,0,0 1,200,1 1,200,1
ADDLINE 1,245,1 1,245,1 1,245,1 3,245,1 1,245,1 0,0,0 12,0,2 0,0,0 4,245,1
ADDLINE 1,247,1 1,247,1 1,247,1 1,247,1 5,247,1 1,247,1 12,0,2 0,0,0 1,247,1
ADDLINE 1,249,1 1,249,1 1,249,1 3,249,1 1,249,1 12,0,2 0,0,0 4,249,1 1,249,1
0,0,0 0,0,0 1,95,1 4,95,1 12,0,2 1,95,1 1,95,1 1,95,1 5,95,1
0,0,0 0,0,0 12,0,2 0,0,0 0,0,0 1,94,1 1,94,1 1,94,1 1,94,1
2,93,1 12,0,2 1,93,1 0,0,0 1,93,1 1,93,1 1,93,1 1,93,1 4,93,1
1,92,1 12,0,2 2,92,1 0,0,0 1,92,1 3,92,1 1,92,1 1,92,1 1,92,1
3,91,1 12,0,2 1,91,1 1,91,1 0,0,0 1,91,1 1,91,1 1,91,1 1,91,1
4,90,1 0,0,0 12,0,2 1,90,1 1,90,1 0,0,0 0,0,0 4,90,1 1,90,1
0,0,0 0,0,0 0,0,0 0,0,0 0,0,0 0,0,0 0,0,0 0,0,0 0,0,0
0,0,0 0,0,0 0,0,0 0,0,0 0,0,0 0,0,0 0,0,0 0,0,0 0,0,0
0,0,0 0,0,0 0,0,0 0,0,0 0,0,0 0,0,0 0,0,0 0,0,0 0,0,0