MODE 0
BALL 103
STARS 0/0/11000
ADDLINE 2,106,1 1,106,1 1,106,1 12,0,2 5,106,1 0,0,0 1,106,1 3,106,1 1,106,1
ADDLINE 1,102,1 1,102,1 1,102,1 1,102,1 3,102,1 12,0,2 1,102,1 1,102,1 1,102,1
ADDLINE 1,108,1 0,0,0 0,0,0 0,0,0 0,0,0 0,0,0 12,0,2 0,0,0 1,108,1
ADDLINE 5,113,1 1,113,1 2,113,1 12,0,2 1,113,1 1,113,1 1,113,1 1,113,1 2,113,1
ADDLINE 4,120,1 12,0,2 0,0,0 0,0,0 1,120,1 1,120,1 1,120,1 1,120,1 1,120,1
ADDLINE 5,125,1 12,0,2 1,125,1 1,125,1 4,125,1 1,125,1 1,125,1 1,125,1 1,125,1
ADDLINE 0,0,0 12,0,2 1,142,1 0,0,0 3,142,1 1,142,1 4,142,1 1,142,1 1,142,1
ADDLINE 1,147,1 1,147,1 1,147,1 12,0,2 1,147,1 4,147,1 5,147,1 1,147,1 1,147,1
ADDLINE 1,124,1 1,124,1 1,124,1 0,0,0 11,0,2 0,0,0 12,0,2 0,0,0 0,0,0
ADDLINE 1,136,1 1,136,1 1,136,1 1,272,1 12,0,2 1,272,1 0,0,0 3,136,1 1,136,1
ADDLINE 0,0,0 0,0,0 0,0,0 0,0,0 12,0,2 0,0,0 0,0,0 1,148,1 2,148,1
ADDLINE 12,0,2 1,152,1 1,152,1 3,152,1 5,152,1 1,152,1 1,152,1 1,152,1 1,152,1
ADDLINE 1,128,1 1,128,1 1,128,1 12,0,2 1,256,1 1,256,1 0,0,0 1,128,1 3,128,1
ADDLINE 1,282,1 1,282,1 1,282,1 12,0,2 0,0,0 10,0,2 0,0,0 0,0,0 0,0,0
ADDLINE 1,306,1 1,306,1 1,306,1 1,306,1 1,306,1 12,0,2 1,306,1 0,0,0 10,0,2
ADDLINE 2,165,1 1,165,1 4,165,1 0,0,0 12,0,2 0,0,0 1,165,1 0,0,0 1,330,1
ADDLINE 1,133,1 1,133,1 0,0,0 12,0,2 1,133,1 3,133,1 1,133,1 0,0,0 1,133,1
ADDLINE 3,145,1 1,145,1 0,0,0 12,0,2 0,0,0 1,145,1 1,145,1 0,0,0 0,0,0
ADDLINE 1,151,1 1,302,1 1,302,1 12,0,2 1,151,1 2,151,1 1,151,1 4,151,1 1,151,1
ADDLINE 1,342,1 10,0,2 12,0,2 0,0,0 1,342,1 1,342,1 1,342,1 1,342,1 1,342,1
ADDLINE 0,0,0 12,0,2 1,274,1 1,137,1 1,137,1 1,137,1 1,137,1 3,137,1 1,137,1
ADDLINE 12,0,2 1,143,1 1,143,1 4,143,1 1,143,1 3,143,1 1,143,1 5,143,1 1,143,1
ADDLINE 0,0,0 0,0,0 11,0,2 12,0,2 0,0,0 0,0,0 1,163,1 1,163,1 1,163,1
ADDLINE 1,177,1 1,354,1 1,354,1 1,354,1 1,177,1 0,0,0 0,0,0 12,0,2 0,0,0
ADDLINE 1,284,1 1,284,1 1,284,1 0,0,0 12,0,2 0,0,0 0,0,0 10,0,2 0,0,0
ADDLINE 1,148,1 5,148,1 1,148,1 12,0,2 3,148,1 4,148,1 1,296,1 1,296,1 1,148,1
ADDLINE 1,168,1 1,168,1 12,0,2 0,0,0 1,168,1 1,168,1 1,168,1 1,168,1 1,168,1
ADDLINE 1,182,1 5,182,1 1,182,1 1,182,1 4,182,1 12,0,2 1,182,1 0,0,0 0,0,0
ADDLINE 1,146,1 1,146,1 1,146,1 1,146,1 1,146,1 0,0,0 12,0,2 0,0,0 0,0,0
ADDLINE 1,160,1 1,160,1 4,160,1 1,160,1 1,160,1 1,160,1 3,160,1 12,0,2 0,0,0
ADDLINE 1,348,1 1,348,1 1,348,1 1,348,1 1,348,1 1,348,1 12,0,2 0,0,0 10,0,2
ADDLINE 1,188,1 1,188,1 5,188,1 1,188,1 2,188,1 0,0,0 12,0,2 1,376,1 0,0,0
ADDLINE 1,150,1 1,150,1 0,0,0 12,0,2 0,0,0 0,0,0 0,0,0 0,0,0 0,0,0
ADDLINE 11,0,2 1,330,1 12,0,2 1,165,1 1,165,1 1,165,1 5,165,1 2,165,1 1,165,1
ADDLINE 10,0,2 1,358,1 0,0,0 12,0,2 1,358,1 1,358,1 1,358,1 1,358,1 1,358,1
ADDLINE 0,0,0 0,0,0 0,0,0 12,0,2 1,193,1 1,193,1 1,193,1 3,193,1 1,193,1
ADDLINE 0,0,0 12,0,2 0,0,0 2,155,1 1,155,1 1,155,1 3,155,1 4,155,1 1,155,1
ADDLINE 0,0,0 0,0,0 0,0,0 12,0,2 1,169,1 1,169,1 1,169,1 1,169,1 1,169,1
ADDLINE 0,0,0 1,184,1 1,184,1 0,0,0 12,0,2 0,0,0 11,0,2 0,0,0 0,0,0
ADDLINE 0,0,0 0,0,0 1,199,1 1,199,1 2,199,1 1,398,1 1,398,1 1,398,1 12,0,2
ADDLINE 1,159,1 12,0,2 1,159,1 1,159,1 1,159,1 1,159,1 0,0,0 0,0,0 3,159,1
ADDLINE 1,174,1 12,0,2 0,0,0 0,0,0 11,0,2 1,348,1 5,174,1 0,0,0 1,174,1
ADDLINE 1,189,1 1,189,1 1,189,1 1,378,1 12,0,2 1,378,1 2,189,1 0,0,0 4,189,1
ADDLINE 5,205,1 1,205,1 1,205,1 1,205,1 12,0,2 1,205,1 1,205,1 0,0,0 1,205,1
ADDLINE 1,164,1 1,164,1 2,164,1 1,164,1 12,0,2 1,164,1 4,164,1 0,0,0 1,164,1
ADDLINE 1,170,1 5,170,1 1,170,1 1,170,1 1,170,1 1,170,1 12,0,2 1,170,1 1,170,1
ADDLINE 1,194,1 1,194,1 1,194,1 4,194,1 1,194,1 1,194,1 12,0,2 0,0,0 1,194,1
ADDLINE 3,210,1 3,210,1 4,210,1 5,210,1 1,210,1 1,210,1 1,210,1 12,0,2 0,0,0
ADDLINE 1,168,1 1,168,1 2,168,1 5,168,1 1,168,1 1,168,1 1,168,1 12,0,2 0,0,0
ADDLINE 1,184,1 1,184,1 1,184,1 3,184,1 3,184,1 1,184,1 12,0,2 0,0,0 1,184,1
ADDLINE 1,200,1 1,200,1 0,0,0 0,0,0 12,0,2 0,0,0 11,0,2 1,400,1 1,200,1
ADDLINE 1,245,1 1,245,1 0,0,0 0,0,0 12,0,2 11,0,2 0,0,0 0,0,0 0,0,0
ADDLINE 1,235,1 1,235,1 3,235,1 1,235,1 1,470,1 1,470,1 1,470,1 1,235,1 12,0,2
ADDLINE 5,249,1 1,249,1 2,249,1 1,249,1 1,249,1 1,249,1 0,0,0 12,0,2 0,0,0
1,91,1 1,91,1 1,91,1 1,91,1 4,91,1 12,0,2 2,91,1 1,91,1 1,91,1
1,94,1 0,0,0 1,94,1 12,0,2 0,0,0 0,0,0 3,94,1 1,94,1 1,94,1
1,186,1 12,0,2 1,186,1 1,186,1 1,186,1 16,93,1 1,186,1 1,186,1 1,186,1
1,92,1 0,0,0 1,92,1 2,92,1 1,92,1 0,0,0 1,92,1 12,0,2 0,0,0
1,91,1 12,0,2 5,91,1 1,91,1 1,91,1 0,0,0 1,91,1 1,91,1 1,91,1
3,90,1 12,0,2 1,90,1 1,90,1 2,90,1 0,0,0 3,90,1 1,90,1 1,90,1
0,0,0 0,0,0 0,0,0 0,0,0 0,0,0 0,0,0 0,0,0 0,0,0 0,0,0
0,0,0 0,0,0 0,0,0 0,0,0 0,0,0 0,0,0 0,0,0 0,0,0 0,0,0
0,0,0 0,0,0 0,0,0 0,0,0 0,0,0 0,0,0 0,0,0 0,0,0 0,0,0