MODE 0
BALL 103
STARS 0/0/13000
ADDLINE 2,106,1 12,0,2 1,106,1 4,106,1 1,106,1 1,106,1 1,106,1 0,0,0 1,106,1
ADDLINE 1,107,1 12,0,2 0,0,0 0,0,0 3,107,1 1,107,1 1,107,1 0,0,0 0,0,0
ADDLINE 1,108,1 1,108,1 2,108,1 0,0,0 0,0,0 0,0,0 12,0,2 1,108,1 0,0,0
ADDLINE 3,119,1 1,119,1 5,119,1 1,119,1 12,0,2 5,119,1 1,119,1 1,119,1 0,0,0
ADDLINE 1,120,1 1,120,1 1,120,1 1,120,1 12,0,2 1,120,1 3,120,1 1,120,1 0,0,0
ADDLINE 1,131,1 2,131,1 1,131,1 1,131,1 12,0,2 1,131,1 1,131,1 1,131,1 0,0,0
ADDLINE 1,142,1 1,142,1 1,142,1 1,142,1 12,0,2 1,142,1 1,142,1 1,142,1 0,0,0
ADDLINE 1,147,1 3,147,1 1,147,1 3,147,1 1,147,1 1,147,1 4,147,1 12,0,2 5,147,1
ADDLINE 4,124,1 1,124,1 1,124,1 1,124,1 12,0,2 0,0,0 0,0,0 0,0,0 1,124,1
ADDLINE 0,0,0 1,136,1 0,0,0 4,136,1 0,0,0 1,136,1 1,136,1 1,136,1 12,0,2
ADDLINE 0,0,0 1,148,1 0,0,0 1,148,1 0,0,0 1,148,1 1,148,1 1,148,1 12,0,2
ADDLINE 5,160,1 1,160,1 0,0,0 4,160,1 12,0,2 1,160,1 1,160,1 3,160,1 0,0,0
ADDLINE 0,0,0 0,0,0 12,0,2 1,128,1 0,0,0 0,0,0 0,0,0 1,128,1 0,0,0
ADDLINE 1,134,1 1,134,1 12,0,2 3,134,1 4,134,1 1,134,1 1,134,1 1,134,1 1,134,1
ADDLINE 5,153,1 1,153,1 0,0,0 0,0,0 0,0,0 12,0,2 1,153,1 0,0,0 0,0,0
ADDLINE 2,165,1 1,165,1 12,0,2 3,165,1 1,165,1 1,165,1 1,165,1 3,165,1 0,0,0
ADDLINE 0,0,0 1,133,1 12,0,2 1,133,1 1,133,1 4,133,1 1,133,1 1,133,1 0,0,0
ADDLINE 1,145,1 1,145,1 12,0,2 1,145,1 1,145,1 1,145,1 1,145,1 4,145,1 0,0,0
ADDLINE 1,158,1 4,158,1 1,158,1 0,0,0 0,0,0 0,0,0 12,0,2 0,0,0 0,0,0
ADDLINE 1,163,1 1,163,1 3,163,1 1,163,1 1,163,1 12,0,2 3,163,1 1,163,1 1,163,1
ADDLINE 0,0,0 0,0,0 0,0,0 12,0,2 1,137,1 0,0,0 1,137,1 1,137,1 2,137,1
ADDLINE 1,143,1 1,143,1 4,143,1 1,143,1 1,143,1 12,0,2 2,143,1 3,143,1 1,143,1
ADDLINE 1,155,1 1,155,1 1,155,1 1,155,1 1,155,1 12,0,2 1,155,1 1,155,1 1,155,1
ADDLINE 1,168,1 1,168,1 1,168,1 1,168,1 4,168,1 12,0,2 2,168,1 3,168,1 1,168,1
ADDLINE 1,142,1 1,142,1 4,142,1 3,142,1 5,142,1 12,0,2 0,0,0 0,0,0 0,0,0
ADDLINE 1,148,1 1,148,1 1,148,1 1,148,1 1,148,1 1,148,1 1,148,1 12,0,2 1,148,1
ADDLINE 0,0,0 0,0,0 0,0,0 0,0,0 0,0,0 0,0,0 1,168,1 12,0,2 5,168,1
ADDLINE 3,173,1 12,0,2 1,173,1 1,173,1 1,173,1 1,173,1 1,173,1 1,173,1 4,173,1
ADDLINE 0,0,0 0,0,0 0,0,0 12,0,2 5,146,1 1,146,1 1,146,1 1,146,1 1,146,1
ADDLINE 1,152,1 1,152,1 4,152,1 12,0,2 1,152,1 1,152,1 1,152,1 5,152,1 1,152,1
ADDLINE 1,165,1 1,165,1 3,165,1 12,0,2 3,165,1 1,165,1 1,165,1 1,165,1 2,165,1
ADDLINE 1,179,1 1,179,1 2,179,1 12,0,2 1,179,1 1,179,1 1,179,1 1,179,1 5,179,1
ADDLINE 1,150,1 0,0,0 1,150,1 12,0,2 0,0,0 0,0,0 0,0,0 0,0,0 1,150,1
ADDLINE 2,157,1 12,0,2 5,157,1 1,157,1 1,157,1 1,157,1 1,157,1 1,157,1 1,157,1
ADDLINE 1,179,1 0,0,0 0,0,0 0,0,0 12,0,2 0,0,0 1,179,1 1,179,1 3,179,1
ADDLINE 1,193,1 12,0,2 1,193,1 1,193,1 5,193,1 0,0,0 3,193,1 1,193,1 1,193,1
ADDLINE 1,147,1 12,0,2 1,147,1 1,147,1 1,147,1 1,147,1 1,147,1 1,147,1 5,147,1
ADDLINE 2,169,1 0,0,0 0,0,0 0,0,0 0,0,0 12,0,2 1,169,1 0,0,0 1,169,1
ADDLINE 1,175,1 2,175,1 1,175,1 5,175,1 1,175,1 3,175,1 1,175,1 12,0,2 1,175,1
ADDLINE 1,199,1 5,199,1 2,199,1 12,0,2 1,199,1 1,199,1 3,199,1 0,0,0 1,199,1
ADDLINE 1,152,1 1,152,1 1,152,1 12,0,2 1,152,1 1,152,1 1,152,1 3,152,1 1,152,1
ADDLINE 0,0,0 0,0,0 0,0,0 0,0,0 0,0,0 0,0,0 12,0,2 0,0,0 1,174,1
ADDLINE 4,180,1 4,180,1 1,180,1 12,0,2 1,180,1 1,180,1 1,180,1 1,180,1 1,180,1
ADDLINE 1,205,1 1,205,1 1,205,1 0,0,0 12,0,2 0,0,0 2,205,1 0,0,0 0,0,0
ADDLINE 1,164,1 1,164,1 1,164,1 0,0,0 1,164,1 12,0,2 3,164,1 0,0,0 1,164,1
ADDLINE 1,170,1 1,170,1 1,170,1 5,170,1 1,170,1 3,170,1 1,170,1 12,0,2 2,170,1
ADDLINE 1,194,1 1,194,1 2,194,1 1,194,1 1,194,1 0,0,0 12,0,2 0,0,0 3,194,1
ADDLINE 1,210,1 1,210,1 12,0,2 0,0,0 0,0,0 0,0,0 1,210,1 1,210,1 1,210,1
ADDLINE 1,168,1 1,168,1 0,0,0 0,0,0 12,0,2 0,0,0 0,0,0 0,0,0 1,168,1
ADDLINE 3,184,1 5,184,1 1,184,1 1,184,1 4,184,1 1,184,1 12,0,2 0,0,0 1,184,1
ADDLINE 3,200,1 1,200,1 1,200,1 1,200,1 1,200,1 1,200,1 12,0,2 0,0,0 0,0,0
ADDLINE 1,245,1 1,245,1 1,245,1 1,245,1 1,245,1 2,245,1 5,245,1 12,0,2 0,0,0
ADDLINE 1,247,1 1,247,1 1,247,1 1,247,1 1,247,1 0,0,0 12,0,2 0,0,0 4,247,1
ADDLINE 2,249,1 1,249,1 1,249,1 1,249,1 5,249,1 12,0,2 0,0,0 1,249,1 1,249,1
1,91,1 1,91,1 1,91,1 12,0,2 5,91,1 3,91,1 1,91,1 2,91,1 1,91,1
2,94,1 1,94,1 1,94,1 12,0,2 0,0,0 1,94,1 1,94,1 5,94,1 1,94,1
0,0,0 0,0,0 0,0,0 12,0,2 0,0,0 1,93,1 1,93,1 1,93,1 1,93,1
0,0,0 0,0,0 12,0,2 0,0,0 0,0,0 0,0,0 1,92,1 1,92,1 2,92,1
5,91,1 12,0,2 0,0,0 0,0,0 0,0,0 0,0,0 1,91,1 1,91,1 1,91,1
1,90,1 0,0,0 12,0,2 0,0,0 0,0,0 1,90,1 1,90,1 1,90,1 3,90,1
0,0,0 0,0,0 0,0,0 0,0,0 0,0,0 0,0,0 0,0,0 0,0,0 0,0,0
0,0,0 0,0,0 0,0,0 0,0,0 0,0,0 0,0,0 0,0,0 0,0,0 0,0,0
0,0,0 0,0,0 0,0,0 0,0,0 0,0,0 0,0,0 0,0,0 0,0,0 0,0,0