MODE 0
BALL 50
STARS 0/2000/2800
ADDLINE 0,0,0 1,106,1 10,0,2 5,53,1 1,106,1 1,106,1 4,53,1 3,53,1 12,0,2
ADDLINE 1,54,1 1,54,1 0,0,0 0,0,0 0,0,0 1,54,1 0,0,0 12,0,2 1,54,1
ADDLINE 1,58,1 1,58,1 2,58,1 5,58,1 0,0,0 1,58,1 12,0,2 1,58,1 1,58,1
ADDLINE 0,0,0 1,62,1 0,0,0 1,62,1 1,62,1 1,62,1 0,0,0 0,0,0 12,0,2
ADDLINE 1,118,1 1,118,1 1,118,1 1,118,1 12,0,2 1,118,1 1,118,1 1,118,1 10,0,2
ADDLINE 0,0,0 12,0,2 0,0,0 1,176,1 0,0,0 0,0,0 0,0,0 1,176,1 0,0,0
1,52,1 4,52,1 2,52,1 0,0,0 12,0,2 1,52,1 0,0,0 1,52,1 1,52,1
1,102,1 1,102,1 0,0,0 12,0,2 1,102,1 1,102,1 0,0,0 0,0,0 16,51,1
1,48,1 1,48,1 12,0,2 5,48,1 1,48,1 1,48,1 1,48,1 2,48,1 0,0,0
1,49,1 3,49,1 12,0,2 0,0,0 0,0,0 1,98,1 0,0,0 0,0,0 0,0,0
5,46,1 1,46,1 1,46,1 1,46,1 12,0,2 1,92,1 11,0,2 1,92,1 1,46,1
0,0,0 0,0,0 1,47,1 1,47,1 12,0,2 2,47,1 2,47,1 0,0,0 4,47,1
0,0,0 0,0,0 0,0,0 0,0,0 0,0,0 0,0,0 0,0,0 0,0,0 0,0,0
0,0,0 0,0,0 0,0,0 0,0,0 0,0,0 0,0,0 0,0,0 0,0,0 0,0,0
0,0,0 0,0,0 0,0,0 0,0,0 0,0,0 0,0,0 0,0,0 0,0,0 0,0,0