MODE 0
BALL 103
STARS 0/0/10500
1,91,1 1,91,1 1,91,1 1,91,1 1,91,1 1,91,1 12,0,2 1,91,1 1,91,1
0,0,0 1,94,1 1,94,1 1,94,1 1,94,1 1,94,1 12,0,2 0,0,0 0,0,0
1,89,1 1,89,1 1,89,1 1,89,1 1,89,1 1,89,1 12,0,2 1,89,1 1,89,1
0,0,0 1,92,1 1,92,1 1,92,1 1,92,1 1,92,1 12,0,2 1,92,1 1,92,1
0,0,0 1,91,1 1,91,1 1,91,1 1,91,1 1,91,1 12,0,2 1,91,1 1,91,1
0,0,0 12,0,2 0,0,0 0,0,0 0,0,0 1,90,1 0,0,0 0,0,0 0,0,0
0,0,0 0,0,0 0,0,0 0,0,0 0,0,0 0,0,0 0,0,0 0,0,0 0,0,0
0,0,0 0,0,0 0,0,0 0,0,0 0,0,0 0,0,0 0,0,0 0,0,0 0,0,0
0,0,0 0,0,0 0,0,0 0,0,0 0,0,0 0,0,0 0,0,0 0,0,0 0,0,0