MODE 0
BALL 103
STARS 0/0/14000
1,190,1 20,95,1 1,190,1 1,95,1 1,95,1 12,0,2 1,95,1 0,0,0 1,95,1
1,188,1 1,188,1 1,188,1 0,0,0 0,0,0 12,0,2 1,94,1 0,0,0 1,94,1
1,89,1 1,89,1 1,89,1 12,0,2 1,89,1 1,89,1 1,89,1 1,89,1 1,89,1
0,0,0 0,0,0 1,92,1 0,0,0 0,0,0 0,0,0 0,0,0 12,0,2 1,92,1
1,87,1 12,0,2 1,87,1 1,87,1 1,87,1 1,87,1 1,87,1 1,87,1 1,87,1
1,180,1 12,0,2 1,180,1 1,180,1 1,180,1 0,0,0 1,180,1 1,180,1 16,90,1
0,0,0 0,0,0 0,0,0 0,0,0 0,0,0 0,0,0 0,0,0 0,0,0 0,0,0
0,0,0 0,0,0 0,0,0 0,0,0 0,0,0 0,0,0 0,0,0 0,0,0 0,0,0
0,0,0 0,0,0 0,0,0 0,0,0 0,0,0 0,0,0 0,0,0 0,0,0 0,0,0