MODE 0
BALL 103
STARS 0/0/13300
1,95,1 1,95,1 1,95,1 1,95,1 1,95,1 0,0,0 0,0,0 12,0,2 0,0,0
1,94,1 1,94,1 0,0,0 12,0,2 0,0,0 0,0,0 0,0,0 1,94,1 1,94,1
1,93,1 1,93,1 0,0,0 1,93,1 1,93,1 12,0,2 0,0,0 1,93,1 1,93,1
0,0,0 1,92,1 1,92,1 1,92,1 1,92,1 12,0,2 1,92,1 1,92,1 1,92,1
0,0,0 0,0,0 0,0,0 1,91,1 1,91,1 12,0,2 1,91,1 1,91,1 1,91,1
1,90,1 1,90,1 12,0,2 0,0,0 0,0,0 0,0,0 1,90,1 1,90,1 1,90,1
0,0,0 0,0,0 0,0,0 0,0,0 0,0,0 0,0,0 0,0,0 0,0,0 0,0,0
0,0,0 0,0,0 0,0,0 0,0,0 0,0,0 0,0,0 0,0,0 0,0,0 0,0,0
0,0,0 0,0,0 0,0,0 0,0,0 0,0,0 0,0,0 0,0,0 0,0,0 0,0,0