MODE 0
BALL 108
STARS 0/0/10700
1,95,1 12,0,2 3,95,1 1,95,1 1,95,1 1,95,1 5,95,1 0,0,0 1,95,1
1,94,1 12,0,2 1,94,1 1,94,1 2,94,1 1,94,1 1,94,1 0,0,0 1,94,1
1,89,1 3,89,1 1,89,1 1,89,1 1,89,1 5,89,1 2,89,1 12,0,2 1,89,1
0,0,0 12,0,2 1,92,1 1,92,1 5,92,1 1,92,1 1,92,1 0,0,0 5,92,1
1,87,1 1,87,1 1,87,1 3,87,1 1,87,1 1,87,1 2,87,1 12,0,2 1,87,1
0,0,0 12,0,2 0,0,0 0,0,0 0,0,0 0,0,0 0,0,0 0,0,0 1,90,1
0,0,0 0,0,0 0,0,0 0,0,0 0,0,0 0,0,0 0,0,0 0,0,0 0,0,0
0,0,0 0,0,0 0,0,0 0,0,0 0,0,0 0,0,0 0,0,0 0,0,0 0,0,0
0,0,0 0,0,0 0,0,0 0,0,0 0,0,0 0,0,0 0,0,0 0,0,0 0,0,0