MODE 0
BALL 108
STARS 0/0/10500
1,95,1 1,95,1 4,95,1 1,95,1 5,95,1 1,95,1 12,0,2 0,0,0 1,95,1
1,94,1 1,94,1 0,0,0 12,0,2 0,0,0 0,0,0 0,0,0 0,0,0 1,94,1
4,93,1 12,0,2 0,0,0 1,93,1 1,93,1 1,93,1 1,93,1 3,93,1 1,93,1
1,88,1 12,0,2 1,88,1 1,88,1 4,88,1 1,88,1 1,88,1 1,88,1 3,88,1
1,91,1 0,0,0 12,0,2 0,0,0 0,0,0 1,91,1 1,91,1 1,91,1 4,91,1
1,90,1 5,90,1 1,90,1 1,90,1 0,0,0 12,0,2 0,0,0 4,90,1 1,90,1
0,0,0 0,0,0 0,0,0 0,0,0 0,0,0 0,0,0 0,0,0 0,0,0 0,0,0
0,0,0 0,0,0 0,0,0 0,0,0 0,0,0 0,0,0 0,0,0 0,0,0 0,0,0
0,0,0 0,0,0 0,0,0 0,0,0 0,0,0 0,0,0 0,0,0 0,0,0 0,0,0