MODE 0
BALL 108
STARS 0/0/14400
1,95,1 12,0,2 1,95,1 1,95,1 2,95,1 0,0,0 1,190,1 1,190,1 1,95,1
0,0,0 12,0,2 1,188,1 1,188,1 1,188,1 1,188,1 1,188,1 19,94,1 1,188,1
1,93,1 1,93,1 1,93,1 12,0,2 1,93,1 0,0,0 1,186,1 1,186,1 5,93,1
1,92,1 1,92,1 3,92,1 0,0,0 1,92,1 0,0,0 2,92,1 12,0,2 0,0,0
1,91,1 1,91,1 1,91,1 12,0,2 1,91,1 0,0,0 4,91,1 1,182,1 1,91,1
1,180,1 1,180,1 16,90,1 12,0,2 1,180,1 1,180,1 1,180,1 0,0,0 1,180,1
0,0,0 0,0,0 0,0,0 0,0,0 0,0,0 0,0,0 0,0,0 0,0,0 0,0,0
0,0,0 0,0,0 0,0,0 0,0,0 0,0,0 0,0,0 0,0,0 0,0,0 0,0,0
0,0,0 0,0,0 0,0,0 0,0,0 0,0,0 0,0,0 0,0,0 0,0,0 0,0,0