MODE 0
BALL 50
STARS 0/1800/2400
ADDLINE 1,50,1 1,50,1 3,50,1 4,50,1 12,0,2 3,50,1 1,50,1 1,50,1 0,0,0
ADDLINE 0,0,0 0,0,0 0,0,0 1,54,1 12,0,2 0,0,0 0,0,0 1,54,1 1,54,1
ADDLINE 0,0,0 1,61,1 1,61,1 1,61,1 2,61,1 5,61,1 0,0,0 2,61,1 12,0,2
ADDLINE 0,0,0 1,62,1 0,0,0 0,0,0 0,0,0 1,62,1 1,62,1 1,62,1 12,0,2
ADDLINE 1,59,1 2,59,1 1,59,1 4,59,1 0,0,0 1,59,1 12,0,2 1,59,1 1,59,1
ADDLINE 1,88,1 5,88,1 0,0,0 1,88,1 0,0,0 1,88,1 0,0,0 12,0,2 1,88,1
0,0,0 12,0,2 0,0,0 3,52,1 1,52,1 1,52,1 1,52,1 1,52,1 0,0,0
1,51,1 1,51,1 0,0,0 12,0,2 0,0,0 4,51,1 0,0,0 0,0,0 0,0,0
1,50,1 1,50,1 12,0,2 0,0,0 1,50,1 1,50,1 1,50,1 0,0,0 0,0,0
0,0,0 12,0,2 3,49,1 4,49,1 0,0,0 1,49,1 1,49,1 1,49,1 0,0,0
1,48,1 1,48,1 12,0,2 0,0,0 1,48,1 5,48,1 0,0,0 1,48,1 1,48,1
1,47,1 12,0,2 0,0,0 3,47,1 1,47,1 0,0,0 0,0,0 1,47,1 1,47,1
0,0,0 0,0,0 0,0,0 0,0,0 0,0,0 0,0,0 0,0,0 0,0,0 0,0,0
0,0,0 0,0,0 0,0,0 0,0,0 0,0,0 0,0,0 0,0,0 0,0,0 0,0,0
0,0,0 0,0,0 0,0,0 0,0,0 0,0,0 0,0,0 0,0,0 0,0,0 0,0,0