MODE 0
BALL 50
STARS 0/2100/3000
ADDLINE 0,0,0 5,53,1 12,0,2 1,53,1 1,53,1 1,53,1 0,0,0 1,53,1 0,0,0
ADDLINE 0,0,0 1,54,1 12,0,2 4,54,1 0,0,0 1,54,1 1,54,1 1,54,1 0,0,0
ADDLINE 1,61,1 1,61,1 0,0,0 1,61,1 0,0,0 12,0,2 0,0,0 2,61,1 0,0,0
ADDLINE 1,59,1 5,59,1 0,0,0 3,59,1 1,59,1 1,59,1 12,0,2 1,59,1 1,59,1
ADDLINE 1,63,1 1,63,1 0,0,0 4,63,1 0,0,0 1,63,1 0,0,0 0,0,0 12,0,2
ADDLINE 1,84,1 2,84,1 3,84,1 1,84,1 0,0,0 1,84,1 1,84,1 3,84,1 12,0,2
1,52,1 12,0,2 0,0,0 0,0,0 1,52,1 1,52,1 4,52,1 1,52,1 1,52,1
1,51,1 1,51,1 12,0,2 1,51,1 0,0,0 0,0,0 1,51,1 1,51,1 1,51,1
0,0,0 0,0,0 1,50,1 1,50,1 1,50,1 2,50,1 12,0,2 3,50,1 1,50,1
1,49,1 12,0,2 1,49,1 0,0,0 0,0,0 1,49,1 0,0,0 0,0,0 3,49,1
1,48,1 1,48,1 12,0,2 1,48,1 0,0,0 1,48,1 0,0,0 1,48,1 4,48,1
5,47,1 12,0,2 0,0,0 1,47,1 3,47,1 1,47,1 0,0,0 1,47,1 1,47,1
0,0,0 0,0,0 0,0,0 0,0,0 0,0,0 0,0,0 0,0,0 0,0,0 0,0,0
0,0,0 0,0,0 0,0,0 0,0,0 0,0,0 0,0,0 0,0,0 0,0,0 0,0,0
0,0,0 0,0,0 0,0,0 0,0,0 0,0,0 0,0,0 0,0,0 0,0,0 0,0,0