MODE 0
BALL 50
STARS 0/3200/3500
0,0,0 1,15,1 1,15,1 1,15,1 1,15,1 1,15,1 1,15,1 1,15,1 12,0,2
1,15,1 12,0,2 1,1,1 1,1,1 1,1,1 1,1,1 1,1,1 1,1,1 1,15,1
1,15,1 12,0,2 1,1,1 1,1,1 1,1,1 1,1,1 1,1,1 6,15,1 1,15,1
1,15,1 12,0,2 1,15,1 1,1,1 1,1,1 1,1,1 1,1,1 1,1,1 1,15,1
1,15,1 1,1,1 1,15,1 1,15,1 1,15,1 1,15,1 1,15,1 1,15,1 12,0,2
0,0,0 0,0,0 0,0,0 0,0,0 0,0,0 0,0,0 0,0,0 0,0,0 0,0,0
0,0,0 0,0,0 0,0,0 0,0,0 0,0,0 0,0,0 0,0,0 0,0,0 0,0,0
0,0,0 0,0,0 0,0,0 0,0,0 0,0,0 0,0,0 0,0,0 0,0,0 0,0,0
0,0,0 0,0,0 0,0,0 0,0,0 0,0,0 0,0,0 0,0,0 0,0,0 0,0,0