MODE 0
BALL 50
STARS 0/2300/3200
ADDLINE 0,0,0 0,0,0 1,53,1 0,0,0 12,0,2 0,0,0 5,53,1 1,53,1 1,53,1
ADDLINE 0,0,0 1,54,1 1,54,1 1,54,1 1,54,1 0,0,0 12,0,2 0,0,0 1,54,1
ADDLINE 0,0,0 0,0,0 0,0,0 1,61,1 12,0,2 1,61,1 1,61,1 0,0,0 1,61,1
ADDLINE 1,62,1 1,62,1 1,62,1 0,0,0 0,0,0 12,0,2 0,0,0 0,0,0 0,0,0
ADDLINE 1,56,1 1,56,1 1,56,1 1,56,1 1,56,1 1,56,1 1,56,1 1,56,1 12,0,2
ADDLINE 1,88,1 1,88,1 1,88,1 1,88,1 12,0,2 0,0,0 1,88,1 1,88,1 0,0,0
1,49,1 1,49,1 0,0,0 1,49,1 1,49,1 2,49,1 12,0,2 1,49,1 1,49,1
0,0,0 0,0,0 0,0,0 1,51,1 0,0,0 5,51,1 1,51,1 1,51,1 12,0,2
0,0,0 3,50,1 3,50,1 1,50,1 12,0,2 2,50,1 0,0,0 1,50,1 1,50,1
2,47,1 5,47,1 1,47,1 1,47,1 12,0,2 1,47,1 0,0,0 1,47,1 1,47,1
1,48,1 0,0,0 0,0,0 1,48,1 1,48,1 1,48,1 12,0,2 1,48,1 1,48,1
1,47,1 1,47,1 0,0,0 1,47,1 12,0,2 1,47,1 0,0,0 1,47,1 0,0,0
0,0,0 0,0,0 0,0,0 0,0,0 0,0,0 0,0,0 0,0,0 0,0,0 0,0,0
0,0,0 0,0,0 0,0,0 0,0,0 0,0,0 0,0,0 0,0,0 0,0,0 0,0,0
0,0,0 0,0,0 0,0,0 0,0,0 0,0,0 0,0,0 0,0,0 0,0,0 0,0,0