MODE 0
BALL 50
STARS 0/1800/2600
ADDLINE 0,0,0 1,106,1 0,0,0 0,0,0 0,0,0 1,106,1 10,0,2 1,106,1 12,0,2
ADDLINE 0,0,0 1,54,1 10,0,2 1,54,1 12,0,2 1,108,1 0,0,0 1,108,1 1,54,1
ADDLINE 0,0,0 1,122,1 12,0,2 1,122,1 0,0,0 0,0,0 0,0,0 1,61,1 1,61,1
ADDLINE 1,62,1 16,62,1 0,0,0 1,124,1 1,124,1 1,124,1 1,124,1 1,124,1 12,0,2
ADDLINE 1,63,1 1,126,1 11,0,2 1,126,1 0,0,0 12,0,2 0,0,0 0,0,0 0,0,0
ADDLINE 0,0,0 1,168,1 1,168,1 1,168,1 1,84,1 1,84,1 12,0,2 1,84,1 1,84,1
0,0,0 1,52,1 1,52,1 12,0,2 0,0,0 0,0,0 0,0,0 11,0,2 1,52,1
1,102,1 1,102,1 1,102,1 1,102,1 1,102,1 12,0,2 0,0,0 16,51,1 1,102,1
1,50,1 1,50,1 1,100,1 20,50,1 12,0,2 0,0,0 1,50,1 1,100,1 1,50,1
0,0,0 1,49,1 1,98,1 1,98,1 12,0,2 0,0,0 0,0,0 12,0,2 1,49,1
1,48,1 0,0,0 0,0,0 1,96,1 1,96,1 1,48,1 0,0,0 0,0,0 12,0,2
1,47,1 12,0,2 1,94,1 20,47,1 1,94,1 1,47,1 1,47,1 0,0,0 1,47,1
0,0,0 0,0,0 0,0,0 0,0,0 0,0,0 0,0,0 0,0,0 0,0,0 0,0,0
0,0,0 0,0,0 0,0,0 0,0,0 0,0,0 0,0,0 0,0,0 0,0,0 0,0,0
0,0,0 0,0,0 0,0,0 0,0,0 0,0,0 0,0,0 0,0,0 0,0,0 0,0,0