MODE 0
BALL 50
STARS 0/1600/2200
ADDLINE 1,48,1 1,48,1 1,48,1 1,48,1 1,48,1 1,48,1 2,48,1 12,0,2 5,48,1
ADDLINE 1,54,1 1,54,1 1,54,1 1,54,1 0,0,0 0,0,0 12,0,2 0,0,0 1,54,1
ADDLINE 1,61,1 0,0,0 0,0,0 0,0,0 12,0,2 1,61,1 1,61,1 0,0,0 1,61,1
ADDLINE 0,0,0 5,62,1 1,62,1 1,62,1 4,62,1 0,0,0 0,0,0 12,0,2 1,62,1
ADDLINE 0,0,0 1,63,1 1,63,1 1,63,1 1,63,1 1,63,1 12,0,2 0,0,0 1,63,1
ADDLINE 0,0,0 1,84,1 1,84,1 1,84,1 1,84,1 1,84,1 12,0,2 1,84,1 1,84,1
0,0,0 1,52,1 0,0,0 1,52,1 1,52,1 1,52,1 12,0,2 1,52,1 0,0,0
0,0,0 1,51,1 0,0,0 0,0,0 1,51,1 0,0,0 1,51,1 0,0,0 12,0,2
1,48,1 1,48,1 1,48,1 1,48,1 1,48,1 1,48,1 0,0,0 12,0,2 1,48,1
0,0,0 0,0,0 0,0,0 12,0,2 1,49,1 0,0,0 0,0,0 0,0,0 1,49,1
0,0,0 1,48,1 1,48,1 1,48,1 1,48,1 1,48,1 1,48,1 12,0,2 0,0,0
1,47,1 0,0,0 12,0,2 1,47,1 1,47,1 1,47,1 0,0,0 1,47,1 0,0,0
0,0,0 0,0,0 0,0,0 0,0,0 0,0,0 0,0,0 0,0,0 0,0,0 0,0,0
0,0,0 0,0,0 0,0,0 0,0,0 0,0,0 0,0,0 0,0,0 0,0,0 0,0,0
0,0,0 0,0,0 0,0,0 0,0,0 0,0,0 0,0,0 0,0,0 0,0,0 0,0,0