MODE 0
BALL 50
STARS 0/1700/2300
ADDLINE 10,0,2 0,0,0 1,106,1 12,0,2 1,106,1 1,106,1 1,106,1 1,106,1 1,106,1
ADDLINE 1,102,1 1,102,1 1,102,1 12,0,2 0,0,0 1,51,1 3,51,1 1,51,1 1,51,1
ADDLINE 1,61,1 1,122,1 7,0,2 12,0,2 0,0,0 1,61,1 1,61,1 0,0,0 4,61,1
ADDLINE 1,56,1 1,112,1 12,0,2 1,112,1 1,56,1 1,56,1 2,56,1 1,56,1 1,56,1
ADDLINE 0,0,0 12,0,2 1,126,1 0,0,0 1,63,1 1,63,1 0,0,0 1,63,1 1,63,1
ADDLINE 1,88,1 0,0,0 1,88,1 12,0,2 0,0,0 5,88,1 0,0,0 1,88,1 0,0,0
0,0,0 1,104,1 1,104,1 1,52,1 0,0,0 5,52,1 12,0,2 1,52,1 0,0,0
0,0,0 11,0,2 0,0,0 1,51,1 0,0,0 1,51,1 0,0,0 0,0,0 12,0,2
4,45,1 1,45,1 1,45,1 2,45,1 1,45,1 1,45,1 12,0,2 1,45,1 1,45,1
0,0,0 0,0,0 12,0,2 5,49,1 4,49,1 0,0,0 0,0,0 1,49,1 0,0,0
0,0,0 1,46,1 1,46,1 5,46,1 12,0,2 4,46,1 3,46,1 1,46,1 1,46,1
0,0,0 1,47,1 0,0,0 12,0,2 0,0,0 3,47,1 0,0,0 0,0,0 0,0,0
0,0,0 0,0,0 0,0,0 0,0,0 0,0,0 0,0,0 0,0,0 0,0,0 0,0,0
0,0,0 0,0,0 0,0,0 0,0,0 0,0,0 0,0,0 0,0,0 0,0,0 0,0,0
0,0,0 0,0,0 0,0,0 0,0,0 0,0,0 0,0,0 0,0,0 0,0,0 0,0,0