MODE 0
BALL 50
STARS 0/2500/3500
ADDLINE 0,0,0 1,53,1 1,53,1 4,53,1 0,0,0 2,53,1 12,0,2 1,53,1 1,53,1
ADDLINE 0,0,0 0,0,0 1,54,1 0,0,0 0,0,0 5,54,1 0,0,0 0,0,0 12,0,2
ADDLINE 3,58,1 1,58,1 1,58,1 2,58,1 1,58,1 1,58,1 12,0,2 1,58,1 0,0,0
ADDLINE 0,0,0 1,62,1 1,62,1 0,0,0 0,0,0 1,62,1 0,0,0 1,62,1 12,0,2
ADDLINE 0,0,0 3,63,1 4,63,1 1,63,1 12,0,2 1,63,1 1,63,1 5,63,1 0,0,0
ADDLINE 1,88,1 1,88,1 0,0,0 1,88,1 0,0,0 1,88,1 12,0,2 1,88,1 0,0,0
2,52,1 4,52,1 12,0,2 3,52,1 1,52,1 1,52,1 0,0,0 0,0,0 1,52,1
1,49,1 0,0,0 12,0,2 1,49,1 1,49,1 1,49,1 1,49,1 1,49,1 1,49,1
3,48,1 12,0,2 5,48,1 1,48,1 1,48,1 1,48,1 0,0,0 1,48,1 1,48,1
1,49,1 1,49,1 2,49,1 0,0,0 0,0,0 4,49,1 12,0,2 5,49,1 1,49,1
3,48,1 1,48,1 1,48,1 1,48,1 12,0,2 0,0,0 1,48,1 0,0,0 1,48,1
0,0,0 0,0,0 1,47,1 1,47,1 1,47,1 12,0,2 5,47,1 0,0,0 3,47,1
0,0,0 0,0,0 0,0,0 0,0,0 0,0,0 0,0,0 0,0,0 0,0,0 0,0,0
0,0,0 0,0,0 0,0,0 0,0,0 0,0,0 0,0,0 0,0,0 0,0,0 0,0,0
0,0,0 0,0,0 0,0,0 0,0,0 0,0,0 0,0,0 0,0,0 0,0,0 0,0,0