MODE 0
BALL 50
STARS 0/1700/2300
ADDLINE 1,53,1 1,53,1 1,53,1 1,53,1 0,0,0 0,0,0 1,53,1 12,0,2 0,0,0
ADDLINE 0,0,0 1,51,1 12,0,2 2,51,1 5,51,1 1,51,1 1,51,1 1,51,1 5,51,1
ADDLINE 1,61,1 1,61,1 0,0,0 0,0,0 12,0,2 1,61,1 0,0,0 0,0,0 0,0,0
ADDLINE 1,59,1 1,59,1 1,59,1 1,59,1 0,0,0 1,59,1 1,59,1 1,59,1 12,0,2
ADDLINE 1,63,1 1,63,1 0,0,0 1,63,1 0,0,0 4,63,1 0,0,0 5,63,1 12,0,2
ADDLINE 0,0,0 5,88,1 0,0,0 1,88,1 1,88,1 2,88,1 12,0,2 1,88,1 1,88,1
0,0,0 0,0,0 0,0,0 3,52,1 0,0,0 2,52,1 1,52,1 1,52,1 12,0,2
1,51,1 12,0,2 1,51,1 1,51,1 0,0,0 1,51,1 0,0,0 1,51,1 1,51,1
1,50,1 0,0,0 0,0,0 0,0,0 12,0,2 5,50,1 1,50,1 1,50,1 4,50,1
0,0,0 12,0,2 0,0,0 1,49,1 3,49,1 2,49,1 0,0,0 0,0,0 0,0,0
0,0,0 1,48,1 1,48,1 1,48,1 1,48,1 4,48,1 1,48,1 12,0,2 0,0,0
1,47,1 0,0,0 1,47,1 12,0,2 1,47,1 0,0,0 1,47,1 0,0,0 0,0,0
0,0,0 0,0,0 0,0,0 0,0,0 0,0,0 0,0,0 0,0,0 0,0,0 0,0,0
0,0,0 0,0,0 0,0,0 0,0,0 0,0,0 0,0,0 0,0,0 0,0,0 0,0,0
0,0,0 0,0,0 0,0,0 0,0,0 0,0,0 0,0,0 0,0,0 0,0,0 0,0,0