MODE 0
BALL 50
STARS 0/1800/2600
ADDLINE 1,96,1 1,96,1 2,48,1 1,48,1 3,48,1 1,96,1 12,0,2 1,48,1 1,48,1
ADDLINE 0,0,0 0,0,0 0,0,0 12,0,2 1,108,1 1,108,1 1,108,1 1,54,1 0,0,0
ADDLINE 0,0,0 1,122,1 1,122,1 1,122,1 1,122,1 17,61,1 1,122,1 16,61,1 12,0,2
ADDLINE 0,0,0 1,62,1 0,0,0 0,0,0 0,0,0 1,124,1 1,124,1 12,0,2 0,0,0
ADDLINE 1,63,1 1,63,1 0,0,0 1,63,1 12,0,2 2,63,1 1,63,1 3,63,1 0,0,0
ADDLINE 1,88,1 0,0,0 1,88,1 1,88,1 0,0,0 1,88,1 0,0,0 12,0,2 0,0,0
20,52,1 1,104,1 1,104,1 1,104,1 12,0,2 0,0,0 0,0,0 0,0,0 0,0,0
1,98,1 1,98,1 17,49,1 1,98,1 3,49,1 4,49,1 1,49,1 1,49,1 12,0,2
1,50,1 0,0,0 1,100,1 1,100,1 1,50,1 0,0,0 12,0,2 0,0,0 0,0,0
0,0,0 0,0,0 1,98,1 0,0,0 0,0,0 12,0,2 1,49,1 1,49,1 1,49,1
1,48,1 0,0,0 4,48,1 0,0,0 1,48,1 12,0,2 0,0,0 1,48,1 3,48,1
0,0,0 0,0,0 1,47,1 0,0,0 1,47,1 12,0,2 1,47,1 5,47,1 4,47,1
0,0,0 0,0,0 0,0,0 0,0,0 0,0,0 0,0,0 0,0,0 0,0,0 0,0,0
0,0,0 0,0,0 0,0,0 0,0,0 0,0,0 0,0,0 0,0,0 0,0,0 0,0,0
0,0,0 0,0,0 0,0,0 0,0,0 0,0,0 0,0,0 0,0,0 0,0,0 0,0,0