MODE 0
BALL 50
STARS 0/1000/1400
1,33,1 1,33,1 5,33,1 0,0,0 12,0,2 0,0,0 3,33,1 1,33,1 1,33,1
1,32,1 0,0,0 12,0,2 1,32,1 1,32,1 1,32,1 1,32,1 0,0,0 1,32,1
1,34,1 2,34,1 0,0,0 0,0,0 1,34,1 0,0,0 12,0,2 0,0,0 0,0,0
1,33,1 12,0,2 2,33,1 0,0,0 0,0,0 0,0,0 1,33,1 0,0,0 0,0,0
0,0,0 1,29,1 1,29,1 1,29,1 2,29,1 1,29,1 1,29,1 1,29,1 12,0,2
0,0,0 0,0,0 0,0,0 1,32,1 6,32,1 1,32,1 0,0,0 0,0,0 12,0,2
0,0,0 0,0,0 0,0,0 0,0,0 0,0,0 0,0,0 0,0,0 0,0,0 0,0,0
0,0,0 0,0,0 0,0,0 0,0,0 0,0,0 0,0,0 0,0,0 0,0,0 0,0,0
0,0,0 0,0,0 0,0,0 0,0,0 0,0,0 0,0,0 0,0,0 0,0,0 0,0,0