MODE 0
BALL 50
STARS 0/1900/2600
ADDLINE 1,108,1 0,0,0 0,0,0 12,0,2 1,54,1 0,0,0 1,54,1 0,0,0 1,54,1
ADDLINE 1,98,1 12,0,2 1,49,1 1,49,1 1,49,1 1,49,1 1,49,1 1,49,1 1,49,1
ADDLINE 10,0,2 12,0,2 1,124,1 0,0,0 0,0,0 0,0,0 1,124,1 0,0,0 1,124,1
ADDLINE 1,120,1 1,120,1 1,120,1 10,0,2 1,120,1 12,0,2 1,120,1 1,120,1 1,120,1
ADDLINE 0,0,0 0,0,0 1,128,1 12,0,2 1,128,1 0,0,0 1,64,1 0,0,0 0,0,0
ADDLINE 1,85,1 1,85,1 1,85,1 12,0,2 1,85,1 0,0,0 1,85,1 1,85,1 1,85,1
19,53,1 12,0,2 1,106,1 1,106,1 1,106,1 0,0,0 1,106,1 1,106,1 1,106,1
1,104,1 0,0,0 0,0,0 12,0,2 0,0,0 0,0,0 1,52,1 1,52,1 1,52,1
1,92,1 1,46,1 1,46,1 12,0,2 1,92,1 1,92,1 1,92,1 1,46,1 1,46,1
1,100,1 1,50,1 1,50,1 0,0,0 0,0,0 17,50,1 12,0,2 0,0,0 1,50,1
1,98,1 1,49,1 1,49,1 0,0,0 1,98,1 1,98,1 12,0,2 0,0,0 1,49,1
0,0,0 0,0,0 0,0,0 0,0,0 0,0,0 1,96,1 1,48,1 12,0,2 1,48,1
0,0,0 0,0,0 0,0,0 0,0,0 0,0,0 0,0,0 0,0,0 0,0,0 0,0,0
0,0,0 0,0,0 0,0,0 0,0,0 0,0,0 0,0,0 0,0,0 0,0,0 0,0,0
0,0,0 0,0,0 0,0,0 0,0,0 0,0,0 0,0,0 0,0,0 0,0,0 0,0,0