MODE 0
BALL 50
STARS 0/1700/2300
ADDLINE 1,51,1 1,51,1 1,51,1 1,102,1 11,0,2 1,102,1 12,0,2 1,51,1 1,51,1
ADDLINE 0,0,0 1,55,1 0,0,0 0,0,0 0,0,0 1,55,1 12,0,2 1,55,1 0,0,0
ADDLINE 0,0,0 1,62,1 1,62,1 1,124,1 0,0,0 1,124,1 12,0,2 1,62,1 0,0,0
ADDLINE 1,63,1 1,63,1 0,0,0 1,63,1 0,0,0 1,63,1 1,63,1 1,63,1 12,0,2
ADDLINE 1,60,1 1,60,1 0,0,0 1,60,1 1,60,1 1,60,1 12,0,2 1,60,1 1,60,1
ADDLINE 0,0,0 1,89,1 12,0,2 1,89,1 1,89,1 0,0,0 0,0,0 1,89,1 1,89,1
0,0,0 1,53,1 1,53,1 0,0,0 0,0,0 12,0,2 1,53,1 1,53,1 1,53,1
1,52,1 1,52,1 12,0,2 0,0,0 1,52,1 0,0,0 0,0,0 1,52,1 1,52,1
1,51,1 12,0,2 0,0,0 1,51,1 0,0,0 1,51,1 0,0,0 0,0,0 1,51,1
1,50,1 0,0,0 5,50,1 0,0,0 1,50,1 12,0,2 1,50,1 0,0,0 1,50,1
1,49,1 0,0,0 0,0,0 1,49,1 12,0,2 1,49,1 0,0,0 2,49,1 0,0,0
1,48,1 1,48,1 0,0,0 0,0,0 1,48,1 1,48,1 1,48,1 12,0,2 0,0,0
0,0,0 0,0,0 0,0,0 0,0,0 0,0,0 0,0,0 0,0,0 0,0,0 0,0,0
0,0,0 0,0,0 0,0,0 0,0,0 0,0,0 0,0,0 0,0,0 0,0,0 0,0,0
0,0,0 0,0,0 0,0,0 0,0,0 0,0,0 0,0,0 0,0,0 0,0,0 0,0,0