MODE 0
BALL 50
STARS 0/2000/2800
ADDLINE 1,54,1 0,0,0 1,54,1 12,0,2 1,54,1 1,54,1 1,54,1 0,0,0 1,54,1
ADDLINE 1,55,1 12,0,2 1,55,1 1,55,1 1,55,1 0,0,0 1,55,1 0,0,0 1,55,1
ADDLINE 1,62,1 1,62,1 1,62,1 0,0,0 1,62,1 12,0,2 1,62,1 0,0,0 1,62,1
ADDLINE 0,0,0 1,63,1 0,0,0 0,0,0 1,63,1 12,0,2 1,63,1 0,0,0 0,0,0
ADDLINE 1,57,1 1,57,1 1,57,1 1,57,1 1,57,1 12,0,2 1,57,1 1,57,1 1,57,1
ADDLINE 1,89,1 0,0,0 0,0,0 0,0,0 1,89,1 0,0,0 0,0,0 12,0,2 0,0,0
1,53,1 1,53,1 12,0,2 0,0,0 1,53,1 1,53,1 1,53,1 0,0,0 0,0,0
1,50,1 0,0,0 12,0,2 1,50,1 1,50,1 1,50,1 1,50,1 2,50,1 5,50,1
1,51,1 12,0,2 0,0,0 0,0,0 0,0,0 1,51,1 1,51,1 0,0,0 0,0,0
1,48,1 1,48,1 1,48,1 1,48,1 12,0,2 1,48,1 1,48,1 0,0,0 1,48,1
1,49,1 1,49,1 0,0,0 12,0,2 0,0,0 1,49,1 0,0,0 0,0,0 1,49,1
1,48,1 1,48,1 1,48,1 1,48,1 12,0,2 1,48,1 1,48,1 0,0,0 0,0,0
0,0,0 0,0,0 0,0,0 0,0,0 0,0,0 0,0,0 0,0,0 0,0,0 0,0,0
0,0,0 0,0,0 0,0,0 0,0,0 0,0,0 0,0,0 0,0,0 0,0,0 0,0,0
0,0,0 0,0,0 0,0,0 0,0,0 0,0,0 0,0,0 0,0,0 0,0,0 0,0,0