MODE 0
BALL 50
STARS 0/2300/3300
ADDLINE 1,51,1 1,51,1 1,51,1 1,51,1 12,0,2 0,0,0 1,102,1 1,102,1 1,51,1
ADDLINE 1,55,1 1,55,1 1,55,1 0,0,0 0,0,0 1,55,1 12,0,2 0,0,0 1,55,1
ADDLINE 0,0,0 1,62,1 1,62,1 1,62,1 1,62,1 1,124,1 12,0,2 1,124,1 0,0,0
ADDLINE 0,0,0 12,0,2 1,126,1 1,126,1 1,126,1 1,126,1 19,63,1 1,126,1 1,126,1
ADDLINE 0,0,0 1,64,1 1,64,1 12,0,2 0,0,0 0,0,0 1,128,1 1,128,1 1,64,1
ADDLINE 1,89,1 0,0,0 0,0,0 1,89,1 1,89,1 0,0,0 12,0,2 1,89,1 1,89,1
0,0,0 0,0,0 1,106,1 1,106,1 1,106,1 1,106,1 17,53,1 1,106,1 12,0,2
1,52,1 0,0,0 1,104,1 20,52,1 0,0,0 5,52,1 1,104,1 1,104,1 12,0,2
0,0,0 1,49,1 1,98,1 1,98,1 1,98,1 12,0,2 1,98,1 1,49,1 1,49,1
0,0,0 0,0,0 1,100,1 1,100,1 1,100,1 12,0,2 16,50,1 1,100,1 1,100,1
1,49,1 12,0,2 1,49,1 0,0,0 0,0,0 1,98,1 1,98,1 0,0,0 1,49,1
0,0,0 0,0,0 12,0,2 1,48,1 1,48,1 1,48,1 1,96,1 0,0,0 1,48,1
0,0,0 0,0,0 0,0,0 0,0,0 0,0,0 0,0,0 0,0,0 0,0,0 0,0,0
0,0,0 0,0,0 0,0,0 0,0,0 0,0,0 0,0,0 0,0,0 0,0,0 0,0,0
0,0,0 0,0,0 0,0,0 0,0,0 0,0,0 0,0,0 0,0,0 0,0,0 0,0,0