MODE 0
BALL 50
STARS 0/1800/2600
ADDLINE 0,0,0 1,54,1 1,54,1 0,0,0 12,0,2 1,54,1 3,54,1 0,0,0 1,54,1
ADDLINE 0,0,0 0,0,0 2,55,1 1,55,1 1,55,1 0,0,0 12,0,2 0,0,0 1,55,1
ADDLINE 5,62,1 0,0,0 1,62,1 1,62,1 1,62,1 12,0,2 0,0,0 1,62,1 0,0,0
ADDLINE 0,0,0 1,63,1 1,63,1 1,63,1 1,63,1 1,63,1 1,63,1 12,0,2 0,0,0
ADDLINE 5,64,1 0,0,0 1,64,1 1,64,1 1,64,1 1,64,1 12,0,2 0,0,0 1,64,1
ADDLINE 0,0,0 12,0,2 1,89,1 3,89,1 5,89,1 0,0,0 1,89,1 2,89,1 1,89,1
1,48,1 1,48,1 1,48,1 1,48,1 12,0,2 1,48,1 5,48,1 1,48,1 1,48,1
1,52,1 1,52,1 4,52,1 0,0,0 0,0,0 12,0,2 0,0,0 1,52,1 0,0,0
0,0,0 3,51,1 0,0,0 1,51,1 2,51,1 1,51,1 1,51,1 3,51,1 12,0,2
1,50,1 1,50,1 0,0,0 1,50,1 0,0,0 12,0,2 0,0,0 4,50,1 0,0,0
0,0,0 1,49,1 2,49,1 5,49,1 0,0,0 5,49,1 12,0,2 3,49,1 1,49,1
0,0,0 0,0,0 0,0,0 12,0,2 0,0,0 2,48,1 0,0,0 1,48,1 0,0,0
0,0,0 0,0,0 0,0,0 0,0,0 0,0,0 0,0,0 0,0,0 0,0,0 0,0,0
0,0,0 0,0,0 0,0,0 0,0,0 0,0,0 0,0,0 0,0,0 0,0,0 0,0,0
0,0,0 0,0,0 0,0,0 0,0,0 0,0,0 0,0,0 0,0,0 0,0,0 0,0,0