MODE 0
BALL 50
STARS 0/1900/2600
ADDLINE 0,0,0 1,54,1 3,54,1 1,54,1 0,0,0 5,54,1 1,54,1 1,54,1 12,0,2
ADDLINE 0,0,0 1,55,1 0,0,0 1,55,1 12,0,2 1,55,1 0,0,0 0,0,0 0,0,0
ADDLINE 1,59,1 2,59,1 12,0,2 1,59,1 0,0,0 1,59,1 2,59,1 1,59,1 1,59,1
ADDLINE 1,63,1 5,63,1 0,0,0 4,63,1 1,63,1 1,63,1 0,0,0 1,63,1 12,0,2
ADDLINE 0,0,0 1,64,1 12,0,2 1,64,1 0,0,0 2,64,1 1,64,1 1,64,1 0,0,0
ADDLINE 0,0,0 1,89,1 0,0,0 1,89,1 12,0,2 1,89,1 0,0,0 0,0,0 1,89,1
4,53,1 5,53,1 1,53,1 12,0,2 0,0,0 1,53,1 0,0,0 0,0,0 0,0,0
2,52,1 0,0,0 1,52,1 1,52,1 0,0,0 12,0,2 1,52,1 1,52,1 1,52,1
1,51,1 2,51,1 5,51,1 1,51,1 0,0,0 0,0,0 12,0,2 2,51,1 0,0,0
1,50,1 1,50,1 2,50,1 5,50,1 3,50,1 1,50,1 12,0,2 0,0,0 0,0,0
1,49,1 0,0,0 0,0,0 0,0,0 12,0,2 0,0,0 1,49,1 0,0,0 2,49,1
1,48,1 12,0,2 1,48,1 0,0,0 3,48,1 1,48,1 2,48,1 0,0,0 1,48,1
0,0,0 0,0,0 0,0,0 0,0,0 0,0,0 0,0,0 0,0,0 0,0,0 0,0,0
0,0,0 0,0,0 0,0,0 0,0,0 0,0,0 0,0,0 0,0,0 0,0,0 0,0,0
0,0,0 0,0,0 0,0,0 0,0,0 0,0,0 0,0,0 0,0,0 0,0,0 0,0,0