MODE 0
BALL 50
STARS 0/2400/3400
ADDLINE 1,108,1 0,0,0 1,108,1 12,0,2 1,108,1 16,54,1 1,108,1 8,0,2 1,108,1
ADDLINE 1,110,1 0,0,0 1,110,1 0,0,0 1,110,1 0,0,0 0,0,0 12,0,2 10,0,2
ADDLINE 1,59,1 12,0,2 1,59,1 1,59,1 1,59,1 0,0,0 5,59,1 1,118,1 1,118,1
ADDLINE 0,0,0 0,0,0 2,63,1 0,0,0 1,63,1 0,0,0 1,126,1 12,0,2 0,0,0
ADDLINE 1,120,1 1,120,1 1,120,1 12,0,2 1,120,1 1,120,1 1,120,1 10,0,2 1,120,1
ADDLINE 1,89,1 0,0,0 1,89,1 12,0,2 0,0,0 1,89,1 1,89,1 0,0,0 1,89,1
1,100,1 1,100,1 1,100,1 1,100,1 12,0,2 1,50,1 1,50,1 1,100,1 11,0,2
1,104,1 1,104,1 17,52,1 1,104,1 1,52,1 0,0,0 12,0,2 0,0,0 1,52,1
1,98,1 1,98,1 1,98,1 1,98,1 2,49,1 12,0,2 1,49,1 0,0,0 4,49,1
19,50,1 1,100,1 1,100,1 1,100,1 12,0,2 0,0,0 1,100,1 1,100,1 1,100,1
1,98,1 1,98,1 20,49,1 1,98,1 0,0,0 1,49,1 12,0,2 2,49,1 0,0,0
1,96,1 0,0,0 12,0,2 1,96,1 1,48,1 0,0,0 0,0,0 1,48,1 0,0,0
0,0,0 0,0,0 0,0,0 0,0,0 0,0,0 0,0,0 0,0,0 0,0,0 0,0,0
0,0,0 0,0,0 0,0,0 0,0,0 0,0,0 0,0,0 0,0,0 0,0,0 0,0,0
0,0,0 0,0,0 0,0,0 0,0,0 0,0,0 0,0,0 0,0,0 0,0,0 0,0,0