MODE 0
BALL 50
STARS 0/2000/2800
ADDLINE 0,0,0 1,54,1 0,0,0 1,54,1 0,0,0 2,54,1 0,0,0 3,54,1 12,0,2
ADDLINE 0,0,0 1,55,1 0,0,0 1,55,1 1,55,1 4,55,1 0,0,0 1,55,1 12,0,2
ADDLINE 1,62,1 1,62,1 12,0,2 1,62,1 0,0,0 1,62,1 0,0,0 1,62,1 0,0,0
ADDLINE 1,57,1 1,57,1 1,57,1 1,57,1 12,0,2 2,57,1 1,57,1 1,57,1 1,57,1
ADDLINE 1,64,1 1,64,1 12,0,2 0,0,0 0,0,0 1,64,1 1,64,1 3,64,1 0,0,0
ADDLINE 0,0,0 1,89,1 0,0,0 1,89,1 5,89,1 1,89,1 0,0,0 3,89,1 12,0,2
1,53,1 1,53,1 2,53,1 0,0,0 12,0,2 0,0,0 4,53,1 1,53,1 2,53,1
1,52,1 1,52,1 1,52,1 0,0,0 1,52,1 12,0,2 0,0,0 0,0,0 5,52,1
1,51,1 1,51,1 4,51,1 0,0,0 0,0,0 12,0,2 1,51,1 1,51,1 1,51,1
1,50,1 2,50,1 1,50,1 3,50,1 1,50,1 12,0,2 0,0,0 0,0,0 2,50,1
0,0,0 1,49,1 1,49,1 0,0,0 12,0,2 0,0,0 0,0,0 1,49,1 1,49,1
0,0,0 1,48,1 1,48,1 1,48,1 1,48,1 1,48,1 0,0,0 12,0,2 0,0,0
0,0,0 0,0,0 0,0,0 0,0,0 0,0,0 0,0,0 0,0,0 0,0,0 0,0,0
0,0,0 0,0,0 0,0,0 0,0,0 0,0,0 0,0,0 0,0,0 0,0,0 0,0,0
0,0,0 0,0,0 0,0,0 0,0,0 0,0,0 0,0,0 0,0,0 0,0,0 0,0,0