MODE 0
BALL 50
STARS 0/1300/1800
4,35,1 12,0,2 0,0,0 1,35,1 1,35,1 3,35,1 12,0,2 1,35,1 0,0,0
1,34,1 12,0,2 0,0,0 5,34,1 0,0,0 1,34,1 1,34,1 1,34,1 0,0,0
0,0,0 12,0,2 1,34,1 2,34,1 0,0,0 0,0,0 0,0,0 1,34,1 0,0,0
2,30,1 12,0,2 1,30,1 6,30,1 1,30,1 1,30,1 0,0,0 2,30,1 1,30,1
1,32,1 0,0,0 1,32,1 12,0,2 0,0,0 1,32,1 0,0,0 0,0,0 0,0,0
1,27,1 2,27,1 5,27,1 1,27,1 5,27,1 1,27,1 1,27,1 1,27,1 12,0,2
0,0,0 0,0,0 0,0,0 0,0,0 0,0,0 0,0,0 0,0,0 0,0,0 0,0,0
0,0,0 0,0,0 0,0,0 0,0,0 0,0,0 0,0,0 0,0,0 0,0,0 0,0,0
0,0,0 0,0,0 0,0,0 0,0,0 0,0,0 0,0,0 0,0,0 0,0,0 0,0,0