MODE 0
BALL 50
STARS 0/2200/3300
ADDLINE 1,54,1 0,0,0 12,0,2 1,108,1 0,0,0 0,0,0 1,54,1 0,0,0 0,0,0
ADDLINE 1,55,1 0,0,0 0,0,0 12,0,2 11,0,2 1,110,1 1,55,1 1,55,1 1,55,1
ADDLINE 1,62,1 1,62,1 1,62,1 1,124,1 12,0,2 0,0,0 1,62,1 1,62,1 0,0,0
ADDLINE 1,63,1 1,63,1 1,63,1 1,63,1 1,63,1 0,0,0 12,0,2 1,63,1 0,0,0
ADDLINE 1,128,1 1,128,1 1,128,1 1,128,1 1,128,1 8,0,2 12,0,2 1,128,1 0,0,0
ADDLINE 1,71,1 1,71,1 1,71,1 0,0,0 0,0,0 12,0,2 1,71,1 1,71,1 0,0,0
ADDLINE 1,68,1 1,68,1 1,68,1 12,0,2 1,68,1 1,68,1 1,68,1 0,0,0 1,68,1
ADDLINE 1,73,1 0,0,0 0,0,0 0,0,0 1,73,1 0,0,0 0,0,0 12,0,2 1,73,1
ADDLINE 0,0,0 11,0,2 1,188,1 1,94,1 12,0,2 0,0,0 1,94,1 1,94,1 1,94,1
0,0,0 1,53,1 0,0,0 1,53,1 1,53,1 1,53,1 1,53,1 1,53,1 12,0,2
0,0,0 1,104,1 16,52,1 1,104,1 0,0,0 12,0,2 0,0,0 1,104,1 1,104,1
1,102,1 1,51,1 12,0,2 1,51,1 0,0,0 1,51,1 0,0,0 1,51,1 0,0,0
1,96,1 1,48,1 1,48,1 1,48,1 12,0,2 1,48,1 1,48,1 1,48,1 0,0,0
19,46,1 1,98,1 12,0,2 1,98,1 0,0,0 1,98,1 1,98,1 1,98,1 1,98,1
0,0,0 1,96,1 12,0,2 1,48,1 0,0,0 0,0,0 0,0,0 0,0,0 0,0,0
0,0,0 0,0,0 0,0,0 0,0,0 0,0,0 0,0,0 0,0,0 0,0,0 0,0,0
0,0,0 0,0,0 0,0,0 0,0,0 0,0,0 0,0,0 0,0,0 0,0,0 0,0,0
0,0,0 0,0,0 0,0,0 0,0,0 0,0,0 0,0,0 0,0,0 0,0,0 0,0,0