MODE 0
BALL 50
STARS 0/2300/3300
ADDLINE 1,51,1 0,0,0 1,51,1 1,51,1 1,51,1 12,0,2 1,51,1 1,51,1 1,51,1
ADDLINE 1,55,1 0,0,0 1,55,1 12,0,2 1,55,1 0,0,0 1,55,1 0,0,0 0,0,0
ADDLINE 1,59,1 1,59,1 1,59,1 1,59,1 1,59,1 12,0,2 1,59,1 0,0,0 1,59,1
ADDLINE 0,0,0 0,0,0 1,63,1 12,0,2 1,63,1 0,0,0 1,63,1 1,63,1 1,63,1
ADDLINE 1,64,1 0,0,0 1,64,1 1,64,1 1,64,1 12,0,2 1,64,1 0,0,0 1,64,1
ADDLINE 1,71,1 0,0,0 1,71,1 12,0,2 1,71,1 0,0,0 1,71,1 1,71,1 1,71,1
ADDLINE 1,72,1 0,0,0 1,72,1 12,0,2 1,72,1 1,72,1 1,72,1 0,0,0 1,72,1
ADDLINE 0,0,0 0,0,0 1,73,1 0,0,0 0,0,0 0,0,0 1,73,1 12,0,2 0,0,0
ADDLINE 1,89,1 1,89,1 1,89,1 12,0,2 1,89,1 0,0,0 1,89,1 1,89,1 1,89,1
1,53,1 1,53,1 1,53,1 0,0,0 1,53,1 2,53,1 12,0,2 0,0,0 1,53,1
1,50,1 1,50,1 1,50,1 12,0,2 1,50,1 1,50,1 4,50,1 0,0,0 1,50,1
0,0,0 12,0,2 0,0,0 5,51,1 1,51,1 4,51,1 3,51,1 0,0,0 0,0,0
0,0,0 1,50,1 1,50,1 12,0,2 4,50,1 3,50,1 1,50,1 1,50,1 0,0,0
1,47,1 1,47,1 1,47,1 0,0,0 3,47,1 1,47,1 1,47,1 1,47,1 12,0,2
0,0,0 1,48,1 1,48,1 0,0,0 0,0,0 0,0,0 0,0,0 1,48,1 12,0,2
0,0,0 0,0,0 0,0,0 0,0,0 0,0,0 0,0,0 0,0,0 0,0,0 0,0,0
0,0,0 0,0,0 0,0,0 0,0,0 0,0,0 0,0,0 0,0,0 0,0,0 0,0,0
0,0,0 0,0,0 0,0,0 0,0,0 0,0,0 0,0,0 0,0,0 0,0,0 0,0,0