MODE 0
BALL 50
STARS 0/1600/2300
ADDLINE 0,0,0 0,0,0 0,0,0 12,0,2 0,0,0 1,54,1 0,0,0 0,0,0 0,0,0
ADDLINE 0,0,0 1,52,1 1,52,1 1,52,1 12,0,2 1,52,1 1,52,1 1,52,1 1,52,1
ADDLINE 1,62,1 1,62,1 0,0,0 1,62,1 12,0,2 1,62,1 0,0,0 0,0,0 0,0,0
ADDLINE 1,63,1 1,63,1 0,0,0 1,63,1 0,0,0 1,63,1 12,0,2 1,63,1 0,0,0
ADDLINE 1,64,1 1,64,1 0,0,0 0,0,0 0,0,0 1,64,1 12,0,2 1,64,1 0,0,0
ADDLINE 1,67,1 1,67,1 1,67,1 1,67,1 12,0,2 1,67,1 0,0,0 1,67,1 1,67,1
ADDLINE 0,0,0 12,0,2 0,0,0 1,72,1 0,0,0 1,72,1 0,0,0 1,72,1 1,72,1
ADDLINE 0,0,0 1,73,1 12,0,2 1,73,1 1,73,1 1,73,1 0,0,0 1,73,1 1,73,1
ADDLINE 1,94,1 1,94,1 12,0,2 0,0,0 1,94,1 0,0,0 0,0,0 1,94,1 0,0,0
0,0,0 1,53,1 1,53,1 0,0,0 12,0,2 0,0,0 1,53,1 1,53,1 0,0,0
0,0,0 1,50,1 1,50,1 1,50,1 1,50,1 1,50,1 1,50,1 1,50,1 12,0,2
0,0,0 1,51,1 12,0,2 0,0,0 0,0,0 0,0,0 0,0,0 1,51,1 0,0,0
1,50,1 0,0,0 1,50,1 1,50,1 12,0,2 1,50,1 1,50,1 0,0,0 1,50,1
1,49,1 0,0,0 0,0,0 1,49,1 0,0,0 1,49,1 12,0,2 0,0,0 1,49,1
1,48,1 1,48,1 12,0,2 0,0,0 1,48,1 0,0,0 0,0,0 1,48,1 1,48,1
0,0,0 0,0,0 0,0,0 0,0,0 0,0,0 0,0,0 0,0,0 0,0,0 0,0,0
0,0,0 0,0,0 0,0,0 0,0,0 0,0,0 0,0,0 0,0,0 0,0,0 0,0,0
0,0,0 0,0,0 0,0,0 0,0,0 0,0,0 0,0,0 0,0,0 0,0,0 0,0,0