MODE 0
BALL 50
STARS 0/2200/3300
ADDLINE 0,0,0 0,0,0 1,108,1 17,54,1 1,108,1 1,108,1 12,0,2 1,54,1 0,0,0
ADDLINE 1,110,1 16,55,1 1,110,1 1,110,1 12,0,2 1,110,1 1,110,1 1,110,1 0,0,0
ADDLINE 0,0,0 0,0,0 0,0,0 1,62,1 0,0,0 1,62,1 12,0,2 0,0,0 0,0,0
ADDLINE 0,0,0 1,60,1 1,120,1 1,60,1 12,0,2 1,60,1 1,60,1 1,60,1 1,60,1
ADDLINE 0,0,0 0,0,0 1,64,1 1,64,1 1,64,1 1,64,1 0,0,0 12,0,2 0,0,0
ADDLINE 1,71,1 1,71,1 0,0,0 1,71,1 12,0,2 1,71,1 0,0,0 1,142,1 1,142,1
ADDLINE 1,72,1 1,72,1 0,0,0 1,72,1 0,0,0 12,0,2 0,0,0 17,72,1 0,0,0
ADDLINE 1,66,1 1,66,1 1,66,1 1,66,1 1,66,1 1,66,1 1,66,1 1,132,1 12,0,2
ADDLINE 1,94,1 1,94,1 0,0,0 0,0,0 0,0,0 0,0,0 0,0,0 1,94,1 12,0,2
1,106,1 1,106,1 1,106,1 1,106,1 19,53,1 1,106,1 12,0,2 1,106,1 0,0,0
1,50,1 1,50,1 1,50,1 12,0,2 1,100,1 0,0,0 1,50,1 1,50,1 1,50,1
1,49,1 1,49,1 12,0,2 0,0,0 1,98,1 1,49,1 1,49,1 1,49,1 1,49,1
1,100,1 1,100,1 1,100,1 0,0,0 0,0,0 0,0,0 12,0,2 0,0,0 0,0,0
1,98,1 20,49,1 1,98,1 1,49,1 1,98,1 1,49,1 12,0,2 0,0,0 0,0,0
0,0,0 12,0,2 0,0,0 0,0,0 0,0,0 0,0,0 0,0,0 1,48,1 1,48,1
0,0,0 0,0,0 0,0,0 0,0,0 0,0,0 0,0,0 0,0,0 0,0,0 0,0,0
0,0,0 0,0,0 0,0,0 0,0,0 0,0,0 0,0,0 0,0,0 0,0,0 0,0,0
0,0,0 0,0,0 0,0,0 0,0,0 0,0,0 0,0,0 0,0,0 0,0,0 0,0,0