MODE 0
BALL 50
STARS 0/2200/3100
ADDLINE 5,54,1 1,54,1 0,0,0 0,0,0 12,0,2 0,0,0 2,54,1 1,54,1 1,54,1
ADDLINE 1,55,1 1,55,1 1,55,1 1,55,1 0,0,0 3,55,1 12,0,2 0,0,0 1,55,1
ADDLINE 1,59,1 1,59,1 1,59,1 3,59,1 12,0,2 1,59,1 1,59,1 1,59,1 0,0,0
ADDLINE 1,63,1 1,63,1 0,0,0 12,0,2 1,63,1 1,63,1 2,63,1 1,63,1 0,0,0
ADDLINE 5,64,1 12,0,2 0,0,0 0,0,0 0,0,0 0,0,0 1,64,1 1,64,1 0,0,0
ADDLINE 1,67,1 12,0,2 1,67,1 1,67,1 4,67,1 4,67,1 1,67,1 0,0,0 1,67,1
ADDLINE 1,72,1 12,0,2 0,0,0 5,72,1 0,0,0 1,72,1 0,0,0 0,0,0 1,72,1
ADDLINE 3,73,1 1,73,1 12,0,2 0,0,0 0,0,0 1,73,1 0,0,0 1,73,1 1,73,1
ADDLINE 1,89,1 12,0,2 1,89,1 0,0,0 1,89,1 1,89,1 1,89,1 1,89,1 2,89,1
0,0,0 1,53,1 1,53,1 1,53,1 12,0,2 3,53,1 0,0,0 1,53,1 0,0,0
1,52,1 4,52,1 0,0,0 1,52,1 0,0,0 1,52,1 0,0,0 0,0,0 12,0,2
1,51,1 1,51,1 12,0,2 5,51,1 0,0,0 2,51,1 1,51,1 1,51,1 0,0,0
1,50,1 2,50,1 0,0,0 1,50,1 0,0,0 0,0,0 12,0,2 1,50,1 0,0,0
1,45,1 1,45,1 1,45,1 1,45,1 4,45,1 1,45,1 12,0,2 3,45,1 1,45,1
0,0,0 1,48,1 12,0,2 1,48,1 0,0,0 0,0,0 0,0,0 1,48,1 0,0,0
0,0,0 0,0,0 0,0,0 0,0,0 0,0,0 0,0,0 0,0,0 0,0,0 0,0,0
0,0,0 0,0,0 0,0,0 0,0,0 0,0,0 0,0,0 0,0,0 0,0,0 0,0,0
0,0,0 0,0,0 0,0,0 0,0,0 0,0,0 0,0,0 0,0,0 0,0,0 0,0,0