MODE 0
BALL 50
STARS 0/2200/3100
ADDLINE 1,108,1 1,108,1 0,0,0 1,54,1 12,0,2 1,108,1 11,0,2 1,108,1 0,0,0
ADDLINE 0,0,0 0,0,0 0,0,0 1,55,1 0,0,0 1,110,1 0,0,0 1,110,1 12,0,2
ADDLINE 0,0,0 1,62,1 1,62,1 2,62,1 0,0,0 1,62,1 12,0,2 3,62,1 1,62,1
ADDLINE 0,0,0 1,63,1 12,0,2 1,63,1 1,63,1 1,63,1 0,0,0 1,126,1 0,0,0
ADDLINE 1,64,1 1,64,1 0,0,0 1,128,1 1,64,1 1,64,1 1,128,1 7,0,2 12,0,2
ADDLINE 1,71,1 1,71,1 12,0,2 7,0,2 0,0,0 3,71,1 0,0,0 1,142,1 0,0,0
ADDLINE 1,68,1 1,68,1 0,0,0 1,136,1 1,136,1 4,68,1 12,0,2 1,68,1 1,68,1
ADDLINE 1,73,1 1,73,1 0,0,0 0,0,0 0,0,0 5,73,1 0,0,0 1,73,1 12,0,2
ADDLINE 0,0,0 2,94,1 1,94,1 1,94,1 12,0,2 4,94,1 1,94,1 1,94,1 0,0,0
19,50,1 1,100,1 1,100,1 1,100,1 1,100,1 1,100,1 1,100,1 1,100,1 12,0,2
0,0,0 0,0,0 12,0,2 1,52,1 1,52,1 1,52,1 1,52,1 1,52,1 0,0,0
5,102,1 1,51,1 12,0,2 0,0,0 0,0,0 1,102,1 0,0,0 0,0,0 0,0,0
4,100,1 1,50,1 1,50,1 1,50,1 12,0,2 0,0,0 11,0,2 1,100,1 1,50,1
1,98,1 1,49,1 1,49,1 0,0,0 12,0,2 0,0,0 1,98,1 5,49,1 1,49,1
1,98,1 1,48,1 0,0,0 12,0,2 5,48,1 0,0,0 0,0,0 0,0,0 0,0,0
0,0,0 0,0,0 0,0,0 0,0,0 0,0,0 0,0,0 0,0,0 0,0,0 0,0,0
0,0,0 0,0,0 0,0,0 0,0,0 0,0,0 0,0,0 0,0,0 0,0,0 0,0,0
0,0,0 0,0,0 0,0,0 0,0,0 0,0,0 0,0,0 0,0,0 0,0,0 0,0,0