MODE 0
BALL 50
STARS 0/1600/2300
ADDLINE 0,0,0 1,54,1 1,54,1 1,54,1 0,0,0 1,54,1 0,0,0 5,54,1 12,0,2
ADDLINE 0,0,0 0,0,0 0,0,0 1,55,1 0,0,0 0,0,0 0,0,0 1,55,1 12,0,2
ADDLINE 4,56,1 1,56,1 12,0,2 1,56,1 5,56,1 3,56,1 1,56,1 1,56,1 1,56,1
ADDLINE 0,0,0 12,0,2 0,0,0 1,63,1 0,0,0 0,0,0 1,63,1 0,0,0 0,0,0
ADDLINE 0,0,0 1,64,1 1,64,1 3,64,1 0,0,0 1,64,1 2,64,1 1,64,1 12,0,2
ADDLINE 0,0,0 1,71,1 0,0,0 1,71,1 0,0,0 0,0,0 1,71,1 1,71,1 12,0,2
ADDLINE 1,68,1 1,68,1 0,0,0 1,68,1 12,0,2 1,68,1 1,68,1 1,68,1 1,68,1
ADDLINE 0,0,0 0,0,0 0,0,0 2,73,1 0,0,0 1,73,1 0,0,0 0,0,0 12,0,2
ADDLINE 0,0,0 1,89,1 4,89,1 1,89,1 1,89,1 1,89,1 3,89,1 4,89,1 12,0,2
0,0,0 0,0,0 0,0,0 0,0,0 5,53,1 0,0,0 0,0,0 1,53,1 12,0,2
2,52,1 0,0,0 0,0,0 1,52,1 12,0,2 4,52,1 5,52,1 0,0,0 1,52,1
1,49,1 1,49,1 1,49,1 1,49,1 2,49,1 12,0,2 3,49,1 0,0,0 1,49,1
4,50,1 0,0,0 0,0,0 1,50,1 12,0,2 3,50,1 0,0,0 1,50,1 1,50,1
0,0,0 0,0,0 1,49,1 12,0,2 3,49,1 0,0,0 5,49,1 1,49,1 0,0,0
1,48,1 1,48,1 12,0,2 3,48,1 0,0,0 2,48,1 3,48,1 0,0,0 0,0,0
0,0,0 0,0,0 0,0,0 0,0,0 0,0,0 0,0,0 0,0,0 0,0,0 0,0,0
0,0,0 0,0,0 0,0,0 0,0,0 0,0,0 0,0,0 0,0,0 0,0,0 0,0,0
0,0,0 0,0,0 0,0,0 0,0,0 0,0,0 0,0,0 0,0,0 0,0,0 0,0,0