MODE 0
BALL 50
STARS 0/1500/2100
ADDLINE 0,0,0 1,54,1 0,0,0 0,0,0 0,0,0 1,54,1 0,0,0 1,54,1 12,0,2
ADDLINE 1,55,1 1,55,1 4,55,1 1,55,1 0,0,0 5,55,1 12,0,2 3,55,1 0,0,0
ADDLINE 0,0,0 0,0,0 12,0,2 0,0,0 0,0,0 1,62,1 1,62,1 1,62,1 1,62,1
ADDLINE 0,0,0 5,63,1 12,0,2 1,63,1 0,0,0 1,63,1 0,0,0 1,63,1 2,63,1
ADDLINE 1,64,1 1,64,1 0,0,0 1,64,1 0,0,0 0,0,0 12,0,2 4,64,1 0,0,0
ADDLINE 2,67,1 1,67,1 12,0,2 1,67,1 0,0,0 1,67,1 1,67,1 1,67,1 1,67,1
ADDLINE 0,0,0 0,0,0 0,0,0 4,72,1 12,0,2 0,0,0 1,72,1 0,0,0 0,0,0
ADDLINE 12,0,2 1,66,1 1,66,1 3,66,1 1,66,1 1,66,1 1,66,1 1,66,1 1,66,1
ADDLINE 0,0,0 1,94,1 12,0,2 5,94,1 0,0,0 0,0,0 1,94,1 1,94,1 0,0,0
5,53,1 2,53,1 0,0,0 1,53,1 12,0,2 0,0,0 0,0,0 1,53,1 1,53,1
1,52,1 1,52,1 12,0,2 0,0,0 0,0,0 1,52,1 0,0,0 0,0,0 0,0,0
1,51,1 1,51,1 12,0,2 4,51,1 1,51,1 1,51,1 1,51,1 0,0,0 0,0,0
1,48,1 1,48,1 1,48,1 1,48,1 1,48,1 1,48,1 12,0,2 0,0,0 5,48,1
3,49,1 1,49,1 0,0,0 0,0,0 12,0,2 0,0,0 4,49,1 0,0,0 0,0,0
0,0,0 0,0,0 12,0,2 0,0,0 0,0,0 0,0,0 1,48,1 1,48,1 0,0,0
0,0,0 0,0,0 0,0,0 0,0,0 0,0,0 0,0,0 0,0,0 0,0,0 0,0,0
0,0,0 0,0,0 0,0,0 0,0,0 0,0,0 0,0,0 0,0,0 0,0,0 0,0,0
0,0,0 0,0,0 0,0,0 0,0,0 0,0,0 0,0,0 0,0,0 0,0,0 0,0,0