MODE 0
BALL 50
STARS 0/1000/1300
1,35,1 1,35,1 4,35,1 0,0,0 1,35,1 1,35,1 12,0,2 0,0,0 0,0,0
1,31,1 4,31,1 0,0,0 1,31,1 1,31,1 1,31,1 1,31,1 1,31,1 12,0,2
4,32,1 12,0,2 3,32,1 0,0,0 5,32,1 1,32,1 1,32,1 1,32,1 0,0,0
0,0,0 3,33,1 1,33,1 0,0,0 0,0,0 5,33,1 6,33,1 12,0,2 0,0,0
0,0,0 0,0,0 1,32,1 1,32,1 0,0,0 5,32,1 12,0,2 0,0,0 0,0,0
0,0,0 0,0,0 0,0,0 1,32,1 2,32,1 12,0,2 0,0,0 0,0,0 0,0,0
0,0,0 0,0,0 0,0,0 0,0,0 0,0,0 0,0,0 0,0,0 0,0,0 0,0,0
0,0,0 0,0,0 0,0,0 0,0,0 0,0,0 0,0,0 0,0,0 0,0,0 0,0,0
0,0,0 0,0,0 0,0,0 0,0,0 0,0,0 0,0,0 0,0,0 0,0,0 0,0,0