MODE 0
BALL 50
STARS 0/2100/2800
ADDLINE 1,63,1 1,63,1 0,0,0 0,0,0 0,0,0 12,0,2 0,0,0 1,63,1 0,0,0
ADDLINE 1,64,1 1,64,1 1,64,1 0,0,0 12,0,2 0,0,0 0,0,0 0,0,0 1,64,1
ADDLINE 1,68,1 1,68,1 1,68,1 1,68,1 12,0,2 1,68,1 1,68,1 0,0,0 1,68,1
ADDLINE 1,73,1 1,73,1 1,73,1 12,0,2 0,0,0 1,73,1 1,73,1 0,0,0 1,73,1
ADDLINE 1,74,1 1,74,1 1,74,1 0,0,0 1,74,1 0,0,0 12,0,2 1,74,1 0,0,0
ADDLINE 1,82,1 0,0,0 0,0,0 12,0,2 1,82,1 1,82,1 1,82,1 1,82,1 0,0,0
ADDLINE 1,79,1 12,0,2 1,79,1 1,79,1 1,79,1 1,79,1 1,79,1 0,0,0 1,79,1
ADDLINE 1,84,1 0,0,0 1,84,1 0,0,0 0,0,0 12,0,2 0,0,0 0,0,0 1,84,1
ADDLINE 1,108,1 0,0,0 12,0,2 0,0,0 1,108,1 1,108,1 1,108,1 1,108,1 0,0,0
0,0,0 1,62,1 12,0,2 1,62,1 1,62,1 1,62,1 0,0,0 1,62,1 1,62,1
0,0,0 1,61,1 12,0,2 1,61,1 1,61,1 1,61,1 0,0,0 1,61,1 1,61,1
0,0,0 0,0,0 0,0,0 1,60,1 12,0,2 1,60,1 0,0,0 0,0,0 0,0,0
0,0,0 1,59,1 1,59,1 1,59,1 0,0,0 1,59,1 1,59,1 1,59,1 12,0,2
0,0,0 12,0,2 0,0,0 1,58,1 1,58,1 1,58,1 0,0,0 1,58,1 0,0,0
1,57,1 1,57,1 0,0,0 1,57,1 0,0,0 1,57,1 12,0,2 1,57,1 0,0,0
0,0,0 0,0,0 0,0,0 0,0,0 0,0,0 0,0,0 0,0,0 0,0,0 0,0,0
0,0,0 0,0,0 0,0,0 0,0,0 0,0,0 0,0,0 0,0,0 0,0,0 0,0,0
0,0,0 0,0,0 0,0,0 0,0,0 0,0,0 0,0,0 0,0,0 0,0,0 0,0,0