MODE 0
BALL 50
STARS 0/1900/2900
ADDLINE 0,0,0 1,63,1 0,0,0 0,0,0 12,0,2 0,0,0 0,0,0 1,63,1 0,0,0
ADDLINE 0,0,0 1,64,1 1,64,1 1,64,1 1,64,1 1,64,1 12,0,2 1,64,1 0,0,0
ADDLINE 1,72,1 1,72,1 0,0,0 0,0,0 0,0,0 0,0,0 0,0,0 1,72,1 12,0,2
ADDLINE 1,69,1 1,69,1 1,69,1 1,69,1 0,0,0 1,69,1 1,69,1 1,69,1 12,0,2
ADDLINE 0,0,0 0,0,0 12,0,2 1,74,1 0,0,0 1,74,1 0,0,0 0,0,0 0,0,0
ADDLINE 1,82,1 1,82,1 0,0,0 1,82,1 12,0,2 1,82,1 0,0,0 1,82,1 1,82,1
ADDLINE 0,0,0 0,0,0 12,0,2 1,83,1 0,0,0 1,83,1 0,0,0 1,83,1 1,83,1
ADDLINE 1,76,1 1,76,1 1,76,1 1,76,1 12,0,2 1,76,1 1,76,1 1,76,1 1,76,1
ADDLINE 1,108,1 0,0,0 12,0,2 1,108,1 0,0,0 1,108,1 0,0,0 0,0,0 0,0,0
0,0,0 0,0,0 1,62,1 0,0,0 1,62,1 12,0,2 1,62,1 1,62,1 1,62,1
1,61,1 12,0,2 1,61,1 0,0,0 1,61,1 0,0,0 0,0,0 1,61,1 1,61,1
1,60,1 0,0,0 12,0,2 1,60,1 0,0,0 0,0,0 1,60,1 1,60,1 1,60,1
0,0,0 1,59,1 12,0,2 1,59,1 1,59,1 0,0,0 1,59,1 1,59,1 1,59,1
0,0,0 1,58,1 12,0,2 0,0,0 0,0,0 0,0,0 1,58,1 1,58,1 1,58,1
1,55,1 12,0,2 1,55,1 1,55,1 1,55,1 0,0,0 1,55,1 1,55,1 1,55,1
0,0,0 0,0,0 0,0,0 0,0,0 0,0,0 0,0,0 0,0,0 0,0,0 0,0,0
0,0,0 0,0,0 0,0,0 0,0,0 0,0,0 0,0,0 0,0,0 0,0,0 0,0,0
0,0,0 0,0,0 0,0,0 0,0,0 0,0,0 0,0,0 0,0,0 0,0,0 0,0,0