MODE 0
BALL 50
STARS 0/1800/2700
ADDLINE 0,0,0 17,63,1 1,126,1 16,63,1 12,0,2 1,126,1 10,0,2 1,126,1 1,126,1
ADDLINE 0,0,0 1,128,1 1,128,1 1,64,1 0,0,0 1,128,1 1,128,1 1,128,1 12,0,2
ADDLINE 0,0,0 1,72,1 0,0,0 0,0,0 12,0,2 17,72,1 1,144,1 0,0,0 0,0,0
ADDLINE 1,69,1 1,69,1 0,0,0 1,69,1 1,138,1 1,138,1 12,0,2 1,69,1 1,69,1
ADDLINE 1,74,1 1,74,1 12,0,2 1,74,1 0,0,0 0,0,0 0,0,0 0,0,0 0,0,0
ADDLINE 1,78,1 1,78,1 1,78,1 1,78,1 1,78,1 12,0,2 1,78,1 1,78,1 0,0,0
ADDLINE 0,0,0 1,166,1 12,0,2 1,166,1 0,0,0 0,0,0 0,0,0 1,83,1 0,0,0
ADDLINE 0,0,0 19,84,1 10,0,2 1,168,1 1,168,1 1,168,1 12,0,2 1,168,1 1,168,1
ADDLINE 1,216,1 1,216,1 12,0,2 19,108,1 1,216,1 1,216,1 0,0,0 1,216,1 1,216,1
0,0,0 0,0,0 1,124,1 12,0,2 1,124,1 0,0,0 0,0,0 1,124,1 1,62,1
1,61,1 12,0,2 0,0,0 1,122,1 11,0,2 1,122,1 1,122,1 17,61,1 0,0,0
0,0,0 1,60,1 0,0,0 1,60,1 1,60,1 12,0,2 1,120,1 1,120,1 0,0,0
0,0,0 1,59,1 12,0,2 1,59,1 1,59,1 0,0,0 1,59,1 1,118,1 0,0,0
1,116,1 12,0,2 0,0,0 1,116,1 0,0,0 1,116,1 1,116,1 0,0,0 16,58,1
0,0,0 0,0,0 1,57,1 0,0,0 1,57,1 12,0,2 0,0,0 1,114,1 1,57,1
0,0,0 0,0,0 0,0,0 0,0,0 0,0,0 0,0,0 0,0,0 0,0,0 0,0,0
0,0,0 0,0,0 0,0,0 0,0,0 0,0,0 0,0,0 0,0,0 0,0,0 0,0,0
0,0,0 0,0,0 0,0,0 0,0,0 0,0,0 0,0,0 0,0,0 0,0,0 0,0,0