MODE 0
BALL 50
STARS 0/1900/2600
ADDLINE 0,0,0 1,63,1 1,63,1 1,63,1 1,63,1 1,63,1 0,0,0 1,63,1 12,0,2
ADDLINE 0,0,0 1,64,1 0,0,0 0,0,0 12,0,2 1,64,1 0,0,0 0,0,0 0,0,0
ADDLINE 1,68,1 1,68,1 12,0,2 1,68,1 0,0,0 1,68,1 1,68,1 1,68,1 1,68,1
ADDLINE 1,73,1 1,73,1 0,0,0 1,73,1 12,0,2 0,0,0 0,0,0 1,73,1 0,0,0
ADDLINE 1,74,1 1,74,1 12,0,2 1,74,1 1,74,1 1,74,1 0,0,0 1,74,1 0,0,0
ADDLINE 0,0,0 1,82,1 0,0,0 1,82,1 0,0,0 1,82,1 0,0,0 1,82,1 12,0,2
ADDLINE 1,83,1 1,83,1 12,0,2 1,83,1 0,0,0 1,83,1 0,0,0 1,83,1 0,0,0
ADDLINE 0,0,0 0,0,0 12,0,2 1,84,1 0,0,0 0,0,0 0,0,0 1,84,1 1,84,1
ADDLINE 0,0,0 1,102,1 1,102,1 1,102,1 12,0,2 1,102,1 1,102,1 1,102,1 1,102,1
0,0,0 1,59,1 1,59,1 12,0,2 1,59,1 1,59,1 1,59,1 1,59,1 1,59,1
1,61,1 1,61,1 0,0,0 0,0,0 0,0,0 12,0,2 0,0,0 1,61,1 1,61,1
1,60,1 1,60,1 0,0,0 12,0,2 1,60,1 1,60,1 0,0,0 0,0,0 0,0,0
1,59,1 1,59,1 1,59,1 0,0,0 0,0,0 12,0,2 0,0,0 1,59,1 0,0,0
1,53,1 1,53,1 1,53,1 1,53,1 12,0,2 1,53,1 1,53,1 1,53,1 1,53,1
1,57,1 1,57,1 1,57,1 1,57,1 0,0,0 0,0,0 0,0,0 12,0,2 0,0,0
0,0,0 0,0,0 0,0,0 0,0,0 0,0,0 0,0,0 0,0,0 0,0,0 0,0,0
0,0,0 0,0,0 0,0,0 0,0,0 0,0,0 0,0,0 0,0,0 0,0,0 0,0,0
0,0,0 0,0,0 0,0,0 0,0,0 0,0,0 0,0,0 0,0,0 0,0,0 0,0,0