MODE 0
BALL 50
STARS 0/1700/2500
ADDLINE 1,63,1 0,0,0 0,0,0 12,0,2 0,0,0 0,0,0 0,0,0 0,0,0 0,0,0
ADDLINE 1,61,1 12,0,2 1,61,1 1,61,1 1,61,1 0,0,0 1,61,1 1,61,1 1,61,1
ADDLINE 1,72,1 0,0,0 12,0,2 0,0,0 1,72,1 1,72,1 0,0,0 1,72,1 1,72,1
ADDLINE 1,73,1 1,73,1 1,73,1 0,0,0 12,0,2 1,73,1 0,0,0 1,73,1 0,0,0
ADDLINE 1,74,1 1,74,1 1,74,1 1,74,1 0,0,0 0,0,0 1,74,1 12,0,2 0,0,0
ADDLINE 1,78,1 1,78,1 1,78,1 12,0,2 1,78,1 1,78,1 0,0,0 1,78,1 1,78,1
ADDLINE 1,83,1 1,83,1 1,83,1 0,0,0 0,0,0 12,0,2 0,0,0 1,83,1 1,83,1
ADDLINE 1,84,1 1,84,1 0,0,0 0,0,0 12,0,2 0,0,0 0,0,0 0,0,0 0,0,0
ADDLINE 1,108,1 0,0,0 12,0,2 1,108,1 1,108,1 1,108,1 1,108,1 1,108,1 0,0,0
1,59,1 1,59,1 12,0,2 1,59,1 1,59,1 1,59,1 1,59,1 1,59,1 0,0,0
0,0,0 0,0,0 1,61,1 12,0,2 0,0,0 0,0,0 0,0,0 0,0,0 0,0,0
0,0,0 1,60,1 1,60,1 1,60,1 12,0,2 0,0,0 0,0,0 0,0,0 1,60,1
1,59,1 12,0,2 1,59,1 1,59,1 1,59,1 12,0,2 0,0,0 1,59,1 1,59,1
1,55,1 1,55,1 1,55,1 1,55,1 1,55,1 12,0,2 0,0,0 1,55,1 1,55,1
0,0,0 1,57,1 1,57,1 1,57,1 0,0,0 0,0,0 0,0,0 0,0,0 1,57,1
0,0,0 0,0,0 0,0,0 0,0,0 0,0,0 0,0,0 0,0,0 0,0,0 0,0,0
0,0,0 0,0,0 0,0,0 0,0,0 0,0,0 0,0,0 0,0,0 0,0,0 0,0,0
0,0,0 0,0,0 0,0,0 0,0,0 0,0,0 0,0,0 0,0,0 0,0,0 0,0,0