MODE 0
BALL 50
STARS 0/1900/2700
ADDLINE 11,0,2 1,120,1 1,60,1 1,120,1 1,120,1 1,120,1 1,60,1 1,60,1 12,0,2
ADDLINE 0,0,0 0,0,0 0,0,0 1,64,1 1,64,1 3,64,1 5,64,1 12,0,2 0,0,0
ADDLINE 1,72,1 4,72,1 0,0,0 0,0,0 1,72,1 1,72,1 1,72,1 12,0,2 1,72,1
ADDLINE 1,73,1 1,73,1 1,73,1 0,0,0 0,0,0 0,0,0 3,73,1 12,0,2 1,73,1
ADDLINE 1,140,1 1,140,1 1,140,1 1,140,1 12,0,2 1,140,1 1,140,1 8,0,2 1,140,1
ADDLINE 0,0,0 12,0,2 0,0,0 0,0,0 0,0,0 1,82,1 1,82,1 4,82,1 0,0,0
ADDLINE 0,0,0 1,158,1 1,158,1 1,79,1 1,79,1 1,79,1 4,79,1 3,79,1 12,0,2
ADDLINE 0,0,0 10,0,2 1,168,1 1,168,1 1,168,1 1,168,1 1,168,1 1,168,1 12,0,2
ADDLINE 1,108,1 0,0,0 0,0,0 1,108,1 1,108,1 1,108,1 12,0,2 0,0,0 1,108,1
0,0,0 2,62,1 12,0,2 1,124,1 17,62,1 0,0,0 0,0,0 0,0,0 0,0,0
1,61,1 1,61,1 1,61,1 1,122,1 12,0,2 1,122,1 0,0,0 1,122,1 0,0,0
1,60,1 1,60,1 12,0,2 1,60,1 0,0,0 1,60,1 0,0,0 1,120,1 11,0,2
0,0,0 1,59,1 0,0,0 1,59,1 0,0,0 4,59,1 3,59,1 1,59,1 12,0,2
0,0,0 0,0,0 0,0,0 1,58,1 0,0,0 12,0,2 0,0,0 1,58,1 0,0,0
0,0,0 1,55,1 2,55,1 1,55,1 5,110,1 1,55,1 12,0,2 4,55,1 3,55,1
0,0,0 0,0,0 0,0,0 0,0,0 0,0,0 0,0,0 0,0,0 0,0,0 0,0,0
0,0,0 0,0,0 0,0,0 0,0,0 0,0,0 0,0,0 0,0,0 0,0,0 0,0,0
0,0,0 0,0,0 0,0,0 0,0,0 0,0,0 0,0,0 0,0,0 0,0,0 0,0,0