MODE 0
BALL 50
STARS 0/2200/3100
ADDLINE 0,0,0 1,63,1 0,0,0 3,63,1 12,0,2 1,63,1 0,0,0 1,63,1 1,63,1
ADDLINE 1,64,1 1,64,1 12,0,2 3,64,1 0,0,0 1,64,1 1,64,1 0,0,0 0,0,0
ADDLINE 1,72,1 1,72,1 12,0,2 5,72,1 0,0,0 1,72,1 2,72,1 1,72,1 0,0,0
ADDLINE 0,0,0 0,0,0 0,0,0 1,73,1 0,0,0 0,0,0 12,0,2 0,0,0 0,0,0
ADDLINE 12,0,2 1,66,1 1,66,1 1,66,1 5,66,1 1,66,1 1,66,1 3,66,1 1,66,1
ADDLINE 0,0,0 0,0,0 1,82,1 1,82,1 1,82,1 0,0,0 12,0,2 1,82,1 0,0,0
ADDLINE 0,0,0 1,83,1 1,83,1 1,83,1 4,83,1 3,83,1 12,0,2 1,83,1 0,0,0
ADDLINE 0,0,0 0,0,0 12,0,2 0,0,0 0,0,0 1,84,1 0,0,0 2,84,1 1,84,1
ADDLINE 0,0,0 1,102,1 1,102,1 1,102,1 1,102,1 3,102,1 12,0,2 1,102,1 1,102,1
0,0,0 0,0,0 1,62,1 4,62,1 0,0,0 0,0,0 12,0,2 1,62,1 1,62,1
0,0,0 0,0,0 1,61,1 12,0,2 0,0,0 1,61,1 3,61,1 1,61,1 5,61,1
0,0,0 1,57,1 1,57,1 12,0,2 1,57,1 1,57,1 1,57,1 1,57,1 1,57,1
1,59,1 4,59,1 1,59,1 0,0,0 1,59,1 0,0,0 12,0,2 0,0,0 0,0,0
2,56,1 1,56,1 1,56,1 0,0,0 1,56,1 1,56,1 5,56,1 1,56,1 12,0,2
0,0,0 0,0,0 0,0,0 0,0,0 1,57,1 4,57,1 0,0,0 1,57,1 12,0,2
0,0,0 0,0,0 0,0,0 0,0,0 0,0,0 0,0,0 0,0,0 0,0,0 0,0,0
0,0,0 0,0,0 0,0,0 0,0,0 0,0,0 0,0,0 0,0,0 0,0,0 0,0,0
0,0,0 0,0,0 0,0,0 0,0,0 0,0,0 0,0,0 0,0,0 0,0,0 0,0,0