MODE 0
BALL 50
STARS 0/1900/2700
ADDLINE 0,0,0 5,63,1 2,63,1 5,63,1 0,0,0 1,63,1 12,0,2 1,63,1 1,63,1
ADDLINE 0,0,0 0,0,0 1,64,1 0,0,0 0,0,0 1,64,1 12,0,2 0,0,0 1,64,1
ADDLINE 12,0,2 1,65,1 1,65,1 1,65,1 2,65,1 1,65,1 1,65,1 1,65,1 3,65,1
ADDLINE 0,0,0 0,0,0 0,0,0 1,73,1 12,0,2 2,73,1 0,0,0 3,73,1 0,0,0
ADDLINE 1,74,1 1,74,1 1,74,1 1,74,1 0,0,0 1,74,1 12,0,2 1,74,1 0,0,0
ADDLINE 1,82,1 1,82,1 12,0,2 1,82,1 1,82,1 1,82,1 0,0,0 0,0,0 0,0,0
ADDLINE 1,79,1 5,79,1 12,0,2 4,79,1 0,0,0 1,79,1 1,79,1 1,79,1 1,79,1
ADDLINE 0,0,0 0,0,0 0,0,0 1,84,1 0,0,0 1,84,1 1,84,1 0,0,0 12,0,2
ADDLINE 0,0,0 1,102,1 1,102,1 1,102,1 1,102,1 1,102,1 3,102,1 3,102,1 12,0,2
2,62,1 12,0,2 1,62,1 1,62,1 1,62,1 1,62,1 1,62,1 0,0,0 0,0,0
0,0,0 0,0,0 0,0,0 1,61,1 1,61,1 1,61,1 0,0,0 0,0,0 12,0,2
0,0,0 1,60,1 2,60,1 0,0,0 4,60,1 0,0,0 3,60,1 1,60,1 12,0,2
1,56,1 1,56,1 1,56,1 12,0,2 1,112,1 0,0,0 1,56,1 1,56,1 1,56,1
0,0,0 1,58,1 12,0,2 0,0,0 2,58,1 0,0,0 0,0,0 1,58,1 0,0,0
0,0,0 0,0,0 12,0,2 1,57,1 3,57,1 1,57,1 0,0,0 0,0,0 0,0,0
0,0,0 0,0,0 0,0,0 0,0,0 0,0,0 0,0,0 0,0,0 0,0,0 0,0,0
0,0,0 0,0,0 0,0,0 0,0,0 0,0,0 0,0,0 0,0,0 0,0,0 0,0,0
0,0,0 0,0,0 0,0,0 0,0,0 0,0,0 0,0,0 0,0,0 0,0,0 0,0,0