MODE 0
BALL 50
STARS 0/2600/3600
ADDLINE 1,63,1 12,0,2 0,0,0 0,0,0 1,63,1 0,0,0 1,63,1 1,126,1 1,126,1
ADDLINE 1,64,1 12,0,2 1,64,1 1,64,1 5,64,1 0,0,0 1,64,1 1,128,1 20,64,1
ADDLINE 0,0,0 0,0,0 1,72,1 0,0,0 0,0,0 1,72,1 3,72,1 1,144,1 12,0,2
ADDLINE 1,69,1 1,69,1 5,69,1 12,0,2 1,69,1 0,0,0 1,69,1 1,69,1 1,69,1
ADDLINE 1,74,1 1,148,1 1,148,1 12,0,2 1,74,1 0,0,0 1,74,1 0,0,0 3,74,1
ADDLINE 1,164,1 12,0,2 19,82,1 1,164,1 1,164,1 1,164,1 1,164,1 0,0,0 1,164,1
ADDLINE 0,0,0 0,0,0 1,166,1 12,0,2 0,0,0 1,166,1 20,83,1 1,166,1 0,0,0
ADDLINE 1,76,1 1,76,1 1,76,1 1,76,1 4,76,1 12,0,2 1,152,1 1,152,1 2,76,1
ADDLINE 0,0,0 0,0,0 0,0,0 0,0,0 1,108,1 12,0,2 0,0,0 0,0,0 1,108,1
1,62,1 12,0,2 1,62,1 1,62,1 0,0,0 0,0,0 0,0,0 1,62,1 2,62,1
1,58,1 12,0,2 1,58,1 1,58,1 3,58,1 1,58,1 0,0,0 1,58,1 1,58,1
0,0,0 0,0,0 1,60,1 1,60,1 5,60,1 12,0,2 0,0,0 1,60,1 1,60,1
0,0,0 12,0,2 1,118,1 1,118,1 0,0,0 0,0,0 1,118,1 1,118,1 1,118,1
1,58,1 1,116,1 20,58,1 1,116,1 12,0,2 2,58,1 1,116,1 20,58,1 1,116,1
0,0,0 0,0,0 1,114,1 1,114,1 12,0,2 1,57,1 3,114,1 1,114,1 1,114,1
0,0,0 0,0,0 0,0,0 0,0,0 0,0,0 0,0,0 0,0,0 0,0,0 0,0,0
0,0,0 0,0,0 0,0,0 0,0,0 0,0,0 0,0,0 0,0,0 0,0,0 0,0,0
0,0,0 0,0,0 0,0,0 0,0,0 0,0,0 0,0,0 0,0,0 0,0,0 0,0,0