MODE 0
BALL 50
STARS 0/1800/2485
ADDLINE 1,70,1 12,0,2 0,0,0 8,0,2 1,70,1 1,70,1 1,70,1 1,70,1 1,70,1
ADDLINE 1,71,1 12,0,2 0,0,0 0,0,0 0,0,0 1,71,1 1,71,1 1,71,1 1,71,1
ADDLINE 1,72,1 1,72,1 1,72,1 12,0,2 0,0,0 1,72,1 20,72,1 0,0,0 1,72,1
ADDLINE 0,0,0 0,0,0 0,0,0 12,0,2 1,80,1 0,0,0 0,0,0 0,0,0 1,80,1
ADDLINE 0,0,0 1,81,1 1,81,1 1,81,1 1,81,1 0,0,0 1,81,1 1,81,1 12,0,2
ADDLINE 11,0,2 1,89,1 1,89,1 0,0,0 12,0,2 0,0,0 0,0,0 0,0,0 0,0,0
ADDLINE 0,0,0 1,119,1 0,0,0 12,0,2 1,119,1 1,119,1 1,119,1 1,119,1 1,119,1
ADDLINE 0,0,0 1,115,1 1,115,1 12,0,2 1,115,1 6,115,1 1,115,1 1,115,1 1,115,1
ADDLINE 0,0,0 0,0,0 0,0,0 12,0,2 1,123,1 1,123,1 1,123,1 1,123,1 1,123,1
0,0,0 2,62,1 0,0,0 0,0,0 12,0,2 0,0,0 1,62,1 1,62,1 1,62,1
0,0,0 1,61,1 2,121,1 0,0,0 0,0,0 12,0,2 0,0,0 0,0,0 0,0,0
0,0,0 1,54,1 1,108,1 20,54,1 1,108,1 1,54,1 12,0,2 1,54,1 1,54,1
0,0,0 1,59,1 1,118,1 1,118,1 2,118,1 0,0,0 12,0,2 0,0,0 3,59,1
0,0,0 1,58,1 1,58,1 1,58,1 12,0,2 1,58,1 6,58,1 1,58,1 0,0,0
0,0,0 0,0,0 12,0,2 0,0,0 0,0,0 1,57,1 0,0,0 1,57,1 0,0,0
0,0,0 0,0,0 0,0,0 0,0,0 0,0,0 0,0,0 0,0,0 0,0,0 0,0,0
0,0,0 0,0,0 0,0,0 0,0,0 0,0,0 0,0,0 0,0,0 0,0,0 0,0,0
0,0,0 0,0,0 0,0,0 0,0,0 0,0,0 0,0,0 0,0,0 0,0,0 0,0,0