MODE 0
BALL 50
STARS 0/1100/2205
ADDLINE 1,66,1 1,66,1 12,0,2 1,66,1 1,66,1 1,66,1 1,66,1 1,66,1 0,0,0
ADDLINE 0,0,0 12,0,2 0,0,0 1,71,1 0,0,0 0,0,0 0,0,0 1,71,1 0,0,0
ADDLINE 1,68,1 1,68,1 1,68,1 20,68,1 12,0,2 1,68,1 0,0,0 1,68,1 1,68,1
ADDLINE 0,0,0 0,0,0 0,0,0 1,80,1 0,0,0 1,80,1 8,0,2 12,0,2 0,0,0
ADDLINE 0,0,0 1,81,1 0,0,0 1,81,1 12,0,2 1,81,1 1,81,1 1,81,1 0,0,0
ADDLINE 0,0,0 1,89,1 0,0,0 0,0,0 12,0,2 1,89,1 0,0,0 1,89,1 0,0,0
ADDLINE 0,0,0 16,119,1 1,119,1 1,119,1 1,119,1 1,119,1 0,0,0 1,119,1 12,0,2
ADDLINE 0,0,0 1,121,1 0,0,0 12,0,2 0,0,0 1,121,1 11,0,2 1,121,1 0,0,0
ADDLINE 0,0,0 1,123,1 0,0,0 1,123,1 0,0,0 1,123,1 12,0,2 1,123,1 1,123,1
0,0,0 0,0,0 1,62,1 0,0,0 12,0,2 0,0,0 0,0,0 5,62,1 1,30,1
2,61,1 12,0,2 0,0,0 1,122,1 20,61,1 1,122,1 0,0,0 0,0,0 1,61,1
1,60,1 12,0,2 1,60,1 0,0,0 0,0,0 0,0,0 1,60,1 0,0,0 1,60,1
1,59,1 0,0,0 0,0,0 0,0,0 1,59,1 12,0,2 0,0,0 0,0,0 1,59,1
0,0,0 8,0,2 1,58,1 1,58,1 1,58,1 1,58,1 0,0,0 0,0,0 12,0,2
1,55,1 1,55,1 12,0,2 0,0,0 0,0,0 0,0,0 0,0,0 1,55,1 1,55,1
0,0,0 0,0,0 0,0,0 0,0,0 0,0,0 0,0,0 0,0,0 0,0,0 0,0,0
0,0,0 0,0,0 0,0,0 0,0,0 0,0,0 0,0,0 0,0,0 0,0,0 0,0,0
0,0,0 0,0,0 0,0,0 0,0,0 0,0,0 0,0,0 0,0,0 0,0,0 0,0,0