MODE 0
BALL 50
STARS 0/1100/2205
ADDLINE 0,0,0 0,0,0 0,0,0 1,70,1 0,0,0 0,0,0 12,0,2 0,0,0 0,0,0
ADDLINE 1,67,1 1,67,1 12,0,2 1,67,1 1,67,1 16,67,1 1,67,1 1,67,1 0,0,0
ADDLINE 0,0,0 0,0,0 0,0,0 1,72,1 0,0,0 0,0,0 0,0,0 0,0,0 12,0,2
ADDLINE 0,0,0 1,76,1 1,76,1 7,0,2 1,76,1 1,76,1 12,0,2 1,76,1 1,76,1
ADDLINE 0,0,0 0,0,0 0,0,0 12,0,2 0,0,0 1,81,1 0,0,0 0,0,0 0,0,0
ADDLINE 0,0,0 1,89,1 1,89,1 1,89,1 0,0,0 1,89,1 1,89,1 1,89,1 12,0,2
ADDLINE 0,0,0 1,119,1 0,0,0 1,119,1 0,0,0 12,0,2 0,0,0 1,119,1 0,0,0
ADDLINE 0,0,0 1,121,1 0,0,0 1,121,1 1,121,1 6,121,1 12,0,2 1,121,1 0,0,0
ADDLINE 0,0,0 12,0,2 0,0,0 1,123,1 0,0,0 1,123,1 0,0,0 1,123,1 0,0,0
0,0,0 0,0,0 0,0,0 0,0,0 12,0,2 0,0,0 0,0,0 0,0,0 1,62,1
2,122,1 12,0,2 0,0,0 0,0,0 3,61,1 1,61,1 1,61,1 0,0,0 1,61,1
1,120,1 20,60,1 1,120,1 11,0,2 1,60,1 1,60,1 1,60,1 12,0,2 0,0,0
1,118,1 1,118,1 1,118,1 0,0,0 1,59,1 1,59,1 1,59,1 12,0,2 0,0,0
1,58,1 1,58,1 1,58,1 0,0,0 0,0,0 12,0,2 0,0,0 0,0,0 1,58,1
1,110,1 1,110,1 1,110,1 12,0,2 1,110,1 1,110,1 1,110,1 1,110,1 16,55,1
0,0,0 0,0,0 0,0,0 0,0,0 0,0,0 0,0,0 0,0,0 0,0,0 0,0,0
0,0,0 0,0,0 0,0,0 0,0,0 0,0,0 0,0,0 0,0,0 0,0,0 0,0,0
0,0,0 0,0,0 0,0,0 0,0,0 0,0,0 0,0,0 0,0,0 0,0,0 0,0,0