MODE 0
BALL 50
STARS 0/1400/2905
ADDLINE 1,69,1 1,69,1 12,0,2 1,69,1 1,69,1 1,69,1 1,69,1 0,0,0 16,69,1
ADDLINE 1,70,1 1,70,1 12,0,2 1,70,1 1,70,1 1,70,1 1,70,1 16,70,1 0,0,0
ADDLINE 1,71,1 0,0,0 12,0,2 0,0,0 0,0,0 0,0,0 1,71,1 1,71,1 0,0,0
ADDLINE 1,75,1 1,75,1 1,75,1 1,75,1 1,75,1 1,75,1 12,0,2 1,75,1 0,0,0
ADDLINE 1,80,1 1,80,1 17,80,1 0,0,0 0,0,0 12,0,2 0,0,0 1,80,1 0,0,0
ADDLINE 1,88,1 1,88,1 1,88,1 1,88,1 1,88,1 1,88,1 0,0,0 12,0,2 0,0,0
ADDLINE 1,118,1 1,118,1 1,118,1 1,118,1 1,118,1 18,118,1 1,118,1 12,0,2 0,0,0
ADDLINE 1,119,1 0,0,0 0,0,0 12,0,2 1,119,1 1,119,1 1,119,1 0,0,0 1,119,1
ADDLINE 1,121,1 0,0,0 12,0,2 1,121,1 1,121,1 1,121,1 0,0,0 1,121,1 1,121,1
1,52,1 1,52,1 0,0,0 0,0,0 12,0,2 0,0,0 0,0,0 1,52,1 1,52,1
1,61,1 0,0,0 12,0,2 0,0,0 2,61,1 5,61,1 0,0,0 0,0,0 1,61,1
0,0,0 12,0,2 0,0,0 1,60,1 1,60,1 2,60,1 5,60,1 12,0,2 0,0,0
1,118,1 1,118,1 16,59,1 1,118,1 1,118,1 1,118,1 2,118,1 5,118,1 12,0,2
0,0,0 1,58,1 1,58,1 1,58,1 1,58,1 1,58,1 1,58,1 2,58,1 8,0,2
0,0,0 1,57,1 1,57,1 0,0,0 12,0,2 0,0,0 1,57,1 1,57,1 0,0,0
0,0,0 0,0,0 0,0,0 0,0,0 0,0,0 0,0,0 0,0,0 0,0,0 0,0,0
0,0,0 0,0,0 0,0,0 0,0,0 0,0,0 0,0,0 0,0,0 0,0,0 0,0,0
0,0,0 0,0,0 0,0,0 0,0,0 0,0,0 0,0,0 0,0,0 0,0,0 0,0,0