MODE 0
BALL 50
STARS 0/1300/2625
ADDLINE 1,66,1 1,66,1 12,0,2 1,66,1 8,0,2 1,66,1 1,66,1 2,66,1 1,66,1
ADDLINE 0,0,0 0,0,0 0,0,0 1,71,1 0,0,0 0,0,0 12,0,2 0,0,0 0,0,0
ADDLINE 0,0,0 1,68,1 5,180,1 1,68,1 1,68,1 4,68,1 4,68,1 1,68,1 12,0,2
ADDLINE 0,0,0 5,80,1 12,0,2 0,0,0 0,0,0 1,80,1 0,0,0 0,0,0 0,0,0
ADDLINE 0,0,0 3,81,1 12,0,2 1,81,1 2,81,1 19,81,1 0,0,0 1,81,1 1,81,1
ADDLINE 0,0,0 1,180,1 10,0,2 12,0,2 0,0,0 1,180,1 0,0,0 1,180,1 0,0,0
ADDLINE 0,0,0 1,119,1 12,0,2 2,119,1 0,0,0 1,119,1 0,0,0 1,119,1 0,0,0
ADDLINE 0,0,0 1,121,1 0,0,0 1,121,1 0,0,0 1,121,1 12,0,2 1,121,1 0,0,0
ADDLINE 0,0,0 3,123,1 1,123,1 4,123,1 0,0,0 1,123,1 0,0,0 1,123,1 12,0,2
0,0,0 0,0,0 3,62,1 12,0,2 0,0,0 12,0,2 2,62,1 0,0,0 0,0,0
0,0,0 1,60,1 1,60,1 1,60,1 12,0,2 1,60,1 1,60,1 1,60,1 0,0,0
0,0,0 1,58,1 1,58,1 1,58,1 0,0,0 1,58,1 1,58,1 1,58,1 8,0,2
0,0,0 1,56,1 1,56,1 1,56,1 12,0,2 1,56,1 1,56,1 1,56,1 0,0,0
8,0,2 1,60,1 1,60,1 1,60,1 0,0,0 1,60,1 1,60,1 1,60,1 0,0,0
0,0,0 1,57,1 1,57,1 1,57,1 12,0,2 1,57,1 1,57,1 1,57,1 0,0,0
0,0,0 0,0,0 0,0,0 0,0,0 0,0,0 0,0,0 0,0,0 0,0,0 0,0,0
0,0,0 0,0,0 0,0,0 0,0,0 0,0,0 0,0,0 0,0,0 0,0,0 0,0,0
0,0,0 0,0,0 0,0,0 0,0,0 0,0,0 0,0,0 0,0,0 0,0,0 0,0,0