MODE 0
BALL 50
STARS 0/0/2380 35
ADDLINE 0,0,0 10,0,2 0,0,0 0,0,0 12,0,2 1,70,1 0,0,0 0,0,0 0,0,0
ADDLINE 0,0,0 1,67,1 1,67,1 1,67,1 12,0,2 1,67,1 1,67,1 2,67,1 1,67,1
ADDLINE 0,0,0 0,0,0 0,0,0 5,72,1 0,0,0 1,72,1 12,0,2 0,0,0 0,0,0
ADDLINE 3,80,1 5,80,1 0,0,0 1,80,1 12,0,2 1,80,1 0,0,0 1,80,1 1,80,1
ADDLINE 0,0,0 1,81,1 0,0,0 1,81,1 1,81,1 0,0,0 12,0,2 1,81,1 0,0,0
ADDLINE 0,0,0 1,89,1 12,0,2 1,89,1 20,89,1 1,89,1 1,89,1 17,89,1 0,0,0
ADDLINE 0,0,0 0,0,0 0,0,0 1,119,1 1,119,1 12,0,2 0,0,0 1,119,1 0,0,0
ADDLINE 0,0,0 1,121,1 1,121,1 2,121,1 1,121,1 1,121,1 0,0,0 4,121,1 12,0,2
ADDLINE 0,0,0 0,0,0 0,0,0 0,0,0 12,0,2 0,0,0 0,0,0 1,123,1 0,0,0
0,0,0 1,62,1 6,62,1 1,62,1 1,62,1 6,62,1 1,62,1 1,62,1 6,62,1
0,0,0 1,60,1 1,60,1 1,60,1 1,60,1 1,60,1 1,60,1 1,60,1 1,60,1
0,0,0 0,0,0 0,0,0 0,0,0 0,0,0 12,0,2 12,0,2 12,0,2 0,0,0
1,108,1 1,108,1 1,108,1 1,108,1 1,108,1 1,108,1 1,108,1 1,108,1 0,0,0
0,0,0 12,0,2 12,0,2 12,0,2 0,0,0 0,0,0 0,0,0 0,0,0 0,0,0
0,0,0 1,108,1 1,108,1 1,108,1 1,108,1 1,108,1 1,108,1 1,108,1 1,108,1
0,0,0 0,0,0 0,0,0 0,0,0 0,0,0 0,0,0 0,0,0 0,0,0 0,0,0
0,0,0 0,0,0 0,0,0 0,0,0 0,0,0 0,0,0 0,0,0 0,0,0 0,0,0
0,0,0 0,0,0 0,0,0 0,0,0 0,0,0 0,0,0 0,0,0 0,0,0 0,0,0