MODE 0
BALL 50
STARS 0/0/3080 35
ADDLINE 5,70,1 0,0,0 1,70,1 12,0,2 0,0,0 0,0,0 1,70,1 0,0,0 1,70,1
ADDLINE 1,71,1 0,0,0 3,71,1 0,0,0 4,71,1 12,0,2 1,71,1 0,0,0 1,71,1
ADDLINE 1,72,1 12,0,2 1,72,1 0,0,0 1,72,1 0,0,0 1,72,1 0,0,0 0,0,0
ADDLINE 1,80,1 12,0,2 2,80,1 0,0,0 1,80,1 8,0,2 1,80,1 4,80,1 1,80,1
ADDLINE 1,81,1 10,0,2 1,81,1 0,0,0 1,81,1 12,0,2 0,0,0 0,0,0 1,81,1
ADDLINE 1,89,1 12,0,2 4,89,1 0,0,0 1,89,1 1,89,1 5,89,1 0,0,0 1,89,1
ADDLINE 1,120,1 0,0,0 1,120,1 0,0,0 1,120,1 8,0,2 1,120,1 12,0,2 0,0,0
ADDLINE 5,121,1 0,0,0 1,121,1 12,0,2 2,121,1 0,0,0 1,121,1 1,121,1 1,121,1
ADDLINE 4,123,1 0,0,0 1,123,1 0,0,0 0,0,0 0,0,0 12,0,2 0,0,0 1,123,1
12,0,2 12,0,2 12,0,2 12,0,2 12,0,2 0,0,0 0,0,0 12,0,2 1,62,1
1,61,1 6,61,1 1,61,1 1,61,1 4,61,1 3,61,1 1,61,1 6,61,1 1,61,1
1,60,1 1,60,1 1,60,1 4,60,1 3,60,1 1,60,1 1,60,1 1,60,1 1,60,1
1,56,1 1,56,1 4,56,1 3,56,1 1,56,1 1,56,1 1,56,1 1,56,1 1,56,1
1,58,1 4,58,1 3,58,1 1,58,1 1,58,1 1,58,1 1,58,1 6,58,1 1,58,1
0,0,0 3,57,1 1,57,1 1,8,1 1,57,1 1,57,1 1,57,1 1,57,1 1,57,1
0,0,0 0,0,0 0,0,0 0,0,0 0,0,0 0,0,0 0,0,0 0,0,0 0,0,0
0,0,0 0,0,0 0,0,0 0,0,0 0,0,0 0,0,0 0,0,0 0,0,0 0,0,0
0,0,0 0,0,0 0,0,0 0,0,0 0,0,0 0,0,0 0,0,0 0,0,0 0,0,0