MODE 0
BALL 60
STARS 0/0/2485 35
ADDLINE 1,70,1 1,70,1 1,70,1 12,0,2 0,0,0 0,0,0 0,0,0 0,0,0 0,0,0
ADDLINE 1,71,1 1,71,1 0,0,0 12,0,2 1,71,1 1,71,1 1,71,1 1,71,1 0,0,0
ADDLINE 1,68,1 1,68,1 1,68,1 1,68,1 1,68,1 12,0,2 1,68,1 1,68,1 0,0,0
ADDLINE 1,80,1 12,0,2 0,0,0 0,0,0 0,0,0 0,0,0 0,0,0 7,0,2 0,0,0
ADDLINE 0,0,0 12,0,2 1,81,1 1,81,1 1,81,1 1,81,1 0,0,0 1,81,1 1,81,1
ADDLINE 0,0,0 0,0,0 0,0,0 12,0,2 0,0,0 0,0,0 0,0,0 1,89,1 1,89,1
ADDLINE 1,113,1 1,113,1 1,113,1 12,0,2 1,113,1 0,0,0 1,113,1 1,113,1 1,113,1
ADDLINE 1,121,1 1,121,1 12,0,2 10,0,2 1,121,1 0,0,0 1,121,1 1,121,1 1,121,1
ADDLINE 1,130,1 1,130,1 12,0,2 1,130,1 1,130,1 8,0,2 1,130,1 1,130,1 1,130,1
0,0,0 1,82,1 0,0,0 1,82,1 0,0,0 1,82,1 0,0,0 1,82,1 12,0,2
1,81,1 1,81,1 0,0,0 1,81,1 12,0,2 1,81,1 0,0,0 1,81,1 1,81,1
0,0,0 12,0,2 0,0,0 1,80,1 0,0,0 1,80,1 0,0,0 0,0,0 0,0,0
12,0,2 1,79,1 0,0,0 1,79,1 0,0,0 1,79,1 0,0,0 1,79,1 12,0,2
0,0,0 0,0,0 11,0,2 1,78,1 6,79,1 1,78,1 11,0,2 12,0,2 0,0,0
1,75,1 2,75,1 0,0,0 5,75,1 1,75,1 4,75,1 0,0,0 3,75,1 1,75,1
0,0,0 0,0,0 0,0,0 0,0,0 0,0,0 0,0,0 0,0,0 0,0,0 0,0,0
0,0,0 0,0,0 0,0,0 0,0,0 0,0,0 0,0,0 0,0,0 0,0,0 0,0,0
0,0,0 0,0,0 0,0,0 0,0,0 0,0,0 0,0,0 0,0,0 0,0,0 0,0,0