MODE 0
BALL 60
STARS 0/0/2835 35
ADDLINE 1,70,1 0,0,0 0,0,0 0,0,0 1,70,1 0,0,0 0,0,0 12,0,2 0,0,0
ADDLINE 1,71,1 1,71,1 1,71,1 12,0,2 1,71,1 0,0,0 1,71,1 0,0,0 1,71,1
ADDLINE 0,0,0 0,0,0 1,72,1 0,0,0 0,0,0 12,0,2 1,72,1 0,0,0 1,72,1
ADDLINE 1,80,1 0,0,0 1,80,1 12,0,2 1,80,1 1,80,1 1,80,1 0,0,0 1,80,1
ADDLINE 0,0,0 12,0,2 1,81,1 0,0,0 0,0,0 0,0,0 1,81,1 0,0,0 1,81,1
ADDLINE 1,89,1 0,0,0 1,89,1 1,89,1 18,89,1 12,0,2 1,89,1 10,0,2 1,89,1
ADDLINE 1,119,1 12,0,2 1,119,1 0,0,0 0,0,0 0,0,0 17,119,1 0,0,0 1,119,1
ADDLINE 1,121,1 0,0,0 1,121,1 1,121,1 1,121,1 12,0,2 1,121,1 0,0,0 1,121,1
ADDLINE 1,123,1 0,0,0 0,0,0 12,0,2 1,123,1 0,0,0 1,123,1 0,0,0 1,123,1
1,62,1 4,62,1 0,0,0 12,0,2 10,0,2 12,0,2 0,0,0 5,62,1 1,62,1
4,61,1 0,0,0 3,61,1 1,61,1 1,61,1 1,61,1 2,61,1 0,0,0 5,61,1
12,0,2 3,120,1 1,120,1 16,60,1 1,60,1 1,120,1 1,120,1 2,120,1 12,0,2
0,0,0 5,118,1 1,118,1 1,118,1 1,59,1 16,59,1 1,118,1 4,118,1 0,0,0
2,58,1 12,0,2 5,58,1 1,58,1 1,58,1 1,58,1 4,58,1 12,0,2 3,58,1
1,57,1 1,57,1 2,57,1 5,57,1 1,57,1 4,57,1 3,57,1 1,57,1 1,57,1
0,0,0 0,0,0 0,0,0 0,0,0 0,0,0 0,0,0 0,0,0 0,0,0 0,0,0
0,0,0 0,0,0 0,0,0 0,0,0 0,0,0 0,0,0 0,0,0 0,0,0 0,0,0
0,0,0 0,0,0 0,0,0 0,0,0 0,0,0 0,0,0 0,0,0 0,0,0 0,0,0