MODE 0
BALL 60
STARS 0/0/2660 35
ADDLINE 0,0,0 1,70,1 1,70,1 0,0,0 0,0,0 1,70,1 19,70,1 1,70,1 12,0,2
ADDLINE 0,0,0 1,71,1 1,71,1 1,71,1 0,0,0 1,71,1 1,71,1 1,71,1 12,0,2
ADDLINE 0,0,0 1,72,1 1,72,1 1,72,1 1,72,1 1,72,1 1,72,1 19,72,1 12,0,2
ADDLINE 0,0,0 1,80,1 1,80,1 1,80,1 1,80,1 1,80,1 12,0,2 1,80,1 19,80,1
ADDLINE 0,0,0 0,0,0 0,0,0 1,81,1 0,0,0 12,0,2 0,0,0 0,0,0 1,81,1
ADDLINE 0,0,0 1,89,1 0,0,0 1,89,1 1,89,1 1,89,1 1,89,1 1,89,1 12,0,2
ADDLINE 0,0,0 1,119,1 0,0,0 0,0,0 0,0,0 12,0,2 0,0,0 1,119,1 0,0,0
ADDLINE 0,0,0 1,115,1 1,115,1 1,115,1 1,115,1 1,115,1 12,0,2 1,115,1 1,115,1
ADDLINE 0,0,0 0,0,0 0,0,0 0,0,0 0,0,0 1,123,1 0,0,0 1,123,1 12,0,2
0,0,0 1,124,1 1,124,1 1,124,1 1,124,1 1,124,1 1,124,1 1,124,1 19,62,1
0,0,0 1,81,1 1,81,1 1,81,1 1,81,1 1,81,1 1,81,1 1,81,1 1,120,1
0,0,0 0,0,0 12,0,2 0,0,0 0,0,0 0,0,0 0,0,0 0,0,0 0,0,0
19,59,1 1,118,1 1,118,1 1,118,1 1,118,1 1,118,1 1,118,1 1,118,1 0,0,0
1,116,1 1,78,1 1,78,1 1,78,1 1,78,1 1,78,1 1,78,1 1,78,1 0,0,0
0,0,0 0,0,0 0,0,0 0,0,0 0,0,0 0,0,0 0,0,0 0,0,0 0,0,0
0,0,0 0,0,0 0,0,0 0,0,0 0,0,0 0,0,0 0,0,0 0,0,0 0,0,0
0,0,0 0,0,0 0,0,0 0,0,0 0,0,0 0,0,0 0,0,0 0,0,0 0,0,0
0,0,0 0,0,0 0,0,0 0,0,0 0,0,0 0,0,0 0,0,0 0,0,0 0,0,0