MODE 0
BALL 60
STARS 0/0/2415 35
ADDLINE 0,0,0 0,0,0 12,0,2 4,70,1 1,70,1 1,70,1 1,70,1 1,70,1 1,70,1
ADDLINE 0,0,0 1,67,1 1,67,1 12,0,2 1,67,1 1,67,1 1,67,1 1,67,1 2,67,1
ADDLINE 0,0,0 10,0,2 12,0,2 0,0,0 1,72,1 1,72,1 2,72,1 3,72,1 1,72,1
ADDLINE 0,0,0 12,0,2 0,0,0 0,0,0 0,0,0 0,0,0 0,0,0 5,80,1 1,80,1
ADDLINE 0,0,0 1,81,1 1,81,1 1,81,1 12,0,2 1,81,1 0,0,0 1,81,1 4,81,1
ADDLINE 0,0,0 0,0,0 1,89,1 3,89,1 0,0,0 12,0,2 9,0,2 0,0,0 1,89,1
ADDLINE 1,119,1 0,0,0 12,0,2 0,0,0 1,119,1 1,119,1 1,119,1 0,0,0 0,0,0
ADDLINE 4,121,1 1,121,1 1,121,1 12,0,2 4,121,1 1,121,1 0,0,0 0,0,0 0,0,0
ADDLINE 1,123,1 3,123,1 1,123,1 0,0,0 5,123,1 12,0,2 0,0,0 1,123,1 1,123,1
1,89,1 12,0,2 1,89,1 1,89,1 1,178,1 1,89,1 2,178,1 0,0,0 0,0,0
0,0,0 0,0,0 0,0,0 12,0,2 0,0,0 0,0,0 19,81,1 0,0,0 0,0,0
1,77,1 1,77,1 1,77,1 12,0,2 1,154,1 0,0,0 1,154,1 1,77,1 2,77,1
1,158,1 0,0,0 0,0,0 0,0,0 19,79,1 12,0,2 0,0,0 0,0,0 1,158,1
1,73,1 12,0,2 1,73,1 1,73,1 1,146,1 1,73,1 1,106,1 1,73,1 1,73,1
0,0,0 12,0,2 0,0,0 0,0,0 0,0,0 0,0,0 0,0,0 0,0,0 0,0,0
0,0,0 0,0,0 0,0,0 0,0,0 0,0,0 0,0,0 0,0,0 0,0,0 0,0,0
0,0,0 0,0,0 0,0,0 0,0,0 0,0,0 0,0,0 0,0,0 0,0,0 0,0,0
0,0,0 0,0,0 0,0,0 0,0,0 0,0,0 0,0,0 0,0,0 0,0,0 0,0,0