MODE 0
BALL 60
STARS 0/0/2590 35
ADDLINE 0,0,0 1,66,1 1,66,1 1,66,1 1,66,1 1,66,1 12,0,2 1,66,1 1,66,1
ADDLINE 0,0,0 0,0,0 0,0,0 1,71,1 0,0,0 19,71,1 12,0,2 2,71,1 0,0,0
ADDLINE 1,72,1 1,72,1 12,0,2 1,72,1 0,0,0 1,72,1 1,72,1 5,72,1 0,0,0
ADDLINE 0,0,0 0,0,0 12,0,2 1,80,1 0,0,0 1,80,1 0,0,0 0,0,0 0,0,0
ADDLINE 0,0,0 1,81,1 4,81,1 1,81,1 0,0,0 3,81,1 12,0,2 1,81,1 1,81,1
ADDLINE 0,0,0 1,89,1 0,0,0 12,0,2 0,0,0 0,0,0 0,0,0 1,89,1 0,0,0
ADDLINE 0,0,0 1,113,1 1,113,1 1,113,1 1,113,1 2,113,1 4,113,1 1,113,1 12,0,2
ADDLINE 0,0,0 0,0,0 0,0,0 0,0,0 12,0,2 1,121,1 0,0,0 0,0,0 0,0,0
ADDLINE 1,111,1 1,111,1 3,111,1 2,111,1 12,0,2 1,111,1 1,111,1 1,111,1 1,111,1
0,0,0 19,62,1 0,0,0 0,0,0 12,0,2 0,0,0 0,0,0 1,124,1 3,124,1
0,0,0 1,122,1 1,122,1 1,122,1 1,122,1 1,122,1 12,0,2 0,0,0 19,61,1
0,0,0 1,120,1 1,60,1 5,60,1 1,60,1 2,60,1 1,60,1 12,0,2 0,0,0
0,0,0 12,0,2 1,59,1 1,59,1 1,59,1 1,59,1 1,59,1 1,59,1 1,118,1
1,58,1 0,0,0 12,0,2 0,0,0 0,0,0 0,0,0 0,0,0 0,0,0 5,116,1
1,108,1 1,108,1 1,108,1 1,108,1 1,108,1 1,108,1 1,108,1 2,108,1 0,0,0
0,0,0 0,0,0 0,0,0 0,0,0 0,0,0 0,0,0 0,0,0 0,0,0 0,0,0
0,0,0 0,0,0 0,0,0 0,0,0 0,0,0 0,0,0 0,0,0 0,0,0 0,0,0
0,0,0 0,0,0 0,0,0 0,0,0 0,0,0 0,0,0 0,0,0 0,0,0 0,0,0