MODE 0
BALL 60
STARS 0/0/2170 35
ADDLINE 0,0,0 1,70,1 0,0,0 1,70,1 0,0,0 0,0,0 0,0,0 1,70,1 12,0,2
ADDLINE 8,0,2 3,71,1 0,0,0 1,71,1 12,0,2 1,71,1 0,0,0 1,71,1 1,71,1
ADDLINE 0,0,0 1,72,1 0,0,0 0,0,0 0,0,0 4,72,1 12,0,2 0,0,0 0,0,0
ADDLINE 12,0,2 1,72,1 5,72,1 2,72,1 1,72,1 1,72,1 1,72,1 4,72,1 1,72,1
ADDLINE 0,0,0 0,0,0 0,0,0 1,81,1 12,0,2 0,0,0 0,0,0 0,0,0 0,0,0
ADDLINE 0,0,0 1,89,1 11,0,2 1,89,1 12,0,2 5,89,1 1,89,1 1,89,1 0,0,0
ADDLINE 0,0,0 5,119,1 0,0,0 0,0,0 0,0,0 1,119,1 12,0,2 6,119,1 0,0,0
ADDLINE 0,0,0 1,121,1 1,121,1 1,121,1 1,121,1 1,121,1 12,0,2 1,121,1 0,0,0
ADDLINE 0,0,0 12,0,2 0,0,0 0,0,0 0,0,0 0,0,0 0,0,0 4,123,1 0,0,0
0,0,0 1,122,1 1,122,1 19,61,1 12,0,2 1,122,1 1,122,1 1,122,1 0,0,0
0,0,0 5,122,1 1,122,1 1,122,1 1,122,1 19,61,1 1,122,1 4,122,1 12,0,2
0,0,0 0,0,0 1,60,1 1,120,1 1,60,1 1,120,1 1,60,1 0,0,0 0,0,0
12,0,2 3,59,1 0,0,0 1,118,1 1,59,1 1,118,1 0,0,0 2,59,1 12,0,2
0,0,0 1,58,1 12,0,2 1,116,1 0,0,0 1,116,1 0,0,0 1,58,1 0,0,0
0,0,0 5,57,1 0,0,0 1,114,1 0,0,0 1,114,1 12,0,2 4,57,1 0,0,0
0,0,0 0,0,0 0,0,0 0,0,0 0,0,0 0,0,0 0,0,0 0,0,0 0,0,0
0,0,0 0,0,0 0,0,0 0,0,0 0,0,0 0,0,0 0,0,0 0,0,0 0,0,0
0,0,0 0,0,0 0,0,0 0,0,0 0,0,0 0,0,0 0,0,0 0,0,0 0,0,0