MODE 0
BALL 60
STARS 0/0/2590 35
ADDLINE 0,0,0 12,0,2 1,70,1 0,0,0 1,70,1 0,0,0 1,70,1 0,0,0 0,0,0
ADDLINE 1,71,1 0,0,0 1,71,1 12,0,2 3,71,1 4,71,1 1,71,1 0,0,0 1,71,1
ADDLINE 1,72,1 12,0,2 2,72,1 0,0,0 0,0,0 0,0,0 0,0,0 0,0,0 1,72,1
ADDLINE 19,76,1 12,0,2 1,76,1 5,76,1 1,76,1 1,76,1 3,76,1 0,0,0 1,76,1
ADDLINE 1,81,1 0,0,0 12,0,2 0,0,0 0,0,0 0,0,0 1,81,1 0,0,0 1,81,1
ADDLINE 1,85,1 1,85,1 1,85,1 5,85,1 1,85,1 12,0,2 4,85,1 0,0,0 1,85,1
ADDLINE 0,0,0 0,0,0 3,119,1 0,0,0 0,0,0 12,0,2 1,119,1 0,0,0 19,119,1
ADDLINE 1,121,1 12,0,2 1,121,1 0,0,0 1,121,1 2,121,1 1,121,1 0,0,0 5,121,1
ADDLINE 1,123,1 0,0,0 1,123,1 12,0,2 1,123,1 0,0,0 0,0,0 0,0,0 1,123,1
0,0,0 19,69,1 4,119,1 12,0,2 0,0,0 0,0,0 0,0,0 12,0,2 0,0,0
0,0,0 0,0,0 12,0,2 3,74,1 1,74,1 2,74,1 0,0,0 12,0,2 0,0,0
0,0,0 0,0,0 3,72,1 0,0,0 5,72,1 1,72,1 1,72,1 2,119,1 0,0,0
3,70,1 1,119,1 1,70,1 1,70,1 1,70,1 1,70,1 1,70,1 1,119,1 0,0,0
1,119,1 1,119,1 1,119,1 1,119,1 1,119,1 1,119,1 1,119,1 19,69,1 0,0,0
1,64,1 1,119,1 12,0,2 1,64,1 1,64,1 12,0,2 1,64,1 1,119,1 0,0,0
0,0,0 0,0,0 0,0,0 0,0,0 0,0,0 0,0,0 0,0,0 0,0,0 0,0,0
0,0,0 0,0,0 0,0,0 0,0,0 0,0,0 0,0,0 0,0,0 0,0,0 0,0,0
0,0,0 0,0,0 0,0,0 0,0,0 0,0,0 0,0,0 0,0,0 0,0,0 0,0,0