MODE 0
BALL 60
STARS 0/0/3185 35
ADDLINE 1,71,1 1,71,1 0,0,0 1,71,1 1,71,1 0,0,0 0,0,0 12,0,2 0,0,0
ADDLINE 1,72,1 1,72,1 12,0,2 0,0,0 1,72,1 1,72,1 0,0,0 0,0,0 0,0,0
ADDLINE 1,73,1 1,73,1 1,73,1 0,0,0 12,0,2 0,0,0 0,0,0 1,73,1 1,73,1
ADDLINE 1,77,1 1,77,1 1,77,1 12,0,2 1,77,1 1,77,1 1,77,1 11,0,2 1,77,1
ADDLINE 1,82,1 0,0,0 12,0,2 0,0,0 1,82,1 1,82,1 1,82,1 0,0,0 0,0,0
ADDLINE 19,90,1 12,0,2 1,90,1 0,0,0 1,90,1 1,90,1 1,90,1 1,90,1 0,0,0
ADDLINE 1,98,1 1,98,1 12,0,2 0,0,0 1,98,1 1,98,1 1,98,1 1,98,1 0,0,0
ADDLINE 1,107,1 1,107,1 0,0,0 12,0,2 0,0,0 1,107,1 1,107,1 1,107,1 0,0,0
ADDLINE 1,86,1 1,86,1 1,86,1 1,86,1 8,0,2 1,86,1 1,86,1 12,0,2 0,0,0
ADDLINE 1,125,1 0,0,0 0,0,0 12,0,2 1,125,1 0,0,0 1,125,1 0,0,0 1,125,1
ADDLINE 1,127,1 0,0,0 1,127,1 1,127,1 1,127,1 12,0,2 1,127,1 0,0,0 19,127,1
ADDLINE 0,0,0 12,0,2 0,0,0 0,0,0 1,128,1 0,0,0 1,128,1 0,0,0 1,128,1
0,0,0 1,90,1 0,0,0 0,0,0 0,0,0 0,0,0 0,0,0 1,90,1 0,0,0
1,88,1 1,88,1 0,0,0 1,88,1 1,88,1 1,88,1 8,0,2 1,88,1 1,88,1
0,0,0 1,86,1 12,0,2 1,86,1 12,0,2 1,86,1 0,0,0 1,86,1 12,0,2
1,84,1 1,84,1 0,0,0 1,84,1 1,84,1 1,84,1 8,0,2 1,84,1 1,84,1
0,0,0 1,80,1 12,0,2 1,80,1 12,0,2 0,0,0 0,0,0 0,0,0 12,0,2
0,0,0 1,78,1 0,0,0 1,78,1 1,78,1 1,78,1 1,78,1 1,78,1 1,78,1
0,0,0 0,0,0 0,0,0 0,0,0 0,0,0 0,0,0 0,0,0 0,0,0 0,0,0
0,0,0 0,0,0 0,0,0 0,0,0 0,0,0 0,0,0 0,0,0 0,0,0 0,0,0
0,0,0 0,0,0 0,0,0 0,0,0 0,0,0 0,0,0 0,0,0 0,0,0 0,0,0