MODE 0
BALL 60
STARS 0/0/3360 35
ADDLINE 0,0,0 0,0,0 0,0,0 1,71,1 1,71,1 0,0,0 0,0,0 12,0,2 7,0,2
ADDLINE 0,0,0 1,72,1 1,72,1 17,72,1 1,72,1 1,72,1 12,0,2 0,0,0 0,0,0
ADDLINE 0,0,0 1,73,1 1,73,1 1,73,1 1,73,1 0,0,0 12,0,2 1,73,1 1,73,1
ADDLINE 0,0,0 1,81,1 1,81,1 1,81,1 1,81,1 12,0,2 17,81,1 1,81,1 1,81,1
ADDLINE 1,82,1 0,0,0 12,0,2 1,82,1 20,82,1 0,0,0 1,82,1 1,82,1 1,82,1
ADDLINE 1,86,1 1,86,1 1,86,1 12,0,2 1,86,1 1,86,1 0,0,0 1,86,1 1,86,1
ADDLINE 1,94,1 1,94,1 1,94,1 12,0,2 1,94,1 1,94,1 0,0,0 1,94,1 1,94,1
ADDLINE 1,107,1 0,0,0 0,0,0 12,0,2 1,107,1 0,0,0 1,107,1 1,107,1 1,107,1
ADDLINE 1,86,1 16,86,1 12,0,2 1,86,1 1,86,1 1,86,1 0,0,0 1,86,1 1,86,1
ADDLINE 1,125,1 1,125,1 0,0,0 1,125,1 1,125,1 1,125,1 12,0,2 1,125,1 0,0,0
ADDLINE 0,0,0 0,0,0 0,0,0 12,0,2 0,0,0 0,0,0 0,0,0 20,127,1 0,0,0
ADDLINE 0,0,0 1,122,1 1,122,1 1,122,1 12,0,2 1,122,1 1,122,1 1,122,1 1,122,1
0,0,0 0,0,0 0,0,0 0,0,0 0,0,0 17,63,1 12,0,2 1,63,1 0,0,0
0,0,0 1,59,1 1,59,1 1,59,1 1,59,1 1,118,1 12,0,2 1,59,1 1,59,1
0,0,0 1,120,1 1,120,1 1,120,1 1,120,1 16,61,1 0,0,0 12,0,2 1,120,1
0,0,0 1,57,1 1,57,1 1,57,1 12,0,2 1,114,1 0,0,0 1,57,1 1,57,1
0,0,0 1,59,1 0,0,0 12,0,2 0,0,0 1,118,1 0,0,0 0,0,0 0,0,0
0,0,0 1,56,1 12,0,2 1,56,1 1,56,1 1,112,1 1,56,1 1,56,1 1,56,1
0,0,0 0,0,0 0,0,0 0,0,0 0,0,0 0,0,0 0,0,0 0,0,0 0,0,0
0,0,0 0,0,0 0,0,0 0,0,0 0,0,0 0,0,0 0,0,0 0,0,0 0,0,0
0,0,0 0,0,0 0,0,0 0,0,0 0,0,0 0,0,0 0,0,0 0,0,0 0,0,0