MODE 0
BALL 60
STARS 0/0/3255 35
ADDLINE 1,64,1 1,64,1 12,0,2 1,64,1 1,64,1 1,64,1 1,64,1 1,64,1 1,64,1
ADDLINE 0,0,0 1,72,1 0,0,0 0,0,0 0,0,0 1,72,1 0,0,0 0,0,0 12,0,2
ADDLINE 0,0,0 1,69,1 1,69,1 1,69,1 12,0,2 1,69,1 1,69,1 1,69,1 1,69,1
ADDLINE 0,0,0 12,0,2 0,0,0 1,80,1 8,0,2 1,80,1 1,80,1 1,80,1 1,80,1
ADDLINE 1,74,1 1,74,1 1,74,1 1,74,1 12,0,2 1,74,1 1,74,1 1,74,1 1,74,1
ADDLINE 0,0,0 1,90,1 1,90,1 1,90,1 8,0,2 0,0,0 12,0,2 0,0,0 0,0,0
ADDLINE 0,0,0 1,94,1 1,94,1 1,94,1 12,0,2 1,94,1 1,94,1 1,94,1 1,94,1
ADDLINE 0,0,0 0,0,0 0,0,0 0,0,0 12,0,2 1,107,1 0,0,0 0,0,0 0,0,0
ADDLINE 0,0,0 1,86,1 12,0,2 1,86,1 1,86,1 1,86,1 0,0,0 1,86,1 20,86,1
ADDLINE 1,125,1 20,125,1 1,125,1 1,125,1 12,0,2 0,0,0 0,0,0 1,125,1 1,125,1
ADDLINE 1,127,1 1,127,1 1,127,1 1,127,1 1,127,1 0,0,0 12,0,2 0,0,0 1,127,1
ADDLINE 1,128,1 1,128,1 1,128,1 12,0,2 0,0,0 0,0,0 1,128,1 0,0,0 0,0,0
0,0,0 0,0,0 1,126,1 1,63,1 1,63,1 1,63,1 1,63,1 0,0,0 12,0,2
0,0,0 12,0,2 0,0,0 0,0,0 1,62,1 1,62,1 1,62,1 1,62,1 0,0,0
1,61,1 17,61,1 1,122,1 0,0,0 1,61,1 1,61,1 1,61,1 12,0,2 12,0,2
0,0,0 0,0,0 17,60,1 1,60,1 1,60,1 4,60,1 0,0,0 3,60,1 1,60,1
1,60,1 0,0,0 0,0,0 12,0,2 0,0,0 0,0,0 0,0,0 6,60,1 1,60,1
0,0,0 1,112,1 1,112,1 1,56,1 0,0,0 12,0,2 1,56,1 1,56,1 1,56,1
0,0,0 0,0,0 0,0,0 0,0,0 0,0,0 0,0,0 0,0,0 0,0,0 0,0,0
0,0,0 0,0,0 0,0,0 0,0,0 0,0,0 0,0,0 0,0,0 0,0,0 0,0,0
0,0,0 0,0,0 0,0,0 0,0,0 0,0,0 0,0,0 0,0,0 0,0,0 0,0,0