MODE 0
BALL 60
STARS 0/0/3080 35
ADDLINE 1,71,1 1,71,1 1,71,1 0,0,0 0,0,0 0,0,0 12,0,2 0,0,0 0,0,0
ADDLINE 1,72,1 1,72,1 1,72,1 0,0,0 0,0,0 12,0,2 0,0,0 0,0,0 0,0,0
ADDLINE 1,69,1 1,69,1 12,0,2 11,0,2 1,69,1 1,69,1 1,69,1 1,69,1 1,69,1
ADDLINE 1,81,1 1,81,1 0,0,0 0,0,0 0,0,0 0,0,0 0,0,0 12,0,2 0,0,0
ADDLINE 1,78,1 1,78,1 1,78,1 1,78,1 1,78,1 12,0,2 1,78,1 1,78,1 0,0,0
ADDLINE 1,90,1 1,90,1 1,90,1 1,90,1 1,90,1 0,0,0 1,90,1 12,0,2 0,0,0
ADDLINE 1,82,1 1,82,1 1,82,1 8,0,2 12,0,2 0,0,0 1,82,1 1,82,1 0,0,0
ADDLINE 1,84,1 1,84,1 1,84,1 0,0,0 12,0,2 1,84,1 0,0,0 0,0,0 0,0,0
ADDLINE 1,86,1 1,86,1 1,86,1 1,86,1 12,0,2 0,0,0 0,0,0 1,86,1 1,86,1
ADDLINE 0,0,0 12,0,2 1,125,1 0,0,0 1,125,1 8,0,2 1,125,1 1,125,1 1,125,1
ADDLINE 1,114,1 1,114,1 1,114,1 1,114,1 1,114,1 12,0,2 1,114,1 1,114,1 1,114,1
ADDLINE 1,128,1 0,0,0 0,0,0 0,0,0 12,0,2 0,0,0 1,128,1 1,128,1 1,128,1
1,80,1 1,80,1 12,0,2 1,80,1 1,80,1 1,80,1 1,80,1 1,80,1 0,0,0
0,0,0 0,0,0 0,0,0 0,0,0 0,0,0 1,160,1 0,0,0 0,0,0 12,0,2
1,156,1 1,156,1 12,0,2 1,78,1 1,156,1 20,78,1 1,78,1 1,78,1 0,0,0
1,150,1 20,75,1 0,0,0 0,0,0 0,0,0 0,0,0 12,0,2 0,0,0 0,0,0
1,148,1 1,148,1 12,0,2 1,74,1 1,74,1 1,74,1 1,74,1 1,74,1 1,74,1
1,78,1 1,78,1 0,0,0 1,78,1 0,0,0 12,0,2 0,0,0 0,0,0 0,0,0
0,0,0 0,0,0 0,0,0 0,0,0 0,0,0 0,0,0 0,0,0 0,0,0 0,0,0
0,0,0 0,0,0 0,0,0 0,0,0 0,0,0 0,0,0 0,0,0 0,0,0 0,0,0
0,0,0 0,0,0 0,0,0 0,0,0 0,0,0 0,0,0 0,0,0 0,0,0 0,0,0