MODE 0
BALL 60
STARS 0/0/3255 35
ADDLINE 1,67,1 1,67,1 1,67,1 12,0,2 1,67,1 1,67,1 1,67,1 11,0,2 1,67,1
ADDLINE 0,0,0 0,0,0 0,0,0 7,0,2 1,72,1 5,72,1 0,0,0 0,0,0 12,0,2
ADDLINE 1,66,1 12,0,2 1,66,1 1,66,1 1,66,1 1,66,1 1,66,1 1,66,1 3,66,1
ADDLINE 1,81,1 10,0,2 1,81,1 1,81,1 1,81,1 0,0,0 1,81,1 12,0,2 0,0,0
ADDLINE 1,78,1 12,0,2 1,78,1 1,78,1 1,78,1 0,0,0 3,78,1 2,78,1 1,78,1
ADDLINE 0,0,0 0,0,0 12,0,2 0,0,0 0,0,0 0,0,0 0,0,0 0,0,0 1,90,1
ADDLINE 1,89,1 1,89,1 1,89,1 12,0,2 1,89,1 3,89,1 1,89,1 1,89,1 1,89,1
ADDLINE 1,107,1 1,107,1 1,107,1 0,0,0 1,107,1 0,0,0 12,0,2 0,0,0 0,0,0
ADDLINE 1,78,1 2,78,1 1,78,1 12,0,2 1,78,1 1,78,1 2,78,1 5,78,1 5,78,1
ADDLINE 1,113,1 1,113,1 2,113,1 1,113,1 1,113,1 1,113,1 2,113,1 1,113,1 12,0,2
ADDLINE 5,127,1 0,0,0 0,0,0 0,0,0 0,0,0 0,0,0 0,0,0 12,0,2 0,0,0
ADDLINE 0,0,0 12,0,2 1,122,1 1,122,1 1,122,1 3,122,1 1,122,1 1,122,1 1,122,1
1,82,1 1,82,1 1,82,1 0,0,0 0,0,0 1,82,1 0,0,0 0,0,0 1,82,1
1,80,1 0,0,0 12,0,2 1,80,1 0,0,0 1,80,1 12,0,2 1,80,1 12,0,2
1,78,1 1,78,1 1,78,1 0,0,0 12,0,2 1,78,1 1,78,1 0,0,0 0,0,0
1,76,1 12,0,2 0,0,0 1,76,1 0,0,0 1,76,1 0,0,0 1,76,1 0,0,0
1,74,1 0,0,0 0,0,0 1,74,1 11,0,2 1,74,1 12,0,2 0,0,0 1,74,1
1,70,1 1,70,1 1,70,1 0,0,0 0,0,0 1,70,1 0,0,0 0,0,0 1,70,1
0,0,0 0,0,0 0,0,0 0,0,0 0,0,0 0,0,0 0,0,0 0,0,0 0,0,0
0,0,0 0,0,0 0,0,0 0,0,0 0,0,0 0,0,0 0,0,0 0,0,0 0,0,0
0,0,0 0,0,0 0,0,0 0,0,0 0,0,0 0,0,0 0,0,0 0,0,0 0,0,0