MODE 0
BALL 60
STARS 0/0/3395 35
ADDLINE 1,67,1 2,67,1 12,0,2 2,67,1 1,67,1 1,67,1 5,67,1 1,67,1 0,0,0
ADDLINE 1,72,1 0,0,0 12,0,2 1,72,1 1,72,1 1,72,1 1,72,1 1,72,1 0,0,0
ADDLINE 1,73,1 12,0,2 0,0,0 0,0,0 0,0,0 3,73,1 0,0,0 10,0,2 0,0,0
ADDLINE 1,81,1 1,81,1 3,81,1 12,0,2 0,0,0 2,81,1 0,0,0 1,81,1 4,81,1
ADDLINE 1,78,1 1,78,1 1,78,1 12,0,2 1,78,1 1,78,1 0,0,0 1,78,1 1,78,1
ADDLINE 1,90,1 18,90,1 2,90,1 12,0,2 0,0,0 0,0,0 0,0,0 1,90,1 1,90,1
ADDLINE 3,98,1 1,98,1 4,98,1 1,98,1 0,0,0 1,98,1 5,98,1 12,0,2 0,0,0
ADDLINE 1,107,1 1,107,1 1,107,1 1,107,1 12,0,2 1,107,1 0,0,0 0,0,0 0,0,0
ADDLINE 1,82,1 1,82,1 1,82,1 3,82,1 12,0,2 18,82,1 0,0,0 1,82,1 1,82,1
ADDLINE 1,125,1 12,0,2 1,125,1 1,125,1 1,125,1 0,0,0 1,125,1 0,0,0 3,125,1
ADDLINE 3,127,1 12,0,2 1,127,1 1,127,1 1,127,1 0,0,0 1,127,1 0,0,0 5,127,1
ADDLINE 1,128,1 0,0,0 0,0,0 12,0,2 0,0,0 0,0,0 1,128,1 0,0,0 4,128,1
0,0,0 1,63,1 4,63,1 1,63,1 1,63,1 1,63,1 5,63,1 1,63,1 12,0,2
0,0,0 1,126,1 0,0,0 1,126,1 0,0,0 1,126,1 0,0,0 1,126,1 0,0,0
0,0,0 1,58,1 18,58,1 1,58,1 1,58,1 1,58,1 18,58,1 1,58,1 12,0,2
0,0,0 1,126,1 0,0,0 1,126,1 12,0,2 1,126,1 0,0,0 1,126,1 0,0,0
1,118,1 1,59,1 2,59,1 1,59,1 12,0,2 1,59,1 3,59,1 1,59,1 0,0,0
0,0,0 0,0,0 0,0,0 1,116,1 0,0,0 1,116,1 12,0,2 0,0,0 0,0,0
0,0,0 0,0,0 0,0,0 0,0,0 0,0,0 0,0,0 0,0,0 0,0,0 0,0,0
0,0,0 0,0,0 0,0,0 0,0,0 0,0,0 0,0,0 0,0,0 0,0,0 0,0,0
0,0,0 0,0,0 0,0,0 0,0,0 0,0,0 0,0,0 0,0,0 0,0,0 0,0,0