MODE 0
BALL 60
STARS 0/0/3115 35
ADDLINE 1,67,1 4,67,1 1,67,1 12,0,2 3,67,1 0,0,0 1,67,1 5,67,1 1,67,1
ADDLINE 0,0,0 0,0,0 0,0,0 9,0,2 1,72,1 0,0,0 0,0,0 0,0,0 12,0,2
ADDLINE 1,66,1 1,66,1 1,66,1 1,66,1 4,66,1 1,66,1 1,66,1 12,0,2 1,66,1
ADDLINE 0,0,0 12,0,2 0,0,0 0,0,0 11,0,2 0,0,0 4,81,1 0,0,0 1,81,1
ADDLINE 4,74,1 1,74,1 1,74,1 2,74,1 1,74,1 1,74,1 1,74,1 12,0,2 1,74,1
ADDLINE 1,90,1 0,0,0 0,0,0 12,0,2 3,90,1 1,90,1 1,90,1 0,0,0 1,90,1
ADDLINE 1,94,1 12,0,2 19,94,1 1,94,1 1,94,1 1,94,1 1,94,1 0,0,0 1,94,1
ADDLINE 4,107,1 0,0,0 1,107,1 0,0,0 0,0,0 0,0,0 12,0,2 11,0,2 1,107,1
ADDLINE 1,82,1 12,0,2 5,82,1 0,0,0 1,82,1 1,82,1 4,82,1 1,82,1 2,82,1
ADDLINE 1,125,1 0,0,0 12,0,2 0,0,0 0,0,0 0,0,0 1,125,1 1,125,1 5,125,1
ADDLINE 1,127,1 0,0,0 1,127,1 4,127,1 1,127,1 12,0,2 10,0,2 0,0,0 0,0,0
ADDLINE 2,128,1 0,0,0 0,0,0 0,0,0 12,0,2 1,128,1 0,0,0 1,128,1 0,0,0
1,164,1 0,0,0 0,0,0 0,0,0 0,0,0 0,0,0 0,0,0 0,0,0 1,82,1
1,168,1 0,0,0 1,84,1 1,84,1 1,84,1 1,84,1 1,84,1 0,0,0 17,84,1
1,164,1 0,0,0 12,0,2 0,0,0 12,0,2 0,0,0 1,82,1 0,0,0 1,164,1
17,80,1 0,0,0 1,80,1 1,80,1 1,80,1 1,80,1 1,80,1 12,0,2 1,160,1
1,156,1 12,0,2 0,0,0 12,0,2 0,0,0 12,0,2 1,78,1 0,0,0 1,156,1
5,152,1 1,76,1 1,76,1 1,76,1 1,76,1 1,76,1 1,76,1 0,0,0 1,152,1
0,0,0 0,0,0 0,0,0 0,0,0 0,0,0 0,0,0 0,0,0 0,0,0 0,0,0
0,0,0 0,0,0 0,0,0 0,0,0 0,0,0 0,0,0 0,0,0 0,0,0 0,0,0
0,0,0 0,0,0 0,0,0 0,0,0 0,0,0 0,0,0 0,0,0 0,0,0 0,0,0