MODE 0
BALL 60
STARS 0/0/3885 35
ADDLINE 1,71,1 0,0,0 1,71,1 1,71,1 1,71,1 12,0,2 1,71,1 19,71,1 1,71,1
ADDLINE 1,72,1 0,0,0 1,72,1 3,72,1 12,0,2 0,0,0 1,72,1 1,72,1 1,72,1
ADDLINE 0,0,0 0,0,0 0,0,0 12,0,2 0,0,0 1,73,1 1,73,1 1,73,1 4,73,1
ADDLINE 0,0,0 0,0,0 0,0,0 12,0,2 1,81,1 1,81,1 1,81,1 2,81,1 1,81,1
ADDLINE 0,0,0 1,82,1 16,82,1 1,82,1 12,0,2 1,82,1 1,82,1 1,82,1 1,82,1
ADDLINE 19,90,1 1,90,1 1,90,1 1,90,1 1,90,1 1,90,1 1,90,1 12,0,2 0,0,0
ADDLINE 1,98,1 1,98,1 12,0,2 0,0,0 0,0,0 2,98,1 0,0,0 1,98,1 17,98,1
ADDLINE 1,97,1 4,97,1 1,97,1 1,97,1 1,97,1 12,0,2 1,97,1 1,97,1 1,97,1
ADDLINE 1,86,1 1,86,1 1,86,1 0,0,0 0,0,0 12,0,2 0,0,0 1,86,1 20,86,1
ADDLINE 0,0,0 1,125,1 0,0,0 0,0,0 1,125,1 1,125,1 12,0,2 0,0,0 1,125,1
ADDLINE 0,0,0 2,121,1 1,121,1 1,121,1 1,121,1 1,121,1 12,0,2 3,121,1 1,121,1
ADDLINE 0,0,0 5,128,1 12,0,2 1,128,1 1,128,1 1,128,1 0,0,0 5,128,1 1,128,1
0,0,0 0,0,0 0,0,0 0,0,0 3,5,1 0,0,0 0,0,0 0,0,0 0,0,0
0,0,0 3,5,1 2,5,1 3,5,1 1,5,1 2,5,1 3,5,1 2,5,1 0,0,0
12,0,2 1,64,1 1,128,1 1,64,1 1,64,1 1,64,1 1,128,1 1,64,1 12,0,2
0,0,0 1,140,1 19,30,1 1,140,1 1,140,1 1,140,1 19,30,1 1,140,1 0,0,0
0,0,0 1,68,1 1,5,1 1,68,1 1,68,1 1,68,1 1,5,1 1,68,1 0,0,0
0,0,0 1,5,1 12,0,2 1,5,1 12,0,2 1,5,1 12,0,2 1,5,1 0,0,0
0,0,0 5,62,1 1,124,1 1,62,1 1,62,1 1,62,1 1,124,1 4,62,1 0,0,0
0,0,0 0,0,0 0,0,0 0,0,0 0,0,0 0,0,0 0,0,0 0,0,0 0,0,0
0,0,0 0,0,0 0,0,0 0,0,0 0,0,0 0,0,0 0,0,0 0,0,0 0,0,0