MODE 0
BALL 60
STARS 0/0/3220 35
ADDLINE 1,71,1 1,71,1 12,0,2 0,0,0 0,0,0 1,71,1 1,71,1 1,71,1 1,71,1
ADDLINE 1,68,1 1,68,1 12,0,2 19,68,1 0,0,0 1,68,1 1,68,1 1,68,1 1,68,1
ADDLINE 1,73,1 12,0,2 0,0,0 1,73,1 0,0,0 1,73,1 1,73,1 1,73,1 1,73,1
ADDLINE 1,77,1 12,0,2 1,77,1 1,77,1 8,0,2 1,77,1 1,77,1 1,77,1 1,77,1
ADDLINE 1,82,1 8,0,2 12,0,2 1,82,1 0,0,0 1,82,1 1,82,1 1,82,1 1,82,1
ADDLINE 1,90,1 1,90,1 0,0,0 1,90,1 11,0,2 0,0,0 12,0,2 0,0,0 0,0,0
ADDLINE 1,98,1 1,98,1 0,0,0 0,0,0 12,0,2 1,98,1 1,98,1 1,98,1 0,0,0
ADDLINE 1,107,1 1,107,1 1,107,1 1,107,1 12,0,2 0,0,0 11,0,2 0,0,0 0,0,0
ADDLINE 7,0,2 1,82,1 1,82,1 1,82,1 1,82,1 12,0,2 1,82,1 1,82,1 1,82,1
ADDLINE 1,125,1 0,0,0 1,125,1 1,125,1 1,125,1 0,0,0 12,0,2 0,0,0 1,125,1
ADDLINE 1,121,1 12,0,2 1,121,1 1,121,1 1,121,1 1,121,1 1,121,1 0,0,0 1,121,1
ADDLINE 0,0,0 1,128,1 0,0,0 0,0,0 12,0,2 1,128,1 1,128,1 8,0,2 1,128,1
0,0,0 0,0,0 0,0,0 1,74,1 0,0,0 1,74,1 0,0,0 0,0,0 12,0,2
12,0,2 1,80,1 1,80,1 1,80,1 12,0,2 1,80,1 8,0,2 1,80,1 1,80,1
0,0,0 0,0,0 0,0,0 1,74,1 0,0,0 1,74,1 12,0,2 0,0,0 0,0,0
0,0,0 1,70,1 0,0,0 1,70,1 8,0,2 1,70,1 1,70,1 1,70,1 12,0,2
0,0,0 1,68,1 0,0,0 12,0,2 0,0,0 1,68,1 0,0,0 0,0,0 0,0,0
0,0,0 1,66,1 1,66,1 1,66,1 1,66,1 1,66,1 1,66,1 1,66,1 1,66,1
0,0,0 0,0,0 0,0,0 0,0,0 0,0,0 0,0,0 0,0,0 0,0,0 0,0,0
0,0,0 0,0,0 0,0,0 0,0,0 0,0,0 0,0,0 0,0,0 0,0,0 0,0,0
0,0,0 0,0,0 0,0,0 0,0,0 0,0,0 0,0,0 0,0,0 0,0,0 0,0,0