MODE 0
BALL 60
STARS 0/0/3395 35
ADDLINE 0,0,0 1,71,1 1,71,1 1,71,1 0,0,0 1,71,1 1,71,1 1,71,1 12,0,2
ADDLINE 0,0,0 1,72,1 0,0,0 0,0,0 0,0,0 1,72,1 12,0,2 0,0,0 0,0,0
ADDLINE 8,0,2 1,69,1 1,69,1 1,69,1 1,69,1 1,69,1 12,0,2 1,69,1 1,69,1
ADDLINE 0,0,0 1,81,1 1,81,1 1,81,1 0,0,0 12,0,2 0,0,0 1,81,1 0,0,0
ADDLINE 8,0,2 1,78,1 1,78,1 1,78,1 1,78,1 1,78,1 12,0,2 1,78,1 1,78,1
ADDLINE 0,0,0 1,90,1 1,90,1 1,90,1 12,0,2 1,90,1 0,0,0 0,0,0 0,0,0
ADDLINE 0,0,0 1,94,1 1,94,1 1,94,1 12,0,2 1,94,1 1,94,1 19,94,1 1,94,1
ADDLINE 0,0,0 0,0,0 0,0,0 0,0,0 12,0,2 1,107,1 0,0,0 1,107,1 0,0,0
ADDLINE 10,0,2 1,86,1 1,86,1 1,86,1 1,86,1 1,86,1 0,0,0 1,86,1 12,0,2
ADDLINE 1,113,1 1,113,1 1,113,1 1,113,1 12,0,2 1,113,1 1,113,1 1,113,1 1,113,1
ADDLINE 1,127,1 1,127,1 1,127,1 1,127,1 12,0,2 11,0,2 0,0,0 1,127,1 1,127,1
ADDLINE 1,116,1 1,116,1 1,116,1 1,116,1 1,116,1 1,116,1 12,0,2 1,116,1 1,116,1
19,60,1 0,0,0 0,0,0 0,0,0 12,0,2 1,120,1 0,0,0 0,0,0 1,120,1
1,120,1 1,60,1 1,60,1 1,60,1 0,0,0 12,0,2 1,60,1 11,0,2 1,60,1
1,124,1 1,62,1 1,62,1 1,62,1 1,62,1 0,0,0 1,62,1 12,0,2 0,0,0
1,128,1 1,64,1 1,64,1 1,64,1 1,64,1 0,0,0 0,0,0 12,0,2 0,0,0
0,0,0 12,0,2 0,0,0 0,0,0 0,0,0 12,0,2 0,0,0 1,62,1 1,62,1
0,0,0 1,60,1 1,60,1 1,60,1 1,60,1 1,60,1 1,60,1 1,60,1 1,60,1
0,0,0 0,0,0 0,0,0 0,0,0 0,0,0 0,0,0 0,0,0 0,0,0 0,0,0
0,0,0 0,0,0 0,0,0 0,0,0 0,0,0 0,0,0 0,0,0 0,0,0 0,0,0
0,0,0 0,0,0 0,0,0 0,0,0 0,0,0 0,0,0 0,0,0 0,0,0 0,0,0