MODE 0
BALL 60
STARS 0/0/3570 35
ADDLINE 1,67,1 1,67,1 12,0,2 1,67,1 1,67,1 1,67,1 0,0,0 1,67,1 1,67,1
ADDLINE 1,72,1 0,0,0 12,0,2 6,72,1 1,72,1 1,72,1 0,0,0 1,72,1 1,72,1
ADDLINE 1,69,1 12,0,2 1,69,1 1,69,1 1,69,1 1,69,1 0,0,0 1,69,1 1,69,1
ADDLINE 8,0,2 0,0,0 1,81,1 1,81,1 1,81,1 1,81,1 12,0,2 6,81,1 1,81,1
ADDLINE 0,0,0 12,0,2 0,0,0 0,0,0 0,0,0 0,0,0 0,0,0 1,82,1 1,82,1
ADDLINE 1,90,1 1,90,1 12,0,2 0,0,0 11,0,2 0,0,0 1,90,1 1,90,1 1,90,1
ADDLINE 1,98,1 1,98,1 0,0,0 1,98,1 1,98,1 12,0,2 0,0,0 0,0,0 7,0,2
ADDLINE 0,0,0 0,0,0 12,0,2 1,107,1 1,107,1 1,107,1 1,107,1 1,107,1 0,0,0
ADDLINE 8,0,2 1,82,1 1,82,1 1,82,1 1,82,1 1,82,1 1,82,1 1,82,1 12,0,2
ADDLINE 0,0,0 1,119,1 1,119,1 1,119,1 12,0,2 1,119,1 1,119,1 1,119,1 1,119,1
ADDLINE 0,0,0 1,127,1 12,0,2 0,0,0 0,0,0 1,127,1 1,127,1 1,127,1 0,0,0
ADDLINE 0,0,0 1,128,1 1,128,1 1,128,1 0,0,0 1,128,1 1,128,1 16,128,1 12,0,2
0,0,0 9,0,2 2,72,1 12,0,2 0,0,0 0,0,0 2,72,1 12,0,2 0,0,0
12,0,2 2,70,1 5,70,1 2,70,1 9,0,2 2,70,1 5,70,1 2,70,1 0,0,0
0,0,0 5,72,1 2,72,1 5,72,1 2,72,1 5,72,1 2,72,1 5,72,1 12,0,2
0,0,0 2,70,1 5,70,1 2,70,1 5,70,1 2,70,1 5,70,1 2,70,1 0,0,0
0,0,0 5,69,1 2,69,1 0,0,0 12,0,2 5,69,1 2,69,1 5,69,1 2,69,1
1,83,1 1,83,1 1,83,1 1,83,1 1,83,1 1,83,1 1,83,1 2,83,1 0,0,0
0,0,0 0,0,0 0,0,0 0,0,0 0,0,0 0,0,0 0,0,0 0,0,0 0,0,0
0,0,0 0,0,0 0,0,0 0,0,0 0,0,0 0,0,0 0,0,0 0,0,0 0,0,0
0,0,0 0,0,0 0,0,0 0,0,0 0,0,0 0,0,0 0,0,0 0,0,0 0,0,0