MODE 0
BALL 60
STARS 0/0/3045 35
ADDLINE 0,0,0 1,64,1 1,64,1 1,64,1 1,64,1 1,64,1 0,0,0 1,64,1 1,64,1
ADDLINE 0,0,0 0,0,0 12,0,2 0,0,0 0,0,0 0,0,0 1,72,1 6,72,1 1,72,1
ADDLINE 1,69,1 12,0,2 1,69,1 1,69,1 1,69,1 0,0,0 1,69,1 1,69,1 1,69,1
ADDLINE 1,81,1 0,0,0 1,81,1 0,0,0 1,81,1 0,0,0 0,0,0 12,0,2 0,0,0
ADDLINE 19,74,1 1,74,1 1,74,1 12,0,2 1,74,1 1,74,1 1,74,1 1,74,1 1,74,1
ADDLINE 1,90,1 0,0,0 0,0,0 0,0,0 12,0,2 0,0,0 0,0,0 0,0,0 0,0,0
ADDLINE 1,98,1 8,0,2 1,98,1 1,98,1 1,98,1 12,0,2 1,98,1 0,0,0 1,98,1
ADDLINE 1,107,1 12,0,2 1,107,1 1,107,1 1,107,1 11,0,2 1,107,1 0,0,0 1,107,1
ADDLINE 1,78,1 1,78,1 1,78,1 1,78,1 1,78,1 12,0,2 1,78,1 1,78,1 16,78,1
ADDLINE 1,125,1 12,0,2 7,0,2 1,125,1 1,125,1 1,125,1 1,125,1 0,0,0 0,0,0
ADDLINE 1,127,1 1,127,1 0,0,0 0,0,0 12,0,2 0,0,0 0,0,0 0,0,0 1,127,1
ADDLINE 1,128,1 1,128,1 1,128,1 0,0,0 12,0,2 0,0,0 1,128,1 1,128,1 1,128,1
0,0,0 0,0,0 0,0,0 0,0,0 0,0,0 12,0,2 0,0,0 0,0,0 0,0,0
1,82,1 1,82,1 1,82,1 1,82,1 1,82,1 1,82,1 1,82,1 21,102,1 12,0,2
0,0,0 0,0,0 0,0,0 0,0,0 0,0,0 12,0,2 0,0,0 0,0,0 0,0,0
12,0,2 1,90,1 1,90,1 1,90,1 21,110,1 1,90,1 1,90,1 1,90,1 1,90,1
0,0,0 0,0,0 12,0,2 0,0,0 0,0,0 0,0,0 0,0,0 0,0,0 0,0,0
21,98,1 1,78,1 1,78,1 1,78,1 1,78,1 1,78,1 1,78,1 1,78,1 12,0,2
0,0,0 0,0,0 0,0,0 0,0,0 0,0,0 0,0,0 0,0,0 0,0,0 0,0,0
0,0,0 0,0,0 0,0,0 0,0,0 0,0,0 0,0,0 0,0,0 0,0,0 0,0,0
0,0,0 0,0,0 0,0,0 0,0,0 0,0,0 0,0,0 0,0,0 0,0,0 0,0,0