MODE 0
BALL 60
STARS 0/0/3185 35
ADDLINE 0,0,0 1,71,1 1,71,1 0,0,0 12,0,2 17,71,1 1,71,1 0,0,0 1,71,1
ADDLINE 0,0,0 1,68,1 1,68,1 12,0,2 1,68,1 1,68,1 1,68,1 20,68,1 1,68,1
ADDLINE 0,0,0 0,0,0 12,0,2 1,73,1 1,73,1 1,73,1 1,73,1 1,73,1 1,73,1
ADDLINE 0,0,0 0,0,0 1,81,1 1,81,1 12,0,2 1,81,1 1,81,1 1,81,1 1,81,1
ADDLINE 1,82,1 0,0,0 1,82,1 18,82,1 12,0,2 0,0,0 0,0,0 1,82,1 1,82,1
ADDLINE 0,0,0 1,90,1 1,90,1 1,90,1 1,90,1 1,90,1 12,0,2 1,90,1 1,90,1
ADDLINE 8,0,2 1,98,1 1,98,1 1,98,1 1,98,1 1,98,1 0,0,0 12,0,2 0,0,0
ADDLINE 0,0,0 1,107,1 1,107,1 1,107,1 1,107,1 1,107,1 0,0,0 0,0,0 12,0,2
ADDLINE 8,0,2 1,86,1 1,86,1 1,86,1 1,86,1 12,0,2 1,86,1 1,86,1 1,86,1
ADDLINE 0,0,0 12,0,2 1,125,1 0,0,0 1,125,1 0,0,0 1,125,1 1,125,1 19,125,1
ADDLINE 1,121,1 1,121,1 1,121,1 12,0,2 1,121,1 0,0,0 1,121,1 1,121,1 1,121,1
ADDLINE 1,128,1 0,0,0 12,0,2 0,0,0 0,0,0 0,0,0 0,0,0 0,0,0 0,0,0
0,0,0 1,74,1 0,0,0 1,74,1 0,0,0 21,94,1 0,0,0 1,74,1 12,0,2
12,0,2 1,72,1 0,0,0 1,72,1 12,0,2 0,0,0 0,0,0 0,0,0 0,0,0
0,0,0 1,74,1 0,0,0 21,94,1 0,0,0 1,74,1 12,0,2 1,74,1 0,0,0
1,76,1 21,96,1 1,76,1 1,76,1 1,76,1 1,76,1 12,0,2 1,76,1 1,76,1
0,0,0 0,0,0 12,0,2 0,0,0 0,0,0 0,0,0 0,0,0 0,0,0 0,0,0
0,0,0 1,72,1 1,72,1 1,72,1 1,72,1 1,72,1 1,72,1 1,72,1 1,72,1
0,0,0 0,0,0 0,0,0 0,0,0 0,0,0 0,0,0 0,0,0 0,0,0 0,0,0
0,0,0 0,0,0 0,0,0 0,0,0 0,0,0 0,0,0 0,0,0 0,0,0 0,0,0
0,0,0 0,0,0 0,0,0 0,0,0 0,0,0 0,0,0 0,0,0 0,0,0 0,0,0