MODE 0
BALL 60
STARS 0/0/3080 35
ADDLINE 5,71,1 1,71,1 0,0,0 4,71,1 1,71,1 4,71,1 0,0,0 12,0,2 7,0,2
ADDLINE 1,72,1 0,0,0 12,0,2 1,72,1 1,72,1 1,72,1 0,0,0 1,72,1 1,72,1
ADDLINE 19,73,1 0,0,0 1,73,1 1,73,1 12,0,2 0,0,0 0,0,0 2,73,1 1,73,1
ADDLINE 1,81,1 0,0,0 12,0,2 1,81,1 1,81,1 1,81,1 1,81,1 0,0,0 4,81,1
ADDLINE 2,82,1 12,0,2 7,0,2 5,82,1 1,82,1 1,82,1 1,82,1 0,0,0 0,0,0
ADDLINE 1,86,1 12,0,2 1,86,1 1,86,1 4,86,1 1,86,1 1,86,1 1,86,1 0,0,0
ADDLINE 1,98,1 0,0,0 0,0,0 12,0,2 0,0,0 5,98,1 1,98,1 0,0,0 0,0,0
ADDLINE 2,107,1 1,107,1 1,107,1 1,107,1 8,0,2 12,0,2 7,0,2 0,0,0 1,107,1
ADDLINE 5,82,1 20,82,1 1,82,1 3,82,1 12,0,2 1,82,1 1,82,1 0,0,0 1,82,1
ADDLINE 0,0,0 1,125,1 1,125,1 1,125,1 5,125,1 1,125,1 0,0,0 3,125,1 12,0,2
ADDLINE 0,0,0 0,0,0 0,0,0 0,0,0 0,0,0 0,0,0 0,0,0 20,127,1 12,0,2
ADDLINE 16,116,1 1,116,1 1,116,1 4,116,1 1,116,1 1,116,1 12,0,2 1,116,1 5,116,1
0,0,0 0,0,0 12,0,2 0,0,0 0,0,0 0,0,0 0,0,0 1,80,1 0,0,0
0,0,0 3,82,1 1,82,1 1,82,1 1,82,1 1,82,1 0,0,0 21,102,1 12,0,2
0,0,0 1,81,1 0,0,0 12,0,2 0,0,0 0,0,0 0,0,0 0,0,0 0,0,0
0,0,0 1,80,1 12,0,2 1,80,1 1,80,1 1,80,1 1,80,1 1,80,1 1,80,1
0,0,0 21,93,1 0,0,0 0,0,0 0,0,0 0,0,0 0,0,0 12,0,2 0,0,0
12,0,2 1,73,1 1,73,1 1,73,1 1,73,1 1,73,1 1,73,1 1,73,1 1,73,1
0,0,0 0,0,0 0,0,0 0,0,0 0,0,0 0,0,0 0,0,0 0,0,0 0,0,0
0,0,0 0,0,0 0,0,0 0,0,0 0,0,0 0,0,0 0,0,0 0,0,0 0,0,0
0,0,0 0,0,0 0,0,0 0,0,0 0,0,0 0,0,0 0,0,0 0,0,0 0,0,0