MODE 0
BALL 60
STARS 0/0/3535 35
ADDLINE 1,64,1 1,64,1 1,64,1 1,64,1 1,64,1 16,64,1 12,0,2 1,64,1 3,64,1
ADDLINE 0,0,0 0,0,0 0,0,0 12,0,2 0,0,0 0,0,0 0,0,0 1,72,1 0,0,0
ADDLINE 1,69,1 5,69,1 12,0,2 1,69,1 1,69,1 1,69,1 1,69,1 19,69,1 0,0,0
ADDLINE 3,81,1 1,81,1 0,0,0 1,81,1 0,0,0 0,0,0 0,0,0 12,0,2 0,0,0
ADDLINE 1,74,1 1,74,1 12,0,2 1,74,1 1,74,1 1,74,1 1,74,1 5,74,1 1,74,1
ADDLINE 1,90,1 20,90,1 1,90,1 1,90,1 1,90,1 1,90,1 12,0,2 1,90,1 0,0,0
ADDLINE 4,89,1 1,89,1 1,89,1 1,89,1 1,89,1 3,89,1 12,0,2 1,89,1 1,89,1
ADDLINE 7,0,2 0,0,0 0,0,0 0,0,0 12,0,2 1,107,1 0,0,0 0,0,0 0,0,0
ADDLINE 1,86,1 1,86,1 12,0,2 1,86,1 1,86,1 1,86,1 1,86,1 1,86,1 8,0,2
ADDLINE 1,125,1 1,125,1 0,0,0 1,125,1 1,125,1 0,0,0 12,0,2 0,0,0 0,0,0
ADDLINE 1,127,1 1,127,1 12,0,2 1,127,1 1,127,1 1,127,1 1,127,1 1,127,1 0,0,0
ADDLINE 1,128,1 1,128,1 0,0,0 1,128,1 8,0,2 12,0,2 1,128,1 1,128,1 0,0,0
1,5,1 1,5,1 1,5,1 1,5,1 1,5,1 1,5,1 1,70,1 4,70,1 1,70,1
1,74,1 1,74,1 1,74,1 5,74,1 1,74,1 1,5,1 4,74,1 0,0,0 12,0,2
1,72,1 12,0,2 12,0,2 0,0,0 5,72,1 1,5,1 2,72,1 0,0,0 12,0,2
1,70,1 12,0,2 12,0,2 0,0,0 3,70,1 1,5,1 1,70,1 2,70,1 21,90,1
1,68,1 1,68,1 1,68,1 3,68,1 1,68,1 1,5,1 1,5,1 1,5,1 1,5,1
0,0,0 0,0,0 0,0,0 0,0,0 0,0,0 0,0,0 0,0,0 0,0,0 0,0,0
0,0,0 0,0,0 0,0,0 0,0,0 0,0,0 0,0,0 0,0,0 0,0,0 0,0,0
0,0,0 0,0,0 0,0,0 0,0,0 0,0,0 0,0,0 0,0,0 0,0,0 0,0,0
0,0,0 0,0,0 0,0,0 0,0,0 0,0,0 0,0,0 0,0,0 0,0,0 0,0,0