MODE 0
BALL 60
STARS 0/0/3220 35
ADDLINE 1,71,1 1,71,1 12,0,2 0,0,0 4,71,1 0,0,0 1,71,1 1,71,1 17,71,1
ADDLINE 1,68,1 1,68,1 2,68,1 12,0,2 1,68,1 0,0,0 2,68,1 1,68,1 1,68,1
ADDLINE 1,73,1 5,73,1 1,73,1 0,0,0 1,73,1 12,0,2 0,0,0 0,0,0 0,0,0
ADDLINE 4,81,1 20,81,1 1,81,1 0,0,0 0,0,0 4,81,1 1,81,1 12,0,2 8,0,2
ADDLINE 1,82,1 5,82,1 1,82,1 12,0,2 7,0,2 1,82,1 3,82,1 0,0,0 1,82,1
ADDLINE 17,90,1 1,90,1 1,90,1 0,0,0 1,90,1 12,0,2 10,0,2 0,0,0 1,90,1
ADDLINE 1,98,1 1,98,1 5,98,1 1,98,1 12,0,2 0,0,0 1,98,1 1,98,1 0,0,0
ADDLINE 2,107,1 1,107,1 2,107,1 3,107,1 0,0,0 12,0,2 1,107,1 0,0,0 0,0,0
ADDLINE 1,82,1 1,82,1 6,82,1 1,82,1 1,82,1 12,0,2 1,82,1 0,0,0 1,82,1
ADDLINE 1,125,1 0,0,0 1,125,1 0,0,0 1,125,1 0,0,0 1,125,1 12,0,2 8,0,2
ADDLINE 2,121,1 1,121,1 5,121,1 12,0,2 1,121,1 0,0,0 1,121,1 5,121,1 1,121,1
ADDLINE 1,128,1 0,0,0 1,128,1 0,0,0 4,128,1 12,0,2 0,0,0 0,0,0 0,0,0
0,0,0 0,0,0 0,0,0 1,76,1 0,0,0 0,0,0 1,76,1 0,0,0 1,76,1
1,78,1 1,78,1 0,0,0 1,78,1 1,78,1 1,78,1 1,78,1 0,0,0 1,78,1
0,0,0 0,0,0 0,0,0 0,0,0 0,0,0 0,0,0 21,100,1 0,0,0 1,80,1
1,78,1 1,78,1 21,98,1 12,0,2 1,78,1 0,0,0 1,78,1 0,0,0 1,78,1
0,0,0 0,0,0 0,0,0 12,0,2 1,77,1 0,0,0 0,0,0 0,0,0 1,77,1
0,0,0 1,76,1 1,76,1 1,76,1 1,76,1 1,76,1 1,76,1 0,0,0 1,76,1
0,0,0 0,0,0 0,0,0 0,0,0 0,0,0 0,0,0 0,0,0 0,0,0 0,0,0
0,0,0 0,0,0 0,0,0 0,0,0 0,0,0 0,0,0 0,0,0 0,0,0 0,0,0
0,0,0 0,0,0 0,0,0 0,0,0 0,0,0 0,0,0 0,0,0 0,0,0 0,0,0