MODE 0
BALL 60
STARS 0/0/3990 35
ADDLINE 1,71,1 12,0,2 0,0,0 0,0,0 0,0,0 1,71,1 1,71,1 1,71,1 1,71,1
ADDLINE 1,72,1 0,0,0 1,72,1 1,72,1 0,0,0 12,0,2 0,0,0 0,0,0 1,72,1
ADDLINE 1,73,1 1,73,1 12,0,2 0,0,0 1,73,1 1,73,1 1,73,1 0,0,0 0,0,0
ADDLINE 8,0,2 12,0,2 0,0,0 1,81,1 1,81,1 1,81,1 1,81,1 0,0,0 1,81,1
ADDLINE 0,0,0 1,82,1 1,82,1 1,82,1 0,0,0 0,0,0 0,0,0 12,0,2 1,82,1
ADDLINE 0,0,0 1,90,1 17,90,1 12,0,2 0,0,0 1,90,1 1,90,1 1,90,1 1,90,1
ADDLINE 0,0,0 12,0,2 1,98,1 0,0,0 1,98,1 1,98,1 6,98,1 1,98,1 1,98,1
ADDLINE 1,102,1 1,102,1 1,102,1 12,0,2 8,0,2 1,102,1 1,102,1 1,102,1 1,102,1
ADDLINE 1,82,1 1,82,1 1,82,1 12,0,2 0,0,0 1,82,1 1,82,1 1,82,1 1,82,1
ADDLINE 1,95,1 12,0,2 0,0,0 0,0,0 0,0,0 0,0,0 1,95,1 0,0,0 17,95,1
ADDLINE 19,99,1 12,0,2 1,99,1 1,99,1 1,99,1 0,0,0 1,99,1 1,99,1 1,99,1
ADDLINE 1,113,1 0,0,0 1,113,1 1,113,1 1,113,1 12,0,2 1,113,1 0,0,0 1,113,1
ADDLINE 1,130,1 12,0,2 1,130,1 20,130,1 1,130,1 0,0,0 1,130,1 0,0,0 1,130,1
ADDLINE 1,132,1 0,0,0 1,132,1 1,132,1 1,132,1 12,0,2 0,0,0 0,0,0 0,0,0
ADDLINE 1,120,1 12,0,2 1,120,1 1,120,1 1,120,1 1,120,1 1,120,1 1,120,1 1,120,1
1,68,1 12,0,2 1,68,1 1,68,1 1,68,1 1,68,1 1,68,1 1,68,1 1,136,1
1,70,1 12,0,2 1,70,1 0,0,0 0,0,0 0,0,0 0,0,0 0,0,0 1,140,1
1,144,1 12,0,2 0,0,0 0,0,0 1,144,1 1,144,1 1,144,1 0,0,0 19,72,1
1,73,1 1,73,1 1,73,1 11,0,2 1,73,1 12,0,2 0,0,0 0,0,0 1,146,1
0,0,0 0,0,0 0,0,0 12,0,2 1,72,1 0,0,0 1,72,1 0,0,0 1,144,1
0,0,0 1,71,1 1,71,1 1,71,1 1,71,1 12,0,2 1,71,1 1,71,1 1,142,1
0,0,0 0,0,0 0,0,0 0,0,0 0,0,0 0,0,0 0,0,0 0,0,0 0,0,0
0,0,0 0,0,0 0,0,0 0,0,0 0,0,0 0,0,0 0,0,0 0,0,0 0,0,0
0,0,0 0,0,0 0,0,0 0,0,0 0,0,0 0,0,0 0,0,0 0,0,0 0,0,0