MODE 0
BALL 60
STARS 0/0/3815 35
ADDLINE 17,64,1 1,64,1 1,64,1 1,64,1 1,64,1 12,0,2 1,64,1 1,64,1 1,64,1
ADDLINE 1,72,1 0,0,0 0,0,0 0,0,0 1,72,1 0,0,0 12,0,2 0,0,0 0,0,0
ADDLINE 1,66,1 12,0,2 1,66,1 1,66,1 1,66,1 1,66,1 1,66,1 1,66,1 1,66,1
ADDLINE 1,81,1 0,0,0 1,81,1 0,0,0 12,0,2 0,0,0 0,0,0 0,0,0 0,0,0
ADDLINE 1,78,1 12,0,2 19,78,1 1,78,1 1,78,1 0,0,0 1,78,1 1,78,1 1,78,1
ADDLINE 0,0,0 0,0,0 0,0,0 0,0,0 0,0,0 12,0,2 1,90,1 6,90,1 1,90,1
ADDLINE 16,89,1 1,89,1 1,89,1 1,89,1 1,89,1 12,0,2 1,89,1 1,89,1 1,89,1
ADDLINE 1,107,1 12,0,2 1,107,1 1,107,1 1,107,1 0,0,0 1,107,1 0,0,0 0,0,0
ADDLINE 1,82,1 12,0,2 1,82,1 1,82,1 1,82,1 8,0,2 1,82,1 1,82,1 1,82,1
ADDLINE 1,95,1 0,0,0 12,0,2 0,0,0 1,95,1 1,95,1 0,0,0 0,0,0 1,95,1
ADDLINE 1,104,1 1,104,1 1,104,1 12,0,2 1,104,1 1,104,1 1,104,1 0,0,0 0,0,0
ADDLINE 1,113,1 9,0,2 1,113,1 1,113,1 0,0,0 12,0,2 0,0,0 0,0,0 0,0,0
ADDLINE 0,0,0 1,130,1 1,130,1 0,0,0 12,0,2 1,130,1 1,130,1 1,130,1 1,130,1
ADDLINE 12,0,2 1,119,1 1,119,1 1,119,1 1,119,1 1,119,1 1,119,1 20,119,1 1,119,1
ADDLINE 0,0,0 1,133,1 0,0,0 0,0,0 0,0,0 12,0,2 0,0,0 1,133,1 1,133,1
0,0,0 12,0,2 0,0,0 12,0,2 0,0,0 12,0,2 0,0,0 12,0,2 0,0,0
1,74,1 1,74,1 1,74,1 1,74,1 0,0,0 1,74,1 1,74,1 1,74,1 1,74,1
1,72,1 1,72,1 6,72,1 1,72,1 1,72,1 1,72,1 6,72,1 1,72,1 1,72,1
1,70,1 0,0,0 0,0,0 0,0,0 1,70,1 0,0,0 0,0,0 0,0,0 1,70,1
0,0,0 0,0,0 1,69,1 12,0,2 0,0,0 12,0,2 1,69,1 0,0,0 0,0,0
0,0,0 1,136,1 1,136,1 1,136,1 16,68,1 1,136,1 1,136,1 1,136,1 0,0,0
0,0,0 0,0,0 0,0,0 0,0,0 0,0,0 0,0,0 0,0,0 0,0,0 0,0,0
0,0,0 0,0,0 0,0,0 0,0,0 0,0,0 0,0,0 0,0,0 0,0,0 0,0,0
0,0,0 0,0,0 0,0,0 0,0,0 0,0,0 0,0,0 0,0,0 0,0,0 0,0,0