MODE 0
BALL 60
STARS 0/0/4305 35
ADDLINE 0,0,0 12,0,2 1,67,1 1,67,1 1,67,1 1,67,1 1,67,1 1,67,1 1,67,1
ADDLINE 0,0,0 1,72,1 12,0,2 0,0,0 0,0,0 0,0,0 0,0,0 0,0,0 1,72,1
ADDLINE 0,0,0 0,0,0 0,0,0 12,0,2 0,0,0 1,73,1 1,73,1 0,0,0 0,0,0
ADDLINE 1,81,1 1,81,1 1,81,1 1,81,1 8,0,2 1,81,1 12,0,2 0,0,0 0,0,0
ADDLINE 1,82,1 1,82,1 1,82,1 1,82,1 12,0,2 0,0,0 0,0,0 1,82,1 16,82,1
ADDLINE 1,90,1 1,90,1 1,90,1 1,90,1 1,90,1 0,0,0 12,0,2 0,0,0 0,0,0
ADDLINE 1,89,1 20,89,1 1,89,1 1,89,1 1,89,1 1,89,1 16,89,1 1,89,1 12,0,2
ADDLINE 1,102,1 1,102,1 1,102,1 1,102,1 1,102,1 12,0,2 1,102,1 1,102,1 0,0,0
ADDLINE 1,86,1 1,86,1 1,86,1 6,86,1 1,86,1 12,0,2 0,0,0 0,0,0 0,0,0
ADDLINE 0,0,0 1,90,1 1,90,1 1,90,1 1,90,1 1,90,1 12,0,2 1,90,1 1,90,1
ADDLINE 0,0,0 1,104,1 1,104,1 1,104,1 1,104,1 1,104,1 12,0,2 0,0,0 0,0,0
ADDLINE 11,0,2 1,107,1 1,107,1 1,107,1 1,107,1 1,107,1 12,0,2 1,107,1 1,107,1
ADDLINE 0,0,0 0,0,0 0,0,0 1,130,1 12,0,2 1,130,1 0,0,0 1,130,1 8,0,2
ADDLINE 0,0,0 1,132,1 1,132,1 1,132,1 0,0,0 1,132,1 12,0,2 1,132,1 1,132,1
ADDLINE 0,0,0 1,133,1 1,133,1 1,133,1 8,0,2 1,133,1 0,0,0 12,0,2 0,0,0
5,73,1 1,63,1 1,63,1 1,143,1 1,143,1 1,143,1 1,73,1 1,73,1 4,73,1
0,0,0 5,72,1 1,72,1 1,143,1 20,62,1 1,143,1 1,72,1 4,72,1 0,0,0
2,71,1 12,0,2 5,71,1 1,143,1 1,143,1 1,143,1 4,71,1 12,0,2 3,71,1
1,143,1 2,143,1 12,0,2 5,70,1 1,70,1 4,70,1 12,0,2 3,143,1 1,143,1
1,143,1 20,69,1 2,143,1 12,0,2 0,0,0 12,0,2 3,143,1 20,69,1 1,143,1
1,143,1 1,143,1 1,143,1 2,143,1 11,0,2 3,143,1 1,143,1 1,143,1 1,143,1
0,0,0 0,0,0 0,0,0 0,0,0 0,0,0 0,0,0 0,0,0 0,0,0 0,0,0
0,0,0 0,0,0 0,0,0 0,0,0 0,0,0 0,0,0 0,0,0 0,0,0 0,0,0
0,0,0 0,0,0 0,0,0 0,0,0 0,0,0 0,0,0 0,0,0 0,0,0 0,0,0