MODE 0
BALL 60
STARS 0/0/4025 35
ADDLINE 0,0,0 1,67,1 1,67,1 1,67,1 1,67,1 1,67,1 1,67,1 1,67,1 12,0,2
ADDLINE 0,0,0 1,72,1 0,0,0 0,0,0 0,0,0 0,0,0 12,0,2 0,0,0 0,0,0
ADDLINE 12,0,2 16,69,1 1,69,1 1,69,1 1,69,1 1,69,1 1,69,1 1,69,1 1,69,1
ADDLINE 0,0,0 1,81,1 1,81,1 1,81,1 17,81,1 1,81,1 0,0,0 1,81,1 12,0,2
ADDLINE 1,78,1 1,78,1 1,78,1 1,78,1 1,78,1 1,78,1 12,0,2 1,78,1 0,0,0
ADDLINE 0,0,0 0,0,0 0,0,0 0,0,0 0,0,0 0,0,0 0,0,0 1,90,1 12,0,2
ADDLINE 1,94,1 1,94,1 12,0,2 1,94,1 1,94,1 1,94,1 1,94,1 1,94,1 8,0,2
ADDLINE 0,0,0 1,107,1 0,0,0 1,107,1 12,0,2 0,0,0 0,0,0 1,107,1 0,0,0
ADDLINE 0,0,0 1,86,1 0,0,0 1,86,1 12,0,2 1,86,1 1,86,1 1,86,1 1,86,1
ADDLINE 0,0,0 1,95,1 19,95,1 1,95,1 1,95,1 12,0,2 1,95,1 1,95,1 1,95,1
ADDLINE 0,0,0 12,0,2 1,104,1 1,104,1 0,0,0 1,104,1 1,104,1 1,104,1 1,104,1
ADDLINE 1,113,1 12,0,2 1,113,1 1,113,1 0,0,0 16,113,1 1,113,1 1,113,1 1,113,1
ADDLINE 1,130,1 0,0,0 1,130,1 12,0,2 1,130,1 1,130,1 1,130,1 1,130,1 0,0,0
ADDLINE 1,132,1 12,0,2 1,132,1 0,0,0 1,132,1 1,132,1 1,132,1 1,132,1 0,0,0
ADDLINE 20,133,1 0,0,0 0,0,0 0,0,0 0,0,0 12,0,2 1,133,1 1,133,1 0,0,0
1,144,1 0,0,0 1,144,1 2,1,1 3,1,1 1,144,1 0,0,0 0,0,0 12,0,2
1,146,1 20,73,1 1,1,1 1,1,1 1,1,1 1,1,1 20,73,1 1,146,1 0,0,0
1,150,1 12,0,2 1,150,1 1,1,1 1,1,1 1,150,1 12,0,2 1,150,1 0,0,0
1,74,1 0,0,0 0,0,0 1,74,1 1,74,1 0,0,0 0,0,0 1,74,1 0,0,0
1,73,1 12,0,2 0,0,0 0,0,0 0,0,0 0,0,0 12,0,2 1,73,1 0,0,0
1,72,1 1,72,1 1,72,1 1,72,1 1,72,1 1,72,1 1,72,1 1,72,1 0,0,0
0,0,0 0,0,0 0,0,0 0,0,0 0,0,0 0,0,0 0,0,0 0,0,0 0,0,0
0,0,0 0,0,0 0,0,0 0,0,0 0,0,0 0,0,0 0,0,0 0,0,0 0,0,0
0,0,0 0,0,0 0,0,0 0,0,0 0,0,0 0,0,0 0,0,0 0,0,0 0,0,0