MODE 0
BALL 60
STARS 0/0/4340 35
ADDLINE 0,0,0 1,71,1 12,0,2 1,71,1 1,71,1 3,71,1 0,0,0 1,71,1 0,0,0
ADDLINE 8,0,2 1,68,1 12,0,2 5,68,1 1,68,1 1,68,1 1,68,1 1,68,1 1,68,1
ADDLINE 0,0,0 4,73,1 0,0,0 0,0,0 0,0,0 0,0,0 0,0,0 0,0,0 12,0,2
ADDLINE 1,77,1 1,77,1 12,0,2 1,77,1 10,0,2 1,77,1 1,77,1 1,77,1 1,77,1
ADDLINE 0,0,0 1,82,1 12,0,2 3,82,1 0,0,0 1,82,1 4,82,1 5,82,1 1,82,1
ADDLINE 0,0,0 1,86,1 12,0,2 3,86,1 1,86,1 19,86,1 1,86,1 1,86,1 1,86,1
ADDLINE 0,0,0 2,98,1 0,0,0 0,0,0 0,0,0 1,98,1 12,0,2 3,98,1 0,0,0
ADDLINE 0,0,0 17,107,1 1,107,1 1,107,1 1,107,1 2,107,1 0,0,0 1,107,1 12,0,2
ADDLINE 0,0,0 1,86,1 1,86,1 1,86,1 1,86,1 1,86,1 12,0,2 1,86,1 0,0,0
ADDLINE 1,95,1 4,95,1 0,0,0 0,0,0 0,0,0 12,0,2 0,0,0 0,0,0 1,95,1
ADDLINE 3,99,1 1,99,1 12,0,2 1,99,1 5,99,1 1,99,1 1,99,1 0,0,0 1,99,1
ADDLINE 1,113,1 4,113,1 1,113,1 12,0,2 0,0,0 0,0,0 0,0,0 0,0,0 1,113,1
ADDLINE 16,130,1 4,130,1 12,0,2 1,130,1 1,130,1 5,130,1 0,0,0 3,130,1 0,0,0
ADDLINE 0,0,0 0,0,0 0,0,0 1,132,1 20,132,1 1,132,1 0,0,0 0,0,0 12,0,2
ADDLINE 0,0,0 12,0,2 1,133,1 1,133,1 4,133,1 1,133,1 1,133,1 1,133,1 0,0,0
1,144,1 1,144,1 1,144,1 4,72,1 12,0,2 1,72,1 4,72,1 3,72,1 1,72,1
1,140,1 20,70,1 4,140,1 3,70,1 0,0,0 4,70,1 3,140,1 1,140,1 1,140,1
1,144,1 4,144,1 3,144,1 1,72,1 12,0,2 12,0,2 1,144,1 20,72,1 1,144,1
4,71,1 3,71,1 1,71,1 4,71,1 3,71,1 2,71,1 5,142,1 1,142,1 1,142,1
12,0,2 12,0,2 12,0,2 3,70,1 1,70,1 1,70,1 2,70,1 5,70,1 1,70,1
1,176,1 1,176,1 1,176,1 1,176,1 16,88,1 1,176,1 1,176,1 2,176,1 5,176,1
0,0,0 0,0,0 0,0,0 0,0,0 0,0,0 0,0,0 0,0,0 0,0,0 0,0,0
0,0,0 0,0,0 0,0,0 0,0,0 0,0,0 0,0,0 0,0,0 0,0,0 0,0,0
0,0,0 0,0,0 0,0,0 0,0,0 0,0,0 0,0,0 0,0,0 0,0,0 0,0,0