MODE 0
BALL 60
STARS 0/0/4130 35
ADDLINE 1,64,1 1,64,1 1,64,1 1,64,1 12,0,2 1,64,1 1,64,1 3,64,1 1,64,1
ADDLINE 0,0,0 0,0,0 0,0,0 1,72,1 0,0,0 2,72,1 0,0,0 0,0,0 12,0,2
ADDLINE 0,0,0 1,69,1 2,69,1 19,69,1 12,0,2 1,69,1 1,69,1 4,69,1 1,69,1
ADDLINE 0,0,0 1,81,1 1,81,1 2,81,1 0,0,0 12,0,2 0,0,0 0,0,0 0,0,0
ADDLINE 12,0,2 1,74,1 1,74,1 1,74,1 1,74,1 2,74,1 5,74,1 1,74,1 1,74,1
ADDLINE 0,0,0 3,90,1 1,90,1 1,90,1 0,0,0 0,0,0 0,0,0 0,0,0 12,0,2
ADDLINE 10,0,2 1,94,1 1,94,1 1,94,1 12,0,2 2,94,1 1,94,1 3,94,1 1,94,1
ADDLINE 0,0,0 0,0,0 12,0,2 0,0,0 0,0,0 0,0,0 0,0,0 1,107,1 0,0,0
ADDLINE 1,78,1 12,0,2 1,78,1 1,78,1 1,78,1 1,78,1 5,78,1 5,78,1 1,78,1
ADDLINE 1,95,1 5,95,1 11,0,2 12,0,2 0,0,0 0,0,0 1,95,1 1,95,1 0,0,0
ADDLINE 1,104,1 1,104,1 1,104,1 4,104,1 12,0,2 1,104,1 3,104,1 0,0,0 0,0,0
ADDLINE 1,113,1 1,113,1 0,0,0 1,113,1 0,0,0 1,113,1 4,113,1 12,0,2 0,0,0
ADDLINE 4,130,1 6,130,1 0,0,0 1,130,1 1,130,1 12,0,2 11,0,2 3,130,1 0,0,0
ADDLINE 1,125,1 1,125,1 12,0,2 1,125,1 1,125,1 1,125,1 1,125,1 6,125,1 0,0,0
ADDLINE 2,133,1 1,133,1 0,0,0 0,0,0 0,0,0 12,0,2 3,133,1 1,133,1 0,0,0
1,70,1 6,70,1 1,70,1 1,70,1 12,0,2 3,70,1 2,70,1 0,0,0 0,0,0
1,68,1 1,68,1 1,68,1 4,68,1 3,68,1 1,68,1 1,68,1 2,68,1 12,0,2
1,70,1 1,70,1 4,70,1 3,70,1 1,70,1 1,70,1 6,70,1 1,70,1 0,0,0
1,68,1 4,68,1 3,68,1 1,68,1 6,68,1 1,68,1 1,68,1 1,68,1 12,0,2
0,0,0 3,66,1 1,66,1 12,0,2 0,0,0 12,0,2 0,0,0 12,0,2 0,0,0
0,0,0 1,78,1 1,78,1 1,78,1 1,78,1 1,78,1 1,78,1 1,78,1 1,78,1
0,0,0 0,0,0 0,0,0 0,0,0 0,0,0 0,0,0 0,0,0 0,0,0 0,0,0
0,0,0 0,0,0 0,0,0 0,0,0 0,0,0 0,0,0 0,0,0 0,0,0 0,0,0
0,0,0 0,0,0 0,0,0 0,0,0 0,0,0 0,0,0 0,0,0 0,0,0 0,0,0