MODE 0
BALL 60
STARS 0/0/4130 35
ADDLINE 1,71,1 12,0,2 0,0,0 0,0,0 0,0,0 0,0,0 0,0,0 0,0,0 0,0,0
ADDLINE 1,65,1 2,65,1 4,65,1 1,65,1 1,65,1 1,65,1 1,65,1 12,0,2 19,65,1
ADDLINE 0,0,0 0,0,0 0,0,0 0,0,0 0,0,0 1,73,1 5,73,1 12,0,2 1,73,1
ADDLINE 0,0,0 0,0,0 1,81,1 1,81,1 0,0,0 12,0,2 0,0,0 0,0,0 1,81,1
ADDLINE 1,78,1 12,0,2 6,78,1 4,78,1 0,0,0 2,78,1 1,78,1 1,78,1 3,78,1
ADDLINE 0,0,0 12,0,2 1,90,1 4,90,1 11,0,2 1,90,1 1,90,1 1,90,1 1,90,1
ADDLINE 0,0,0 1,94,1 4,94,1 1,94,1 12,0,2 1,94,1 1,94,1 20,94,1 1,94,1
ADDLINE 0,0,0 17,102,1 2,102,1 4,102,1 12,0,2 1,102,1 1,102,1 5,102,1 1,102,1
ADDLINE 1,86,1 1,86,1 1,86,1 1,86,1 12,0,2 0,0,0 0,0,0 0,0,0 1,86,1
ADDLINE 5,90,1 1,90,1 1,90,1 12,0,2 5,90,1 1,90,1 1,90,1 0,0,0 1,90,1
ADDLINE 2,94,1 1,94,1 1,94,1 1,94,1 1,94,1 1,94,1 1,94,1 12,0,2 1,94,1
ADDLINE 3,113,1 12,0,2 0,0,0 0,0,0 0,0,0 0,0,0 1,113,1 0,0,0 1,113,1
ADDLINE 19,117,1 3,117,1 1,117,1 1,117,1 2,117,1 1,117,1 1,117,1 12,0,2 1,117,1
ADDLINE 0,0,0 0,0,0 12,0,2 0,0,0 5,132,1 0,0,0 0,0,0 0,0,0 0,0,0
ADDLINE 1,120,1 12,0,2 1,120,1 2,120,1 1,120,1 1,120,1 1,120,1 1,120,1 16,120,1
12,0,2 0,0,0 3,76,1 0,0,0 0,0,0 0,0,0 3,76,1 0,0,0 12,0,2
8,0,2 3,78,1 4,78,1 3,78,1 12,0,2 3,78,1 4,78,1 3,78,1 0,0,0
0,0,0 4,76,1 3,76,1 4,76,1 3,76,1 4,76,1 3,76,1 4,76,1 0,0,0
12,0,2 3,78,1 4,78,1 3,78,1 4,78,1 3,78,1 4,78,1 3,78,1 12,0,2
3,76,1 4,76,1 3,76,1 4,76,1 12,0,2 8,0,2 3,76,1 4,76,1 0,0,0
0,0,0 3,82,1 1,82,1 1,82,1 1,82,1 1,82,1 1,82,1 1,82,1 1,82,1
0,0,0 0,0,0 0,0,0 0,0,0 0,0,0 0,0,0 0,0,0 0,0,0 0,0,0
0,0,0 0,0,0 0,0,0 0,0,0 0,0,0 0,0,0 0,0,0 0,0,0 0,0,0
0,0,0 0,0,0 0,0,0 0,0,0 0,0,0 0,0,0 0,0,0 0,0,0 0,0,0