MODE 0
BALL 60
STARS 0/0/3990 35
ADDLINE 1,71,1 1,71,1 1,71,1 12,0,2 0,0,0 0,0,0 0,0,0 1,71,1 0,0,0
ADDLINE 1,68,1 20,68,1 1,68,1 1,68,1 1,68,1 1,68,1 12,0,2 1,68,1 0,0,0
ADDLINE 0,0,0 1,69,1 1,69,1 1,69,1 1,69,1 1,69,1 1,69,1 1,69,1 12,0,2
ADDLINE 0,0,0 12,0,2 0,0,0 1,81,1 20,81,1 1,81,1 1,81,1 7,0,2 0,0,0
ADDLINE 1,82,1 1,82,1 0,0,0 1,82,1 1,82,1 1,82,1 12,0,2 0,0,0 1,82,1
ADDLINE 1,90,1 1,90,1 12,0,2 1,90,1 1,90,1 0,0,0 0,0,0 1,90,1 1,90,1
ADDLINE 1,98,1 0,0,0 0,0,0 1,98,1 12,0,2 0,0,0 1,98,1 1,98,1 1,98,1
ADDLINE 0,0,0 12,0,2 1,107,1 7,0,2 0,0,0 1,107,1 1,107,1 20,107,1 1,107,1
ADDLINE 0,0,0 1,86,1 12,0,2 0,0,0 1,86,1 1,86,1 1,86,1 1,86,1 1,86,1
ADDLINE 1,95,1 0,0,0 1,95,1 12,0,2 0,0,0 0,0,0 1,95,1 0,0,0 0,0,0
ADDLINE 1,99,1 12,0,2 1,99,1 1,99,1 1,99,1 1,99,1 1,99,1 0,0,0 1,99,1
ADDLINE 1,113,1 0,0,0 0,0,0 0,0,0 0,0,0 12,0,2 0,0,0 0,0,0 1,113,1
ADDLINE 1,117,1 1,117,1 19,117,1 12,0,2 1,117,1 1,117,1 1,117,1 1,117,1 1,117,1
ADDLINE 0,0,0 0,0,0 1,132,1 0,0,0 1,132,1 6,132,1 1,132,1 0,0,0 12,0,2
ADDLINE 1,120,1 1,120,1 1,120,1 12,0,2 1,120,1 1,120,1 1,120,1 1,120,1 1,120,1
0,0,0 1,83,1 1,83,1 1,83,1 1,83,1 1,166,1 1,83,1 1,83,1 0,0,0
0,0,0 1,82,1 0,0,0 0,0,0 0,0,0 0,0,0 0,0,0 1,82,1 12,0,2
12,0,2 1,81,1 0,0,0 1,81,1 1,81,1 19,51,1 0,0,0 1,81,1 0,0,0
0,0,0 1,80,1 0,0,0 0,0,0 0,0,0 1,160,1 0,0,0 1,80,1 12,0,2
12,0,2 1,98,1 1,98,1 1,98,1 1,98,1 1,196,1 0,0,0 1,98,1 0,0,0
0,0,0 0,0,0 0,0,0 0,0,0 0,0,0 0,0,0 0,0,0 1,98,1 12,0,2
1,88,1 1,88,1 1,88,1 1,88,1 1,88,1 1,196,1 1,88,1 4,88,1 0,0,0
0,0,0 0,0,0 0,0,0 0,0,0 0,0,0 0,0,0 0,0,0 0,0,0 0,0,0
0,0,0 0,0,0 0,0,0 0,0,0 0,0,0 0,0,0 0,0,0 0,0,0 0,0,0