MODE 0
BALL 60
STARS 0/0/4025 35
ADDLINE 0,0,0 1,71,1 0,0,0 1,71,1 1,71,1 1,71,1 12,0,2 0,0,0 0,0,0
ADDLINE 1,65,1 1,65,1 12,0,2 1,65,1 1,65,1 1,65,1 1,65,1 1,65,1 1,65,1
ADDLINE 0,0,0 1,73,1 0,0,0 1,73,1 0,0,0 0,0,0 0,0,0 12,0,2 0,0,0
ADDLINE 1,73,1 1,73,1 1,73,1 1,73,1 12,0,2 1,73,1 1,73,1 19,73,1 1,73,1
ADDLINE 0,0,0 0,0,0 9,0,2 1,82,1 0,0,0 12,0,2 0,0,0 1,82,1 0,0,0
ADDLINE 12,0,2 1,81,1 1,81,1 1,81,1 1,81,1 1,81,1 1,81,1 1,81,1 1,81,1
ADDLINE 0,0,0 12,0,2 0,0,0 0,0,0 0,0,0 0,0,0 9,0,2 1,98,1 0,0,0
ADDLINE 1,102,1 1,102,1 1,102,1 1,102,1 12,0,2 1,102,1 1,102,1 1,102,1 7,0,2
ADDLINE 1,86,1 19,86,1 1,86,1 1,86,1 0,0,0 0,0,0 12,0,2 0,0,0 0,0,0
ADDLINE 1,95,1 1,95,1 1,95,1 0,0,0 1,95,1 1,95,1 1,95,1 12,0,2 0,0,0
ADDLINE 1,104,1 1,104,1 1,104,1 0,0,0 0,0,0 12,0,2 1,104,1 0,0,0 1,104,1
ADDLINE 1,113,1 1,113,1 0,0,0 0,0,0 12,0,2 0,0,0 0,0,0 0,0,0 1,113,1
ADDLINE 1,130,1 6,130,1 0,0,0 12,0,2 1,130,1 1,130,1 0,0,0 0,0,0 1,130,1
ADDLINE 1,132,1 1,132,1 0,0,0 12,0,2 1,132,1 1,132,1 1,132,1 7,0,2 1,132,1
ADDLINE 1,133,1 1,133,1 12,0,2 1,133,1 1,133,1 0,0,0 0,0,0 0,0,0 1,133,1
0,0,0 1,73,1 2,73,1 5,73,1 1,73,1 4,73,1 3,73,1 1,73,1 0,0,0
0,0,0 5,69,1 1,69,1 2,69,1 10,0,2 3,69,1 1,69,1 4,69,1 0,0,0
2,65,1 12,0,2 5,65,1 1,65,1 1,65,1 1,65,1 4,65,1 12,0,2 3,65,1
1,70,1 2,70,1 12,0,2 5,70,1 21,70,1 4,70,1 12,0,2 3,70,1 1,70,1
1,69,1 1,69,1 2,69,1 12,0,2 0,0,0 12,0,2 3,69,1 1,69,1 1,69,1
1,68,1 1,68,1 1,68,1 2,68,1 11,0,2 3,68,1 1,68,1 1,68,1 1,68,1
0,0,0 0,0,0 0,0,0 0,0,0 0,0,0 0,0,0 0,0,0 0,0,0 0,0,0
0,0,0 0,0,0 0,0,0 0,0,0 0,0,0 0,0,0 0,0,0 0,0,0 0,0,0
0,0,0 0,0,0 0,0,0 0,0,0 0,0,0 0,0,0 0,0,0 0,0,0 0,0,0