MODE 0
BALL 60
STARS 0/0/4795 35
ADDLINE 1,71,1 12,0,2 0,0,0 1,71,1 1,71,1 1,71,1 1,71,1 10,0,2 1,71,1
ADDLINE 1,72,1 12,0,2 1,72,1 0,0,0 1,72,1 1,72,1 1,72,1 0,0,0 1,72,1
ADDLINE 1,73,1 12,0,2 0,0,0 0,0,0 1,73,1 1,73,1 1,73,1 1,73,1 20,73,1
ADDLINE 0,0,0 1,81,1 1,81,1 1,81,1 16,81,1 1,81,1 1,81,1 12,0,2 1,81,1
ADDLINE 0,0,0 0,0,0 7,0,2 0,0,0 12,0,2 1,82,1 0,0,0 0,0,0 1,82,1
ADDLINE 1,90,1 1,90,1 1,90,1 1,90,1 11,0,2 0,0,0 0,0,0 12,0,2 0,0,0
ADDLINE 1,98,1 19,98,1 1,98,1 1,98,1 1,98,1 0,0,0 1,98,1 12,0,2 7,0,2
ADDLINE 17,107,1 1,107,1 1,107,1 1,107,1 1,107,1 12,0,2 1,107,1 0,0,0 1,107,1
ADDLINE 1,86,1 1,86,1 1,86,1 1,86,1 1,86,1 12,0,2 0,0,0 0,0,0 1,86,1
ADDLINE 1,95,1 0,0,0 1,95,1 12,0,2 1,95,1 1,95,1 1,95,1 0,0,0 1,95,1
ADDLINE 1,104,1 0,0,0 1,104,1 12,0,2 1,104,1 1,104,1 1,104,1 0,0,0 1,104,1
ADDLINE 1,113,1 12,0,2 1,113,1 0,0,0 1,113,1 1,113,1 1,113,1 0,0,0 1,113,1
ADDLINE 1,130,1 0,0,0 1,130,1 0,0,0 0,0,0 12,0,2 17,130,1 1,130,1 1,130,1
ADDLINE 1,119,1 12,0,2 1,119,1 1,119,1 1,119,1 1,119,1 1,119,1 1,119,1 1,119,1
ADDLINE 1,133,1 12,0,2 1,133,1 19,133,1 1,133,1 1,133,1 1,133,1 11,0,2 1,133,1
0,0,0 5,73,1 1,73,1 1,73,1 1,73,1 4,73,1 3,126,1 2,126,1 0,0,0
1,73,1 2,73,1 0,0,0 0,0,0 0,0,0 0,0,0 5,126,1 20,63,1 0,0,0
1,116,1 1,116,1 2,116,1 0,0,0 3,116,1 1,116,1 2,116,1 0,0,0 0,0,0
1,120,1 20,60,1 1,120,1 0,0,0 1,120,1 20,60,1 1,120,1 0,0,0 0,0,0
1,108,1 1,108,1 4,108,1 0,0,0 5,108,1 1,108,1 4,108,1 3,65,1 1,65,1
1,64,1 4,64,1 3,64,1 1,64,1 2,64,1 0,0,0 3,64,1 20,64,1 1,64,1
0,0,0 3,64,1 1,64,1 1,64,1 1,64,1 1,64,1 1,64,1 1,64,1 1,64,1
0,0,0 0,0,0 0,0,0 0,0,0 0,0,0 0,0,0 0,0,0 0,0,0 0,0,0
0,0,0 0,0,0 0,0,0 0,0,0 0,0,0 0,0,0 0,0,0 0,0,0 0,0,0