MODE 0
BALL 60
STARS 0/1500/3500
ADDLINE 0,0,0 12,0,2 1,67,1 1,67,1 0,0,0 1,67,1 1,67,1 0,0,0 1,67,1
ADDLINE 0,0,0 0,0,0 12,0,2 0,0,0 0,0,0 0,0,0 0,0,0 0,0,0 1,72,1
ADDLINE 1,69,1 1,69,1 1,69,1 12,0,2 1,69,1 8,0,2 1,69,1 1,69,1 1,69,1
ADDLINE 0,0,0 0,0,0 1,81,1 12,0,2 1,81,1 0,0,0 1,81,1 1,81,1 8,0,2
ADDLINE 1,74,1 1,74,1 1,74,1 1,74,1 1,74,1 12,0,2 1,74,1 1,74,1 1,74,1
ADDLINE 0,0,0 7,0,2 0,0,0 0,0,0 1,90,1 0,0,0 12,0,2 0,0,0 0,0,0
ADDLINE 1,89,1 1,89,1 1,89,1 12,0,2 1,89,1 1,89,1 1,89,1 1,89,1 1,89,1
ADDLINE 1,107,1 1,107,1 1,107,1 0,0,0 0,0,0 0,0,0 0,0,0 12,0,2 0,0,0
ADDLINE 1,82,1 1,82,1 1,82,1 12,0,2 1,82,1 1,82,1 17,82,1 0,0,0 1,82,1
ADDLINE 1,95,1 1,95,1 1,95,1 12,0,2 1,95,1 1,95,1 0,0,0 0,0,0 0,0,0
ADDLINE 1,104,1 1,104,1 0,0,0 0,0,0 12,0,2 0,0,0 0,0,0 1,104,1 0,0,0
ADDLINE 1,113,1 1,113,1 0,0,0 1,113,1 1,113,1 1,113,1 1,113,1 12,0,2 0,0,0
ADDLINE 10,0,2 1,124,1 1,124,1 12,0,2 1,124,1 1,124,1 1,124,1 1,124,1 1,124,1
ADDLINE 0,0,0 1,125,1 1,125,1 12,0,2 1,125,1 1,125,1 1,125,1 1,125,1 1,125,1
ADDLINE 0,0,0 0,0,0 1,133,1 0,0,0 0,0,0 0,0,0 0,0,0 12,0,2 1,133,1
0,0,0 0,0,0 1,73,1 1,73,1 0,0,0 1,73,1 1,73,1 0,0,0 0,0,0
12,0,2 1,72,1 1,72,1 1,72,1 0,0,0 1,72,1 1,72,1 1,72,1 12,0,2
0,0,0 1,71,1 1,71,1 1,71,1 0,0,0 1,71,1 1,71,1 1,71,1 0,0,0
12,0,2 1,67,1 1,67,1 1,67,1 0,0,0 1,67,1 1,67,1 1,67,1 12,0,2
0,0,0 0,0,0 1,69,1 1,69,1 22,0,2 1,69,1 1,69,1 0,0,0 0,0,0
0,0,0 0,0,0 12,0,2 1,68,1 0,0,0 1,68,1 12,0,2 0,0,0 0,0,0
0,0,0 0,0,0 0,0,0 0,0,0 0,0,0 0,0,0 0,0,0 0,0,0 0,0,0
0,0,0 0,0,0 0,0,0 0,0,0 0,0,0 0,0,0 0,0,0 0,0,0 0,0,0
0,0,0 0,0,0 0,0,0 0,0,0 0,0,0 0,0,0 0,0,0 0,0,0 0,0,0