MODE 0
BALL 60
STARS 0/1500/3675
ADDLINE 0,0,0 1,67,1 12,0,2 1,67,1 1,67,1 1,67,1 1,67,1 1,67,1 0,0,0
ADDLINE 0,0,0 1,72,1 0,0,0 1,72,1 20,72,1 1,72,1 1,72,1 12,0,2 0,0,0
ADDLINE 0,0,0 0,0,0 12,0,2 1,73,1 1,73,1 1,73,1 1,73,1 1,73,1 0,0,0
ADDLINE 0,0,0 12,0,2 1,81,1 1,81,1 1,81,1 1,81,1 1,81,1 1,81,1 0,0,0
ADDLINE 0,0,0 1,82,1 1,82,1 1,82,1 1,82,1 19,82,1 0,0,0 0,0,0 12,0,2
ADDLINE 0,0,0 0,0,0 0,0,0 0,0,0 12,0,2 1,90,1 0,0,0 1,90,1 0,0,0
ADDLINE 1,98,1 1,98,1 1,98,1 1,98,1 12,0,2 0,0,0 1,98,1 1,98,1 0,0,0
ADDLINE 1,102,1 1,102,1 1,102,1 1,102,1 1,102,1 12,0,2 1,102,1 1,102,1 8,0,2
ADDLINE 1,86,1 1,86,1 1,86,1 1,86,1 1,86,1 12,0,2 0,0,0 0,0,0 0,0,0
ADDLINE 1,86,1 1,86,1 1,86,1 1,86,1 1,86,1 1,86,1 1,86,1 1,86,1 12,0,2
ADDLINE 8,0,2 1,104,1 0,0,0 0,0,0 0,0,0 1,104,1 12,0,2 0,0,0 0,0,0
ADDLINE 8,0,2 1,113,1 0,0,0 1,113,1 1,113,1 1,113,1 12,0,2 1,113,1 1,113,1
ADDLINE 0,0,0 1,130,1 0,0,0 12,0,2 0,0,0 0,0,0 0,0,0 1,130,1 0,0,0
ADDLINE 0,0,0 1,60,1 1,60,1 1,60,1 1,60,1 1,60,1 1,60,1 1,60,1 12,0,2
ADDLINE 0,0,0 0,0,0 12,0,2 1,65,1 1,65,1 0,0,0 0,0,0 7,0,2 1,65,1
0,0,0 1,83,1 1,83,1 1,83,1 1,83,1 1,83,1 0,0,0 0,0,0 0,0,0
0,0,0 1,79,1 12,0,2 0,0,0 12,0,2 1,79,1 1,79,1 1,79,1 12,0,2
0,0,0 0,0,0 0,0,0 1,81,1 0,0,0 0,0,0 0,0,0 0,0,0 0,0,0
1,77,1 1,77,1 0,0,0 1,77,1 0,0,0 0,0,0 22,0,2 1,77,1 1,77,1
0,0,0 0,0,0 0,0,0 1,69,1 12,0,2 0,0,0 12,0,2 0,0,0 12,0,2
0,0,0 1,60,1 1,60,1 1,60,1 1,60,1 1,60,1 1,60,1 1,60,1 1,60,1
0,0,0 0,0,0 0,0,0 0,0,0 0,0,0 0,0,0 0,0,0 0,0,0 0,0,0
0,0,0 0,0,0 0,0,0 0,0,0 0,0,0 0,0,0 0,0,0 0,0,0 0,0,0
0,0,0 0,0,0 0,0,0 0,0,0 0,0,0 0,0,0 0,0,0 0,0,0 0,0,0