MODE 0
BALL 60
STARS 0/1500/3290
ADDLINE 0,0,0 1,71,1 12,0,2 0,0,0 0,0,0 0,0,0 0,0,0 1,71,1 1,71,1
ADDLINE 0,0,0 1,72,1 0,0,0 1,72,1 1,72,1 1,72,1 12,0,2 1,72,1 5,72,1
ADDLINE 0,0,0 1,73,1 0,0,0 1,73,1 1,73,1 1,73,1 12,0,2 0,0,0 0,0,0
ADDLINE 0,0,0 1,81,1 12,0,2 1,81,1 1,81,1 1,81,1 0,0,0 5,81,1 1,81,1
ADDLINE 0,0,0 1,82,1 0,0,0 12,0,2 0,0,0 2,82,1 0,0,0 3,82,1 1,82,1
ADDLINE 0,0,0 3,86,1 1,86,1 1,86,1 1,86,1 1,86,1 12,0,2 1,86,1 1,86,1
ADDLINE 0,0,0 2,98,1 12,0,2 0,0,0 0,0,0 0,0,0 0,0,0 1,98,1 0,0,0
ADDLINE 1,102,1 1,102,1 12,0,2 1,102,1 1,102,1 1,102,1 8,0,2 1,102,1 1,102,1
ADDLINE 0,0,0 0,0,0 0,0,0 1,86,1 1,86,1 1,86,1 0,0,0 1,86,1 12,0,2
ADDLINE 1,95,1 0,0,0 0,0,0 0,0,0 0,0,0 0,0,0 0,0,0 12,0,2 0,0,0
ADDLINE 0,0,0 0,0,0 1,104,1 1,104,1 0,0,0 0,0,0 0,0,0 12,0,2 0,0,0
ADDLINE 0,0,0 3,60,1 12,0,2 0,0,0 0,0,0 1,60,1 2,60,1 1,60,1 1,60,1
ADDLINE 1,65,1 1,65,1 12,0,2 0,0,0 0,0,0 0,0,0 0,0,0 1,65,1 1,65,1
ADDLINE 1,70,1 1,70,1 1,70,1 1,70,1 10,0,2 0,0,0 0,0,0 12,0,2 0,0,0
ADDLINE 1,80,1 1,80,1 1,80,1 1,80,1 1,80,1 12,0,2 1,80,1 1,80,1 0,0,0
0,0,0 1,90,1 1,90,1 1,90,1 1,90,1 1,90,1 0,0,0 1,90,1 1,90,1
0,0,0 1,86,1 0,0,0 12,0,2 0,0,0 0,0,0 0,0,0 0,0,0 1,86,1
0,0,0 1,81,1 12,0,2 0,0,0 12,0,2 0,0,0 22,0,2 0,0,0 1,81,1
0,0,0 1,70,1 0,0,0 0,0,0 0,0,0 12,0,2 0,0,0 12,0,2 1,70,1
0,0,0 1,67,1 0,0,0 22,0,2 0,0,0 0,0,0 12,0,2 0,0,0 1,67,1
0,0,0 1,65,1 1,65,1 0,0,0 1,65,1 1,65,1 1,65,1 1,65,1 1,65,1
0,0,0 0,0,0 0,0,0 0,0,0 0,0,0 0,0,0 0,0,0 0,0,0 0,0,0
0,0,0 0,0,0 0,0,0 0,0,0 0,0,0 0,0,0 0,0,0 0,0,0 0,0,0
0,0,0 0,0,0 0,0,0 0,0,0 0,0,0 0,0,0 0,0,0 0,0,0 0,0,0