MODE 0
BALL 60
STARS 0/1500/3745
ADDLINE 0,0,0 0,0,0 0,0,0 0,0,0 12,0,2 0,0,0 4,71,1 1,71,1 1,71,1
ADDLINE 0,0,0 1,68,1 1,68,1 5,68,1 1,68,1 12,0,2 1,68,1 1,68,1 3,68,1
ADDLINE 0,0,0 1,69,1 1,69,1 1,69,1 1,69,1 12,0,2 5,69,1 1,69,1 1,69,1
ADDLINE 0,0,0 12,0,2 0,0,0 0,0,0 1,81,1 3,81,1 0,0,0 1,81,1 0,0,0
ADDLINE 1,82,1 5,82,1 1,82,1 0,0,0 12,0,2 1,82,1 1,82,1 1,82,1 0,0,0
ADDLINE 1,86,1 1,86,1 1,86,1 1,86,1 5,86,1 12,0,2 4,86,1 1,86,1 0,0,0
ADDLINE 5,94,1 1,94,1 1,94,1 1,94,1 1,94,1 12,0,2 4,94,1 1,94,1 0,0,0
ADDLINE 1,107,1 2,107,1 0,0,0 0,0,0 0,0,0 1,107,1 0,0,0 12,0,2 0,0,0
ADDLINE 1,86,1 1,86,1 0,0,0 0,0,0 0,0,0 12,0,2 0,0,0 2,86,1 1,86,1
ADDLINE 1,95,1 12,0,2 0,0,0 0,0,0 1,95,1 10,0,2 1,95,1 0,0,0 0,0,0
ADDLINE 1,55,1 1,55,1 1,55,1 1,55,1 4,55,1 12,0,2 5,55,1 0,0,0 1,55,1
ADDLINE 1,60,1 0,0,0 0,0,0 12,0,2 0,0,0 0,0,0 2,113,1 0,0,0 0,0,0
ADDLINE 1,65,1 1,65,1 1,65,1 1,65,1 1,65,1 12,0,2 1,65,1 0,0,0 1,65,1
ADDLINE 10,0,2 0,0,0 3,70,1 4,70,1 1,70,1 0,0,0 5,70,1 12,0,2 1,70,1
ADDLINE 1,75,1 1,75,1 1,75,1 1,75,1 1,75,1 5,75,1 3,75,1 12,0,2 1,75,1
0,0,0 1,73,1 1,73,1 1,73,1 1,73,1 1,73,1 1,73,1 1,73,1 12,0,2
0,0,0 0,0,0 12,0,2 0,0,0 0,0,0 12,0,2 0,0,0 0,0,0 0,0,0
4,85,1 0,0,0 0,0,0 0,0,0 5,85,1 1,85,1 1,85,1 1,85,1 12,0,2
0,0,0 0,0,0 22,0,2 0,0,0 12,0,2 0,0,0 0,0,0 0,0,0 0,0,0
2,87,1 0,0,0 0,0,0 0,0,0 3,87,1 1,87,1 1,87,1 1,87,1 1,87,1
0,0,0 0,0,0 12,0,2 0,0,0 0,0,0 0,0,0 0,0,0 0,0,0 0,0,0
1,95,1 1,95,1 1,95,1 1,95,1 1,95,1 1,95,1 1,95,1 4,95,1 0,0,0
0,0,0 0,0,0 0,0,0 0,0,0 0,0,0 0,0,0 0,0,0 0,0,0 0,0,0
0,0,0 0,0,0 0,0,0 0,0,0 0,0,0 0,0,0 0,0,0 0,0,0 0,0,0