MODE 0
BALL 60
STARS 0/1500/3710
ADDLINE 0,0,0 1,65,1 0,0,0 0,0,0 0,0,0 1,65,1 0,0,0 0,0,0 12,0,2
ADDLINE 5,70,1 4,70,1 12,0,2 4,70,1 1,70,1 1,70,1 1,70,1 1,70,1 0,0,0
ADDLINE 0,0,0 1,73,1 12,0,2 1,73,1 3,73,1 1,73,1 1,73,1 1,73,1 0,0,0
ADDLINE 0,0,0 1,81,1 12,0,2 3,81,1 1,81,1 3,81,1 4,81,1 1,81,1 0,0,0
ADDLINE 0,0,0 0,0,0 0,0,0 0,0,0 0,0,0 2,82,1 12,0,2 1,82,1 0,0,0
ADDLINE 1,86,1 1,86,1 12,0,2 1,86,1 1,86,1 1,86,1 1,86,1 1,86,1 0,0,0
ADDLINE 0,0,0 1,98,1 12,0,2 1,98,1 0,0,0 0,0,0 0,0,0 0,0,0 0,0,0
ADDLINE 1,102,1 2,102,1 12,0,2 1,102,1 5,102,1 5,102,1 1,102,1 1,102,1 8,0,2
ADDLINE 0,0,0 1,86,1 0,0,0 1,86,1 1,86,1 4,86,1 1,86,1 1,86,1 12,0,2
ADDLINE 5,95,1 0,0,0 1,95,1 1,95,1 1,95,1 1,95,1 2,95,1 12,0,2 0,0,0
ADDLINE 1,70,1 0,0,0 0,0,0 0,0,0 12,0,2 2,70,1 1,70,1 3,70,1 0,0,0
ADDLINE 1,75,1 1,75,1 1,75,1 1,75,1 0,0,0 0,0,0 0,0,0 12,0,2 0,0,0
ADDLINE 1,80,1 1,80,1 1,80,1 4,80,1 1,80,1 4,80,1 12,0,2 8,0,2 1,80,1
ADDLINE 1,85,1 1,85,1 2,85,1 1,85,1 1,85,1 1,85,1 12,0,2 8,0,2 1,85,1
ADDLINE 2,90,1 1,90,1 1,90,1 1,90,1 5,90,1 12,0,2 0,0,0 8,0,2 0,0,0
0,0,0 0,0,0 12,0,2 0,0,0 22,0,2 0,0,0 12,0,2 0,0,0 0,0,0
1,78,1 1,78,1 1,78,1 2,78,1 0,0,0 3,78,1 1,78,1 1,78,1 1,78,1
1,74,1 1,74,1 1,74,1 1,74,1 0,0,0 1,74,1 1,74,1 1,74,1 1,74,1
1,70,1 0,0,0 0,0,0 12,0,2 0,0,0 12,0,2 0,0,0 0,0,0 1,70,1
0,0,0 12,0,2 1,69,1 0,0,0 0,0,0 0,0,0 1,69,1 12,0,2 0,0,0
0,0,0 1,68,1 1,68,1 1,68,1 22,0,2 1,68,1 1,68,1 1,68,1 0,0,0
0,0,0 0,0,0 0,0,0 0,0,0 0,0,0 0,0,0 0,0,0 0,0,0 0,0,0
0,0,0 0,0,0 0,0,0 0,0,0 0,0,0 0,0,0 0,0,0 0,0,0 0,0,0
0,0,0 0,0,0 0,0,0 0,0,0 0,0,0 0,0,0 0,0,0 0,0,0 0,0,0