MODE 0
BALL 60
STARS 0/2000/4235
ADDLINE 0,0,0 12,0,2 0,0,0 0,0,0 0,0,0 0,0,0 0,0,0 1,71,1 1,71,1
ADDLINE 0,0,0 2,68,1 1,68,1 1,68,1 1,68,1 4,68,1 12,0,2 1,68,1 1,68,1
ADDLINE 0,0,0 12,0,2 0,0,0 0,0,0 0,0,0 0,0,0 0,0,0 6,73,1 1,73,1
ADDLINE 0,0,0 1,81,1 0,0,0 12,0,2 0,0,0 0,0,0 1,81,1 2,81,1 1,81,1
ADDLINE 0,0,0 12,0,2 1,82,1 3,82,1 0,0,0 1,82,1 1,82,1 1,82,1 5,82,1
ADDLINE 1,81,1 12,0,2 19,81,1 1,81,1 1,81,1 1,81,1 1,81,1 3,81,1 1,81,1
ADDLINE 0,0,0 12,0,2 1,98,1 1,98,1 1,98,1 1,98,1 17,98,1 1,98,1 1,98,1
ADDLINE 0,0,0 7,0,2 0,0,0 12,0,2 0,0,0 1,107,1 1,107,1 3,107,1 1,107,1
ADDLINE 1,86,1 1,86,1 0,0,0 12,0,2 0,0,0 2,86,1 1,86,1 5,86,1 1,86,1
ADDLINE 5,95,1 2,95,1 0,0,0 12,0,2 1,95,1 1,95,1 1,95,1 1,95,1 7,0,2
ADDLINE 16,90,1 1,90,1 12,0,2 1,90,1 4,90,1 1,90,1 1,90,1 1,90,1 4,90,1
ADDLINE 0,0,0 12,0,2 0,0,0 0,0,0 0,0,0 0,0,0 1,90,1 1,90,1 0,0,0
ADDLINE 1,95,1 1,95,1 1,95,1 1,95,1 1,95,1 1,95,1 12,0,2 1,95,1 1,95,1
ADDLINE 0,0,0 12,0,2 1,95,1 1,95,1 10,0,2 0,0,0 0,0,0 1,95,1 1,95,1
ADDLINE 1,95,1 1,95,1 12,0,2 1,95,1 1,95,1 1,95,1 1,95,1 1,95,1 1,95,1
0,0,0 1,70,1 1,70,1 1,5,1 1,5,1 1,5,1 1,70,1 1,70,1 0,0,0
0,0,0 1,72,1 0,0,0 1,5,1 0,0,0 1,5,1 0,0,0 1,72,1 12,0,2
12,0,2 1,71,1 0,0,0 1,5,1 12,0,2 1,5,1 22,0,2 1,71,1 0,0,0
0,0,0 1,70,1 22,0,2 1,5,1 12,0,2 1,5,1 0,0,0 1,70,1 12,0,2
12,0,2 1,68,1 0,0,0 1,5,1 0,0,0 1,5,1 0,0,0 1,68,1 0,0,0
0,0,0 1,66,1 1,66,1 1,66,1 1,66,1 1,66,1 1,66,1 1,66,1 0,0,0
0,0,0 0,0,0 0,0,0 0,0,0 0,0,0 0,0,0 0,0,0 0,0,0 0,0,0
0,0,0 0,0,0 0,0,0 0,0,0 0,0,0 0,0,0 0,0,0 0,0,0 0,0,0
0,0,0 0,0,0 0,0,0 0,0,0 0,0,0 0,0,0 0,0,0 0,0,0 0,0,0