MODE 0
BALL 60
STARS 0/1500/3675
ADDLINE 0,0,0 1,60,1 1,60,1 1,60,1 1,60,1 1,60,1 1,60,1 12,0,2 0,0,0
ADDLINE 0,0,0 12,0,2 0,0,0 1,65,1 1,65,1 1,65,1 1,65,1 1,65,1 0,0,0
ADDLINE 1,70,1 1,70,1 0,0,0 0,0,0 1,70,1 1,70,1 12,0,2 0,0,0 0,0,0
ADDLINE 1,81,1 1,81,1 1,81,1 12,0,2 8,0,2 1,81,1 0,0,0 0,0,0 1,81,1
ADDLINE 19,82,1 1,82,1 1,82,1 12,0,2 0,0,0 1,82,1 1,82,1 0,0,0 10,0,2
ADDLINE 1,90,1 1,90,1 12,0,2 1,90,1 0,0,0 0,0,0 0,0,0 0,0,0 0,0,0
ADDLINE 1,94,1 1,94,1 12,0,2 1,94,1 0,0,0 1,94,1 1,94,1 1,94,1 1,94,1
ADDLINE 1,107,1 1,107,1 10,0,2 1,107,1 12,0,2 1,107,1 0,0,0 1,107,1 1,107,1
ADDLINE 1,86,1 1,86,1 0,0,0 1,86,1 0,0,0 12,0,2 0,0,0 1,86,1 1,86,1
ADDLINE 0,0,0 1,90,1 1,90,1 1,90,1 12,0,2 1,90,1 1,90,1 1,90,1 1,90,1
ADDLINE 0,0,0 1,90,1 1,90,1 1,90,1 0,0,0 0,0,0 0,0,0 7,0,2 12,0,2
ADDLINE 0,0,0 1,95,1 1,95,1 1,95,1 12,0,2 1,95,1 1,95,1 1,95,1 1,95,1
ADDLINE 0,0,0 1,95,1 1,95,1 1,95,1 0,0,0 0,0,0 0,0,0 12,0,2 0,0,0
ADDLINE 0,0,0 1,95,1 1,95,1 18,95,1 12,0,2 1,95,1 1,95,1 1,95,1 0,0,0
ADDLINE 0,0,0 0,0,0 0,0,0 0,0,0 12,0,2 1,1,1 1,6,1 1,1,1 0,0,0
1,114,1 1,77,1 1,77,1 1,77,1 1,77,1 0,0,0 1,77,1 1,77,1 1,77,1
10,0,2 0,0,0 1,10,1 12,0,2 0,0,0 0,0,0 1,72,1 6,62,1 1,72,1
1,120,1 1,70,1 1,70,1 0,0,0 22,0,2 0,0,0 1,70,1 1,70,1 1,70,1
1,120,1 0,0,0 12,0,2 0,0,0 0,0,0 12,0,2 0,0,0 12,0,2 0,0,0
1,140,1 12,0,2 1,70,1 1,70,1 1,70,1 1,70,1 1,70,1 1,70,1 1,70,1
1,136,1 0,0,0 1,68,1 0,0,0 0,0,0 0,0,0 1,68,1 0,0,0 12,0,2
0,0,0 0,0,0 0,0,0 0,0,0 0,0,0 0,0,0 0,0,0 0,0,0 0,0,0
0,0,0 0,0,0 0,0,0 0,0,0 0,0,0 0,0,0 0,0,0 0,0,0 0,0,0
0,0,0 0,0,0 0,0,0 0,0,0 0,0,0 0,0,0 0,0,0 0,0,0 0,0,0