MODE 0
BALL 60
STARS 0/1500/3745
ADDLINE 0,0,0 1,70,1 0,0,0 0,0,0 0,0,0 1,70,1 12,0,2 1,70,1 1,70,1
ADDLINE 0,0,0 1,71,1 1,71,1 1,71,1 12,0,2 1,71,1 10,0,2 1,71,1 1,71,1
ADDLINE 0,0,0 0,0,0 12,0,2 1,72,1 0,0,0 1,72,1 0,0,0 0,0,0 0,0,0
ADDLINE 1,76,1 1,76,1 1,76,1 1,76,1 12,0,2 1,76,1 11,0,2 1,76,1 1,76,1
ADDLINE 0,0,0 12,0,2 0,0,0 0,0,0 0,0,0 1,81,1 0,0,0 1,81,1 1,81,1
ADDLINE 1,80,1 1,80,1 1,80,1 1,80,1 1,80,1 1,80,1 12,0,2 1,80,1 1,80,1
ADDLINE 1,97,1 1,97,1 1,97,1 1,97,1 12,0,2 0,0,0 0,0,0 1,97,1 0,0,0
ADDLINE 1,95,1 20,95,1 1,95,1 1,95,1 1,95,1 1,95,1 1,95,1 1,95,1 12,0,2
ADDLINE 1,85,1 1,85,1 1,85,1 1,85,1 7,0,2 12,0,2 0,0,0 0,0,0 0,0,0
ADDLINE 1,89,1 1,89,1 12,0,2 1,89,1 1,89,1 1,89,1 1,89,1 7,0,2 1,89,1
ADDLINE 1,80,1 1,80,1 12,0,2 1,80,1 1,80,1 1,80,1 0,0,0 0,0,0 1,80,1
ADDLINE 1,80,1 1,80,1 0,0,0 12,0,2 1,80,1 1,80,1 0,0,0 1,80,1 0,0,0
ADDLINE 1,85,1 1,85,1 6,85,1 0,0,0 0,0,0 12,0,2 0,0,0 0,0,0 0,0,0
ADDLINE 1,90,1 1,90,1 1,90,1 12,0,2 1,90,1 1,90,1 1,90,1 1,90,1 1,90,1
ADDLINE 1,90,1 1,90,1 0,0,0 0,0,0 0,0,0 0,0,0 12,0,2 0,0,0 0,0,0
1,500,1 17,500,1 1,500,1 17,500,1 1,500,1 17,500,1 1,500,1 19,50,1 1,1,1
1,1,1 1,1,1 1,1,1 1,500,1 1,1,1 1,1,1 1,1,1 1,500,1 1,1,1
1,1,1 1,500,1 1,1,1 1,500,1 1,1,1 1,500,1 1,1,1 1,500,1 1,1,1
1,1,1 1,500,1 1,1,1 1,500,1 1,1,1 1,500,1 1,1,1 1,500,1 1,1,1
1,1,1 1,500,1 1,1,1 1,1,1 1,1,1 1,500,1 1,1,1 1,1,1 1,1,1
1,1,1 1,500,1 1,500,1 1,500,1 21,500,1 1,500,1 1,500,1 16,500,1 1,500,1
0,0,0 0,0,0 0,0,0 0,0,0 0,0,0 0,0,0 0,0,0 0,0,0 0,0,0
0,0,0 0,0,0 0,0,0 0,0,0 0,0,0 0,0,0 0,0,0 0,0,0 0,0,0
0,0,0 0,0,0 0,0,0 0,0,0 0,0,0 0,0,0 0,0,0 0,0,0 0,0,0