MODE 0
BALL 60
STARS 0/2000/4095 35
ADDLINE 1,71,1 1,71,1 0,0,0 0,0,0 12,0,2 0,0,0 0,0,0 0,0,0 0,0,0
ADDLINE 1,68,1 1,68,1 12,0,2 1,68,1 1,68,1 1,68,1 1,68,1 1,68,1 8,0,2
ADDLINE 20,73,1 1,73,1 0,0,0 12,0,2 0,0,0 1,73,1 1,73,1 1,73,1 0,0,0
ADDLINE 1,81,1 1,81,1 12,0,2 1,81,1 0,0,0 1,81,1 1,81,1 1,81,1 8,0,2
ADDLINE 1,82,1 1,82,1 12,0,2 0,0,0 0,0,0 1,82,1 1,82,1 0,0,0 0,0,0
ADDLINE 1,90,1 1,90,1 1,90,1 1,90,1 0,0,0 12,0,2 0,0,0 0,0,0 1,90,1
ADDLINE 1,94,1 18,94,1 1,94,1 1,94,1 12,0,2 1,94,1 1,94,1 0,0,0 1,94,1
ADDLINE 1,102,1 1,102,1 1,102,1 1,102,1 1,102,1 12,0,2 1,102,1 8,0,2 1,102,1
ADDLINE 1,86,1 1,86,1 1,86,1 1,86,1 1,86,1 12,0,2 0,0,0 0,0,0 0,0,0
ADDLINE 0,0,0 12,0,2 0,0,0 0,0,0 0,0,0 0,0,0 1,95,1 0,0,0 1,95,1
ADDLINE 1,80,1 1,80,1 1,80,1 1,80,1 1,80,1 1,80,1 1,80,1 12,0,2 1,80,1
ADDLINE 7,0,2 0,0,0 12,0,2 0,0,0 6,80,1 0,0,0 0,0,0 0,0,0 1,80,1
ADDLINE 1,85,1 12,0,2 1,85,1 1,85,1 1,85,1 11,0,2 1,85,1 1,85,1 6,85,1
ADDLINE 1,90,1 12,0,2 1,90,1 1,90,1 1,90,1 0,0,0 1,90,1 1,90,1 1,90,1
ADDLINE 1,90,1 12,0,2 1,90,1 1,90,1 1,90,1 0,0,0 1,90,1 1,90,1 1,90,1
1,75,1 1,75,1 4,75,1 0,0,0 0,0,0 0,0,0 5,75,1 1,75,1 1,75,1
1,75,1 6,65,1 0,0,0 3,75,1 1,75,1 2,75,1 0,0,0 6,65,1 1,75,1
1,73,1 1,73,1 12,0,2 1,73,1 0,0,0 1,73,1 12,0,2 1,73,1 1,73,1
12,0,2 1,71,1 0,0,0 1,71,1 0,0,0 1,71,1 0,0,0 1,71,1 12,0,2
0,0,0 1,68,1 12,0,2 1,68,1 11,0,2 1,68,1 12,0,2 1,68,1 0,0,0
1,64,1 1,64,1 1,64,1 5,64,1 1,10,1 4,64,1 1,64,1 1,64,1 1,64,1
0,0,0 0,0,0 0,0,0 0,0,0 0,0,0 0,0,0 0,0,0 0,0,0 0,0,0
0,0,0 0,0,0 0,0,0 0,0,0 0,0,0 0,0,0 0,0,0 0,0,0 0,0,0
0,0,0 0,0,0 0,0,0 0,0,0 0,0,0 0,0,0 0,0,0 0,0,0 0,0,0