MODE 0
BALL 60
STARS 0/1500/3745
ADDLINE 1,67,1 1,67,1 1,67,1 1,67,1 12,0,2 1,67,1 1,67,1 1,67,1 8,0,2
ADDLINE 8,0,2 1,65,1 1,65,1 1,65,1 12,0,2 1,65,1 1,65,1 1,65,1 1,65,1
ADDLINE 0,0,0 0,0,0 0,0,0 0,0,0 0,0,0 1,73,1 12,0,2 1,73,1 0,0,0
ADDLINE 0,0,0 19,81,1 1,81,1 1,81,1 12,0,2 1,81,1 0,0,0 1,81,1 0,0,0
ADDLINE 0,0,0 1,82,1 0,0,0 1,82,1 12,0,2 1,82,1 0,0,0 0,0,0 0,0,0
ADDLINE 1,90,1 1,90,1 0,0,0 1,90,1 12,0,2 1,90,1 1,90,1 1,90,1 0,0,0
ADDLINE 1,98,1 1,98,1 0,0,0 1,98,1 0,0,0 0,0,0 12,0,2 1,98,1 0,0,0
ADDLINE 1,102,1 1,102,1 12,0,2 1,102,1 1,102,1 1,102,1 8,0,2 1,102,1 1,102,1
ADDLINE 1,86,1 1,86,1 0,0,0 0,0,0 0,0,0 1,86,1 0,0,0 12,0,2 0,0,0
ADDLINE 1,90,1 1,90,1 1,90,1 12,0,2 1,90,1 0,0,0 1,90,1 1,90,1 1,90,1
ADDLINE 1,80,1 1,80,1 0,0,0 12,0,2 1,80,1 0,0,0 1,80,1 1,80,1 1,80,1
ADDLINE 17,80,1 1,80,1 0,0,0 12,0,2 1,80,1 0,0,0 0,0,0 11,0,2 0,0,0
ADDLINE 1,85,1 1,85,1 6,85,1 0,0,0 1,85,1 12,0,2 1,85,1 1,85,1 0,0,0
ADDLINE 1,90,1 1,90,1 1,90,1 0,0,0 0,0,0 12,0,2 1,90,1 1,90,1 0,0,0
ADDLINE 1,90,1 1,90,1 0,0,0 0,0,0 1,90,1 1,90,1 0,0,0 12,0,2 0,0,0
1,73,1 1,73,1 1,73,1 1,73,1 12,0,2 1,73,1 1,73,1 1,73,1 1,73,1
1,72,1 20,62,1 1,72,1 4,72,1 12,0,2 5,72,1 1,72,1 20,62,1 1,72,1
1,71,1 1,71,1 4,71,1 3,71,1 12,0,2 2,71,1 5,71,1 1,71,1 1,71,1
1,72,1 4,72,1 3,72,1 1,72,1 12,0,2 1,72,1 2,72,1 5,72,1 1,72,1
4,68,1 3,68,1 1,68,1 1,68,1 22,0,2 1,68,1 1,68,1 2,68,1 5,68,1
1,64,1 1,64,1 1,64,1 1,64,1 0,0,0 1,64,1 1,64,1 1,64,1 1,1,1
0,0,0 12,0,2 0,0,0 0,0,0 0,0,0 0,0,0 0,0,0 12,0,2 0,0,0
0,0,0 0,0,0 0,0,0 0,0,0 0,0,0 0,0,0 0,0,0 0,0,0 0,0,0
0,0,0 0,0,0 0,0,0 0,0,0 0,0,0 0,0,0 0,0,0 0,0,0 0,0,0