MODE 0
BALL 60
STARS 0/2000/4375
ADDLINE 1,67,1 12,0,2 1,67,1 1,67,1 1,67,1 0,0,0 1,67,1 1,67,1 1,67,1
ADDLINE 1,72,1 0,0,0 0,0,0 0,0,0 12,0,2 0,0,0 1,72,1 1,72,1 1,72,1
ADDLINE 1,73,1 1,73,1 12,0,2 1,73,1 0,0,0 1,73,1 1,73,1 1,73,1 20,73,1
ADDLINE 1,81,1 1,81,1 1,81,1 19,81,1 1,81,1 12,0,2 0,0,0 1,81,1 1,81,1
ADDLINE 0,0,0 0,0,0 1,82,1 1,82,1 1,82,1 1,82,1 12,0,2 1,82,1 1,82,1
ADDLINE 0,0,0 1,90,1 1,90,1 12,0,2 1,90,1 19,90,1 1,90,1 1,90,1 1,90,1
ADDLINE 1,98,1 1,98,1 1,98,1 0,0,0 12,0,2 1,98,1 1,98,1 0,0,0 1,98,1
ADDLINE 1,102,1 1,102,1 1,102,1 1,102,1 12,0,2 1,102,1 19,102,1 1,102,1 1,102,1
ADDLINE 17,86,1 1,86,1 1,86,1 0,0,0 0,0,0 12,0,2 1,86,1 1,86,1 1,86,1
ADDLINE 1,90,1 1,90,1 1,90,1 12,0,2 1,90,1 1,90,1 1,90,1 0,0,0 1,90,1
ADDLINE 1,80,1 1,80,1 1,80,1 12,0,2 1,80,1 1,80,1 1,80,1 0,0,0 1,80,1
ADDLINE 1,80,1 1,80,1 1,80,1 0,0,0 1,80,1 12,0,2 1,80,1 0,0,0 1,80,1
ADDLINE 1,85,1 1,85,1 1,85,1 1,85,1 1,85,1 12,0,2 1,85,1 0,0,0 1,85,1
ADDLINE 0,0,0 0,0,0 1,90,1 0,0,0 17,90,1 1,90,1 1,90,1 12,0,2 0,0,0
ADDLINE 1,90,1 1,90,1 1,90,1 1,90,1 1,90,1 12,0,2 1,90,1 1,90,1 1,90,1
1,73,1 0,0,0 0,0,0 1,146,1 0,0,0 1,73,1 1,73,1 1,73,1 21,1,1
1,72,1 12,0,2 0,0,0 1,144,1 0,0,0 12,0,2 0,0,0 1,72,1 0,0,0
1,68,1 0,0,0 12,0,2 1,136,1 0,0,0 0,0,0 12,0,2 1,68,1 0,0,0
1,140,1 1,140,1 1,140,1 19,60,1 12,0,2 0,0,0 0,0,0 1,140,1 0,0,0
1,69,1 0,0,0 0,0,0 1,138,1 0,0,0 12,0,2 0,0,0 1,69,1 0,0,0
1,68,1 0,0,0 0,0,0 1,136,1 1,68,1 1,68,1 1,68,1 1,68,1 0,0,0
0,0,0 0,0,0 0,0,0 0,0,0 0,0,0 0,0,0 0,0,0 0,0,0 0,0,0
0,0,0 0,0,0 0,0,0 0,0,0 0,0,0 0,0,0 0,0,0 0,0,0 0,0,0
0,0,0 0,0,0 0,0,0 0,0,0 0,0,0 0,0,0 0,0,0 0,0,0 0,0,0