MODE 0
BALL 60
STARS 0/1500/3815
ADDLINE 1,71,1 0,0,0 1,71,1 4,71,1 5,71,1 12,0,2 1,71,1 0,0,0 1,71,1
ADDLINE 1,72,1 0,0,0 0,0,0 12,0,2 1,72,1 0,0,0 1,72,1 0,0,0 1,72,1
ADDLINE 2,69,1 12,0,2 1,69,1 1,69,1 1,69,1 0,0,0 1,69,1 1,69,1 5,69,1
ADDLINE 0,0,0 10,0,2 1,81,1 0,0,0 1,81,1 0,0,0 1,81,1 12,0,2 0,0,0
ADDLINE 1,78,1 12,0,2 1,78,1 1,78,1 5,78,1 1,78,1 1,78,1 0,0,0 4,78,1
ADDLINE 1,86,1 12,0,2 4,86,1 1,86,1 1,86,1 2,86,1 1,86,1 9,0,2 1,86,1
ADDLINE 1,94,1 12,0,2 1,94,1 3,94,1 1,94,1 4,94,1 1,94,1 0,0,0 2,94,1
ADDLINE 1,107,1 0,0,0 0,0,0 0,0,0 0,0,0 0,0,0 0,0,0 12,0,2 8,0,2
ADDLINE 1,82,1 12,0,2 19,82,1 1,82,1 1,82,1 3,82,1 1,82,1 0,0,0 1,82,1
ADDLINE 0,0,0 12,0,2 0,0,0 0,0,0 0,0,0 1,95,1 1,95,1 1,95,1 1,95,1
ADDLINE 12,0,2 1,85,1 1,85,1 2,85,1 1,85,1 1,85,1 1,85,1 2,85,1 3,85,1
ADDLINE 0,0,0 5,85,1 0,0,0 0,0,0 12,0,2 0,0,0 0,0,0 1,85,1 1,85,1
ADDLINE 0,0,0 0,0,0 0,0,0 1,90,1 1,90,1 0,0,0 12,0,2 0,0,0 0,0,0
ADDLINE 0,0,0 16,95,1 1,95,1 1,95,1 12,0,2 1,95,1 1,95,1 1,95,1 1,95,1
ADDLINE 0,0,0 2,95,1 5,95,1 5,95,1 12,0,2 1,95,1 1,95,1 1,95,1 4,95,1
0,0,0 0,0,0 2,10,1 0,0,0 12,0,2 0,0,0 3,10,1 0,0,0 0,0,0
0,0,0 3,10,1 1,10,1 2,10,1 0,0,0 3,10,1 1,10,1 2,10,1 0,0,0
0,0,0 1,156,1 1,156,1 1,20,1 1,10,1 1,20,1 1,156,1 1,156,1 0,0,0
0,0,0 1,148,1 20,64,1 1,20,1 1,10,1 1,20,1 20,64,1 1,148,1 0,0,0
0,0,0 1,144,1 1,144,1 1,20,1 1,10,1 1,20,1 1,144,1 1,144,1 0,0,0
0,0,0 1,68,1 12,0,2 12,0,2 12,0,2 12,0,2 12,0,2 1,68,1 0,0,0
0,0,0 1,64,1 1,64,1 1,64,1 1,64,1 1,64,1 1,64,1 1,64,1 0,0,0
0,0,0 0,0,0 0,0,0 0,0,0 0,0,0 0,0,0 0,0,0 0,0,0 0,0,0
0,0,0 0,0,0 0,0,0 0,0,0 0,0,0 0,0,0 0,0,0 0,0,0 0,0,0