MODE 0
BALL 60
STARS 0/1500/3605
ADDLINE 0,0,0 1,67,1 1,67,1 1,67,1 1,67,1 1,67,1 1,67,1 3,67,1 12,0,2
ADDLINE 0,0,0 12,0,2 0,0,0 0,0,0 1,72,1 20,72,1 1,72,1 5,72,1 0,0,0
ADDLINE 4,73,1 1,73,1 12,0,2 0,0,0 1,73,1 1,73,1 1,73,1 1,73,1 0,0,0
ADDLINE 1,81,1 1,81,1 8,0,2 3,81,1 1,81,1 1,81,1 4,81,1 12,0,2 0,0,0
ADDLINE 1,82,1 1,82,1 0,0,0 1,82,1 2,82,1 1,82,1 1,82,1 12,0,2 0,0,0
ADDLINE 0,0,0 0,0,0 12,0,2 0,0,0 1,90,1 1,90,1 0,0,0 0,0,0 2,90,1
ADDLINE 0,0,0 1,98,1 5,98,1 1,98,1 18,98,1 1,98,1 1,98,1 0,0,0 12,0,2
ADDLINE 0,0,0 1,107,1 3,107,1 1,107,1 3,107,1 1,107,1 1,107,1 12,0,2 8,0,2
ADDLINE 0,0,0 0,0,0 0,0,0 12,0,2 1,86,1 1,86,1 2,86,1 0,0,0 0,0,0
ADDLINE 3,90,1 1,90,1 1,90,1 2,90,1 1,90,1 12,0,2 1,90,1 0,0,0 5,90,1
ADDLINE 16,85,1 1,85,1 3,85,1 1,85,1 1,85,1 0,0,0 12,0,2 0,0,0 0,0,0
ADDLINE 1,85,1 2,85,1 1,85,1 1,85,1 1,85,1 12,0,2 1,85,1 1,85,1 1,85,1
ADDLINE 0,0,0 0,0,0 0,0,0 0,0,0 0,0,0 0,0,0 1,90,1 12,0,2 0,0,0
ADDLINE 1,95,1 12,0,2 1,95,1 3,95,1 4,95,1 1,95,1 1,95,1 0,0,0 1,95,1
ADDLINE 5,95,1 0,0,0 1,95,1 12,0,2 0,0,0 0,0,0 7,0,2 0,0,0 1,95,1
0,0,0 1,60,1 1,60,1 1,60,1 17,60,1 1,60,1 1,60,1 1,60,1 0,0,0
12,0,2 0,0,0 12,0,2 0,0,0 12,0,2 0,0,0 12,0,2 0,0,0 12,0,2
0,0,0 1,71,1 1,71,1 1,71,1 1,142,1 1,71,1 1,71,1 1,71,1 0,0,0
2,88,1 5,88,1 1,88,1 1,88,1 1,108,1 1,88,1 1,88,1 4,88,1 3,88,1
1,80,1 2,80,1 5,80,1 1,80,1 19,60,1 1,80,1 4,80,1 3,80,1 1,80,1
0,0,0 0,0,0 0,0,0 5,68,1 1,136,1 4,68,1 0,0,0 0,0,0 0,0,0
0,0,0 0,0,0 0,0,0 0,0,0 0,0,0 0,0,0 0,0,0 0,0,0 0,0,0
0,0,0 0,0,0 0,0,0 0,0,0 0,0,0 0,0,0 0,0,0 0,0,0 0,0,0
0,0,0 0,0,0 0,0,0 0,0,0 0,0,0 0,0,0 0,0,0 0,0,0 0,0,0