MODE 0
BALL 60
STARS 0/2000/4025
ADDLINE 0,0,0 3,71,1 0,0,0 0,0,0 12,0,2 1,71,1 4,71,1 1,71,1 0,0,0
ADDLINE 0,0,0 1,72,1 12,0,2 1,72,1 0,0,0 1,72,1 1,72,1 1,72,1 0,0,0
ADDLINE 0,0,0 1,73,1 0,0,0 1,73,1 0,0,0 1,73,1 10,0,2 12,0,2 0,0,0
ADDLINE 0,0,0 1,81,1 0,0,0 1,81,1 12,0,2 1,81,1 1,81,1 1,81,1 0,0,0
ADDLINE 0,0,0 1,82,1 0,0,0 1,82,1 0,0,0 4,82,1 12,0,2 0,0,0 0,0,0
ADDLINE 1,90,1 7,0,2 12,0,2 1,90,1 1,90,1 5,90,1 1,90,1 20,90,1 1,90,1
ADDLINE 0,0,0 1,98,1 0,0,0 12,0,2 0,0,0 1,98,1 1,98,1 1,98,1 0,0,0
ADDLINE 8,0,2 5,107,1 1,107,1 3,107,1 0,0,0 1,107,1 1,107,1 1,107,1 12,0,2
ADDLINE 0,0,0 1,86,1 1,86,1 1,86,1 0,0,0 1,86,1 20,86,1 1,86,1 12,0,2
ADDLINE 16,95,1 1,95,1 1,95,1 1,95,1 7,0,2 1,95,1 1,95,1 12,0,2 0,0,0
ADDLINE 1,85,1 5,85,1 12,0,2 1,85,1 1,85,1 1,85,1 1,85,1 3,85,1 1,8,1
ADDLINE 1,85,1 1,85,1 0,0,0 1,85,1 1,85,1 1,85,1 0,0,0 12,0,2 0,0,0
ADDLINE 0,0,0 7,0,2 12,0,2 1,90,1 1,90,1 1,90,1 1,90,1 1,90,1 1,90,1
ADDLINE 3,95,1 1,95,1 0,0,0 0,0,0 1,95,1 1,95,1 12,0,2 0,0,0 2,95,1
ADDLINE 1,95,1 19,5,1 1,95,1 1,95,1 1,95,1 1,95,1 12,0,2 1,95,1 0,0,0
1,83,1 1,83,1 12,0,2 1,83,1 1,83,1 1,83,1 12,0,2 1,83,1 1,83,1
1,82,1 1,82,1 0,0,0 5,82,1 12,0,2 4,82,1 0,0,0 1,82,1 1,82,1
1,81,1 1,81,1 2,81,1 0,0,0 0,0,0 0,0,0 3,81,1 1,81,1 1,81,1
1,77,1 12,0,2 0,0,0 0,0,0 22,0,2 0,0,0 0,0,0 12,0,2 1,77,1
1,62,1 1,62,1 1,62,1 0,0,0 0,0,0 0,0,0 1,62,1 1,62,1 1,62,1
0,0,0 1,60,1 1,60,1 2,60,1 11,0,2 3,60,1 1,60,1 1,60,1 0,0,0
0,0,0 0,0,0 0,0,0 0,0,0 0,0,0 0,0,0 0,0,0 0,0,0 0,0,0
0,0,0 0,0,0 0,0,0 0,0,0 0,0,0 0,0,0 0,0,0 0,0,0 0,0,0
0,0,0 0,0,0 0,0,0 0,0,0 0,0,0 0,0,0 0,0,0 0,0,0 0,0,0