MODE 0
BALL 60
STARS 0/1500/3675
ADDLINE 0,0,0 0,0,0 0,0,0 0,0,0 1,71,1 0,0,0 1,71,1 12,0,2 0,0,0
ADDLINE 0,0,0 0,0,0 1,68,1 1,68,1 1,68,1 12,0,2 1,68,1 3,68,1 0,0,0
ADDLINE 0,0,0 5,69,1 1,69,1 1,69,1 1,69,1 12,0,2 1,69,1 1,69,1 0,0,0
ADDLINE 8,0,2 1,81,1 1,81,1 1,81,1 0,0,0 12,0,2 1,81,1 1,81,1 0,0,0
ADDLINE 0,0,0 12,0,2 0,0,0 0,0,0 0,0,0 2,82,1 0,0,0 1,82,1 8,0,2
ADDLINE 0,0,0 1,90,1 1,90,1 1,90,1 0,0,0 1,90,1 0,0,0 12,0,2 0,0,0
ADDLINE 0,0,0 1,98,1 1,98,1 1,98,1 4,98,1 12,0,2 0,0,0 3,98,1 1,98,1
ADDLINE 0,0,0 1,107,1 12,0,2 7,0,2 0,0,0 0,0,0 4,107,1 1,107,1 1,107,1
ADDLINE 0,0,0 0,0,0 1,86,1 1,86,1 1,86,1 2,86,1 1,86,1 12,0,2 1,86,1
ADDLINE 1,95,1 5,95,1 0,0,0 1,95,1 12,0,2 1,95,1 0,0,0 0,0,0 0,0,0
ADDLINE 1,85,1 1,85,1 0,0,0 4,85,1 12,0,2 1,85,1 0,0,0 1,85,1 1,85,1
ADDLINE 0,0,0 0,0,0 0,0,0 1,85,1 12,0,2 7,0,2 0,0,0 3,85,1 0,0,0
ADDLINE 0,0,0 4,90,1 2,90,1 1,90,1 0,0,0 1,90,1 5,90,1 6,90,1 12,0,2
ADDLINE 0,0,0 1,95,1 0,0,0 0,0,0 12,0,2 1,95,1 1,95,1 1,95,1 0,0,0
ADDLINE 0,0,0 2,95,1 1,95,1 1,95,1 12,0,2 1,95,1 1,95,1 1,95,1 0,0,0
0,0,0 0,0,0 12,0,2 3,79,1 1,79,1 12,0,2 1,79,1 2,79,1 0,0,0
0,0,0 12,0,2 3,77,1 1,77,1 1,77,1 12,0,2 1,77,1 1,77,1 2,77,1
12,0,2 3,75,1 1,75,1 1,75,1 4,75,1 12,0,2 1,75,1 1,75,1 1,75,1
19,62,1 1,140,1 1,144,1 4,144,1 3,144,1 2,144,1 5,144,1 1,144,1 1,144,1
1,120,1 1,70,1 4,70,1 3,70,1 1,70,1 1,70,1 2,140,1 20,60,1 1,140,1
1,67,1 4,67,1 3,67,1 1,67,1 1,67,1 1,67,1 1,87,1 1,87,1 1,87,1
0,0,0 0,0,0 0,0,0 0,0,0 0,0,0 0,0,0 0,0,0 0,0,0 0,0,0
0,0,0 0,0,0 0,0,0 0,0,0 0,0,0 0,0,0 0,0,0 0,0,0 0,0,0
0,0,0 0,0,0 0,0,0 0,0,0 0,0,0 0,0,0 0,0,0 0,0,0 0,0,0