MODE 0
BALL 60
STARS 0/1500/3640
ADDLINE 0,0,0 7,0,2 12,0,2 1,71,1 0,0,0 1,71,1 1,71,1 1,71,1 1,71,1
ADDLINE 1,72,1 1,72,1 1,72,1 12,0,2 0,0,0 1,72,1 1,72,1 0,0,0 1,72,1
ADDLINE 1,73,1 1,73,1 1,73,1 0,0,0 1,73,1 0,0,0 12,0,2 0,0,0 1,73,1
ADDLINE 1,77,1 1,77,1 1,77,1 12,0,2 1,77,1 0,0,0 1,77,1 1,77,1 1,77,1
ADDLINE 0,0,0 12,0,2 0,0,0 0,0,0 0,0,0 0,0,0 1,82,1 1,82,1 1,82,1
ADDLINE 0,0,0 1,90,1 1,90,1 1,90,1 1,90,1 0,0,0 11,0,2 12,0,2 1,90,1
ADDLINE 8,0,2 1,94,1 1,94,1 1,94,1 1,94,1 1,94,1 1,94,1 12,0,2 1,94,1
ADDLINE 0,0,0 1,107,1 1,107,1 1,107,1 1,107,1 1,107,1 1,107,1 12,0,2 8,0,2
ADDLINE 0,0,0 0,0,0 1,86,1 6,86,1 1,86,1 1,86,1 1,86,1 1,86,1 12,0,2
ADDLINE 0,0,0 1,95,1 0,0,0 0,0,0 0,0,0 1,95,1 0,0,0 12,0,2 0,0,0
ADDLINE 0,0,0 1,90,1 12,0,2 1,90,1 1,90,1 1,90,1 1,90,1 1,90,1 0,0,0
ADDLINE 0,0,0 1,90,1 12,0,2 1,90,1 16,90,1 1,90,1 1,90,1 1,90,1 11,0,2
ADDLINE 1,95,1 1,95,1 12,0,2 1,95,1 1,95,1 1,95,1 1,95,1 1,95,1 0,0,0
ADDLINE 0,0,0 1,100,1 12,0,2 0,0,0 0,0,0 0,0,0 7,0,2 1,100,1 0,0,0
ADDLINE 11,0,2 1,100,1 0,0,0 1,100,1 1,100,1 1,100,1 12,0,2 1,100,1 1,100,1
17,171,1 1,171,1 17,171,1 1,171,1 17,171,1 1,171,1 17,171,1 1,171,1 19,20,1
1,171,1 12,0,2 1,1,1 12,0,2 1,171,1 12,0,2 1,1,1 12,0,2 1,171,1
1,171,1 1,1,1 1,171,1 1,1,1 1,171,1 1,1,1 1,171,1 1,1,1 1,171,1
1,171,1 1,1,1 1,171,1 1,1,1 1,171,1 1,1,1 1,171,1 1,1,1 1,171,1
1,171,1 1,1,1 1,171,1 12,0,2 1,1,1 12,0,2 1,171,1 1,1,1 7,0,2
1,171,1 1,1,1 1,171,1 1,171,1 1,171,1 1,171,1 1,171,1 1,171,1 16,171,1
0,0,0 0,0,0 0,0,0 0,0,0 0,0,0 0,0,0 0,0,0 0,0,0 0,0,0
0,0,0 0,0,0 0,0,0 0,0,0 0,0,0 0,0,0 0,0,0 0,0,0 0,0,0
0,0,0 0,0,0 0,0,0 0,0,0 0,0,0 0,0,0 0,0,0 0,0,0 0,0,0