MODE 0
BALL 60
STARS 0/1500/3745
ADDLINE 1,64,1 1,64,1 12,0,2 1,64,1 1,64,1 1,64,1 1,64,1 1,64,1 1,64,1
ADDLINE 1,72,1 12,0,2 0,0,0 0,0,0 0,0,0 1,72,1 0,0,0 0,0,0 0,0,0
ADDLINE 1,66,1 1,66,1 1,66,1 1,66,1 12,0,2 1,66,1 1,66,1 1,66,1 1,66,1
ADDLINE 0,0,0 0,0,0 0,0,0 1,81,1 10,0,2 0,0,0 12,0,2 0,0,0 0,0,0
ADDLINE 0,0,0 1,82,1 12,0,2 1,82,1 0,0,0 1,82,1 1,82,1 16,82,1 0,0,0
ADDLINE 0,0,0 1,90,1 11,0,2 1,90,1 12,0,2 1,90,1 1,90,1 1,90,1 0,0,0
ADDLINE 0,0,0 1,98,1 1,98,1 1,98,1 10,0,2 1,98,1 1,98,1 1,98,1 12,0,2
ADDLINE 0,0,0 18,107,1 0,0,0 12,0,2 0,0,0 1,107,1 1,107,1 1,107,1 8,0,2
ADDLINE 0,0,0 1,82,1 1,82,1 1,82,1 12,0,2 1,82,1 1,82,1 1,82,1 1,82,1
ADDLINE 1,90,1 1,90,1 1,90,1 1,90,1 12,0,2 1,90,1 1,90,1 1,90,1 0,0,0
ADDLINE 1,90,1 1,90,1 1,90,1 1,90,1 12,0,2 1,90,1 1,90,1 0,0,0 0,0,0
ADDLINE 1,90,1 1,90,1 1,90,1 1,90,1 0,0,0 0,0,0 11,0,2 12,0,2 0,0,0
ADDLINE 0,0,0 17,95,1 1,95,1 1,95,1 1,95,1 1,95,1 1,95,1 1,95,1 12,0,2
ADDLINE 0,0,0 12,0,2 0,0,0 0,0,0 0,0,0 0,0,0 0,0,0 1,100,1 0,0,0
ADDLINE 1,100,1 1,100,1 1,100,1 1,100,1 1,100,1 12,0,2 0,0,0 1,100,1 0,0,0
1,70,1 12,0,2 1,70,1 4,70,1 12,0,2 1,70,1 4,70,1 3,70,1 1,70,1
1,72,1 6,62,1 4,72,1 3,72,1 11,0,2 4,72,1 3,72,1 1,72,1 1,72,1
1,70,1 4,70,1 3,70,1 1,70,1 12,0,2 0,0,0 12,0,2 6,60,1 1,70,1
4,70,1 3,70,1 1,70,1 4,70,1 3,70,1 2,70,1 5,70,1 1,70,1 1,70,1
0,0,0 12,0,2 12,0,2 3,66,1 1,66,1 1,66,1 2,66,1 5,66,1 1,66,1
1,62,1 1,62,1 1,62,1 1,62,1 1,62,1 1,62,1 1,62,1 2,62,1 5,62,1
0,0,0 0,0,0 0,0,0 0,0,0 0,0,0 0,0,0 0,0,0 0,0,0 0,0,0
0,0,0 0,0,0 0,0,0 0,0,0 0,0,0 0,0,0 0,0,0 0,0,0 0,0,0
0,0,0 0,0,0 0,0,0 0,0,0 0,0,0 0,0,0 0,0,0 0,0,0 0,0,0