MODE 0
BALL 60
STARS 0/0/4410 35
ADDLINE 1,71,1 12,0,2 0,0,0 1,71,1 1,71,1 1,71,1 1,71,1 0,0,0 1,71,1
ADDLINE 1,72,1 12,0,2 0,0,0 11,0,2 0,0,0 1,72,1 0,0,0 0,0,0 1,72,1
ADDLINE 19,73,1 0,0,0 1,73,1 1,73,1 1,73,1 12,0,2 0,0,0 1,73,1 1,73,1
ADDLINE 1,81,1 0,0,0 0,0,0 12,0,2 0,0,0 1,81,1 1,81,1 0,0,0 1,81,1
ADDLINE 1,82,1 1,82,1 1,82,1 1,82,1 0,0,0 1,82,1 12,0,2 0,0,0 17,82,1
ADDLINE 1,86,1 1,86,1 1,86,1 1,86,1 12,0,2 1,86,1 8,0,2 1,86,1 1,86,1
ADDLINE 1,98,1 1,98,1 1,98,1 12,0,2 0,0,0 1,98,1 0,0,0 0,0,0 0,0,0
ADDLINE 1,107,1 1,107,1 1,107,1 8,0,2 12,0,2 0,0,0 0,0,0 0,0,0 1,107,1
ADDLINE 1,82,1 1,82,1 1,82,1 1,82,1 1,82,1 1,82,1 12,0,2 0,0,0 1,82,1
ADDLINE 1,95,1 0,0,0 0,0,0 12,0,2 1,95,1 1,95,1 1,95,1 0,0,0 1,95,1
ADDLINE 1,90,1 1,90,1 1,90,1 1,90,1 1,90,1 1,90,1 1,90,1 12,0,2 1,90,1
ADDLINE 1,90,1 1,90,1 1,90,1 0,0,0 0,0,0 11,0,2 12,0,2 0,0,0 1,90,1
ADDLINE 1,95,1 1,95,1 1,95,1 12,0,2 1,95,1 0,0,0 1,95,1 1,95,1 1,95,1
ADDLINE 0,0,0 10,0,2 1,100,1 0,0,0 1,100,1 0,0,0 1,100,1 12,0,2 1,100,1
ADDLINE 1,100,1 1,100,1 1,100,1 1,100,1 1,100,1 12,0,2 1,100,1 0,0,0 1,100,1
11,0,2 12,0,2 5,90,1 1,90,1 1,90,1 1,90,1 1,90,1 4,90,1 0,0,0
1,86,1 2,86,1 12,0,2 5,86,1 1,86,1 1,86,1 4,86,1 12,0,2 3,86,1
1,80,1 1,80,1 2,80,1 12,0,2 1,80,1 4,80,1 12,0,2 3,80,1 1,80,1
20,66,1 1,152,1 4,152,1 3,152,1 1,152,1 8,0,2 3,152,1 1,152,1 20,66,1
1,64,1 4,64,1 3,64,1 1,64,1 1,64,1 1,64,1 1,64,1 1,64,1 1,64,1
0,0,0 0,0,0 1,62,1 1,62,1 1,62,1 1,62,1 1,62,1 1,62,1 1,62,1
0,0,0 0,0,0 0,0,0 0,0,0 0,0,0 0,0,0 0,0,0 0,0,0 0,0,0
0,0,0 0,0,0 0,0,0 0,0,0 0,0,0 0,0,0 0,0,0 0,0,0 0,0,0
0,0,0 0,0,0 0,0,0 0,0,0 0,0,0 0,0,0 0,0,0 0,0,0 0,0,0