MODE 0
BALL 60
STARS 0/0/4130 35
ADDLINE 0,0,0 1,71,1 1,71,1 1,71,1 8,0,2 1,71,1 1,71,1 1,71,1 12,0,2
ADDLINE 0,0,0 1,72,1 1,72,1 1,72,1 1,72,1 1,72,1 1,72,1 1,72,1 12,0,2
ADDLINE 0,0,0 1,69,1 1,69,1 1,69,1 1,69,1 1,69,1 1,69,1 1,69,1 12,0,2
ADDLINE 0,0,0 20,81,1 0,0,0 0,0,0 0,0,0 1,81,1 0,0,0 12,0,2 0,0,0
ADDLINE 1,78,1 1,78,1 12,0,2 1,78,1 1,78,1 1,78,1 1,78,1 1,78,1 1,78,1
ADDLINE 0,0,0 0,0,0 0,0,0 1,90,1 0,0,0 0,0,0 12,0,2 0,0,0 0,0,0
ADDLINE 0,0,0 1,94,1 1,94,1 1,94,1 1,94,1 1,94,1 12,0,2 1,94,1 1,94,1
ADDLINE 0,0,0 1,107,1 1,107,1 1,107,1 20,107,1 1,107,1 12,0,2 1,107,1 1,107,1
ADDLINE 1,82,1 9,0,2 1,82,1 1,82,1 1,82,1 1,82,1 12,0,2 1,82,1 1,82,1
ADDLINE 1,95,1 1,95,1 1,95,1 12,0,2 1,95,1 1,95,1 0,0,0 1,95,1 1,95,1
ADDLINE 0,0,0 1,104,1 1,104,1 1,104,1 8,0,2 12,0,2 0,0,0 1,104,1 1,104,1
ADDLINE 0,0,0 1,113,1 1,113,1 1,113,1 12,0,2 1,113,1 1,113,1 1,113,1 1,113,1
ADDLINE 0,0,0 0,0,0 1,130,1 1,130,1 12,0,2 0,0,0 0,0,0 0,0,0 0,0,0
ADDLINE 1,132,1 0,0,0 0,0,0 12,0,2 0,0,0 1,132,1 1,132,1 1,132,1 0,0,0
ADDLINE 1,133,1 1,133,1 1,133,1 1,133,1 12,0,2 0,0,0 1,133,1 1,133,1 0,0,0
1,83,1 15,0,2 0,0,0 0,0,0 0,0,0 12,0,2 1,83,1 0,0,0 1,83,1
1,82,1 12,0,2 5,82,1 1,82,1 1,82,1 2,82,1 5,82,1 2,82,1 1,82,1
1,81,1 2,81,1 12,0,2 1,81,1 12,0,2 5,81,1 2,81,1 5,81,1 1,81,1
5,80,1 1,80,1 12,0,2 1,80,1 2,80,1 3,80,1 1,80,1 14,0,2 1,80,1
0,0,0 1,79,1 0,0,0 0,0,0 1,79,1 0,0,0 1,79,1 12,0,2 1,79,1
1,68,1 1,68,1 0,0,0 1,68,1 1,68,1 0,0,0 1,68,1 0,0,0 1,68,1
0,0,0 0,0,0 0,0,0 0,0,0 0,0,0 0,0,0 0,0,0 0,0,0 0,0,0
0,0,0 0,0,0 0,0,0 0,0,0 0,0,0 0,0,0 0,0,0 0,0,0 0,0,0
0,0,0 0,0,0 0,0,0 0,0,0 0,0,0 0,0,0 0,0,0 0,0,0 0,0,0