MODE 0
BALL 60
STARS 0/0/3745 35
ADDLINE 1,67,1 1,67,1 12,0,2 0,0,0 1,67,1 1,67,1 1,67,1 1,67,1 1,67,1
ADDLINE 0,0,0 8,0,2 1,72,1 1,72,1 0,0,0 0,0,0 12,0,2 1,72,1 1,72,1
ADDLINE 0,0,0 0,0,0 0,0,0 12,0,2 1,73,1 1,73,1 0,0,0 1,73,1 1,73,1
ADDLINE 1,73,1 1,73,1 1,73,1 1,73,1 1,73,1 1,73,1 12,0,2 1,73,1 1,73,1
ADDLINE 1,82,1 12,0,2 10,0,2 0,0,0 0,0,0 1,82,1 0,0,0 19,82,1 1,82,1
ADDLINE 0,0,0 0,0,0 1,90,1 1,90,1 0,0,0 12,0,2 1,90,1 1,90,1 1,90,1
ADDLINE 0,0,0 1,98,1 12,0,2 0,0,0 0,0,0 1,98,1 1,98,1 1,98,1 1,98,1
ADDLINE 0,0,0 1,102,1 12,0,2 1,102,1 1,102,1 1,102,1 1,102,1 1,102,1 1,102,1
ADDLINE 0,0,0 12,0,2 0,0,0 1,86,1 1,86,1 10,0,2 1,86,1 1,86,1 20,86,1
ADDLINE 1,86,1 1,86,1 1,86,1 1,86,1 1,86,1 1,86,1 12,0,2 1,86,1 1,86,1
ADDLINE 0,0,0 0,0,0 0,0,0 0,0,0 0,0,0 0,0,0 12,0,2 1,104,1 0,0,0
ADDLINE 1,107,1 1,107,1 1,107,1 1,107,1 12,0,2 1,107,1 1,107,1 1,107,1 0,0,0
ADDLINE 1,130,1 20,130,1 0,0,0 12,0,2 0,0,0 1,130,1 0,0,0 0,0,0 0,0,0
ADDLINE 1,125,1 1,125,1 12,0,2 1,125,1 1,125,1 1,125,1 1,125,1 1,125,1 0,0,0
ADDLINE 1,133,1 1,133,1 0,0,0 1,133,1 0,0,0 12,0,2 0,0,0 0,0,0 0,0,0
4,73,1 15,0,2 0,0,0 12,0,2 0,0,0 0,0,0 1,73,1 14,0,2 0,0,0
0,0,0 0,0,0 1,66,1 1,66,1 1,66,1 1,66,1 1,66,1 12,0,2 1,66,1
2,71,1 0,0,0 12,0,2 0,0,0 0,0,0 3,71,1 1,71,1 0,0,0 1,71,1
1,67,1 1,67,1 1,67,1 0,0,0 3,67,1 12,0,2 1,67,1 0,0,0 1,67,1
0,0,0 0,0,0 0,0,0 12,0,2 1,69,1 0,0,0 1,69,1 0,0,0 1,69,1
1,68,1 1,68,1 1,68,1 1,68,1 1,68,1 12,0,2 1,68,1 0,0,0 1,68,1
0,0,0 0,0,0 0,0,0 0,0,0 0,0,0 0,0,0 0,0,0 0,0,0 0,0,0
0,0,0 0,0,0 0,0,0 0,0,0 0,0,0 0,0,0 0,0,0 0,0,0 0,0,0
0,0,0 0,0,0 0,0,0 0,0,0 0,0,0 0,0,0 0,0,0 0,0,0 0,0,0