MODE 0
BALL 60
STARS 0/0/3745 35
ADDLINE 3,64,1 1,64,1 1,64,1 1,64,1 12,0,2 1,64,1 4,64,1 1,64,1 4,64,1
ADDLINE 3,72,1 1,72,1 1,72,1 1,72,1 8,0,2 1,72,1 0,0,0 12,0,2 0,0,0
ADDLINE 1,69,1 2,69,1 20,69,1 1,69,1 12,0,2 1,69,1 0,0,0 1,69,1 1,69,1
ADDLINE 0,0,0 0,0,0 0,0,0 5,81,1 0,0,0 1,81,1 0,0,0 1,81,1 12,0,2
ADDLINE 0,0,0 1,82,1 1,82,1 1,82,1 0,0,0 1,82,1 12,0,2 1,82,1 0,0,0
ADDLINE 0,0,0 1,90,1 0,0,0 3,90,1 0,0,0 2,90,1 12,0,2 1,90,1 0,0,0
ADDLINE 0,0,0 1,98,1 12,0,2 4,98,1 8,0,2 1,98,1 1,98,1 1,98,1 1,98,1
ADDLINE 0,0,0 0,0,0 0,0,0 2,107,1 0,0,0 1,107,1 0,0,0 12,0,2 0,0,0
ADDLINE 0,0,0 1,86,1 5,86,1 1,86,1 12,0,2 1,86,1 0,0,0 2,86,1 1,86,1
ADDLINE 3,95,1 1,95,1 2,95,1 0,0,0 0,0,0 0,0,0 12,0,2 0,0,0 0,0,0
ADDLINE 1,104,1 1,104,1 5,104,1 0,0,0 1,104,1 1,104,1 12,0,2 0,0,0 0,0,0
ADDLINE 1,113,1 8,0,2 12,0,2 0,0,0 1,113,1 1,113,1 0,0,0 1,113,1 1,113,1
ADDLINE 1,124,1 12,0,2 3,124,1 1,124,1 1,124,1 1,124,1 1,124,1 0,0,0 1,124,1
ADDLINE 1,125,1 12,0,2 5,125,1 1,125,1 1,125,1 5,125,1 1,125,1 10,0,2 1,125,1
ADDLINE 1,133,1 0,0,0 0,0,0 0,0,0 0,0,0 12,0,2 0,0,0 0,0,0 2,133,1
14,0,2 1,73,1 1,73,1 1,73,1 1,73,1 1,73,1 1,73,1 1,73,1 1,73,1
0,0,0 0,0,0 0,0,0 0,0,0 0,0,0 0,0,0 0,0,0 0,0,0 0,0,0
1,71,1 1,71,1 1,71,1 1,71,1 1,71,1 1,71,1 1,71,1 1,71,1 0,0,0
0,0,0 12,0,2 12,0,2 12,0,2 12,0,2 12,0,2 12,0,2 0,0,0 15,0,2
0,0,0 1,69,1 1,69,1 1,69,1 1,69,1 1,69,1 1,69,1 1,69,1 1,69,1
0,0,0 1,68,1 1,68,1 1,68,1 1,68,1 1,68,1 1,68,1 1,68,1 1,68,1
0,0,0 0,0,0 0,0,0 0,0,0 0,0,0 0,0,0 0,0,0 0,0,0 0,0,0
0,0,0 0,0,0 0,0,0 0,0,0 0,0,0 0,0,0 0,0,0 0,0,0 0,0,0
0,0,0 0,0,0 0,0,0 0,0,0 0,0,0 0,0,0 0,0,0 0,0,0 0,0,0