MODE 0
BALL 60
STARS 0/0/3920 35
ADDLINE 1,71,1 0,0,0 0,0,0 0,0,0 0,0,0 0,0,0 1,71,1 12,0,2 0,0,0
ADDLINE 1,65,1 1,65,1 1,65,1 4,65,1 4,65,1 1,65,1 1,65,1 1,65,1 12,0,2
ADDLINE 5,73,1 1,73,1 12,0,2 0,0,0 1,73,1 2,73,1 20,73,1 1,73,1 0,0,0
ADDLINE 1,77,1 3,77,1 5,77,1 12,0,2 1,77,1 1,77,1 1,77,1 1,77,1 0,0,0
ADDLINE 4,82,1 1,82,1 1,82,1 0,0,0 1,82,1 12,0,2 1,82,1 0,0,0 0,0,0
ADDLINE 0,0,0 0,0,0 12,0,2 11,0,2 1,90,1 0,0,0 1,90,1 0,0,0 1,90,1
ADDLINE 1,98,1 1,98,1 4,98,1 0,0,0 0,0,0 12,0,2 1,98,1 0,0,0 0,0,0
ADDLINE 1,102,1 1,102,1 1,102,1 12,0,2 2,102,1 1,102,1 1,102,1 1,102,1 0,0,0
ADDLINE 0,0,0 18,86,1 1,86,1 0,0,0 0,0,0 1,86,1 3,86,1 12,0,2 0,0,0
ADDLINE 7,0,2 1,95,1 12,0,2 4,95,1 8,0,2 1,95,1 1,95,1 1,95,1 1,95,1
ADDLINE 5,99,1 1,99,1 12,0,2 1,99,1 0,0,0 1,99,1 1,99,1 1,99,1 4,99,1
ADDLINE 1,113,1 1,113,1 0,0,0 2,113,1 0,0,0 0,0,0 0,0,0 12,0,2 0,0,0
ADDLINE 1,124,1 1,124,1 12,0,2 1,124,1 0,0,0 1,124,1 1,124,1 2,124,1 1,124,1
ADDLINE 1,132,1 1,132,1 0,0,0 7,0,2 12,0,2 0,0,0 0,0,0 1,132,1 0,0,0
ADDLINE 1,127,1 2,127,1 12,0,2 1,127,1 5,127,1 4,127,1 1,127,1 1,127,1 0,0,0
4,70,1 15,0,2 5,70,1 1,70,1 2,70,1 0,0,0 3,70,1 2,70,1 1,70,1
2,72,1 1,72,1 3,72,1 1,72,1 2,72,1 12,0,2 3,72,1 1,72,1 14,0,2
1,71,1 0,0,0 1,71,1 1,71,1 2,71,1 12,0,2 3,71,1 2,71,1 0,0,0
1,70,1 12,0,2 0,0,0 0,0,0 2,70,1 12,0,2 3,70,1 1,70,1 0,0,0
1,67,1 1,67,1 1,67,1 1,67,1 2,67,1 12,0,2 3,67,1 2,67,1 0,0,0
0,0,0 0,0,0 0,0,0 0,0,0 0,0,0 12,0,2 1,68,1 1,68,1 0,0,0
0,0,0 0,0,0 0,0,0 0,0,0 0,0,0 0,0,0 0,0,0 0,0,0 0,0,0
0,0,0 0,0,0 0,0,0 0,0,0 0,0,0 0,0,0 0,0,0 0,0,0 0,0,0
0,0,0 0,0,0 0,0,0 0,0,0 0,0,0 0,0,0 0,0,0 0,0,0 0,0,0