MODE 0
BALL 60
STARS 0/0/4375 35
ADDLINE 0,0,0 0,0,0 0,0,0 1,71,1 20,71,1 1,71,1 1,71,1 1,71,1 12,0,2
ADDLINE 0,0,0 1,72,1 12,0,2 1,72,1 1,72,1 1,72,1 3,72,1 4,72,1 0,0,0
ADDLINE 0,0,0 5,73,1 10,0,2 12,0,2 0,0,0 0,0,0 0,0,0 1,73,1 0,0,0
ADDLINE 1,73,1 1,73,1 1,73,1 1,73,1 1,73,1 1,73,1 12,0,2 3,73,1 1,73,1
ADDLINE 0,0,0 0,0,0 0,0,0 12,0,2 0,0,0 1,82,1 0,0,0 1,82,1 0,0,0
ADDLINE 3,81,1 1,81,1 1,81,1 1,81,1 1,81,1 1,81,1 12,0,2 2,81,1 5,81,1
ADDLINE 1,98,1 1,98,1 0,0,0 2,98,1 0,0,0 12,0,2 0,0,0 1,98,1 1,98,1
ADDLINE 4,107,1 3,107,1 0,0,0 1,107,1 12,0,2 1,107,1 10,0,2 1,107,1 1,107,1
ADDLINE 0,0,0 7,0,2 12,0,2 1,86,1 0,0,0 1,86,1 0,0,0 4,86,1 1,86,1
ADDLINE 0,0,0 0,0,0 0,0,0 12,0,2 1,95,1 1,95,1 1,95,1 3,95,1 4,95,1
ADDLINE 0,0,0 1,104,1 1,104,1 1,104,1 0,0,0 0,0,0 0,0,0 12,0,2 1,104,1
ADDLINE 0,0,0 0,0,0 0,0,0 0,0,0 1,113,1 1,113,1 1,113,1 12,0,2 2,113,1
ADDLINE 1,117,1 3,117,1 1,117,1 1,117,1 1,117,1 2,117,1 1,117,1 1,117,1 12,0,2
ADDLINE 5,132,1 12,0,2 0,0,0 8,0,2 1,132,1 20,132,1 1,132,1 3,132,1 0,0,0
ADDLINE 1,127,1 12,0,2 1,127,1 5,127,1 1,127,1 1,127,1 1,127,1 1,127,1 0,0,0
15,0,2 12,0,2 12,0,2 3,69,1 1,69,1 4,69,1 3,69,1 1,69,1 1,69,1
1,70,1 2,70,1 5,70,1 1,70,1 1,70,1 2,70,1 5,70,1 1,70,1 14,0,2
1,71,1 1,71,1 2,71,1 5,71,1 1,71,1 4,71,1 3,71,1 1,71,1 12,0,2
1,72,1 1,72,1 4,72,1 3,72,1 1,72,1 2,72,1 5,72,1 1,72,1 12,0,2
1,73,1 1,73,1 2,73,1 5,73,1 1,73,1 4,73,1 3,73,1 1,73,1 12,0,2
1,64,1 1,64,1 4,64,1 3,64,1 1,64,1 2,64,1 5,64,1 1,64,1 12,0,2
0,0,0 0,0,0 0,0,0 0,0,0 0,0,0 0,0,0 0,0,0 0,0,0 0,0,0
0,0,0 0,0,0 0,0,0 0,0,0 0,0,0 0,0,0 0,0,0 0,0,0 0,0,0
0,0,0 0,0,0 0,0,0 0,0,0 0,0,0 0,0,0 0,0,0 0,0,0 0,0,0