MODE 0
BALL 60
STARS 0/0/3605 35
ADDLINE 1,71,1 1,71,1 1,71,1 0,0,0 12,0,2 0,0,0 0,0,0 0,0,0 0,0,0
ADDLINE 0,0,0 12,0,2 0,0,0 0,0,0 0,0,0 0,0,0 1,72,1 2,72,1 0,0,0
ADDLINE 0,0,0 12,0,2 3,73,1 1,73,1 8,0,2 1,73,1 1,73,1 1,73,1 4,73,1
ADDLINE 2,77,1 12,0,2 1,77,1 1,77,1 0,0,0 1,77,1 1,77,1 1,77,1 1,77,1
ADDLINE 1,82,1 12,0,2 1,82,1 0,0,0 0,0,0 5,82,1 0,0,0 1,82,1 3,82,1
ADDLINE 1,90,1 0,0,0 0,0,0 1,90,1 12,0,2 0,0,0 0,0,0 20,90,1 2,90,1
ADDLINE 20,94,1 1,94,1 12,0,2 1,94,1 0,0,0 1,94,1 5,94,1 4,94,1 2,94,1
ADDLINE 1,102,1 1,102,1 12,0,2 1,102,1 0,0,0 1,102,1 1,102,1 2,102,1 1,102,1
ADDLINE 0,0,0 5,86,1 12,0,2 0,0,0 1,86,1 20,86,1 1,86,1 1,86,1 1,86,1
ADDLINE 0,0,0 1,95,1 0,0,0 1,95,1 12,0,2 1,95,1 0,0,0 0,0,0 0,0,0
ADDLINE 1,94,1 1,94,1 3,94,1 2,94,1 12,0,2 1,94,1 5,94,1 1,94,1 1,94,1
ADDLINE 0,0,0 0,0,0 12,0,2 1,113,1 8,0,2 0,0,0 0,0,0 0,0,0 0,0,0
ADDLINE 1,117,1 1,117,1 1,117,1 4,117,1 12,0,2 2,117,1 5,117,1 1,117,1 1,117,1
ADDLINE 0,0,0 0,0,0 0,0,0 1,132,1 12,0,2 1,132,1 0,0,0 0,0,0 0,0,0
ADDLINE 1,127,1 1,127,1 12,0,2 1,127,1 4,127,1 1,127,1 0,0,0 1,127,1 1,127,1
0,0,0 1,65,1 0,0,0 1,65,1 0,0,0 1,65,1 15,0,2 1,65,1 0,0,0
1,66,1 0,0,0 1,66,1 0,0,0 1,66,1 0,0,0 1,66,1 0,0,0 1,66,1
0,0,0 1,67,1 0,0,0 1,67,1 0,0,0 1,67,1 0,0,0 1,67,1 0,0,0
1,68,1 0,0,0 1,68,1 0,0,0 1,68,1 0,0,0 1,68,1 0,0,0 1,68,1
0,0,0 1,69,1 0,0,0 1,69,1 0,0,0 1,69,1 0,0,0 1,69,1 0,0,0
1,70,1 14,0,2 1,70,1 0,0,0 1,70,1 0,0,0 1,70,1 0,0,0 1,70,1
0,0,0 0,0,0 0,0,0 0,0,0 0,0,0 0,0,0 0,0,0 0,0,0 0,0,0
0,0,0 0,0,0 0,0,0 0,0,0 0,0,0 0,0,0 0,0,0 0,0,0 0,0,0
0,0,0 0,0,0 0,0,0 0,0,0 0,0,0 0,0,0 0,0,0 0,0,0 0,0,0