MODE 0
BALL 60
STARS 0/0/4480 35
ADDLINE 1,71,1 1,71,1 0,0,0 0,0,0 12,0,2 0,0,0 10,0,2 1,71,1 1,71,1
ADDLINE 1,72,1 1,72,1 0,0,0 1,72,1 1,72,1 1,72,1 12,0,2 0,0,0 1,72,1
ADDLINE 1,73,1 1,73,1 0,0,0 0,0,0 12,0,2 1,73,1 1,73,1 1,73,1 0,0,0
ADDLINE 1,73,1 1,73,1 1,73,1 1,73,1 1,73,1 1,73,1 1,73,1 1,73,1 12,0,2
ADDLINE 1,82,1 1,82,1 0,0,0 12,0,2 0,0,0 1,82,1 1,82,1 0,0,0 0,0,0
ADDLINE 0,0,0 10,0,2 12,0,2 1,90,1 1,90,1 1,90,1 1,90,1 1,90,1 1,90,1
ADDLINE 0,0,0 1,98,1 1,98,1 0,0,0 0,0,0 0,0,0 0,0,0 12,0,2 1,98,1
ADDLINE 1,97,1 1,97,1 1,97,1 12,0,2 1,97,1 1,97,1 1,97,1 1,97,1 1,97,1
ADDLINE 0,0,0 12,0,2 0,0,0 1,86,1 19,86,1 1,86,1 1,86,1 1,86,1 1,86,1
ADDLINE 1,95,1 12,0,2 1,95,1 0,0,0 1,95,1 0,0,0 0,0,0 0,0,0 0,0,0
ADDLINE 1,104,1 12,0,2 1,104,1 0,0,0 1,104,1 0,0,0 1,104,1 1,104,1 1,104,1
ADDLINE 0,0,0 0,0,0 0,0,0 0,0,0 1,113,1 12,0,2 1,113,1 1,113,1 1,113,1
ADDLINE 1,86,1 12,0,2 1,86,1 1,86,1 1,86,1 0,0,0 1,86,1 1,86,1 1,86,1
ADDLINE 1,100,1 0,0,0 1,100,1 12,0,2 0,0,0 0,0,0 1,100,1 1,100,1 1,100,1
ADDLINE 1,109,1 12,0,2 1,109,1 0,0,0 1,109,1 0,0,0 1,109,1 1,109,1 1,109,1
ADDLINE 20,135,1 0,0,0 1,135,1 12,0,2 1,135,1 0,0,0 10,0,2 0,0,0 1,135,1
ADDLINE 1,123,1 1,123,1 1,123,1 1,123,1 1,123,1 12,0,2 1,123,1 1,123,1 1,123,1
ADDLINE 0,0,0 0,0,0 0,0,0 12,0,2 1,138,1 0,0,0 1,138,1 1,138,1 1,138,1
0,0,0 0,0,0 6,63,1 1,73,1 1,73,1 12,0,2 1,73,1 0,0,0 1,73,1
1,69,1 1,69,1 1,69,1 1,69,1 1,69,1 12,0,2 1,69,1 0,0,0 1,69,1
1,71,1 0,0,0 0,0,0 0,0,0 0,0,0 0,0,0 1,71,1 12,0,2 0,0,0
1,70,1 12,0,2 20,60,1 1,140,1 1,70,1 1,70,1 1,70,1 22,0,2 1,70,1
1,69,1 12,0,2 1,118,1 0,0,0 0,0,0 0,0,0 1,69,1 0,0,0 1,69,1
1,68,1 12,0,2 1,68,1 0,0,0 1,68,1 1,68,1 21,58,1 0,0,0 1,68,1
0,0,0 0,0,0 0,0,0 0,0,0 0,0,0 0,0,0 0,0,0 0,0,0 0,0,0
0,0,0 0,0,0 0,0,0 0,0,0 0,0,0 0,0,0 0,0,0 0,0,0 0,0,0
0,0,0 0,0,0 0,0,0 0,0,0 0,0,0 0,0,0 0,0,0 0,0,0 0,0,0