MODE 0
BALL 60
STARS 0/0/4515 35
ADDLINE 1,71,1 8,0,2 0,0,0 12,0,2 1,71,1 0,0,0 1,71,1 0,0,0 1,71,1
ADDLINE 1,72,1 12,0,2 1,72,1 0,0,0 1,72,1 1,72,1 1,72,1 0,0,0 1,72,1
ADDLINE 1,73,1 12,0,2 1,73,1 0,0,0 0,0,0 0,0,0 0,0,0 0,0,0 0,0,0
ADDLINE 1,77,1 12,0,2 1,77,1 1,77,1 20,77,1 1,77,1 1,77,1 0,0,0 1,77,1
ADDLINE 1,82,1 0,0,0 1,82,1 12,0,2 1,82,1 1,82,1 1,82,1 0,0,0 1,82,1
ADDLINE 1,90,1 0,0,0 1,90,1 12,0,2 1,90,1 1,90,1 1,90,1 0,0,0 1,90,1
ADDLINE 1,98,1 0,0,0 1,98,1 12,0,2 1,98,1 1,98,1 1,98,1 0,0,0 0,0,0
ADDLINE 1,97,1 1,97,1 1,97,1 12,0,2 20,97,1 1,97,1 1,97,1 1,97,1 1,97,1
ADDLINE 1,86,1 1,86,1 1,86,1 0,0,0 0,0,0 12,0,2 1,86,1 0,0,0 1,86,1
ADDLINE 1,95,1 0,0,0 0,0,0 12,0,2 0,0,0 0,0,0 1,95,1 1,95,1 1,95,1
ADDLINE 1,104,1 0,0,0 0,0,0 0,0,0 1,104,1 12,0,2 0,0,0 0,0,0 0,0,0
ADDLINE 1,113,1 1,113,1 1,113,1 0,0,0 12,0,2 1,113,1 1,113,1 1,113,1 0,0,0
ADDLINE 1,90,1 1,90,1 6,90,1 0,0,0 0,0,0 12,0,2 0,0,0 0,0,0 0,0,0
ADDLINE 1,95,1 1,95,1 1,95,1 1,95,1 1,95,1 12,0,2 1,95,1 0,0,0 1,95,1
ADDLINE 17,104,1 1,104,1 1,104,1 1,104,1 1,104,1 12,0,2 1,104,1 8,0,2 1,104,1
ADDLINE 1,135,1 1,135,1 1,135,1 0,0,0 0,0,0 0,0,0 12,0,2 0,0,0 1,135,1
ADDLINE 1,136,1 1,136,1 0,0,0 12,0,2 0,0,0 0,0,0 0,0,0 1,136,1 1,136,1
ADDLINE 1,131,1 1,131,1 12,0,2 1,131,1 1,131,1 0,0,0 1,131,1 1,131,1 1,131,1
0,0,0 14,0,2 1,73,1 1,73,1 1,73,1 1,73,1 0,0,0 12,0,2 1,73,1
0,0,0 1,72,1 1,72,1 1,72,1 1,72,1 1,72,1 1,72,1 12,0,2 12,0,2
0,0,0 1,71,1 10,0,2 12,0,2 1,71,1 1,71,1 1,71,1 1,71,1 12,0,2
0,0,0 1,70,1 0,0,0 12,0,2 1,70,1 1,70,1 1,70,1 1,70,1 15,0,2
0,0,0 1,69,1 1,69,1 1,69,1 1,69,1 1,69,1 1,69,1 1,69,1 1,69,1
0,0,0 1,68,1 1,68,1 1,68,1 1,68,1 0,0,0 1,68,1 1,68,1 1,68,1
0,0,0 0,0,0 0,0,0 0,0,0 0,0,0 0,0,0 0,0,0 0,0,0 0,0,0
0,0,0 0,0,0 0,0,0 0,0,0 0,0,0 0,0,0 0,0,0 0,0,0 0,0,0
0,0,0 0,0,0 0,0,0 0,0,0 0,0,0 0,0,0 0,0,0 0,0,0 0,0,0