MODE 0
BALL 60
STARS 0/0/4970 35
ADDLINE 1,67,1 1,67,1 1,67,1 1,67,1 12,0,2 1,67,1 8,0,2 1,67,1 1,67,1
ADDLINE 1,72,1 1,72,1 17,72,1 0,0,0 12,0,2 1,72,1 0,0,0 0,0,0 0,0,0
ADDLINE 1,73,1 1,73,1 1,73,1 1,73,1 1,73,1 0,0,0 12,0,2 0,0,0 0,0,0
ADDLINE 1,77,1 1,77,1 1,77,1 12,0,2 1,77,1 0,0,0 1,77,1 1,77,1 1,77,1
ADDLINE 1,82,1 1,82,1 1,82,1 0,0,0 12,0,2 0,0,0 1,82,1 1,82,1 1,82,1
ADDLINE 1,90,1 1,90,1 1,90,1 1,90,1 0,0,0 0,0,0 12,0,2 0,0,0 0,0,0
ADDLINE 1,98,1 1,98,1 1,98,1 0,0,0 8,0,2 1,98,1 1,98,1 12,0,2 0,0,0
ADDLINE 1,107,1 20,107,1 1,107,1 0,0,0 0,0,0 0,0,0 12,0,2 0,0,0 1,107,1
ADDLINE 1,86,1 1,86,1 0,0,0 12,0,2 1,86,1 1,86,1 10,0,2 1,86,1 1,86,1
ADDLINE 1,86,1 1,86,1 1,86,1 1,86,1 1,86,1 1,86,1 1,86,1 12,0,2 1,86,1
ADDLINE 0,0,0 0,0,0 0,0,0 12,0,2 1,104,1 1,104,1 1,104,1 0,0,0 17,104,1
ADDLINE 1,113,1 12,0,2 1,113,1 0,0,0 1,113,1 1,113,1 1,113,1 11,0,2 1,113,1
ADDLINE 1,90,1 12,0,2 17,90,1 1,90,1 1,90,1 1,90,1 1,90,1 11,0,2 1,90,1
ADDLINE 1,95,1 12,0,2 1,95,1 1,95,1 1,95,1 1,95,1 1,95,1 16,95,1 1,95,1
ADDLINE 0,0,0 0,0,0 0,0,0 0,0,0 12,0,2 0,0,0 1,109,1 0,0,0 0,0,0
ADDLINE 1,135,1 12,0,2 1,135,1 1,135,1 1,135,1 0,0,0 1,135,1 0,0,0 1,135,1
ADDLINE 1,136,1 12,0,2 1,136,1 0,0,0 1,136,1 0,0,0 1,136,1 0,0,0 1,136,1
ADDLINE 1,131,1 1,131,1 1,131,1 12,0,2 1,131,1 0,0,0 1,131,1 1,131,1 1,131,1
1,60,1 1,2,1 1,60,1 0,0,0 1,60,1 1,60,1 1,60,1 8,0,2 1,60,1
1,61,1 8,0,2 1,61,1 0,0,0 5,61,1 1,61,1 1,61,1 1,2,1 1,61,1
1,62,1 1,2,1 1,62,1 2,62,1 0,0,0 5,62,1 1,62,1 8,0,2 1,62,1
1,63,1 8,0,2 1,63,1 1,63,1 2,63,1 0,0,0 1,63,1 1,2,1 1,63,1
1,64,1 1,64,1 1,64,1 1,64,1 1,64,1 0,0,0 1,64,1 8,0,2 1,64,1
1,65,1 8,0,2 1,65,1 1,65,1 1,65,1 0,0,0 1,65,1 1,65,1 1,65,1
0,0,0 0,0,0 0,0,0 0,0,0 0,0,0 0,0,0 0,0,0 0,0,0 0,0,0
0,0,0 0,0,0 0,0,0 0,0,0 0,0,0 0,0,0 0,0,0 0,0,0 0,0,0
0,0,0 0,0,0 0,0,0 0,0,0 0,0,0 0,0,0 0,0,0 0,0,0 0,0,0