MODE 0
BALL 60
STARS 0/0/4235 35
ADDLINE 0,0,0 12,0,2 1,71,1 1,71,1 0,0,0 0,0,0 0,0,0 1,71,1 1,71,1
ADDLINE 1,65,1 1,65,1 1,65,1 1,65,1 1,65,1 1,65,1 1,65,1 12,0,2 1,65,1
ADDLINE 0,0,0 0,0,0 12,0,2 0,0,0 0,0,0 0,0,0 1,73,1 0,0,0 1,73,1
ADDLINE 1,81,1 0,0,0 20,81,1 1,81,1 1,81,1 12,0,2 1,81,1 0,0,0 1,81,1
ADDLINE 1,82,1 0,0,0 1,82,1 0,0,0 12,0,2 0,0,0 1,82,1 0,0,0 1,82,1
ADDLINE 1,81,1 1,81,1 20,81,1 1,81,1 1,81,1 1,81,1 1,81,1 12,0,2 1,81,1
ADDLINE 0,0,0 0,0,0 0,0,0 12,0,2 1,98,1 1,98,1 20,98,1 0,0,0 0,0,0
ADDLINE 1,97,1 1,97,1 1,97,1 1,97,1 1,97,1 1,97,1 1,97,1 12,0,2 1,97,1
ADDLINE 1,86,1 1,86,1 1,86,1 12,0,2 0,0,0 0,0,0 11,0,2 0,0,0 0,0,0
ADDLINE 1,90,1 1,90,1 12,0,2 6,90,1 1,90,1 1,90,1 1,90,1 1,90,1 0,0,0
ADDLINE 1,104,1 0,0,0 12,0,2 1,104,1 1,104,1 1,104,1 1,104,1 1,104,1 0,0,0
ADDLINE 0,0,0 7,0,2 1,113,1 1,113,1 1,113,1 0,0,0 12,0,2 0,0,0 0,0,0
ADDLINE 0,0,0 1,90,1 12,0,2 0,0,0 0,0,0 0,0,0 1,90,1 1,90,1 11,0,2
ADDLINE 1,100,1 1,100,1 1,100,1 12,0,2 1,100,1 1,100,1 1,100,1 0,0,0 0,0,0
ADDLINE 1,109,1 9,0,2 1,109,1 12,0,2 1,109,1 1,109,1 0,0,0 0,0,0 0,0,0
ADDLINE 1,135,1 1,135,1 1,135,1 0,0,0 12,0,2 1,135,1 0,0,0 1,135,1 0,0,0
ADDLINE 1,136,1 1,136,1 1,136,1 1,136,1 1,136,1 0,0,0 12,0,2 1,136,1 0,0,0
ADDLINE 1,138,1 1,138,1 1,138,1 1,138,1 1,138,1 0,0,0 12,0,2 0,0,0 0,0,0
1,73,1 6,63,1 1,73,1 12,0,2 0,0,0 1,73,1 0,0,0 1,73,1 1,73,1
1,69,1 1,69,1 1,69,1 12,0,2 1,69,1 1,69,1 0,0,0 1,69,1 1,69,1
1,71,1 1,71,1 1,71,1 9,0,2 0,0,0 0,0,0 12,0,2 0,0,0 0,0,0
1,67,1 1,67,1 1,67,1 1,67,1 1,67,1 1,67,1 1,67,1 12,0,2 0,0,0
1,69,1 6,59,1 1,69,1 1,69,1 12,0,2 1,69,1 1,69,1 0,0,0 8,0,2
0,0,0 0,0,0 0,0,0 12,0,2 0,0,0 1,68,1 0,0,0 11,0,2 0,0,0
0,0,0 0,0,0 0,0,0 0,0,0 0,0,0 0,0,0 0,0,0 0,0,0 0,0,0
0,0,0 0,0,0 0,0,0 0,0,0 0,0,0 0,0,0 0,0,0 0,0,0 0,0,0
0,0,0 0,0,0 0,0,0 0,0,0 0,0,0 0,0,0 0,0,0 0,0,0 0,0,0