MODE 0
BALL 60
STARS 0/0/4515 35
ADDLINE 1,64,1 1,64,1 1,64,1 1,64,1 1,64,1 1,64,1 12,0,2 1,64,1 1,64,1
ADDLINE 0,0,0 0,0,0 12,0,2 0,0,0 11,0,2 0,0,0 0,0,0 1,72,1 1,72,1
ADDLINE 12,0,2 1,66,1 1,66,1 1,66,1 1,66,1 1,66,1 1,66,1 1,66,1 1,66,1
ADDLINE 0,0,0 12,0,2 1,77,1 8,0,2 1,77,1 1,77,1 1,77,1 1,77,1 1,77,1
ADDLINE 1,82,1 0,0,0 0,0,0 0,0,0 12,0,2 0,0,0 0,0,0 0,0,0 1,82,1
ADDLINE 1,86,1 20,86,1 1,86,1 1,86,1 1,86,1 1,86,1 1,86,1 12,0,2 0,0,0
ADDLINE 1,98,1 1,98,1 12,0,2 0,0,0 0,0,0 0,0,0 0,0,0 0,0,0 0,0,0
ADDLINE 1,102,1 20,102,1 12,0,2 0,0,0 1,102,1 1,102,1 1,102,1 1,102,1 1,102,1
ADDLINE 1,78,1 1,78,1 1,78,1 12,0,2 1,78,1 18,78,1 1,78,1 1,78,1 1,78,1
ADDLINE 1,95,1 0,0,0 1,95,1 0,0,0 1,95,1 1,95,1 1,95,1 12,0,2 0,0,0
ADDLINE 1,99,1 12,0,2 1,99,1 0,0,0 1,99,1 1,99,1 1,99,1 1,99,1 1,99,1
ADDLINE 1,113,1 0,0,0 0,0,0 10,0,2 0,0,0 0,0,0 0,0,0 12,0,2 0,0,0
ADDLINE 1,82,1 1,82,1 1,82,1 1,82,1 1,82,1 1,82,1 1,82,1 12,0,2 1,82,1
ADDLINE 1,95,1 1,95,1 1,95,1 1,95,1 1,95,1 12,0,2 1,95,1 0,0,0 1,95,1
ADDLINE 1,98,1 1,98,1 1,98,1 1,98,1 1,98,1 12,0,2 1,98,1 1,98,1 1,98,1
ADDLINE 0,0,0 0,0,0 0,0,0 0,0,0 0,0,0 0,0,0 1,135,1 12,0,2 1,135,1
ADDLINE 1,136,1 12,0,2 1,136,1 1,136,1 1,136,1 0,0,0 1,136,1 0,0,0 1,136,1
ADDLINE 1,138,1 0,0,0 1,138,1 0,0,0 1,138,1 8,0,2 1,138,1 12,0,2 0,0,0
1,73,1 1,73,1 12,0,2 1,73,1 0,0,0 1,73,1 1,73,1 1,73,1 0,0,0
1,72,1 1,72,1 12,0,2 1,72,1 0,0,0 0,0,0 0,0,0 0,0,0 22,0,2
1,68,1 1,68,1 12,0,2 1,68,1 8,0,2 1,68,1 1,68,1 1,68,1 1,68,1
1,70,1 1,70,1 0,0,0 1,70,1 0,0,0 12,0,2 3,70,1 1,70,1 1,70,1
1,67,1 1,67,1 12,0,2 1,67,1 1,67,1 1,67,1 0,0,0 1,67,1 1,67,1
0,0,0 1,68,1 0,0,0 0,0,0 0,0,0 1,68,1 12,0,2 0,0,0 0,0,0
0,0,0 0,0,0 0,0,0 0,0,0 0,0,0 0,0,0 0,0,0 0,0,0 0,0,0
0,0,0 0,0,0 0,0,0 0,0,0 0,0,0 0,0,0 0,0,0 0,0,0 0,0,0
0,0,0 0,0,0 0,0,0 0,0,0 0,0,0 0,0,0 0,0,0 0,0,0 0,0,0