MODE 0
BALL 60
STARS 0/0/4410 35
ADDLINE 0,0,0 7,0,2 0,0,0 1,71,1 0,0,0 1,71,1 1,71,1 1,71,1 12,0,2
ADDLINE 0,0,0 1,72,1 0,0,0 1,72,1 12,0,2 1,72,1 1,72,1 4,72,1 0,0,0
ADDLINE 0,0,0 5,73,1 0,0,0 1,73,1 12,0,2 0,0,0 0,0,0 2,73,1 0,0,0
ADDLINE 0,0,0 1,81,1 11,0,2 1,81,1 0,0,0 1,81,1 12,0,2 3,81,1 5,81,1
ADDLINE 8,0,2 1,82,1 0,0,0 1,82,1 0,0,0 1,82,1 12,0,2 1,82,1 1,82,1
ADDLINE 12,0,2 1,81,1 1,81,1 1,81,1 1,81,1 1,81,1 1,81,1 1,81,1 1,81,1
ADDLINE 0,0,0 0,0,0 0,0,0 12,0,2 10,0,2 0,0,0 0,0,0 1,98,1 1,98,1
ADDLINE 1,97,1 2,97,1 1,97,1 1,97,1 1,97,1 12,0,2 3,97,1 1,97,1 1,97,1
ADDLINE 1,86,1 1,86,1 1,86,1 1,86,1 0,0,0 12,0,2 0,0,0 0,0,0 0,0,0
ADDLINE 1,90,1 1,90,1 12,0,2 1,90,1 1,90,1 8,0,2 1,90,1 1,90,1 1,90,1
ADDLINE 1,104,1 1,104,1 0,0,0 0,0,0 0,0,0 0,0,0 0,0,0 12,0,2 0,0,0
ADDLINE 1,113,1 5,113,1 12,0,2 3,113,1 8,0,2 1,113,1 0,0,0 0,0,0 0,0,0
ADDLINE 3,86,1 1,86,1 12,0,2 1,86,1 2,86,1 1,86,1 0,0,0 1,86,1 4,86,1
ADDLINE 3,100,1 12,0,2 0,0,0 0,0,0 0,0,0 0,0,0 0,0,0 0,0,0 0,0,0
ADDLINE 1,109,1 0,0,0 12,0,2 1,109,1 1,109,1 1,109,1 1,109,1 1,109,1 0,0,0
ADDLINE 1,135,1 1,135,1 1,135,1 20,135,1 1,135,1 1,135,1 0,0,0 12,0,2 0,0,0
ADDLINE 4,130,1 1,130,1 1,130,1 1,130,1 1,130,1 12,0,2 1,130,1 2,130,1 0,0,0
ADDLINE 1,138,1 1,138,1 4,138,1 1,138,1 8,0,2 0,0,0 0,0,0 12,0,2 0,0,0
1,73,1 12,0,2 1,73,1 1,73,1 1,73,1 8,0,2 1,73,1 1,73,1 1,73,1
1,72,1 12,0,2 1,72,1 1,72,1 1,72,1 0,0,0 1,92,1 1,92,1 1,92,1
1,71,1 12,0,2 1,71,1 8,0,2 0,0,0 8,0,2 1,91,1 14,0,2 1,91,1
1,70,1 15,0,2 1,70,1 0,0,0 1,70,1 0,0,0 1,90,1 12,0,2 1,90,1
1,69,1 1,69,1 1,69,1 8,0,2 1,69,1 1,69,1 1,89,1 12,0,2 1,89,1
1,68,1 1,68,1 1,68,1 1,68,1 1,68,1 1,68,1 1,88,1 12,0,2 1,88,1
0,0,0 0,0,0 0,0,0 0,0,0 0,0,0 0,0,0 0,0,0 0,0,0 0,0,0
0,0,0 0,0,0 0,0,0 0,0,0 0,0,0 0,0,0 0,0,0 0,0,0 0,0,0
0,0,0 0,0,0 0,0,0 0,0,0 0,0,0 0,0,0 0,0,0 0,0,0 0,0,0