MODE 0
BALL 60
STARS 0/0/4235 35
ADDLINE 1,71,1 5,71,1 0,0,0 0,0,0 0,0,0 0,0,0 0,0,0 12,0,2 0,0,0
ADDLINE 4,68,1 1,68,1 12,0,2 1,68,1 1,68,1 1,68,1 1,68,1 0,0,0 1,68,1
ADDLINE 2,73,1 19,73,1 0,0,0 0,0,0 12,0,2 0,0,0 1,73,1 0,0,0 1,73,1
ADDLINE 1,77,1 1,77,1 1,77,1 1,77,1 3,77,1 4,77,1 12,0,2 0,0,0 1,77,1
ADDLINE 1,78,1 1,78,1 3,78,1 1,78,1 12,0,2 1,78,1 0,0,0 1,78,1 1,78,1
ADDLINE 1,90,1 1,90,1 1,90,1 5,90,1 8,0,2 1,90,1 12,0,2 0,0,0 4,90,1
ADDLINE 2,94,1 1,94,1 4,94,1 1,94,1 12,0,2 1,94,1 1,94,1 0,0,0 2,94,1
ADDLINE 1,107,1 1,107,1 1,107,1 0,0,0 12,0,2 1,107,1 1,107,1 0,0,0 0,0,0
ADDLINE 1,86,1 1,86,1 1,86,1 12,0,2 0,0,0 0,0,0 5,86,1 1,86,1 0,0,0
ADDLINE 0,0,0 19,90,1 1,90,1 1,90,1 12,0,2 1,90,1 1,90,1 1,90,1 1,90,1
ADDLINE 0,0,0 1,104,1 1,104,1 4,104,1 12,0,2 0,0,0 0,0,0 0,0,0 0,0,0
ADDLINE 1,102,1 1,102,1 1,102,1 5,102,1 5,102,1 3,102,1 1,102,1 12,0,2 1,102,1
ADDLINE 0,0,0 1,90,1 12,0,2 0,0,0 0,0,0 0,0,0 0,0,0 0,0,0 0,0,0
ADDLINE 1,90,1 1,90,1 1,90,1 1,90,1 1,90,1 4,90,1 1,90,1 4,90,1 12,0,2
ADDLINE 0,0,0 1,109,1 1,109,1 5,109,1 0,0,0 1,109,1 0,0,0 2,109,1 12,0,2
ADDLINE 0,0,0 1,135,1 20,135,1 2,135,1 0,0,0 3,135,1 12,0,2 1,135,1 0,0,0
ADDLINE 0,0,0 12,0,2 0,0,0 5,136,1 0,0,0 1,136,1 0,0,0 1,136,1 0,0,0
ADDLINE 0,0,0 1,138,1 1,138,1 3,138,1 16,138,1 1,138,1 0,0,0 1,138,1 12,0,2
12,0,2 1,59,1 0,0,0 0,0,0 0,0,0 0,0,0 0,0,0 1,59,1 0,0,0
0,0,0 1,60,1 12,0,2 1,60,1 1,60,1 1,60,1 1,60,1 1,60,1 12,0,2
0,0,0 1,61,1 0,0,0 1,61,1 0,0,0 0,0,0 0,0,0 0,0,0 0,0,0
0,0,0 1,62,1 0,0,0 1,62,1 12,0,2 1,62,1 1,62,1 1,62,1 1,62,1
0,0,0 12,0,2 0,0,0 1,63,1 0,0,0 0,0,0 0,0,0 0,0,0 0,0,0
1,128,1 16,64,1 1,128,1 1,128,1 1,128,1 1,128,1 1,128,1 1,128,1 12,0,2
0,0,0 0,0,0 0,0,0 0,0,0 0,0,0 0,0,0 0,0,0 0,0,0 0,0,0
0,0,0 0,0,0 0,0,0 0,0,0 0,0,0 0,0,0 0,0,0 0,0,0 0,0,0
0,0,0 0,0,0 0,0,0 0,0,0 0,0,0 0,0,0 0,0,0 0,0,0 0,0,0