MODE 0
BALL 60
STARS 0/0/4795 35
ADDLINE 5,67,1 1,67,1 2,67,1 1,67,1 12,0,2 1,67,1 0,0,0 1,67,1 1,67,1
ADDLINE 0,0,0 1,72,1 1,72,1 1,72,1 12,0,2 1,72,1 1,72,1 1,72,1 19,72,1
ADDLINE 12,0,2 1,69,1 1,69,1 1,69,1 1,69,1 17,69,1 1,69,1 1,69,1 1,69,1
ADDLINE 1,73,1 1,73,1 1,73,1 12,0,2 1,73,1 1,73,1 1,73,1 1,73,1 1,73,1
ADDLINE 20,82,1 1,82,1 1,82,1 0,0,0 0,0,0 0,0,0 12,0,2 0,0,0 0,0,0
ADDLINE 1,90,1 1,90,1 1,90,1 5,90,1 2,90,1 0,0,0 1,90,1 12,0,2 0,0,0
ADDLINE 1,98,1 1,98,1 1,98,1 12,0,2 0,0,0 0,0,0 1,98,1 0,0,0 4,98,1
ADDLINE 5,107,1 3,107,1 0,0,0 12,0,2 1,107,1 1,107,1 1,107,1 0,0,0 1,107,1
ADDLINE 16,86,1 1,86,1 1,86,1 1,86,1 1,86,1 1,86,1 1,86,1 12,0,2 0,0,0
ADDLINE 0,0,0 1,95,1 1,95,1 12,0,2 1,95,1 0,0,0 0,0,0 0,0,0 0,0,0
ADDLINE 1,99,1 1,99,1 1,99,1 19,99,1 1,99,1 1,99,1 1,99,1 1,99,1 12,0,2
ADDLINE 0,0,0 12,0,2 0,0,0 1,113,1 1,113,1 0,0,0 0,0,0 1,113,1 0,0,0
ADDLINE 1,86,1 2,86,1 12,0,2 1,86,1 1,86,1 1,86,1 0,0,0 1,86,1 1,86,1
ADDLINE 4,100,1 1,100,1 0,0,0 11,0,2 0,0,0 0,0,0 0,0,0 12,0,2 0,0,0
ADDLINE 1,104,1 5,104,1 12,0,2 1,104,1 0,0,0 1,104,1 1,104,1 1,104,1 4,104,1
ADDLINE 0,0,0 12,0,2 0,0,0 4,135,1 0,0,0 1,135,1 1,135,1 1,135,1 1,135,1
ADDLINE 3,130,1 5,130,1 12,0,2 1,130,1 0,0,0 1,130,1 1,130,1 20,130,1 1,130,1
ADDLINE 1,138,1 3,138,1 0,0,0 1,138,1 12,0,2 0,0,0 0,0,0 1,138,1 0,0,0
17,63,1 1,63,1 1,63,1 12,0,2 1,63,1 6,63,1 1,63,1 0,0,0 1,63,1
1,124,1 0,0,0 1,62,1 2,62,1 0,0,0 5,62,1 1,62,1 12,0,2 1,62,1
1,126,1 0,0,0 1,63,1 12,0,2 0,0,0 0,0,0 1,63,1 0,0,0 1,63,1
1,128,1 0,0,0 0,0,0 12,0,2 0,0,0 0,0,0 5,64,1 0,0,0 0,0,0
1,130,1 1,65,1 1,65,1 1,65,1 1,65,1 1,65,1 2,65,1 12,0,2 0,0,0
1,132,1 1,132,1 1,132,1 1,132,1 1,132,1 1,132,1 1,132,1 12,0,2 16,66,1
0,0,0 0,0,0 0,0,0 0,0,0 0,0,0 0,0,0 0,0,0 0,0,0 0,0,0
0,0,0 0,0,0 0,0,0 0,0,0 0,0,0 0,0,0 0,0,0 0,0,0 0,0,0
0,0,0 0,0,0 0,0,0 0,0,0 0,0,0 0,0,0 0,0,0 0,0,0 0,0,0