MODE 0
BALL 60
STARS 0/0/4340 35
ADDLINE 1,65,1 1,65,1 1,65,1 1,65,1 1,65,1 1,65,1 1,65,1 12,0,2 1,65,1
ADDLINE 0,0,0 0,0,0 0,0,0 1,73,1 1,73,1 1,73,1 12,0,2 0,0,0 1,73,1
ADDLINE 1,67,1 1,67,1 1,67,1 1,67,1 1,67,1 1,67,1 12,0,2 1,67,1 1,67,1
ADDLINE 0,0,0 8,0,2 0,0,0 0,0,0 12,0,2 0,0,0 0,0,0 1,82,1 1,82,1
ADDLINE 1,79,1 1,79,1 1,79,1 1,79,1 12,0,2 1,79,1 0,0,0 1,79,1 1,79,1
ADDLINE 0,0,0 0,0,0 0,0,0 1,91,1 0,0,0 1,91,1 0,0,0 0,0,0 12,0,2
ADDLINE 1,95,1 1,95,1 12,0,2 1,95,1 0,0,0 1,95,1 1,95,1 1,95,1 1,95,1
ADDLINE 1,108,1 1,108,1 0,0,0 1,108,1 0,0,0 0,0,0 12,0,2 0,0,0 0,0,0
ADDLINE 1,83,1 1,83,1 12,0,2 1,83,1 1,83,1 8,0,2 1,83,1 1,83,1 0,0,0
ADDLINE 1,87,1 1,87,1 12,0,2 1,87,1 1,87,1 1,87,1 1,87,1 1,87,1 1,87,1
ADDLINE 1,105,1 1,105,1 0,0,0 0,0,0 12,0,2 0,0,0 0,0,0 0,0,0 0,0,0
ADDLINE 1,114,1 1,114,1 1,114,1 1,114,1 1,114,1 0,0,0 12,0,2 0,0,0 0,0,0
ADDLINE 1,91,1 12,0,2 0,0,0 11,0,2 0,0,0 0,0,0 1,91,1 1,91,1 1,91,1
ADDLINE 1,91,1 12,0,2 1,91,1 1,91,1 1,91,1 1,91,1 1,91,1 1,91,1 1,91,1
ADDLINE 6,110,1 0,0,0 0,0,0 12,0,2 0,0,0 0,0,0 1,110,1 6,110,1 1,110,1
ADDLINE 1,136,1 1,136,1 1,136,1 1,136,1 1,136,1 10,0,2 0,0,0 12,0,2 0,0,0
ADDLINE 1,131,1 1,131,1 1,131,1 1,131,1 1,131,1 1,131,1 1,131,1 12,0,2 0,0,0
ADDLINE 1,139,1 1,139,1 1,139,1 1,139,1 1,139,1 11,0,2 12,0,2 0,0,0 1,139,1
0,0,0 7,0,2 0,0,0 0,0,0 0,0,0 0,0,0 0,0,0 12,0,2 1,74,1
0,0,0 1,140,1 1,70,1 1,70,1 1,70,1 1,70,1 1,70,1 12,0,2 1,70,1
0,0,0 1,138,1 1,69,1 1,69,1 1,69,1 6,59,1 1,69,1 12,0,2 1,69,1
11,0,2 12,0,2 0,0,0 0,0,0 0,0,0 1,71,1 1,71,1 0,0,0 1,71,1
1,70,1 1,140,1 1,70,1 1,70,1 0,0,0 1,70,1 1,70,1 12,0,2 0,0,0
1,69,1 1,138,1 1,69,1 1,69,1 12,0,2 0,0,0 0,0,0 0,0,0 0,0,0
0,0,0 0,0,0 0,0,0 0,0,0 0,0,0 0,0,0 0,0,0 0,0,0 0,0,0
0,0,0 0,0,0 0,0,0 0,0,0 0,0,0 0,0,0 0,0,0 0,0,0 0,0,0
0,0,0 0,0,0 0,0,0 0,0,0 0,0,0 0,0,0 0,0,0 0,0,0 0,0,0