MODE 0
BALL 60
STARS 0/0/4200 35
ADDLINE 1,72,1 1,72,1 1,72,1 0,0,0 0,0,0 0,0,0 12,0,2 0,0,0 0,0,0
ADDLINE 0,0,0 0,0,0 0,0,0 12,0,2 1,73,1 1,73,1 1,73,1 1,73,1 0,0,0
ADDLINE 0,0,0 1,74,1 1,74,1 1,74,1 1,74,1 1,74,1 12,0,2 0,0,0 0,0,0
ADDLINE 0,0,0 0,0,0 0,0,0 0,0,0 1,82,1 1,82,1 1,82,1 1,82,1 12,0,2
ADDLINE 1,83,1 1,83,1 6,83,1 0,0,0 12,0,2 1,83,1 1,83,1 1,83,1 0,0,0
ADDLINE 1,91,1 1,91,1 1,91,1 1,91,1 1,91,1 0,0,0 0,0,0 12,0,2 0,0,0
ADDLINE 1,95,1 1,95,1 1,95,1 12,0,2 1,95,1 0,0,0 1,95,1 1,95,1 1,95,1
ADDLINE 1,108,1 20,108,1 1,108,1 0,0,0 1,108,1 12,0,2 0,0,0 20,108,1 1,108,1
ADDLINE 1,87,1 1,87,1 1,87,1 0,0,0 0,0,0 12,0,2 0,0,0 1,87,1 1,87,1
ADDLINE 0,0,0 0,0,0 0,0,0 1,96,1 0,0,0 1,96,1 1,96,1 1,96,1 12,0,2
ADDLINE 1,105,1 1,105,1 0,0,0 1,105,1 12,0,2 1,105,1 1,105,1 1,105,1 0,0,0
ADDLINE 1,114,1 1,114,1 0,0,0 1,114,1 0,0,0 0,0,0 12,0,2 1,114,1 0,0,0
ADDLINE 1,87,1 1,87,1 1,87,1 20,87,1 12,0,2 1,87,1 0,0,0 1,87,1 1,87,1
ADDLINE 0,0,0 0,0,0 0,0,0 1,101,1 0,0,0 1,101,1 12,0,2 1,101,1 1,101,1
ADDLINE 0,0,0 1,110,1 12,0,2 1,110,1 0,0,0 1,110,1 0,0,0 1,110,1 1,110,1
ADDLINE 0,0,0 1,136,1 0,0,0 1,136,1 0,0,0 1,136,1 12,0,2 1,136,1 1,136,1
ADDLINE 12,0,2 1,124,1 1,124,1 6,124,1 1,124,1 1,124,1 1,124,1 1,124,1 1,124,1
ADDLINE 0,0,0 0,0,0 0,0,0 12,0,2 0,0,0 1,139,1 0,0,0 0,0,0 0,0,0
0,0,0 1,74,1 1,74,1 1,74,1 0,0,0 0,0,0 0,0,0 0,0,0 12,0,2
8,0,2 1,67,1 1,67,1 1,67,1 1,67,1 1,67,1 1,67,1 1,67,1 1,67,1
12,0,2 12,0,2 0,0,0 0,0,0 0,0,0 6,62,1 1,72,1 1,72,1 1,72,1
0,0,0 1,66,1 1,66,1 1,66,1 12,0,2 1,66,1 1,66,1 1,66,1 1,66,1
0,0,0 1,70,1 0,0,0 1,70,1 0,0,0 12,0,2 0,0,0 0,0,0 0,0,0
16,64,1 1,128,1 12,0,2 1,128,1 1,128,1 1,128,1 1,128,1 1,128,1 0,0,0
0,0,0 0,0,0 0,0,0 0,0,0 0,0,0 0,0,0 0,0,0 0,0,0 0,0,0
0,0,0 0,0,0 0,0,0 0,0,0 0,0,0 0,0,0 0,0,0 0,0,0 0,0,0
0,0,0 0,0,0 0,0,0 0,0,0 0,0,0 0,0,0 0,0,0 0,0,0 0,0,0