MODE 0
BALL 60
STARS 0/0/4375 35
ADDLINE 12,0,2 1,65,1 1,65,1 1,65,1 1,65,1 1,65,1 1,65,1 1,65,1 1,65,1
ADDLINE 0,0,0 0,0,0 0,0,0 12,0,2 8,0,2 1,73,1 0,0,0 0,0,0 0,0,0
ADDLINE 1,67,1 1,67,1 1,67,1 12,0,2 1,67,1 1,67,1 1,67,1 11,0,2 1,67,1
ADDLINE 1,78,1 12,0,2 1,78,1 0,0,0 1,78,1 1,78,1 1,78,1 1,78,1 1,78,1
ADDLINE 6,79,1 12,0,2 1,79,1 0,0,0 1,79,1 1,79,1 1,79,1 1,79,1 1,79,1
ADDLINE 1,91,1 0,0,0 1,91,1 0,0,0 0,0,0 12,0,2 0,0,0 0,0,0 1,91,1
ADDLINE 1,95,1 12,0,2 1,95,1 1,95,1 1,95,1 6,95,1 1,95,1 0,0,0 1,95,1
ADDLINE 1,108,1 11,0,2 0,0,0 12,0,2 0,0,0 0,0,0 1,108,1 0,0,0 1,108,1
ADDLINE 1,83,1 1,83,1 1,83,1 1,83,1 1,83,1 12,0,2 1,83,1 0,0,0 1,83,1
ADDLINE 1,96,1 1,96,1 0,0,0 0,0,0 12,0,2 0,0,0 1,96,1 0,0,0 0,0,0
ADDLINE 1,105,1 1,105,1 0,0,0 1,105,1 0,0,0 12,0,2 0,0,0 0,0,0 0,0,0
ADDLINE 1,114,1 1,114,1 12,0,2 0,0,0 1,114,1 1,114,1 1,114,1 1,114,1 0,0,0
ADDLINE 1,91,1 1,91,1 1,91,1 12,0,2 8,0,2 0,0,0 0,0,0 1,91,1 0,0,0
ADDLINE 1,101,1 1,101,1 1,101,1 12,0,2 0,0,0 0,0,0 1,101,1 1,101,1 0,0,0
ADDLINE 20,110,1 1,110,1 1,110,1 1,110,1 1,110,1 12,0,2 1,110,1 0,0,0 0,0,0
ADDLINE 0,0,0 0,0,0 1,136,1 1,136,1 1,136,1 1,136,1 1,136,1 12,0,2 1,136,1
ADDLINE 0,0,0 0,0,0 0,0,0 1,137,1 8,0,2 1,137,1 1,137,1 0,0,0 12,0,2
ADDLINE 1,139,1 1,139,1 12,0,2 1,139,1 1,139,1 1,139,1 1,139,1 0,0,0 0,0,0
1,74,1 4,74,1 22,0,2 5,74,1 1,74,1 0,0,0 1,74,1 1,74,1 1,74,1
1,73,1 0,0,0 6,63,1 0,0,0 1,73,1 0,0,0 0,0,0 12,0,2 12,0,2
1,72,1 2,72,1 0,0,0 3,72,1 1,72,1 1,72,1 1,72,1 1,72,1 12,0,2
1,71,1 1,71,1 1,71,1 1,71,1 1,71,1 1,71,1 1,71,1 1,71,1 12,0,2
0,0,0 0,0,0 0,0,0 0,0,0 0,0,0 0,0,0 0,0,0 12,0,2 12,0,2
0,0,0 1,69,1 1,69,1 1,69,1 1,69,1 1,69,1 1,69,1 1,69,1 1,69,1
0,0,0 0,0,0 0,0,0 0,0,0 0,0,0 0,0,0 0,0,0 0,0,0 0,0,0
0,0,0 0,0,0 0,0,0 0,0,0 0,0,0 0,0,0 0,0,0 0,0,0 0,0,0
0,0,0 0,0,0 0,0,0 0,0,0 0,0,0 0,0,0 0,0,0 0,0,0 0,0,0