MODE 0
BALL 60
STARS 0/0/4480 35
ADDLINE 1,72,1 1,72,1 1,72,1 1,72,1 1,72,1 1,72,1 0,0,0 12,0,2 0,0,0
ADDLINE 1,73,1 1,73,1 1,73,1 1,73,1 12,0,2 0,0,0 0,0,0 0,0,0 1,73,1
ADDLINE 1,74,1 1,74,1 17,74,1 1,74,1 12,0,2 1,74,1 0,0,0 1,74,1 1,74,1
ADDLINE 1,78,1 1,78,1 1,78,1 1,78,1 12,0,2 1,78,1 10,0,2 1,78,1 1,78,1
ADDLINE 16,83,1 12,0,2 1,83,1 1,83,1 1,83,1 0,0,0 1,83,1 1,83,1 1,83,1
ADDLINE 17,91,1 12,0,2 1,91,1 1,91,1 1,91,1 11,0,2 1,91,1 1,91,1 1,91,1
ADDLINE 1,95,1 12,0,2 1,95,1 1,95,1 1,95,1 0,0,0 1,95,1 1,95,1 1,95,1
ADDLINE 0,0,0 0,0,0 1,108,1 1,108,1 1,108,1 12,0,2 0,0,0 0,0,0 1,108,1
ADDLINE 0,0,0 0,0,0 1,87,1 0,0,0 0,0,0 12,0,2 0,0,0 0,0,0 1,87,1
ADDLINE 0,0,0 1,91,1 1,91,1 1,91,1 12,0,2 1,91,1 1,91,1 1,91,1 1,91,1
ADDLINE 0,0,0 1,105,1 12,0,2 1,105,1 1,105,1 1,105,1 1,105,1 16,105,1 1,105,1
ADDLINE 1,108,1 10,0,2 12,0,2 1,108,1 0,0,0 1,108,1 1,108,1 1,108,1 1,108,1
ADDLINE 1,91,1 1,91,1 0,0,0 1,91,1 0,0,0 0,0,0 12,0,2 0,0,0 0,0,0
ADDLINE 1,96,1 1,96,1 1,96,1 1,96,1 12,0,2 1,96,1 0,0,0 1,96,1 1,96,1
ADDLINE 20,110,1 1,110,1 0,0,0 1,110,1 11,0,2 1,110,1 12,0,2 1,110,1 0,0,0
ADDLINE 1,136,1 1,136,1 0,0,0 1,136,1 0,0,0 1,136,1 12,0,2 1,136,1 0,0,0
ADDLINE 0,0,0 0,0,0 0,0,0 1,137,1 12,0,2 1,137,1 0,0,0 1,137,1 0,0,0
ADDLINE 0,0,0 1,139,1 0,0,0 1,139,1 1,139,1 1,139,1 12,0,2 1,139,1 0,0,0
0,0,0 0,0,0 3,74,1 19,64,1 0,0,0 1,74,1 1,74,1 1,74,1 12,0,2
0,0,0 12,0,2 1,73,1 1,73,1 0,0,0 1,73,1 0,0,0 1,73,1 1,73,1
8,0,2 1,72,1 1,72,1 1,72,1 12,0,2 1,72,1 0,0,0 1,72,1 20,62,1
0,0,0 0,0,0 0,0,0 0,0,0 12,0,2 0,0,0 0,0,0 1,71,1 0,0,0
1,70,1 1,70,1 1,70,1 12,0,2 0,0,0 0,0,0 0,0,0 0,0,0 1,70,1
1,64,1 1,64,1 1,64,1 1,64,1 1,64,1 1,64,1 22,0,2 12,0,2 1,64,1
0,0,0 0,0,0 0,0,0 0,0,0 0,0,0 0,0,0 0,0,0 0,0,0 0,0,0
0,0,0 0,0,0 0,0,0 0,0,0 0,0,0 0,0,0 0,0,0 0,0,0 0,0,0
0,0,0 0,0,0 0,0,0 0,0,0 0,0,0 0,0,0 0,0,0 0,0,0 0,0,0