MODE 0
BALL 60
STARS 0/0/4060 35
ADDLINE 0,0,0 0,0,0 0,0,0 12,0,2 0,0,0 0,0,0 0,0,0 5,72,1 0,0,0
ADDLINE 12,0,2 1,66,1 3,66,1 1,66,1 1,66,1 1,66,1 1,66,1 1,66,1 1,66,1
ADDLINE 0,0,0 1,74,1 0,0,0 0,0,0 0,0,0 0,0,0 0,0,0 0,0,0 12,0,2
ADDLINE 10,0,2 5,78,1 1,78,1 1,78,1 5,78,1 4,78,1 1,78,1 1,78,1 12,0,2
ADDLINE 0,0,0 2,83,1 1,83,1 1,83,1 0,0,0 12,0,2 0,0,0 1,83,1 0,0,0
ADDLINE 0,0,0 1,91,1 1,91,1 1,91,1 12,0,2 1,91,1 1,91,1 1,91,1 0,0,0
ADDLINE 0,0,0 0,0,0 0,0,0 0,0,0 1,99,1 1,99,1 12,0,2 0,0,0 0,0,0
ADDLINE 1,98,1 2,98,1 1,98,1 6,98,1 12,0,2 4,98,1 1,98,1 5,98,1 4,98,1
ADDLINE 0,0,0 12,0,2 0,0,0 1,87,1 10,0,2 1,87,1 1,87,1 1,87,1 1,87,1
ADDLINE 1,96,1 5,96,1 1,96,1 1,96,1 1,96,1 4,96,1 0,0,0 12,0,2 0,0,0
ADDLINE 2,100,1 1,100,1 1,100,1 1,100,1 8,0,2 1,100,1 1,100,1 12,0,2 0,0,0
ADDLINE 4,114,1 1,114,1 0,0,0 0,0,0 0,0,0 0,0,0 12,0,2 0,0,0 1,114,1
ADDLINE 2,91,1 1,91,1 0,0,0 1,91,1 12,0,2 0,0,0 5,91,1 0,0,0 0,0,0
ADDLINE 1,101,1 7,0,2 0,0,0 12,0,2 0,0,0 1,101,1 0,0,0 1,101,1 0,0,0
ADDLINE 1,110,1 3,110,1 0,0,0 1,110,1 0,0,0 12,0,2 0,0,0 0,0,0 0,0,0
ADDLINE 1,136,1 3,136,1 0,0,0 12,0,2 0,0,0 19,136,1 1,136,1 1,136,1 1,136,1
ADDLINE 6,131,1 2,131,1 12,0,2 1,131,1 0,0,0 1,131,1 1,131,1 5,131,1 1,131,1
ADDLINE 1,139,1 1,139,1 0,0,0 12,0,2 0,0,0 1,139,1 1,139,1 0,0,0 3,139,1
0,0,0 3,74,1 1,74,1 1,74,1 2,74,1 5,74,1 0,0,0 12,0,2 0,0,0
0,0,0 0,0,0 0,0,0 0,0,0 1,73,1 0,0,0 12,0,2 1,73,1 12,0,2
1,72,1 1,72,1 6,62,1 0,0,0 0,0,0 1,72,1 1,72,1 1,72,1 0,0,0
1,68,1 1,68,1 1,68,1 1,68,1 12,0,2 1,68,1 1,68,1 1,68,1 0,0,0
1,130,1 1,130,1 1,130,1 1,130,1 16,65,1 1,130,1 1,130,1 1,130,1 12,0,2
1,69,1 0,0,0 0,0,0 0,0,0 12,0,2 0,0,0 1,69,1 1,69,1 0,0,0
0,0,0 0,0,0 0,0,0 0,0,0 0,0,0 0,0,0 0,0,0 0,0,0 0,0,0
0,0,0 0,0,0 0,0,0 0,0,0 0,0,0 0,0,0 0,0,0 0,0,0 0,0,0
0,0,0 0,0,0 0,0,0 0,0,0 0,0,0 0,0,0 0,0,0 0,0,0 0,0,0