MODE 0
BALL 60
STARS 0/0/4830 35
ADDLINE 1,72,1 0,0,0 1,72,1 0,0,0 1,72,1 8,0,2 12,0,2 0,0,0 1,72,1
ADDLINE 1,69,1 12,0,2 4,69,1 1,69,1 1,69,1 17,69,1 1,69,1 1,69,1 1,69,1
ADDLINE 1,74,1 0,0,0 0,0,0 12,0,2 0,0,0 1,74,1 10,0,2 0,0,0 1,74,1
ADDLINE 1,78,1 12,0,2 1,78,1 1,78,1 1,78,1 1,78,1 1,78,1 0,0,0 1,78,1
ADDLINE 1,83,1 0,0,0 1,83,1 5,83,1 1,83,1 1,83,1 1,83,1 12,0,2 0,0,0
ADDLINE 2,82,1 1,82,1 1,82,1 2,82,1 1,82,1 5,82,1 3,82,1 12,0,2 1,82,1
ADDLINE 16,99,1 1,99,1 1,99,1 1,99,1 12,0,2 8,0,2 1,99,1 0,0,0 1,99,1
ADDLINE 1,103,1 1,103,1 2,103,1 12,0,2 5,103,1 1,103,1 1,103,1 0,0,0 1,103,1
ADDLINE 7,0,2 0,0,0 1,87,1 0,0,0 1,87,1 12,0,2 1,87,1 0,0,0 1,87,1
ADDLINE 1,96,1 20,96,1 1,96,1 1,96,1 1,96,1 1,96,1 12,0,2 0,0,0 1,96,1
ADDLINE 11,0,2 1,105,1 1,105,1 1,105,1 1,105,1 20,105,1 1,105,1 12,0,2 2,105,1
ADDLINE 0,0,0 0,0,0 0,0,0 12,0,2 0,0,0 1,114,1 7,0,2 1,114,1 1,114,1
ADDLINE 2,83,1 1,83,1 12,0,2 1,83,1 1,83,1 1,83,1 1,83,1 1,83,1 1,83,1
ADDLINE 1,101,1 1,101,1 0,0,0 12,0,2 0,0,0 0,0,0 1,101,1 17,101,1 3,101,1
ADDLINE 1,110,1 12,0,2 0,0,0 4,110,1 0,0,0 0,0,0 1,110,1 1,110,1 1,110,1
ADDLINE 0,0,0 12,0,2 1,136,1 1,136,1 1,136,1 1,136,1 1,136,1 19,136,1 1,136,1
ADDLINE 0,0,0 0,0,0 0,0,0 0,0,0 12,0,2 0,0,0 1,137,1 1,137,1 2,137,1
ADDLINE 3,139,1 1,139,1 0,0,0 1,139,1 12,0,2 0,0,0 1,139,1 1,139,1 1,139,1
1,71,1 0,0,0 1,71,1 1,71,1 1,71,1 1,71,1 2,71,1 0,0,0 1,71,1
1,70,1 12,0,2 1,70,1 0,0,0 5,70,1 1,70,1 1,70,1 0,0,0 1,70,1
1,72,1 0,0,0 1,72,1 20,72,1 12,0,2 1,72,1 1,72,1 0,0,0 1,72,1
1,68,1 12,0,2 0,0,0 22,0,2 12,0,2 1,68,1 1,68,1 0,0,0 1,68,1
1,70,1 2,70,1 0,0,0 0,0,0 3,70,1 1,70,1 1,70,1 0,0,0 12,0,2
1,69,1 1,69,1 1,69,1 1,69,1 1,69,1 1,69,1 12,0,2 0,0,0 0,0,0
0,0,0 0,0,0 0,0,0 0,0,0 0,0,0 0,0,0 0,0,0 0,0,0 0,0,0
0,0,0 0,0,0 0,0,0 0,0,0 0,0,0 0,0,0 0,0,0 0,0,0 0,0,0
0,0,0 0,0,0 0,0,0 0,0,0 0,0,0 0,0,0 0,0,0 0,0,0 0,0,0