MODE 0
BALL 60
STARS 0/0/4235 35
ADDLINE 1,72,1 1,72,1 1,72,1 2,72,1 1,72,1 12,0,2 10,0,2 0,0,0 1,72,1
ADDLINE 4,69,1 1,69,1 1,69,1 1,69,1 1,69,1 12,0,2 1,69,1 3,69,1 0,0,0
ADDLINE 1,67,1 1,67,1 2,67,1 1,67,1 11,0,2 1,67,1 3,67,1 1,67,1 12,0,2
ADDLINE 1,82,1 19,82,1 1,82,1 0,0,0 0,0,0 0,0,0 12,0,2 7,0,2 0,0,0
ADDLINE 0,0,0 12,0,2 0,0,0 0,0,0 1,83,1 1,83,1 1,83,1 1,83,1 0,0,0
ADDLINE 0,0,0 1,87,1 2,87,1 1,87,1 4,87,1 4,87,1 1,87,1 5,87,1 12,0,2
ADDLINE 0,0,0 0,0,0 1,99,1 1,99,1 4,99,1 11,0,2 0,0,0 12,0,2 0,0,0
ADDLINE 1,103,1 12,0,2 3,103,1 1,103,1 1,103,1 0,0,0 4,103,1 1,103,1 1,103,1
ADDLINE 1,87,1 12,0,2 1,87,1 1,87,1 1,87,1 0,0,0 0,0,0 0,0,0 5,87,1
ADDLINE 1,96,1 1,96,1 0,0,0 3,96,1 1,96,1 1,96,1 0,0,0 12,0,2 0,0,0
ADDLINE 5,100,1 1,100,1 12,0,2 2,100,1 1,100,1 1,100,1 0,0,0 1,100,1 1,100,1
ADDLINE 0,0,0 0,0,0 7,0,2 12,0,2 11,0,2 0,0,0 0,0,0 1,114,1 0,0,0
ADDLINE 3,83,1 19,83,1 1,83,1 5,83,1 1,83,1 1,83,1 1,83,1 1,83,1 12,0,2
ADDLINE 0,0,0 12,0,2 0,0,0 1,101,1 1,101,1 1,101,1 1,101,1 8,0,2 0,0,0
ADDLINE 0,0,0 1,110,1 0,0,0 3,110,1 2,110,1 1,110,1 12,0,2 1,110,1 0,0,0
ADDLINE 0,0,0 1,136,1 7,0,2 1,136,1 4,136,1 2,136,1 0,0,0 1,136,1 12,0,2
ADDLINE 0,0,0 1,137,1 0,0,0 2,137,1 10,0,2 1,137,1 5,137,1 1,137,1 12,0,2
ADDLINE 0,0,0 1,139,1 0,0,0 1,139,1 1,139,1 1,139,1 0,0,0 8,0,2 12,0,2
0,0,0 0,0,0 1,74,1 1,74,1 2,74,1 12,0,2 0,0,0 1,74,1 0,0,0
0,0,0 1,70,1 1,70,1 1,70,1 12,0,2 0,0,0 2,70,1 5,70,1 22,0,2
0,0,0 0,0,0 0,0,0 1,72,1 12,0,2 0,0,0 0,0,0 2,72,1 0,0,0
6,66,1 1,66,1 12,0,2 1,66,1 1,66,1 1,66,1 1,66,1 4,66,1 0,0,0
5,70,1 1,70,1 0,0,0 1,70,1 0,0,0 0,0,0 0,0,0 12,0,2 3,69,1
0,0,0 0,0,0 0,0,0 21,69,1 1,69,1 1,69,1 1,69,1 1,69,1 16,69,1
0,0,0 0,0,0 0,0,0 0,0,0 0,0,0 0,0,0 0,0,0 0,0,0 0,0,0
0,0,0 0,0,0 0,0,0 0,0,0 0,0,0 0,0,0 0,0,0 0,0,0 0,0,0
0,0,0 0,0,0 0,0,0 0,0,0 0,0,0 0,0,0 0,0,0 0,0,0 0,0,0