MODE 0
BALL 60
STARS 0/3400/5000
ADDLINE 1,82,1 0,0,0 1,82,1 12,0,2 1,82,1 0,0,0 1,82,1 0,0,0 1,82,1
ADDLINE 1,83,1 0,0,0 1,83,1 0,0,0 1,83,1 12,0,2 0,0,0 0,0,0 1,83,1
ADDLINE 1,84,1 8,0,2 1,84,1 0,0,0 1,84,1 1,84,1 1,84,1 12,0,2 1,84,1
ADDLINE 1,93,1 0,0,0 1,93,1 0,0,0 0,0,0 12,0,2 1,93,1 0,0,0 1,93,1
ADDLINE 1,94,1 8,0,2 1,94,1 0,0,0 1,94,1 1,94,1 1,94,1 12,0,2 1,94,1
ADDLINE 1,103,1 10,0,2 1,103,1 0,0,0 12,0,2 0,0,0 1,103,1 0,0,0 1,103,1
ADDLINE 1,112,1 0,0,0 1,112,1 1,112,1 1,112,1 12,0,2 1,112,1 0,0,0 1,112,1
ADDLINE 0,0,0 0,0,0 1,122,1 12,0,2 1,122,1 8,0,2 1,122,1 0,0,0 0,0,0
ADDLINE 1,98,1 8,0,2 1,98,1 0,0,0 1,98,1 12,0,2 1,98,1 1,98,1 1,98,1
ADDLINE 0,0,0 0,0,0 0,0,0 0,0,0 0,0,0 12,0,2 1,108,1 0,0,0 1,108,1
ADDLINE 1,112,1 1,112,1 1,112,1 1,112,1 1,112,1 1,112,1 1,112,1 12,0,2 1,112,1
ADDLINE 1,128,1 1,128,1 1,128,1 1,128,1 1,128,1 0,0,0 1,128,1 12,0,2 1,128,1
1,73,1 1,73,1 0,0,0 0,0,0 12,0,2 1,73,1 1,73,1 1,73,1 1,73,1
0,0,0 0,0,0 0,0,0 1,72,1 12,0,2 11,0,2 0,0,0 0,0,0 0,0,0
12,0,2 1,68,1 1,68,1 1,68,1 1,68,1 1,68,1 0,0,0 1,68,1 1,68,1
0,0,0 0,0,0 0,0,0 6,70,1 0,0,0 1,70,1 12,0,2 1,70,1 1,70,1
0,0,0 1,69,1 1,69,1 1,69,1 12,0,2 1,69,1 10,0,2 1,69,1 1,69,1
0,0,0 1,68,1 1,68,1 1,68,1 12,0,2 1,68,1 0,0,0 0,0,0 0,0,0
0,0,0 0,0,0 0,0,0 0,0,0 0,0,0 0,0,0 0,0,0 0,0,0 0,0,0
0,0,0 0,0,0 0,0,0 0,0,0 0,0,0 0,0,0 0,0,0 0,0,0 0,0,0
0,0,0 0,0,0 0,0,0 0,0,0 0,0,0 0,0,0 0,0,0 0,0,0 0,0,0