MODE 0
BALL 60
STARS 0/3400/5000
ADDLINE 1,78,1 12,0,2 1,78,1 1,78,1 1,78,1 1,78,1 1,78,1 1,78,1 1,78,1
ADDLINE 0,0,0 0,0,0 1,83,1 12,0,2 1,83,1 0,0,0 0,0,0 0,0,0 0,0,0
ADDLINE 1,84,1 1,84,1 1,84,1 0,0,0 1,84,1 0,0,0 1,84,1 12,0,2 1,84,1
ADDLINE 1,93,1 0,0,0 1,93,1 0,0,0 0,0,0 12,0,2 1,93,1 0,0,0 1,93,1
ADDLINE 1,94,1 0,0,0 1,94,1 12,0,2 1,94,1 1,94,1 1,94,1 0,0,0 1,94,1
ADDLINE 1,103,1 0,0,0 0,0,0 0,0,0 0,0,0 0,0,0 1,103,1 12,0,2 1,103,1
ADDLINE 1,107,1 1,107,1 1,107,1 1,107,1 1,107,1 1,107,1 1,107,1 12,0,2 1,107,1
ADDLINE 0,0,0 0,0,0 0,0,0 0,0,0 0,0,0 12,0,2 0,0,0 0,0,0 1,122,1
ADDLINE 1,98,1 1,98,1 0,0,0 1,98,1 1,98,1 1,98,1 12,0,2 1,98,1 1,98,1
ADDLINE 1,108,1 0,0,0 1,108,1 12,0,2 1,108,1 1,108,1 1,108,1 1,108,1 1,108,1
ADDLINE 1,118,1 0,0,0 1,118,1 12,0,2 1,118,1 0,0,0 0,0,0 0,0,0 0,0,0
ADDLINE 1,128,1 1,128,1 1,128,1 0,0,0 1,128,1 1,128,1 1,128,1 12,0,2 1,128,1
1,73,1 0,0,0 0,0,0 12,0,2 0,0,0 0,0,0 0,0,0 0,0,0 1,73,1
1,72,1 0,0,0 1,72,1 1,72,1 1,72,1 1,72,1 1,72,1 12,0,2 1,72,1
0,0,0 12,0,2 1,71,1 1,71,1 1,71,1 1,71,1 1,71,1 0,0,0 10,0,2
1,70,1 0,0,0 1,70,1 1,70,1 1,70,1 1,70,1 1,70,1 12,0,2 1,70,1
7,0,2 0,0,0 7,0,2 7,0,2 7,0,2 7,0,2 1,69,1 12,0,2 1,69,1
1,65,1 1,65,1 1,65,1 1,65,1 1,65,1 1,65,1 1,65,1 12,0,2 1,65,1
0,0,0 0,0,0 0,0,0 0,0,0 0,0,0 0,0,0 0,0,0 0,0,0 0,0,0
0,0,0 0,0,0 0,0,0 0,0,0 0,0,0 0,0,0 0,0,0 0,0,0 0,0,0
0,0,0 0,0,0 0,0,0 0,0,0 0,0,0 0,0,0 0,0,0 0,0,0 0,0,0