MODE 0
BALL 60
STARS 0/3700/5300
ADDLINE 0,0,0 0,0,0 1,82,1 0,0,0 1,82,1 1,82,1 0,0,0 12,0,2 1,82,1
ADDLINE 1,79,1 1,79,1 1,79,1 12,0,2 1,79,1 1,79,1 1,79,1 1,79,1 1,79,1
ADDLINE 0,0,0 12,0,2 1,84,1 0,0,0 0,0,0 0,0,0 0,0,0 0,0,0 0,0,0
ADDLINE 1,88,1 1,88,1 1,88,1 12,0,2 1,88,1 1,88,1 1,88,1 1,88,1 1,88,1
ADDLINE 1,89,1 1,89,1 1,89,1 12,0,2 1,89,1 1,89,1 1,89,1 1,89,1 1,89,1
ADDLINE 1,98,1 1,98,1 1,98,1 12,0,2 1,98,1 1,98,1 1,98,1 1,98,1 1,98,1
ADDLINE 1,112,1 0,0,0 12,0,2 0,0,0 0,0,0 0,0,0 0,0,0 0,0,0 0,0,0
ADDLINE 1,116,1 1,116,1 1,116,1 12,0,2 1,116,1 1,116,1 1,116,1 1,116,1 1,116,1
ADDLINE 1,98,1 1,196,1 1,196,1 1,196,1 1,98,1 0,0,0 0,0,0 12,0,2 1,98,1
ADDLINE 1,108,1 1,108,1 20,108,1 1,108,1 1,108,1 12,0,2 1,108,1 1,108,1 1,108,1
ADDLINE 1,118,1 1,118,1 1,118,1 0,0,0 0,0,0 12,0,2 1,118,1 1,118,1 1,118,1
ADDLINE 0,0,0 12,0,2 0,0,0 1,128,1 1,128,1 1,128,1 1,128,1 1,128,1 1,128,1
0,0,0 1,73,1 0,0,0 0,0,0 12,0,2 17,73,1 1,73,1 1,73,1 1,73,1
0,0,0 1,72,1 12,0,2 1,72,1 16,72,1 1,72,1 1,72,1 1,72,1 1,72,1
0,0,0 1,71,1 1,71,1 15,0,2 12,0,2 1,71,1 1,71,1 1,71,1 1,71,1
0,0,0 0,0,0 1,70,1 1,70,1 12,0,2 1,70,1 0,0,0 0,0,0 0,0,0
12,0,2 1,69,1 1,69,1 1,69,1 1,69,1 17,69,1 1,69,1 14,0,2 0,0,0
0,0,0 1,68,1 1,68,1 1,68,1 1,68,1 1,68,1 1,68,1 12,0,2 1,68,1
0,0,0 0,0,0 0,0,0 0,0,0 0,0,0 0,0,0 0,0,0 0,0,0 0,0,0
0,0,0 0,0,0 0,0,0 0,0,0 0,0,0 0,0,0 0,0,0 0,0,0 0,0,0
0,0,0 0,0,0 0,0,0 0,0,0 0,0,0 0,0,0 0,0,0 0,0,0 0,0,0