MODE 0
BALL 60
STARS 0/3400/4900
ADDLINE 1,78,1 1,78,1 1,78,1 1,78,1 1,78,1 12,0,2 1,78,1 1,78,1 1,78,1
ADDLINE 1,83,1 0,0,0 0,0,0 0,0,0 1,83,1 12,0,2 1,83,1 0,0,0 0,0,0
ADDLINE 1,84,1 0,0,0 1,84,1 0,0,0 1,84,1 1,84,1 1,84,1 12,0,2 1,84,1
ADDLINE 1,93,1 0,0,0 1,93,1 0,0,0 0,0,0 0,0,0 1,93,1 12,0,2 1,93,1
ADDLINE 1,94,1 0,0,0 1,94,1 1,94,1 1,94,1 12,0,2 1,94,1 0,0,0 1,94,1
ADDLINE 1,103,1 0,0,0 1,103,1 0,0,0 1,103,1 0,0,0 12,0,2 0,0,0 1,103,1
ADDLINE 1,112,1 0,0,0 1,112,1 0,0,0 1,112,1 12,0,2 1,112,1 1,112,1 1,112,1
ADDLINE 1,122,1 0,0,0 1,122,1 0,0,0 0,0,0 0,0,0 1,122,1 12,0,2 0,0,0
ADDLINE 1,98,1 0,0,0 1,98,1 0,0,0 1,98,1 1,98,1 1,98,1 12,0,2 1,98,1
ADDLINE 12,0,2 1,108,1 1,108,1 1,108,1 1,108,1 1,108,1 1,108,1 1,108,1 0,0,0
ADDLINE 0,0,0 1,118,1 1,118,1 1,118,1 1,118,1 1,118,1 0,0,0 12,0,2 0,0,0
ADDLINE 12,0,2 1,128,1 1,128,1 1,128,1 1,128,1 1,128,1 1,128,1 1,128,1 0,0,0
0,0,0 0,0,0 12,0,2 0,0,0 0,0,0 1,73,1 1,73,1 1,73,1 1,73,1
1,69,1 1,69,1 1,69,1 1,69,1 12,0,2 1,69,1 16,69,1 1,69,1 1,69,1
0,0,0 1,71,1 1,2,1 1,2,1 1,2,1 1,2,1 12,0,2 1,2,1 1,2,1
12,0,2 20,67,1 1,67,1 1,67,1 1,67,1 1,67,1 1,67,1 1,2,1 1,67,1
1,69,1 0,0,0 1,69,1 12,0,2 0,0,0 7,0,2 1,69,1 0,0,0 0,0,0
12,0,2 21,68,1 1,68,1 1,68,1 0,0,0 1,68,1 1,68,1 1,68,1 0,0,0
0,0,0 0,0,0 0,0,0 0,0,0 0,0,0 0,0,0 0,0,0 0,0,0 0,0,0
0,0,0 0,0,0 0,0,0 0,0,0 0,0,0 0,0,0 0,0,0 0,0,0 0,0,0
0,0,0 0,0,0 0,0,0 0,0,0 0,0,0 0,0,0 0,0,0 0,0,0 0,0,0