MODE 0
BALL 60
STARS 0/3700/5300
ADDLINE 0,0,0 0,0,0 1,82,1 12,0,2 1,82,1 1,82,1 1,82,1 1,82,1 1,82,1
ADDLINE 1,83,1 0,0,0 5,83,1 12,0,2 5,83,1 4,83,1 1,83,1 1,83,1 3,83,1
ADDLINE 0,0,0 12,0,2 1,84,1 0,0,0 0,0,0 0,0,0 0,0,0 0,0,0 0,0,0
ADDLINE 1,88,1 1,88,1 1,88,1 1,88,1 3,88,1 4,88,1 1,88,1 12,0,2 1,88,1
ADDLINE 1,94,1 1,94,1 3,94,1 1,94,1 1,94,1 12,0,2 5,94,1 0,0,0 0,0,0
ADDLINE 1,98,1 1,98,1 4,98,1 5,98,1 1,98,1 12,0,2 1,98,1 1,98,1 1,98,1
ADDLINE 2,112,1 0,0,0 0,0,0 0,0,0 1,112,1 0,0,0 12,0,2 0,0,0 0,0,0
ADDLINE 1,116,1 5,116,1 1,116,1 1,116,1 1,116,1 12,0,2 1,116,1 1,116,1 1,116,1
ADDLINE 2,98,1 0,0,0 12,0,2 0,0,0 0,0,0 0,0,0 1,98,1 1,98,1 4,98,1
ADDLINE 1,108,1 1,108,1 1,108,1 1,108,1 1,108,1 0,0,0 12,0,2 0,0,0 0,0,0
ADDLINE 1,118,1 1,118,1 3,118,1 0,0,0 0,0,0 0,0,0 12,0,2 0,0,0 0,0,0
ADDLINE 1,128,1 1,128,1 0,0,0 0,0,0 12,0,2 0,0,0 4,128,1 5,128,1 1,128,1
0,0,0 1,73,1 1,73,1 5,73,1 19,73,1 1,73,1 1,73,1 12,0,2 1,73,1
12,0,2 1,2,1 1,2,1 1,2,1 1,2,1 1,2,1 4,2,1 8,0,2 0,0,0
12,0,2 16,71,1 3,71,1 5,71,1 3,71,1 1,71,1 1,71,1 0,0,0 0,0,0
5,70,1 0,0,0 2,70,1 1,70,1 1,70,1 1,70,1 12,0,2 8,0,2 1,70,1
1,69,1 0,0,0 0,0,0 0,0,0 1,69,1 21,69,1 12,0,2 0,0,0 0,0,0
0,0,0 1,68,1 1,68,1 12,0,2 3,68,1 1,68,1 0,0,0 1,68,1 3,68,1
0,0,0 0,0,0 0,0,0 0,0,0 0,0,0 0,0,0 0,0,0 0,0,0 0,0,0
0,0,0 0,0,0 0,0,0 0,0,0 0,0,0 0,0,0 0,0,0 0,0,0 0,0,0
0,0,0 0,0,0 0,0,0 0,0,0 0,0,0 0,0,0 0,0,0 0,0,0 0,0,0