MODE 0
BALL 60
STARS 0/3400/4800
ADDLINE 2,82,1 0,0,0 0,0,0 0,0,0 1,82,1 0,0,0 12,0,2 0,0,0 4,82,1
ADDLINE 1,83,1 0,0,0 1,83,1 1,83,1 1,83,1 12,0,2 1,83,1 1,83,1 1,83,1
ADDLINE 0,0,0 0,0,0 1,84,1 0,0,0 1,84,1 0,0,0 12,0,2 7,0,2 0,0,0
ADDLINE 1,93,1 1,93,1 4,93,1 0,0,0 1,93,1 12,0,2 1,93,1 1,93,1 1,93,1
ADDLINE 1,94,1 0,0,0 0,0,0 12,0,2 1,94,1 0,0,0 0,0,0 0,0,0 3,94,1
ADDLINE 1,103,1 1,103,1 1,103,1 8,0,2 1,103,1 12,0,2 1,103,1 1,103,1 1,103,1
ADDLINE 0,0,0 12,0,2 1,112,1 0,0,0 0,0,0 0,0,0 5,112,1 0,0,0 0,0,0
ADDLINE 1,122,1 0,0,0 1,122,1 0,0,0 1,122,1 1,122,1 1,122,1 12,0,2 2,122,1
ADDLINE 0,0,0 0,0,0 4,98,1 0,0,0 1,98,1 0,0,0 12,0,2 0,0,0 1,98,1
ADDLINE 2,108,1 0,0,0 1,108,1 0,0,0 1,108,1 12,0,2 1,108,1 3,108,1 1,108,1
ADDLINE 0,0,0 0,0,0 0,0,0 0,0,0 1,118,1 0,0,0 0,0,0 12,0,2 11,0,2
ADDLINE 4,122,1 1,122,1 1,122,1 1,122,1 1,122,1 12,0,2 1,122,1 1,122,1 1,122,1
12,0,2 0,0,0 0,0,0 17,73,1 0,0,0 1,73,1 1,73,1 1,73,1 0,0,0
12,0,2 3,72,1 17,72,1 1,72,1 1,72,1 1,72,1 2,72,1 1,72,1 0,0,0
1,2,1 1,71,1 1,71,1 1,71,1 4,71,1 12,0,2 9,0,2 0,0,0 0,0,0
1,2,1 1,70,1 1,70,1 1,70,1 12,0,2 1,70,1 4,70,1 1,70,1 0,0,0
1,2,1 17,69,1 1,69,1 2,69,1 12,0,2 1,69,1 1,69,1 1,69,1 11,0,2
8,0,2 1,68,1 1,68,1 1,68,1 12,0,2 1,68,1 1,68,1 1,68,1 5,68,1
0,0,0 0,0,0 0,0,0 0,0,0 0,0,0 0,0,0 0,0,0 0,0,0 0,0,0
0,0,0 0,0,0 0,0,0 0,0,0 0,0,0 0,0,0 0,0,0 0,0,0 0,0,0
0,0,0 0,0,0 0,0,0 0,0,0 0,0,0 0,0,0 0,0,0 0,0,0 0,0,0