MODE 0
BALL 60
STARS 0/3600/5000
ADDLINE 4,78,1 1,78,1 1,78,1 1,78,1 5,78,1 5,78,1 1,78,1 12,0,2 1,78,1
ADDLINE 1,83,1 0,0,0 1,83,1 1,83,1 3,83,1 3,83,1 1,83,1 12,0,2 0,0,0
ADDLINE 1,80,1 12,0,2 1,80,1 4,80,1 1,80,1 1,80,1 1,80,1 1,80,1 1,80,1
ADDLINE 0,0,0 0,0,0 0,0,0 0,0,0 12,0,2 0,0,0 0,0,0 0,0,0 1,93,1
ADDLINE 5,89,1 4,89,1 1,89,1 1,89,1 1,89,1 3,89,1 1,89,1 12,0,2 1,89,1
ADDLINE 0,0,0 0,0,0 0,0,0 0,0,0 0,0,0 12,0,2 1,103,1 0,0,0 1,103,1
ADDLINE 1,112,1 4,112,1 1,112,1 1,112,1 1,112,1 0,0,0 1,112,1 12,0,2 4,112,1
ADDLINE 1,122,1 1,122,1 3,122,1 5,122,1 1,122,1 0,0,0 1,122,1 12,0,2 0,0,0
ADDLINE 1,93,1 1,93,1 1,93,1 1,93,1 1,93,1 12,0,2 1,93,1 1,93,1 3,93,1
ADDLINE 5,108,1 0,0,0 1,108,1 1,108,1 1,108,1 1,108,1 12,0,2 5,108,1 1,108,1
ADDLINE 0,0,0 0,0,0 1,118,1 1,118,1 1,118,1 0,0,0 12,0,2 1,118,1 2,118,1
ADDLINE 0,0,0 0,0,0 1,128,1 1,128,1 3,128,1 12,0,2 0,0,0 1,128,1 1,128,1
1,73,1 0,0,0 12,0,2 0,0,0 0,0,0 5,73,1 1,73,1 3,73,1 1,73,1
0,0,0 1,72,1 12,0,2 1,72,1 1,72,1 1,72,1 1,72,1 16,72,1 1,72,1
0,0,0 4,71,1 12,0,2 5,71,1 1,71,1 1,71,1 4,71,1 1,71,1 1,71,1
1,70,1 0,0,0 22,0,2 0,0,0 0,0,0 0,0,0 0,0,0 12,0,2 6,70,1
1,69,1 0,0,0 12,0,2 2,69,1 18,69,1 1,69,1 3,69,1 0,0,0 1,69,1
0,0,0 0,0,0 0,0,0 4,68,1 1,68,1 1,68,1 12,0,2 1,68,1 1,68,1
0,0,0 0,0,0 0,0,0 0,0,0 0,0,0 0,0,0 0,0,0 0,0,0 0,0,0
0,0,0 0,0,0 0,0,0 0,0,0 0,0,0 0,0,0 0,0,0 0,0,0 0,0,0
0,0,0 0,0,0 0,0,0 0,0,0 0,0,0 0,0,0 0,0,0 0,0,0 0,0,0