MODE 0
BALL 60
STARS 0/3600/5000
ADDLINE 4,82,1 1,82,1 1,82,1 0,0,0 1,82,1 4,82,1 1,82,1 12,0,2 1,82,1
ADDLINE 1,83,1 0,0,0 1,83,1 0,0,0 0,0,0 0,0,0 5,83,1 12,0,2 1,83,1
ADDLINE 2,84,1 0,0,0 1,84,1 1,84,1 1,84,1 0,0,0 1,84,1 12,0,2 1,84,1
ADDLINE 1,93,1 0,0,0 12,0,2 0,0,0 1,93,1 0,0,0 2,93,1 0,0,0 1,93,1
ADDLINE 1,94,1 0,0,0 3,94,1 12,0,2 1,94,1 0,0,0 4,94,1 0,0,0 1,94,1
ADDLINE 1,103,1 0,0,0 1,103,1 12,0,2 1,103,1 0,0,0 1,103,1 0,0,0 0,0,0
ADDLINE 5,112,1 1,112,1 1,112,1 0,0,0 3,112,1 12,0,2 1,112,1 1,112,1 1,112,1
ADDLINE 12,0,2 0,0,0 0,0,0 0,0,0 1,122,1 0,0,0 3,122,1 0,0,0 0,0,0
ADDLINE 1,98,1 0,0,0 4,98,1 1,98,1 1,98,1 12,0,2 1,98,1 0,0,0 1,98,1
ADDLINE 1,108,1 0,0,0 1,108,1 1,108,1 2,108,1 5,108,1 1,108,1 12,0,2 1,108,1
ADDLINE 1,118,1 0,0,0 1,118,1 0,0,0 0,0,0 0,0,0 0,0,0 12,0,2 1,118,1
ADDLINE 1,128,1 0,0,0 1,128,1 12,0,2 1,128,1 2,128,1 1,128,1 1,128,1 4,128,1
1,73,1 0,0,0 0,0,0 12,0,2 1,73,1 0,0,0 1,73,1 0,0,0 1,73,1
1,72,1 1,72,1 2,72,1 22,0,2 1,72,1 3,72,1 1,72,1 12,0,2 3,72,1
1,71,1 5,71,1 17,71,1 0,0,0 12,0,2 1,2,1 1,2,1 1,2,1 19,71,1
0,0,0 1,67,1 3,67,1 1,67,1 1,67,1 1,67,1 1,67,1 12,0,2 1,67,1
7,0,2 0,0,0 1,69,1 1,69,1 0,0,0 0,0,0 1,69,1 12,0,2 1,69,1
1,65,1 1,65,1 4,65,1 5,65,1 12,0,2 21,65,1 1,65,1 3,2,1 1,65,1
0,0,0 0,0,0 0,0,0 0,0,0 0,0,0 0,0,0 0,0,0 0,0,0 0,0,0
0,0,0 0,0,0 0,0,0 0,0,0 0,0,0 0,0,0 0,0,0 0,0,0 0,0,0
0,0,0 0,0,0 0,0,0 0,0,0 0,0,0 0,0,0 0,0,0 0,0,0 0,0,0