MODE 0
BALL 60
STARS 0/3500/5000
ADDLINE 10,0,2 0,0,0 0,0,0 0,0,0 1,82,1 0,0,0 1,82,1 12,0,2 0,0,0
ADDLINE 1,83,1 1,83,1 1,83,1 1,83,1 1,83,1 0,0,0 1,83,1 12,0,2 1,83,1
ADDLINE 12,0,2 0,0,0 0,0,0 0,0,0 1,84,1 0,0,0 1,84,1 0,0,0 0,0,0
ADDLINE 1,93,1 1,93,1 1,93,1 0,0,0 1,93,1 12,0,2 1,93,1 1,93,1 1,93,1
ADDLINE 0,0,0 1,94,1 1,94,1 1,94,1 10,0,2 0,0,0 17,94,1 12,0,2 0,0,0
ADDLINE 1,103,1 1,103,1 17,103,1 1,103,1 1,103,1 11,0,2 1,103,1 12,0,2 1,103,1
ADDLINE 0,0,0 1,112,1 12,0,2 0,0,0 1,112,1 0,0,0 1,112,1 0,0,0 0,0,0
ADDLINE 1,122,1 1,122,1 1,122,1 0,0,0 1,122,1 12,0,2 1,122,1 1,122,1 1,122,1
ADDLINE 1,98,1 0,0,0 1,98,1 12,0,2 1,98,1 0,0,0 1,98,1 0,0,0 1,98,1
ADDLINE 0,0,0 0,0,0 11,0,2 0,0,0 1,108,1 0,0,0 1,108,1 12,0,2 0,0,0
ADDLINE 1,112,1 1,112,1 1,112,1 1,112,1 1,112,1 12,0,2 1,112,1 1,112,1 1,112,1
ADDLINE 1,128,1 0,0,0 0,0,0 0,0,0 12,0,2 0,0,0 1,128,1 1,128,1 1,128,1
0,0,0 12,0,2 1,73,1 1,73,1 1,73,1 0,0,0 1,73,1 0,0,0 1,73,1
1,72,1 0,0,0 1,72,1 1,72,1 1,72,1 12,0,2 1,72,1 0,0,0 1,72,1
1,71,1 0,0,0 0,0,0 0,0,0 12,0,2 0,0,0 1,71,1 0,0,0 1,71,1
1,70,1 11,0,2 1,70,1 1,70,1 1,70,1 12,0,2 1,70,1 20,70,1 1,70,1
1,69,1 0,0,0 0,0,0 0,0,0 20,69,1 0,0,0 0,0,0 12,0,2 1,69,1
1,65,1 1,65,1 1,65,1 1,65,1 1,65,1 1,65,1 1,65,1 12,0,2 1,65,1
0,0,0 0,0,0 0,0,0 0,0,0 0,0,0 0,0,0 0,0,0 0,0,0 0,0,0
0,0,0 0,0,0 0,0,0 0,0,0 0,0,0 0,0,0 0,0,0 0,0,0 0,0,0
0,0,0 0,0,0 0,0,0 0,0,0 0,0,0 0,0,0 0,0,0 0,0,0 0,0,0