MODE 0
BALL 60
STARS 0/3500/5000
ADDLINE 0,0,0 1,82,1 1,82,1 1,82,1 0,0,0 1,82,1 12,0,2 1,82,1 1,82,1
ADDLINE 0,0,0 1,83,1 1,83,1 1,83,1 0,0,0 1,83,1 12,0,2 1,83,1 1,83,1
ADDLINE 0,0,0 0,0,0 0,0,0 1,84,1 0,0,0 12,0,2 0,0,0 0,0,0 0,0,0
ADDLINE 1,93,1 1,93,1 12,0,2 1,93,1 1,93,1 1,93,1 1,93,1 1,93,1 0,0,0
ADDLINE 12,0,2 0,0,0 0,0,0 1,94,1 1,94,1 1,94,1 1,94,1 1,94,1 0,0,0
ADDLINE 1,103,1 1,103,1 12,0,2 1,103,1 1,103,1 1,103,1 1,103,1 1,103,1 0,0,0
ADDLINE 0,0,0 1,112,1 0,0,0 0,0,0 0,0,0 12,0,2 0,0,0 1,112,1 0,0,0
ADDLINE 1,116,1 1,116,1 1,116,1 1,116,1 12,0,2 1,116,1 1,116,1 1,116,1 1,116,1
ADDLINE 1,93,1 1,93,1 1,93,1 1,93,1 12,0,2 1,93,1 1,93,1 1,93,1 1,93,1
ADDLINE 0,0,0 1,108,1 12,0,2 1,108,1 1,108,1 1,108,1 1,108,1 1,108,1 1,108,1
ADDLINE 0,0,0 1,118,1 12,0,2 1,118,1 1,118,1 1,118,1 1,118,1 1,118,1 1,118,1
ADDLINE 0,0,0 1,128,1 0,0,0 12,0,2 1,128,1 1,128,1 1,128,1 1,128,1 1,128,1
1,73,1 1,73,1 0,0,0 0,0,0 1,73,1 1,73,1 12,0,2 10,0,2 1,73,1
1,72,1 1,72,1 1,72,1 1,72,1 0,0,0 0,0,0 1,72,1 12,0,2 1,72,1
1,71,1 10,0,2 12,0,2 0,0,0 0,0,0 1,71,1 1,71,1 0,0,0 1,71,1
1,70,1 0,0,0 15,0,2 0,0,0 22,0,2 12,0,2 14,0,2 0,0,0 1,70,1
1,69,1 1,69,1 1,69,1 1,69,1 0,0,0 1,69,1 12,0,2 1,69,1 1,69,1
1,68,1 1,68,1 1,68,1 1,68,1 1,68,1 1,68,1 12,0,2 1,68,1 1,68,1
0,0,0 0,0,0 0,0,0 0,0,0 0,0,0 0,0,0 0,0,0 0,0,0 0,0,0
0,0,0 0,0,0 0,0,0 0,0,0 0,0,0 0,0,0 0,0,0 0,0,0 0,0,0
0,0,0 0,0,0 0,0,0 0,0,0 0,0,0 0,0,0 0,0,0 0,0,0 0,0,0