MODE 0
BALL 60
STARS 0/3500/5000
ADDLINE 1,82,1 1,82,1 1,82,1 0,0,0 1,82,1 12,0,2 1,82,1 1,82,1 1,82,1
ADDLINE 0,0,0 0,0,0 1,83,1 12,0,2 1,83,1 0,0,0 0,0,0 0,0,0 0,0,0
ADDLINE 1,84,1 0,0,0 1,84,1 12,0,2 1,84,1 1,84,1 1,84,1 1,84,1 1,84,1
ADDLINE 1,93,1 0,0,0 1,93,1 0,0,0 0,0,0 0,0,0 12,0,2 0,0,0 1,93,1
ADDLINE 1,89,1 1,89,1 1,89,1 1,89,1 1,89,1 12,0,2 1,89,1 1,89,1 1,89,1
ADDLINE 1,103,1 0,0,0 0,0,0 0,0,0 1,103,1 12,0,2 1,103,1 0,0,0 0,0,0
ADDLINE 1,112,1 0,0,0 1,112,1 0,0,0 1,112,1 0,0,0 1,112,1 12,0,2 1,112,1
ADDLINE 1,122,1 12,0,2 1,122,1 0,0,0 0,0,0 0,0,0 1,122,1 0,0,0 0,0,0
ADDLINE 1,93,1 12,0,2 1,93,1 1,93,1 1,93,1 1,93,1 1,93,1 1,93,1 1,93,1
ADDLINE 1,108,1 0,0,0 1,108,1 12,0,2 1,108,1 1,108,1 1,108,1 1,108,1 1,108,1
ADDLINE 1,118,1 0,0,0 1,118,1 12,0,2 1,118,1 1,118,1 1,118,1 1,118,1 1,118,1
ADDLINE 0,0,0 0,0,0 1,128,1 0,0,0 0,0,0 0,0,0 12,0,2 0,0,0 0,0,0
1,69,1 1,69,1 12,0,2 1,69,1 1,69,1 1,69,1 1,69,1 21,69,1 1,69,1
1,72,1 1,72,1 1,2,1 1,72,1 0,0,0 0,0,0 12,0,2 1,72,1 21,72,1
1,71,1 1,71,1 1,2,1 1,71,1 1,71,1 21,71,1 12,0,2 1,71,1 1,71,1
1,2,1 1,2,1 1,2,1 1,2,1 1,2,1 1,2,1 1,2,1 12,0,2 0,0,0
1,2,1 1,69,1 1,69,1 21,69,1 12,0,2 1,69,1 1,69,1 1,69,1 1,69,1
0,0,0 1,68,1 21,68,1 1,68,1 19,68,1 1,68,1 0,0,0 12,0,2 0,0,0
0,0,0 0,0,0 0,0,0 0,0,0 0,0,0 0,0,0 0,0,0 0,0,0 0,0,0
0,0,0 0,0,0 0,0,0 0,0,0 0,0,0 0,0,0 0,0,0 0,0,0 0,0,0
0,0,0 0,0,0 0,0,0 0,0,0 0,0,0 0,0,0 0,0,0 0,0,0 0,0,0