MODE 0
BALL 60
STARS 0/3500/5000
ADDLINE 0,0,0 0,0,0 0,0,0 0,0,0 12,0,2 4,82,1 0,0,0 1,82,1 0,0,0
ADDLINE 1,83,1 2,83,1 12,0,2 1,83,1 1,83,1 1,83,1 1,83,1 1,83,1 0,0,0
ADDLINE 0,0,0 2,84,1 12,0,2 1,84,1 1,84,1 1,84,1 1,84,1 5,84,1 0,0,0
ADDLINE 1,93,1 1,93,1 12,0,2 1,93,1 1,93,1 1,93,1 1,93,1 1,93,1 0,0,0
ADDLINE 0,0,0 12,0,2 4,94,1 0,0,0 5,94,1 0,0,0 7,0,2 1,94,1 0,0,0
ADDLINE 1,98,1 1,98,1 1,98,1 1,98,1 2,98,1 1,98,1 1,98,1 1,98,1 12,0,2
ADDLINE 0,0,0 0,0,0 0,0,0 1,112,1 0,0,0 12,0,2 0,0,0 0,0,0 0,0,0
ADDLINE 12,0,2 1,116,1 1,116,1 1,116,1 5,116,1 1,116,1 1,116,1 1,116,1 2,116,1
ADDLINE 0,0,0 5,98,1 1,98,1 1,98,1 1,98,1 3,98,1 12,0,2 1,98,1 1,98,1
ADDLINE 0,0,0 12,0,2 0,0,0 2,108,1 2,108,1 1,108,1 1,108,1 1,108,1 1,108,1
ADDLINE 0,0,0 1,118,1 1,118,1 12,0,2 0,0,0 0,0,0 0,0,0 1,118,1 1,118,1
ADDLINE 1,128,1 0,0,0 12,0,2 1,128,1 1,128,1 1,128,1 0,0,0 3,128,1 4,128,1
0,0,0 0,0,0 10,0,2 12,0,2 1,73,1 1,73,1 1,73,1 1,73,1 1,73,1
0,0,0 1,72,1 1,72,1 12,0,2 0,0,0 1,72,1 1,72,1 16,72,1 5,72,1
10,0,2 12,0,2 0,0,0 1,71,1 0,0,0 1,71,1 1,71,1 1,71,1 1,71,1
1,70,1 1,70,1 8,0,2 0,0,0 0,0,0 0,0,0 12,0,2 19,70,1 5,70,1
1,69,1 1,69,1 12,0,2 1,69,1 3,69,1 2,69,1 12,0,2 1,69,1 1,69,1
1,68,1 1,68,1 11,0,2 0,0,0 0,0,0 0,0,0 0,0,0 0,0,0 1,68,1
0,0,0 0,0,0 0,0,0 0,0,0 0,0,0 0,0,0 0,0,0 0,0,0 0,0,0
0,0,0 0,0,0 0,0,0 0,0,0 0,0,0 0,0,0 0,0,0 0,0,0 0,0,0
0,0,0 0,0,0 0,0,0 0,0,0 0,0,0 0,0,0 0,0,0 0,0,0 0,0,0