MODE 0
BALL 60
STARS 0/3500/5000
ADDLINE 1,82,1 1,82,1 1,82,1 0,0,0 4,82,1 12,0,2 1,82,1 0,0,0 1,82,1
ADDLINE 0,0,0 0,0,0 5,83,1 12,0,2 1,83,1 0,0,0 1,83,1 0,0,0 1,83,1
ADDLINE 4,84,1 0,0,0 1,84,1 1,84,1 1,84,1 0,0,0 2,84,1 12,0,2 1,84,1
ADDLINE 0,0,0 0,0,0 4,93,1 12,0,2 0,0,0 0,0,0 1,93,1 0,0,0 5,93,1
ADDLINE 1,94,1 0,0,0 1,94,1 12,0,2 1,94,1 1,94,1 1,94,1 0,0,0 1,94,1
ADDLINE 1,103,1 0,0,0 2,103,1 0,0,0 1,103,1 0,0,0 0,0,0 12,0,2 1,103,1
ADDLINE 4,112,1 3,112,1 2,112,1 0,0,0 1,112,1 12,0,2 1,112,1 1,112,1 1,112,1
ADDLINE 12,0,2 0,0,0 0,0,0 0,0,0 1,122,1 0,0,0 1,122,1 0,0,0 0,0,0
ADDLINE 1,98,1 4,98,1 1,98,1 1,98,1 1,98,1 0,0,0 1,98,1 12,0,2 1,98,1
ADDLINE 1,108,1 1,108,1 3,108,1 0,0,0 1,108,1 12,0,2 1,108,1 1,108,1 1,108,1
ADDLINE 0,0,0 0,0,0 0,0,0 0,0,0 3,118,1 12,0,2 1,118,1 0,0,0 1,118,1
ADDLINE 1,128,1 1,128,1 1,128,1 0,0,0 1,128,1 1,128,1 5,128,1 12,0,2 4,128,1
12,0,2 1,73,1 0,0,0 1,73,1 0,0,0 19,73,1 0,0,0 1,73,1 0,0,0
0,0,0 4,72,1 0,0,0 1,72,1 0,0,0 1,72,1 12,0,2 3,72,1 1,72,1
12,0,2 2,71,1 0,0,0 0,0,0 0,0,0 1,71,1 0,0,0 7,0,2 0,0,0
12,0,2 1,70,1 0,0,0 3,70,1 6,70,1 1,70,1 4,70,1 2,70,1 0,0,0
0,0,0 1,69,1 12,0,2 4,69,1 1,69,1 1,69,1 0,0,0 1,69,1 0,0,0
1,68,1 1,68,1 8,0,2 1,68,1 1,68,1 21,68,1 12,0,2 1,68,1 1,68,1
0,0,0 0,0,0 0,0,0 0,0,0 0,0,0 0,0,0 0,0,0 0,0,0 0,0,0
0,0,0 0,0,0 0,0,0 0,0,0 0,0,0 0,0,0 0,0,0 0,0,0 0,0,0
0,0,0 0,0,0 0,0,0 0,0,0 0,0,0 0,0,0 0,0,0 0,0,0 0,0,0