MODE 0
BALL 60
STARS 0/3500/5000
ADDLINE 1,82,1 0,0,0 1,82,1 4,82,1 1,82,1 12,0,2 2,82,1 1,82,1 1,82,1
ADDLINE 1,79,1 12,0,2 1,79,1 1,79,1 1,79,1 1,79,1 1,79,1 1,79,1 1,79,1
ADDLINE 4,84,1 0,0,0 0,0,0 0,0,0 0,0,0 12,0,2 3,84,1 3,84,1 1,84,1
ADDLINE 1,88,1 12,0,2 1,88,1 1,88,1 1,88,1 4,88,1 1,88,1 4,88,1 1,88,1
ADDLINE 0,0,0 0,0,0 0,0,0 12,0,2 1,94,1 0,0,0 0,0,0 0,0,0 0,0,0
ADDLINE 2,103,1 0,0,0 1,103,1 3,103,1 1,103,1 12,0,2 1,103,1 1,103,1 1,103,1
ADDLINE 1,112,1 0,0,0 3,112,1 1,112,1 1,112,1 12,0,2 1,112,1 0,0,0 0,0,0
ADDLINE 1,122,1 0,0,0 1,122,1 1,122,1 1,122,1 12,0,2 1,122,1 0,0,0 4,122,1
ADDLINE 1,98,1 0,0,0 4,98,1 1,98,1 1,98,1 0,0,0 1,98,1 12,0,2 5,98,1
ADDLINE 1,103,1 5,103,1 1,103,1 4,103,1 1,103,1 12,0,2 1,103,1 1,103,1 1,103,1
ADDLINE 1,118,1 0,0,0 0,0,0 0,0,0 0,0,0 12,0,2 2,118,1 1,118,1 4,118,1
ADDLINE 1,128,1 0,0,0 0,0,0 12,0,2 1,128,1 1,128,1 1,128,1 1,128,1 1,128,1
1,73,1 0,0,0 0,0,0 0,0,0 1,73,1 12,0,2 0,0,0 1,73,1 1,73,1
4,72,1 1,2,1 1,2,1 1,2,1 1,2,1 12,0,2 4,72,1 1,72,1 5,72,1
19,71,1 1,71,1 1,2,1 1,2,1 12,0,2 1,71,1 2,71,1 1,71,1 1,71,1
1,70,1 1,70,1 1,2,1 1,70,1 1,70,1 2,70,1 2,70,1 12,0,2 10,0,2
1,69,1 22,0,2 1,2,1 1,69,1 12,0,2 0,0,0 0,0,0 0,0,0 5,69,1
1,68,1 0,0,0 1,68,1 4,68,1 0,0,0 0,0,0 12,0,2 1,68,1 1,68,1
0,0,0 0,0,0 0,0,0 0,0,0 0,0,0 0,0,0 0,0,0 0,0,0 0,0,0
0,0,0 0,0,0 0,0,0 0,0,0 0,0,0 0,0,0 0,0,0 0,0,0 0,0,0
0,0,0 0,0,0 0,0,0 0,0,0 0,0,0 0,0,0 0,0,0 0,0,0 0,0,0