MODE 0
BALL 60
STARS 0/3500/5000
ADDLINE 1,82,1 0,0,0 0,0,0 1,82,1 20,82,1 12,0,2 0,0,0 0,0,0 0,0,0
ADDLINE 3,79,1 1,79,1 1,79,1 12,0,2 1,79,1 1,79,1 1,79,1 1,79,1 1,79,1
ADDLINE 0,0,0 0,0,0 1,84,1 0,0,0 5,84,1 0,0,0 1,84,1 12,0,2 0,0,0
ADDLINE 1,93,1 0,0,0 5,93,1 12,0,2 1,93,1 0,0,0 1,93,1 0,0,0 4,93,1
ADDLINE 1,94,1 0,0,0 1,94,1 0,0,0 1,94,1 0,0,0 1,94,1 12,0,2 0,0,0
ADDLINE 1,103,1 0,0,0 1,103,1 12,0,2 3,103,1 0,0,0 1,103,1 1,103,1 17,103,1
ADDLINE 4,112,1 1,112,1 17,112,1 12,0,2 0,0,0 0,0,0 0,0,0 1,112,1 1,112,1
ADDLINE 1,116,1 1,116,1 1,116,1 1,116,1 1,116,1 12,0,2 1,116,1 1,116,1 1,116,1
ADDLINE 19,98,1 1,98,1 1,98,1 1,98,1 1,98,1 1,98,1 1,98,1 12,0,2 0,0,0
ADDLINE 1,108,1 0,0,0 2,108,1 12,0,2 4,108,1 0,0,0 0,0,0 0,0,0 0,0,0
ADDLINE 1,112,1 1,112,1 1,112,1 12,0,2 3,112,1 1,112,1 1,112,1 1,112,1 1,112,1
ADDLINE 1,128,1 0,0,0 0,0,0 0,0,0 12,0,2 1,128,1 1,128,1 1,128,1 1,128,1
4,73,1 0,0,0 12,0,2 10,0,2 1,73,1 1,73,1 10,0,2 0,0,0 1,73,1
1,69,1 1,69,1 0,0,0 1,69,1 1,69,1 4,69,1 1,69,1 21,69,1 12,0,2
12,0,2 0,0,0 0,0,0 2,71,1 0,0,0 1,71,1 1,71,1 3,71,1 0,0,0
12,0,2 1,70,1 2,70,1 3,70,1 0,0,0 1,70,1 1,70,1 20,70,1 0,0,0
0,0,0 20,69,1 0,0,0 12,0,2 0,0,0 1,69,1 1,69,1 4,69,1 0,0,0
12,0,2 16,68,1 1,68,1 1,68,1 1,68,1 1,68,1 1,68,1 5,68,1 0,0,0
0,0,0 0,0,0 0,0,0 0,0,0 0,0,0 0,0,0 0,0,0 0,0,0 0,0,0
0,0,0 0,0,0 0,0,0 0,0,0 0,0,0 0,0,0 0,0,0 0,0,0 0,0,0
0,0,0 0,0,0 0,0,0 0,0,0 0,0,0 0,0,0 0,0,0 0,0,0 0,0,0