MODE 0
BALL 70
STARS 0/3500/5000
ADDLINE 1,82,1 0,0,0 1,82,1 1,82,1 1,82,1 12,0,2 1,82,1 0,0,0 1,82,1
ADDLINE 1,83,1 0,0,0 1,83,1 1,83,1 1,83,1 12,0,2 0,0,0 0,0,0 0,0,0
ADDLINE 1,84,1 0,0,0 1,84,1 1,84,1 1,84,1 12,0,2 1,84,1 1,84,1 1,84,1
ADDLINE 0,0,0 12,0,2 1,93,1 1,93,1 1,93,1 0,0,0 1,93,1 1,93,1 1,93,1
ADDLINE 1,89,1 12,0,2 1,89,1 1,89,1 1,89,1 1,89,1 1,89,1 1,89,1 1,89,1
ADDLINE 1,103,1 12,0,2 0,0,0 0,0,0 0,0,0 0,0,0 1,103,1 0,0,0 0,0,0
ADDLINE 1,112,1 1,112,1 7,0,2 1,112,1 1,112,1 1,112,1 1,112,1 12,0,2 1,112,1
ADDLINE 1,122,1 0,0,0 1,122,1 12,0,2 1,122,1 1,122,1 1,122,1 0,0,0 0,0,0
ADDLINE 1,98,1 8,0,2 1,98,1 12,0,2 1,98,1 1,98,1 1,98,1 1,98,1 1,98,1
ADDLINE 1,108,1 1,108,1 1,108,1 0,0,0 0,0,0 0,0,0 12,0,2 1,108,1 1,108,1
ADDLINE 1,118,1 1,118,1 0,0,0 0,0,0 1,118,1 1,118,1 12,0,2 0,0,0 1,118,1
ADDLINE 1,128,1 0,0,0 12,0,2 1,128,1 1,128,1 1,128,1 1,128,1 11,0,2 1,128,1
1,73,1 1,73,1 7,0,2 0,0,0 12,0,2 1,2,1 1,2,1 1,2,1 1,73,1
1,72,1 1,2,1 12,0,2 1,72,1 0,0,0 1,72,1 1,72,1 1,2,1 1,72,1
1,71,1 1,2,1 1,71,1 1,71,1 0,0,0 12,0,2 1,71,1 6,71,1 1,71,1
1,70,1 1,2,1 8,0,2 1,70,1 12,0,2 0,0,0 1,70,1 1,70,1 1,70,1
1,69,1 1,69,1 7,0,2 1,69,1 0,0,0 1,69,1 12,0,2 6,69,1 1,69,1
1,68,1 1,68,1 0,0,0 1,68,1 1,68,1 1,68,1 12,0,2 1,68,1 1,68,1
0,0,0 0,0,0 0,0,0 0,0,0 0,0,0 0,0,0 0,0,0 0,0,0 0,0,0
0,0,0 0,0,0 0,0,0 0,0,0 0,0,0 0,0,0 0,0,0 0,0,0 0,0,0
0,0,0 0,0,0 0,0,0 0,0,0 0,0,0 0,0,0 0,0,0 0,0,0 0,0,0