MODE 0
BALL 70
STARS 0/3500/5000
ADDLINE 1,82,1 0,0,0 1,82,1 0,0,0 0,0,0 12,0,2 1,82,1 0,0,0 0,0,0
ADDLINE 1,79,1 1,79,1 1,79,1 12,0,2 1,79,1 1,79,1 1,79,1 1,79,1 1,79,1
ADDLINE 0,0,0 0,0,0 1,84,1 0,0,0 0,0,0 12,0,2 0,0,0 0,0,0 0,0,0
ADDLINE 1,93,1 0,0,0 1,93,1 1,93,1 1,93,1 1,93,1 1,93,1 12,0,2 1,93,1
ADDLINE 1,94,1 0,0,0 1,94,1 0,0,0 0,0,0 0,0,0 1,94,1 12,0,2 0,0,0
ADDLINE 1,103,1 0,0,0 1,103,1 12,0,2 1,103,1 0,0,0 1,103,1 1,103,1 1,103,1
ADDLINE 1,112,1 12,0,2 0,0,0 0,0,0 1,112,1 0,0,0 1,112,1 0,0,0 0,0,0
ADDLINE 1,122,1 1,122,1 1,122,1 1,122,1 1,122,1 0,0,0 1,122,1 12,0,2 1,122,1
ADDLINE 1,98,1 0,0,0 12,0,2 0,0,0 1,98,1 0,0,0 0,0,0 0,0,0 1,98,1
ADDLINE 1,108,1 0,0,0 1,108,1 0,0,0 1,108,1 1,108,1 1,108,1 12,0,2 1,108,1
ADDLINE 1,118,1 0,0,0 1,118,1 0,0,0 1,118,1 1,118,1 1,118,1 12,0,2 1,118,1
ADDLINE 1,128,1 0,0,0 12,0,2 0,0,0 0,0,0 0,0,0 1,128,1 0,0,0 1,128,1
1,73,1 1,73,1 1,73,1 1,73,1 12,0,2 19,73,1 1,73,1 1,73,1 0,0,0
0,0,0 0,0,0 0,0,0 0,0,0 12,0,2 1,72,1 0,0,0 0,0,0 0,0,0
1,71,1 1,71,1 1,71,1 19,71,1 12,0,2 1,71,1 0,0,0 1,71,1 0,0,0
0,0,0 0,0,0 0,0,0 1,70,1 12,0,2 1,70,1 0,0,0 1,70,1 0,0,0
1,69,1 1,69,1 0,0,0 1,69,1 1,69,1 1,69,1 12,0,2 1,69,1 11,0,2
1,68,1 1,68,1 22,0,2 0,0,0 12,0,2 0,0,0 0,0,0 1,68,1 0,0,0
0,0,0 0,0,0 0,0,0 0,0,0 0,0,0 0,0,0 0,0,0 0,0,0 0,0,0
0,0,0 0,0,0 0,0,0 0,0,0 0,0,0 0,0,0 0,0,0 0,0,0 0,0,0
0,0,0 0,0,0 0,0,0 0,0,0 0,0,0 0,0,0 0,0,0 0,0,0 0,0,0