MODE 0
BALL 70
STARS 0/3700/5250
ADDLINE 0,0,0 1,82,1 1,82,1 1,82,1 0,0,0 1,82,1 12,0,2 0,0,0 0,0,0
ADDLINE 1,79,1 1,79,1 5,79,1 3,79,1 12,0,2 4,79,1 1,79,1 1,79,1 1,79,1
ADDLINE 0,0,0 12,0,2 1,84,1 1,84,1 0,0,0 3,84,1 0,0,0 0,0,0 0,0,0
ADDLINE 1,88,1 1,88,1 1,88,1 4,88,1 12,0,2 3,88,1 1,88,1 1,88,1 3,88,1
ADDLINE 1,94,1 2,94,1 0,0,0 0,0,0 0,0,0 0,0,0 12,0,2 0,0,0 0,0,0
ADDLINE 1,103,1 1,103,1 0,0,0 1,103,1 1,103,1 1,103,1 12,0,2 1,103,1 1,103,1
ADDLINE 1,112,1 1,112,1 0,0,0 1,112,1 4,112,1 1,112,1 12,0,2 1,112,1 3,112,1
ADDLINE 1,116,1 1,116,1 1,116,1 4,116,1 1,116,1 1,116,1 12,0,2 1,116,1 1,116,1
ADDLINE 0,0,0 0,0,0 0,0,0 2,98,1 1,98,1 1,98,1 12,0,2 0,0,0 0,0,0
ADDLINE 0,0,0 12,0,2 1,108,1 1,108,1 1,108,1 2,108,1 1,108,1 3,108,1 1,108,1
ADDLINE 0,0,0 1,118,1 12,0,2 1,118,1 1,118,1 1,118,1 1,118,1 1,118,1 3,118,1
ADDLINE 0,0,0 4,128,1 1,128,1 0,0,0 0,0,0 0,0,0 12,0,2 1,128,1 1,128,1
1,73,1 1,73,1 5,73,1 1,73,1 3,73,1 1,73,1 0,0,0 12,0,2 10,0,2
1,72,1 1,72,1 1,72,1 1,72,1 1,72,1 5,72,1 12,0,2 4,72,1 0,0,0
1,71,1 1,71,1 0,0,0 12,0,2 10,0,2 1,71,1 1,71,1 15,0,2 0,0,0
1,70,1 1,70,1 0,0,0 1,70,1 5,70,1 1,70,1 1,70,1 12,0,2 1,70,1
10,0,2 12,0,2 3,69,1 1,69,1 1,69,1 1,69,1 1,69,1 0,0,0 3,69,1
1,68,1 14,0,2 12,0,2 0,0,0 0,0,0 0,0,0 1,68,1 1,68,1 4,68,1
0,0,0 0,0,0 0,0,0 0,0,0 0,0,0 0,0,0 0,0,0 0,0,0 0,0,0
0,0,0 0,0,0 0,0,0 0,0,0 0,0,0 0,0,0 0,0,0 0,0,0 0,0,0
0,0,0 0,0,0 0,0,0 0,0,0 0,0,0 0,0,0 0,0,0 0,0,0 0,0,0