MODE 0
BALL 70
STARS 0/2800/4000
ADDLINE 1,82,1 0,0,0 1,82,1 0,0,0 5,82,1 0,0,0 12,0,2 0,0,0 4,82,1
ADDLINE 1,83,1 0,0,0 1,83,1 12,0,2 1,83,1 1,83,1 4,83,1 0,0,0 1,83,1
ADDLINE 2,84,1 0,0,0 1,84,1 0,0,0 0,0,0 0,0,0 1,84,1 12,0,2 1,84,1
ADDLINE 5,93,1 0,0,0 1,93,1 1,93,1 1,93,1 0,0,0 1,93,1 12,0,2 1,93,1
ADDLINE 1,94,1 0,0,0 0,0,0 0,0,0 4,94,1 12,0,2 1,94,1 0,0,0 1,94,1
ADDLINE 1,103,1 1,103,1 2,103,1 5,103,1 1,103,1 0,0,0 1,103,1 12,0,2 1,103,1
ADDLINE 1,112,1 12,0,2 0,0,0 0,0,0 0,0,0 0,0,0 1,112,1 0,0,0 0,0,0
ADDLINE 1,116,1 12,0,2 4,116,1 1,116,1 1,116,1 3,116,1 1,116,1 5,116,1 1,116,1
ADDLINE 1,98,1 12,0,2 0,0,0 0,0,0 0,0,0 0,0,0 0,0,0 0,0,0 0,0,0
ADDLINE 0,0,0 0,0,0 0,0,0 0,0,0 12,0,2 0,0,0 0,0,0 1,108,1 0,0,0
ADDLINE 12,0,2 1,118,1 1,118,1 2,118,1 3,118,1 1,118,1 1,118,1 1,118,1 0,0,0
ADDLINE 0,0,0 4,128,1 3,128,1 1,128,1 1,128,1 1,128,1 12,0,2 1,128,1 0,0,0
0,0,0 1,73,1 20,73,1 1,73,1 5,73,1 1,73,1 12,0,2 1,73,1 4,73,1
0,0,0 0,0,0 0,0,0 1,72,1 22,0,2 0,0,0 12,0,2 0,0,0 0,0,0
8,0,2 3,71,1 1,71,1 1,71,1 12,0,2 1,71,1 1,71,1 3,71,1 1,71,1
8,0,2 5,70,1 1,70,1 4,70,1 0,0,0 0,0,0 12,0,2 1,70,1 1,70,1
5,66,1 1,66,1 1,66,1 1,66,1 12,0,2 1,66,1 1,66,1 1,66,1 1,66,1
0,0,0 1,68,1 2,68,1 1,68,1 0,0,0 1,68,1 12,0,2 0,0,0 0,0,0
0,0,0 0,0,0 0,0,0 0,0,0 0,0,0 0,0,0 0,0,0 0,0,0 0,0,0
0,0,0 0,0,0 0,0,0 0,0,0 0,0,0 0,0,0 0,0,0 0,0,0 0,0,0
0,0,0 0,0,0 0,0,0 0,0,0 0,0,0 0,0,0 0,0,0 0,0,0 0,0,0