MODE 0
BALL 70
STARS 0/4000/5500
ADDLINE 1,82,1 3,82,1 4,82,1 1,82,1 1,82,1 0,0,0 17,82,1 12,0,2 0,0,0
ADDLINE 5,79,1 1,79,1 1,79,1 1,79,1 1,79,1 1,79,1 1,79,1 1,79,1 12,0,2
ADDLINE 1,84,1 0,0,0 12,0,2 0,0,0 0,0,0 0,0,0 0,0,0 0,0,0 0,0,0
ADDLINE 1,88,1 1,88,1 2,88,1 3,88,1 1,88,1 12,0,2 1,88,1 1,88,1 1,88,1
ADDLINE 7,0,2 12,0,2 0,0,0 1,94,1 1,94,1 1,94,1 1,94,1 16,94,1 1,94,1
ADDLINE 1,103,1 0,0,0 1,103,1 1,103,1 1,103,1 12,0,2 1,103,1 5,103,1 1,103,1
ADDLINE 1,112,1 0,0,0 1,112,1 12,0,2 0,0,0 0,0,0 1,112,1 1,112,1 1,112,1
ADDLINE 1,122,1 0,0,0 1,122,1 5,122,1 1,122,1 12,0,2 1,122,1 2,122,1 3,122,1
ADDLINE 1,98,1 0,0,0 3,98,1 1,98,1 1,98,1 0,0,0 0,0,0 12,0,2 1,98,1
ADDLINE 1,108,1 3,108,1 2,108,1 1,108,1 0,0,0 0,0,0 12,0,2 0,0,0 0,0,0
ADDLINE 0,0,0 0,0,0 0,0,0 0,0,0 1,118,1 0,0,0 1,118,1 12,0,2 0,0,0
ADDLINE 1,128,1 1,128,1 1,128,1 0,0,0 12,0,2 1,128,1 1,128,1 11,0,2 0,0,0
1,2,1 1,73,1 1,73,1 1,73,1 2,73,1 1,73,1 1,73,1 12,0,2 17,73,1
1,2,1 1,72,1 1,72,1 3,72,1 1,72,1 1,72,1 1,72,1 12,0,2 1,72,1
1,2,1 1,71,1 4,71,1 1,71,1 17,71,1 12,0,2 0,0,0 11,0,2 1,71,1
11,0,2 0,0,0 20,70,1 1,70,1 1,70,1 1,70,1 12,0,2 1,70,1 19,70,1
0,0,0 1,69,1 16,69,1 12,0,2 1,69,1 1,69,1 1,69,1 1,69,1 1,69,1
0,0,0 0,0,0 5,68,1 0,0,0 0,0,0 0,0,0 12,0,2 1,68,1 1,68,1
0,0,0 0,0,0 0,0,0 0,0,0 0,0,0 0,0,0 0,0,0 0,0,0 0,0,0
0,0,0 0,0,0 0,0,0 0,0,0 0,0,0 0,0,0 0,0,0 0,0,0 0,0,0
0,0,0 0,0,0 0,0,0 0,0,0 0,0,0 0,0,0 0,0,0 0,0,0 0,0,0