MODE 0
BALL 70
STARS 0/3600/5100
ADDLINE 1,78,1 1,78,1 1,78,1 1,78,1 1,78,1 12,0,2 1,78,1 1,78,1 1,78,1
ADDLINE 0,0,0 12,0,2 0,0,0 0,0,0 0,0,0 0,0,0 1,83,1 0,0,0 0,0,0
ADDLINE 1,80,1 1,80,1 12,0,2 1,80,1 1,80,1 1,80,1 1,80,1 1,80,1 1,80,1
ADDLINE 1,93,1 12,0,2 0,0,0 0,0,0 0,0,0 0,0,0 0,0,0 0,0,0 0,0,0
ADDLINE 1,89,1 12,0,2 1,89,1 1,89,1 1,89,1 1,89,1 1,89,1 1,89,1 1,89,1
ADDLINE 0,0,0 0,0,0 1,103,1 12,0,2 11,0,2 0,0,0 0,0,0 0,0,0 1,103,1
ADDLINE 1,112,1 1,112,1 1,112,1 0,0,0 1,112,1 1,112,1 1,112,1 12,0,2 1,112,1
ADDLINE 1,122,1 0,0,0 0,0,0 0,0,0 1,122,1 0,0,0 12,0,2 0,0,0 1,122,1
ADDLINE 1,98,1 0,0,0 1,98,1 1,98,1 1,98,1 12,0,2 1,98,1 1,98,1 1,98,1
ADDLINE 12,0,2 1,108,1 1,108,1 1,108,1 1,108,1 1,108,1 0,0,0 1,108,1 0,0,0
ADDLINE 8,0,2 1,118,1 1,118,1 1,118,1 1,118,1 1,118,1 12,0,2 1,118,1 1,118,1
ADDLINE 0,0,0 1,128,1 0,0,0 0,0,0 12,0,2 1,128,1 0,0,0 0,0,0 0,0,0
0,0,0 12,0,2 19,73,1 1,2,1 1,2,1 1,2,1 1,2,1 15,0,2 7,0,2
1,72,1 0,0,0 1,72,1 1,72,1 1,2,1 1,72,1 1,72,1 12,0,2 1,72,1
11,0,2 0,0,0 1,71,1 1,71,1 20,71,1 1,71,1 1,71,1 12,0,2 1,71,1
1,67,1 12,0,2 1,67,1 1,67,1 1,67,1 1,67,1 1,67,1 1,67,1 1,67,1
1,69,1 14,0,2 0,0,0 0,0,0 1,69,1 12,0,2 0,0,0 0,0,0 0,0,0
1,65,1 12,0,2 1,65,1 1,65,1 1,65,1 1,65,1 1,65,1 1,65,1 1,65,1
0,0,0 0,0,0 0,0,0 0,0,0 0,0,0 0,0,0 0,0,0 0,0,0 0,0,0
0,0,0 0,0,0 0,0,0 0,0,0 0,0,0 0,0,0 0,0,0 0,0,0 0,0,0
0,0,0 0,0,0 0,0,0 0,0,0 0,0,0 0,0,0 0,0,0 0,0,0 0,0,0