MODE 0
BALL 70
STARS 0/3500/5000
ADDLINE 12,0,2 0,0,0 0,0,0 0,0,0 1,82,1 0,0,0 0,0,0 0,0,0 0,0,0
ADDLINE 1,83,1 1,83,1 1,83,1 0,0,0 1,83,1 12,0,2 1,83,1 1,83,1 1,83,1
ADDLINE 1,84,1 0,0,0 0,0,0 0,0,0 1,84,1 0,0,0 1,84,1 12,0,2 1,84,1
ADDLINE 1,93,1 0,0,0 1,93,1 1,93,1 1,93,1 12,0,2 1,93,1 0,0,0 1,93,1
ADDLINE 1,94,1 0,0,0 1,94,1 0,0,0 1,94,1 12,0,2 1,94,1 0,0,0 0,0,0
ADDLINE 1,103,1 0,0,0 1,103,1 12,0,2 1,103,1 0,0,0 1,103,1 0,0,0 1,103,1
ADDLINE 1,112,1 0,0,0 0,0,0 0,0,0 1,112,1 0,0,0 1,112,1 12,0,2 1,112,1
ADDLINE 1,122,1 0,0,0 1,122,1 1,122,1 1,122,1 12,0,2 1,122,1 0,0,0 1,122,1
ADDLINE 0,0,0 0,0,0 1,98,1 0,0,0 12,0,2 0,0,0 1,98,1 0,0,0 1,98,1
ADDLINE 0,0,0 0,0,0 0,0,0 0,0,0 1,108,1 12,0,2 1,108,1 1,108,1 1,108,1
ADDLINE 1,118,1 0,0,0 1,118,1 1,118,1 1,118,1 12,0,2 1,118,1 1,118,1 1,118,1
ADDLINE 1,128,1 0,0,0 1,128,1 0,0,0 1,128,1 0,0,0 12,0,2 0,0,0 1,128,1
1,73,1 1,73,1 1,73,1 1,73,1 0,0,0 1,73,1 12,0,2 1,73,1 1,73,1
8,0,2 12,0,2 0,0,0 0,0,0 0,0,0 1,72,1 0,0,0 0,0,0 0,0,0
0,0,0 1,71,1 1,71,1 1,71,1 12,0,2 16,71,1 1,71,1 1,71,1 1,71,1
8,0,2 1,70,1 6,70,1 1,70,1 0,0,0 0,0,0 12,0,2 0,0,0 0,0,0
12,0,2 1,66,1 1,66,1 16,66,1 21,66,1 1,66,1 1,66,1 1,66,1 1,66,1
8,0,2 1,68,1 1,68,1 1,68,1 12,0,2 1,68,1 1,68,1 1,68,1 1,68,1
0,0,0 0,0,0 0,0,0 0,0,0 0,0,0 0,0,0 0,0,0 0,0,0 0,0,0
0,0,0 0,0,0 0,0,0 0,0,0 0,0,0 0,0,0 0,0,0 0,0,0 0,0,0
0,0,0 0,0,0 0,0,0 0,0,0 0,0,0 0,0,0 0,0,0 0,0,0 0,0,0