MODE 0
BALL 70
STARS 0/4450/6450
ADDLINE 1,82,1 1,82,1 0,0,0 1,82,1 12,0,2 1,82,1 1,82,1 1,82,1 1,82,1
ADDLINE 0,0,0 0,0,0 0,0,0 1,83,1 12,0,2 1,83,1 1,83,1 1,83,1 1,83,1
ADDLINE 1,84,1 1,84,1 0,0,0 1,84,1 12,0,2 1,84,1 1,84,1 1,84,1 1,84,1
ADDLINE 1,93,1 1,93,1 1,93,1 1,93,1 12,0,2 16,93,1 1,93,1 1,93,1 0,0,0
ADDLINE 1,94,1 1,94,1 0,0,0 1,94,1 1,94,1 1,94,1 12,0,2 1,94,1 1,94,1
ADDLINE 1,103,1 1,103,1 1,103,1 19,103,1 1,103,1 1,103,1 1,103,1 12,0,2 0,0,0
ADDLINE 1,107,1 1,107,1 1,107,1 1,107,1 1,107,1 1,107,1 12,0,2 1,107,1 1,107,1
ADDLINE 0,0,0 0,0,0 0,0,0 0,0,0 0,0,0 1,122,1 12,0,2 1,122,1 0,0,0
ADDLINE 1,98,1 1,98,1 1,98,1 1,98,1 1,98,1 1,98,1 12,0,2 1,98,1 0,0,0
ADDLINE 17,108,1 1,108,1 1,108,1 1,108,1 1,108,1 1,108,1 12,0,2 1,108,1 1,108,1
ADDLINE 1,118,1 20,118,1 1,118,1 1,118,1 0,0,0 12,0,2 0,0,0 1,118,1 1,118,1
ADDLINE 0,0,0 1,128,1 0,0,0 0,0,0 12,0,2 1,128,1 1,128,1 1,128,1 1,128,1
1,73,1 1,73,1 1,73,1 12,0,2 8,0,2 1,73,1 1,73,1 0,0,0 0,0,0
17,72,1 1,72,1 0,0,0 12,0,2 1,72,1 1,72,1 1,72,1 1,72,1 8,0,2
1,71,1 1,71,1 12,0,2 1,71,1 1,71,1 1,71,1 17,71,1 0,0,0 0,0,0
1,70,1 21,70,1 12,0,2 1,70,1 1,70,1 1,70,1 1,70,1 12,0,2 0,0,0
1,69,1 0,0,0 3,69,1 1,69,1 1,69,1 1,69,1 1,69,1 1,69,1 1,69,1
1,68,1 0,0,0 1,68,1 18,68,1 12,0,2 0,0,0 0,0,0 0,0,0 0,0,0
0,0,0 0,0,0 0,0,0 0,0,0 0,0,0 0,0,0 0,0,0 0,0,0 0,0,0
0,0,0 0,0,0 0,0,0 0,0,0 0,0,0 0,0,0 0,0,0 0,0,0 0,0,0
0,0,0 0,0,0 0,0,0 0,0,0 0,0,0 0,0,0 0,0,0 0,0,0 0,0,0