MODE 0
BALL 70
STARS 0/3500/3900
ADDLINE 0,0,0 0,0,0 12,0,2 0,0,0 0,0,0 0,0,0 1,82,1 0,0,0 1,82,1
ADDLINE 2,83,1 0,0,0 1,83,1 4,83,1 1,83,1 2,83,1 1,83,1 12,0,2 1,83,1
ADDLINE 3,84,1 0,0,0 1,84,1 1,84,1 1,84,1 1,84,1 1,84,1 12,0,2 1,84,1
ADDLINE 1,93,1 0,0,0 1,93,1 1,93,1 1,93,1 1,93,1 3,93,1 12,0,2 1,93,1
ADDLINE 0,0,0 12,0,2 4,94,1 1,94,1 4,94,1 1,94,1 1,94,1 0,0,0 0,0,0
ADDLINE 12,0,2 1,98,1 1,98,1 2,98,1 1,98,1 1,98,1 2,98,1 1,98,1 1,98,1
ADDLINE 0,0,0 0,0,0 0,0,0 0,0,0 12,0,2 0,0,0 0,0,0 0,0,0 4,112,1
ADDLINE 1,116,1 1,116,1 1,116,1 1,116,1 1,116,1 1,116,1 1,116,1 12,0,2 1,116,1
ADDLINE 0,0,0 12,0,2 3,98,1 0,0,0 0,0,0 0,0,0 1,98,1 0,0,0 5,98,1
ADDLINE 0,0,0 1,108,1 1,108,1 1,108,1 1,108,1 12,0,2 1,108,1 4,108,1 1,108,1
ADDLINE 0,0,0 0,0,0 0,0,0 12,0,2 1,118,1 0,0,0 4,118,1 3,118,1 1,118,1
ADDLINE 1,128,1 0,0,0 0,0,0 12,0,2 0,0,0 0,0,0 2,128,1 1,128,1 1,128,1
1,73,1 0,0,0 0,0,0 12,0,2 3,73,1 1,2,1 17,73,1 1,73,1 17,73,1
1,72,1 0,0,0 4,72,1 12,0,2 1,72,1 1,2,1 1,72,1 1,72,1 1,72,1
0,0,0 12,0,2 4,71,1 0,0,0 2,71,1 1,2,1 1,71,1 1,71,1 1,71,1
0,0,0 1,70,1 1,70,1 0,0,0 0,0,0 0,0,0 12,0,2 0,0,0 1,70,1
0,0,0 1,69,1 2,69,1 3,69,1 1,69,1 1,69,1 1,69,1 12,0,2 16,69,1
0,0,0 0,0,0 0,0,0 0,0,0 12,0,2 0,0,0 1,68,1 4,68,1 1,68,1
0,0,0 0,0,0 0,0,0 0,0,0 0,0,0 0,0,0 0,0,0 0,0,0 0,0,0
0,0,0 0,0,0 0,0,0 0,0,0 0,0,0 0,0,0 0,0,0 0,0,0 0,0,0
0,0,0 0,0,0 0,0,0 0,0,0 0,0,0 0,0,0 0,0,0 0,0,0 0,0,0