MODE 0
BALL 70
STARS 0/3600/5100
ADDLINE 3,82,1 0,0,0 0,0,0 0,0,0 2,82,1 12,0,2 1,82,1 0,0,0 1,82,1
ADDLINE 1,83,1 0,0,0 1,83,1 0,0,0 1,83,1 12,0,2 1,83,1 0,0,0 1,83,1
ADDLINE 1,84,1 0,0,0 1,84,1 10,0,2 1,84,1 0,0,0 0,0,0 12,0,2 1,84,1
ADDLINE 1,93,1 8,0,2 1,93,1 12,0,2 1,93,1 1,93,1 1,93,1 1,93,1 1,93,1
ADDLINE 1,94,1 12,0,2 1,94,1 8,0,2 0,0,0 0,0,0 0,0,0 0,0,0 0,0,0
ADDLINE 1,103,1 1,103,1 5,103,1 0,0,0 1,103,1 12,0,2 1,103,1 1,103,1 2,103,1
ADDLINE 0,0,0 0,0,0 1,112,1 0,0,0 1,112,1 12,0,2 0,0,0 0,0,0 1,112,1
ADDLINE 5,122,1 0,0,0 1,122,1 1,122,1 3,122,1 3,122,1 1,122,1 12,0,2 1,122,1
ADDLINE 1,98,1 0,0,0 1,98,1 0,0,0 12,0,2 0,0,0 4,98,1 0,0,0 1,98,1
ADDLINE 4,108,1 3,108,1 0,0,0 1,108,1 5,108,1 1,108,1 12,0,2 1,108,1 0,0,0
ADDLINE 0,0,0 12,0,2 0,0,0 1,118,1 1,118,1 1,118,1 0,0,0 0,0,0 0,0,0
ADDLINE 1,122,1 1,122,1 12,0,2 1,122,1 1,122,1 1,122,1 1,122,1 4,122,1 1,122,1
1,73,1 1,73,1 1,73,1 1,73,1 3,73,1 0,0,0 19,73,1 12,0,2 1,73,1
0,0,0 0,0,0 12,0,2 0,0,0 0,0,0 12,0,2 1,72,1 15,0,2 1,72,1
1,68,1 19,68,1 1,68,1 4,68,1 1,68,1 1,68,1 2,68,1 12,0,2 2,68,1
1,70,1 1,70,1 4,70,1 2,70,1 1,70,1 0,0,0 1,70,1 12,0,2 0,0,0
1,66,1 1,66,1 1,66,1 2,66,1 1,66,1 1,66,1 1,66,1 1,66,1 1,66,1
1,68,1 14,0,2 12,0,2 0,0,0 0,0,0 0,0,0 3,68,1 0,0,0 0,0,0
0,0,0 0,0,0 0,0,0 0,0,0 0,0,0 0,0,0 0,0,0 0,0,0 0,0,0
0,0,0 0,0,0 0,0,0 0,0,0 0,0,0 0,0,0 0,0,0 0,0,0 0,0,0
0,0,0 0,0,0 0,0,0 0,0,0 0,0,0 0,0,0 0,0,0 0,0,0 0,0,0