MODE 0
BALL 70
STARS 0/3600/5200
ADDLINE 0,0,0 1,82,1 1,82,1 4,82,1 12,0,2 5,82,1 1,82,1 1,82,1 0,0,0
ADDLINE 0,0,0 1,83,1 0,0,0 1,83,1 12,0,2 1,83,1 0,0,0 1,83,1 0,0,0
ADDLINE 0,0,0 4,84,1 12,0,2 1,84,1 0,0,0 1,84,1 0,0,0 1,84,1 2,84,1
ADDLINE 0,0,0 1,93,1 0,0,0 12,0,2 0,0,0 1,93,1 0,0,0 1,93,1 1,93,1
ADDLINE 0,0,0 3,94,1 5,94,1 1,94,1 2,94,1 1,94,1 12,0,2 1,94,1 1,94,1
ADDLINE 0,0,0 12,0,2 0,0,0 2,103,1 0,0,0 0,0,0 0,0,0 1,103,1 1,103,1
ADDLINE 4,107,1 1,107,1 2,107,1 1,107,1 3,107,1 1,107,1 12,0,2 1,107,1 1,107,1
ADDLINE 0,0,0 1,122,1 1,122,1 3,122,1 1,122,1 1,122,1 12,0,2 0,0,0 0,0,0
ADDLINE 12,0,2 1,93,1 1,93,1 1,93,1 1,93,1 4,93,1 1,93,1 1,93,1 1,93,1
ADDLINE 1,108,1 1,108,1 1,108,1 1,108,1 5,108,1 0,0,0 0,0,0 12,0,2 0,0,0
ADDLINE 1,118,1 1,118,1 0,0,0 0,0,0 0,0,0 1,118,1 1,118,1 12,0,2 0,0,0
ADDLINE 4,128,1 3,128,1 0,0,0 0,0,0 0,0,0 0,0,0 12,0,2 1,128,1 1,128,1
1,73,1 4,73,1 0,0,0 12,0,2 0,0,0 1,73,1 3,73,1 7,0,2 1,73,1
0,0,0 0,0,0 0,0,0 2,72,1 12,0,2 0,0,0 1,72,1 1,72,1 1,72,1
0,0,0 3,71,1 19,71,1 0,0,0 0,0,0 12,0,2 20,71,1 1,71,1 1,71,1
0,0,0 0,0,0 2,70,1 12,0,2 1,70,1 2,70,1 1,70,1 1,70,1 3,70,1
11,0,2 1,69,1 21,69,1 12,0,2 1,69,1 4,69,1 1,69,1 6,69,1 1,69,1
0,0,0 0,0,0 0,0,0 0,0,0 0,0,0 0,0,0 12,0,2 1,68,1 1,68,1
0,0,0 0,0,0 0,0,0 0,0,0 0,0,0 0,0,0 0,0,0 0,0,0 0,0,0
0,0,0 0,0,0 0,0,0 0,0,0 0,0,0 0,0,0 0,0,0 0,0,0 0,0,0
0,0,0 0,0,0 0,0,0 0,0,0 0,0,0 0,0,0 0,0,0 0,0,0 0,0,0