MODE 0
BALL 70
STARS 0/2800/3800
ADDLINE 0,0,0 0,0,0 2,82,1 0,0,0 1,82,1 12,0,2 1,82,1 0,0,0 3,82,1
ADDLINE 1,83,1 0,0,0 1,83,1 0,0,0 5,83,1 12,0,2 1,83,1 0,0,0 1,83,1
ADDLINE 1,84,1 0,0,0 1,84,1 12,0,2 1,84,1 0,0,0 1,84,1 0,0,0 0,0,0
ADDLINE 1,93,1 0,0,0 1,93,1 12,0,2 1,93,1 1,93,1 4,93,1 1,93,1 3,93,1
ADDLINE 0,0,0 0,0,0 1,94,1 0,0,0 0,0,0 0,0,0 0,0,0 12,0,2 1,94,1
ADDLINE 1,98,1 4,98,1 5,98,1 1,98,1 1,98,1 1,98,1 1,98,1 12,0,2 1,98,1
ADDLINE 1,112,1 0,0,0 0,0,0 0,0,0 0,0,0 0,0,0 4,112,1 12,0,2 0,0,0
ADDLINE 1,122,1 0,0,0 1,122,1 1,122,1 1,122,1 12,0,2 1,122,1 2,122,1 1,122,1
ADDLINE 1,98,1 0,0,0 3,98,1 0,0,0 1,98,1 12,0,2 0,0,0 0,0,0 1,98,1
ADDLINE 12,0,2 0,0,0 0,0,0 0,0,0 0,0,0 3,108,1 0,0,0 0,0,0 0,0,0
ADDLINE 0,0,0 1,118,1 1,118,1 1,118,1 12,0,2 1,118,1 1,118,1 1,118,1 5,118,1
ADDLINE 0,0,0 2,128,1 0,0,0 12,0,2 0,0,0 1,128,1 1,128,1 1,128,1 0,0,0
1,73,1 0,0,0 6,73,1 3,73,1 1,73,1 0,0,0 0,0,0 12,0,2 1,73,1
21,72,1 0,0,0 2,72,1 1,72,1 2,72,1 12,0,2 4,72,1 1,72,1 1,72,1
0,0,0 0,0,0 1,71,1 4,71,1 9,0,2 12,0,2 0,0,0 22,0,2 1,71,1
1,67,1 1,67,1 1,67,1 12,0,2 1,67,1 16,67,1 1,67,1 4,67,1 1,67,1
7,0,2 22,0,2 3,69,1 0,0,0 5,69,1 12,0,2 12,0,2 0,0,0 7,0,2
1,68,1 1,68,1 1,68,1 0,0,0 1,68,1 4,68,1 5,68,1 16,68,1 1,68,1
0,0,0 0,0,0 0,0,0 0,0,0 0,0,0 0,0,0 0,0,0 0,0,0 0,0,0
0,0,0 0,0,0 0,0,0 0,0,0 0,0,0 0,0,0 0,0,0 0,0,0 0,0,0
0,0,0 0,0,0 0,0,0 0,0,0 0,0,0 0,0,0 0,0,0 0,0,0 0,0,0