MODE 0
BALL 70
STARS 0/3900/5400
ADDLINE 1,83,1 0,0,0 1,83,1 1,83,1 1,83,1 1,83,1 1,83,1 12,0,2 1,83,1
ADDLINE 1,84,1 0,0,0 1,84,1 0,0,0 0,0,0 0,0,0 1,84,1 12,0,2 1,84,1
ADDLINE 1,85,1 1,85,1 1,85,1 0,0,0 1,85,1 12,0,2 1,85,1 0,0,0 1,85,1
ADDLINE 0,0,0 0,0,0 1,94,1 0,0,0 1,94,1 12,0,2 0,0,0 0,0,0 1,94,1
ADDLINE 1,95,1 0,0,0 1,95,1 12,0,2 1,95,1 1,95,1 1,95,1 1,95,1 1,95,1
ADDLINE 0,0,0 0,0,0 1,104,1 12,0,2 1,104,1 0,0,0 0,0,0 0,0,0 0,0,0
ADDLINE 1,113,1 0,0,0 1,113,1 12,0,2 1,113,1 1,113,1 1,113,1 1,113,1 1,113,1
ADDLINE 1,123,1 0,0,0 1,123,1 0,0,0 1,123,1 12,0,2 0,0,0 0,0,0 1,123,1
ADDLINE 1,99,1 0,0,0 1,99,1 12,0,2 1,99,1 0,0,0 1,99,1 0,0,0 1,99,1
ADDLINE 1,109,1 0,0,0 1,109,1 12,0,2 1,109,1 1,109,1 1,109,1 1,109,1 1,109,1
ADDLINE 0,0,0 0,0,0 1,119,1 0,0,0 0,0,0 0,0,0 12,0,2 0,0,0 1,119,1
ADDLINE 1,123,1 12,0,2 1,123,1 1,123,1 1,123,1 1,123,1 1,123,1 1,123,1 1,123,1
12,0,2 0,0,0 0,0,0 1,74,1 1,74,1 1,74,1 1,2,1 1,74,1 0,0,0
1,70,1 1,70,1 1,70,1 1,70,1 1,70,1 1,70,1 1,2,1 1,70,1 12,0,2
1,72,1 1,72,1 0,0,0 0,0,0 0,0,0 0,0,0 12,0,2 1,72,1 8,0,2
1,71,1 1,71,1 0,0,0 1,71,1 1,71,1 1,71,1 12,0,2 1,71,1 8,0,2
0,0,0 0,0,0 22,0,2 0,0,0 0,0,0 1,70,1 12,0,2 1,70,1 8,0,2
1,66,1 1,66,1 1,66,1 1,66,1 1,66,1 1,66,1 12,0,2 1,66,1 21,66,1
0,0,0 0,0,0 0,0,0 0,0,0 0,0,0 0,0,0 0,0,0 0,0,0 0,0,0
0,0,0 0,0,0 0,0,0 0,0,0 0,0,0 0,0,0 0,0,0 0,0,0 0,0,0
0,0,0 0,0,0 0,0,0 0,0,0 0,0,0 0,0,0 0,0,0 0,0,0 0,0,0