MODE 0
BALL 70
STARS 0/4000/5700
ADDLINE 0,0,0 1,83,1 12,0,2 1,83,1 1,83,1 1,83,1 1,83,1 1,83,1 0,0,0
ADDLINE 1,80,1 1,80,1 1,80,1 1,80,1 1,80,1 1,80,1 1,80,1 1,80,1 12,0,2
ADDLINE 12,0,2 1,85,1 0,0,0 1,85,1 1,85,1 1,85,1 1,85,1 1,85,1 0,0,0
ADDLINE 12,0,2 1,94,1 0,0,0 1,94,1 1,94,1 1,94,1 1,94,1 1,94,1 0,0,0
ADDLINE 12,0,2 1,95,1 0,0,0 0,0,0 0,0,0 0,0,0 0,0,0 1,95,1 0,0,0
ADDLINE 1,104,1 1,104,1 12,0,2 1,104,1 1,104,1 1,104,1 1,104,1 1,104,1 0,0,0
ADDLINE 1,113,1 1,113,1 0,0,0 1,113,1 0,0,0 0,0,0 12,0,2 0,0,0 0,0,0
ADDLINE 1,123,1 1,123,1 0,0,0 1,123,1 12,0,2 1,123,1 1,123,1 1,123,1 0,0,0
ADDLINE 1,99,1 1,99,1 0,0,0 1,99,1 12,0,2 0,0,0 0,0,0 1,99,1 0,0,0
ADDLINE 1,109,1 1,109,1 1,109,1 12,0,2 0,0,0 0,0,0 1,109,1 1,109,1 0,0,0
ADDLINE 1,119,1 1,119,1 1,119,1 0,0,0 12,0,2 0,0,0 0,0,0 0,0,0 0,0,0
ADDLINE 1,129,1 1,129,1 1,129,1 1,129,1 1,129,1 12,0,2 0,0,0 1,129,1 0,0,0
1,74,1 1,74,1 1,74,1 1,74,1 1,74,1 1,74,1 12,0,2 0,0,0 1,74,1
0,0,0 0,0,0 1,73,1 1,73,1 1,73,1 1,73,1 15,0,2 12,0,2 1,73,1
0,0,0 12,0,2 1,72,1 1,72,1 20,72,1 1,72,1 1,72,1 20,72,1 1,72,1
0,0,0 12,0,2 1,71,1 1,71,1 1,71,1 1,71,1 1,71,1 1,71,1 1,71,1
0,0,0 12,0,2 14,0,2 0,0,0 0,0,0 0,0,0 1,70,1 1,70,1 1,70,1
0,0,0 1,69,1 12,0,2 1,69,1 1,69,1 10,0,2 1,69,1 1,69,1 1,69,1
0,0,0 0,0,0 0,0,0 0,0,0 0,0,0 0,0,0 0,0,0 0,0,0 0,0,0
0,0,0 0,0,0 0,0,0 0,0,0 0,0,0 0,0,0 0,0,0 0,0,0 0,0,0
0,0,0 0,0,0 0,0,0 0,0,0 0,0,0 0,0,0 0,0,0 0,0,0 0,0,0