MODE 0
BALL 70
STARS 0/4000/5700
ADDLINE 1,83,1 1,83,1 1,83,1 1,83,1 1,83,1 11,0,2 1,83,1 12,0,2 1,83,1
ADDLINE 0,0,0 1,84,1 1,84,1 12,0,2 1,84,1 0,0,0 1,84,1 0,0,0 1,84,1
ADDLINE 1,85,1 1,85,1 17,85,1 1,85,1 1,85,1 12,0,2 1,85,1 0,0,0 1,85,1
ADDLINE 7,0,2 1,94,1 1,94,1 0,0,0 1,94,1 1,94,1 1,94,1 12,0,2 1,94,1
ADDLINE 1,95,1 1,95,1 1,95,1 0,0,0 1,95,1 12,0,2 17,95,1 1,95,1 1,95,1
ADDLINE 20,104,1 1,104,1 0,0,0 0,0,0 1,104,1 12,0,2 1,104,1 0,0,0 1,104,1
ADDLINE 1,113,1 0,0,0 1,113,1 12,0,2 1,113,1 0,0,0 1,113,1 1,113,1 1,113,1
ADDLINE 1,123,1 0,0,0 1,123,1 0,0,0 1,123,1 12,0,2 1,123,1 0,0,0 0,0,0
ADDLINE 1,99,1 0,0,0 1,99,1 12,0,2 1,99,1 0,0,0 1,99,1 0,0,0 1,99,1
ADDLINE 1,104,1 12,0,2 1,104,1 1,104,1 1,104,1 1,104,1 1,104,1 1,104,1 1,104,1
ADDLINE 1,119,1 12,0,2 1,119,1 1,119,1 1,119,1 1,119,1 1,119,1 0,0,0 0,0,0
ADDLINE 1,129,1 8,0,2 19,129,1 1,129,1 1,129,1 1,129,1 1,129,1 12,0,2 1,129,1
1,74,1 1,74,1 1,74,1 19,74,1 10,0,2 1,74,1 12,0,2 1,74,1 0,0,0
1,73,1 1,73,1 1,73,1 1,73,1 0,0,0 1,73,1 8,0,2 1,73,1 1,73,1
0,0,0 0,0,0 7,0,2 12,0,2 0,0,0 1,72,1 12,0,2 1,72,1 1,72,1
1,71,1 1,71,1 1,71,1 1,71,1 0,0,0 1,71,1 12,0,2 1,71,1 1,71,1
0,0,0 0,0,0 22,0,2 12,0,2 0,0,0 1,70,1 0,0,0 1,70,1 1,70,1
1,66,1 1,66,1 1,66,1 1,66,1 1,66,1 1,66,1 12,0,2 17,66,1 1,66,1
0,0,0 0,0,0 0,0,0 0,0,0 0,0,0 0,0,0 0,0,0 0,0,0 0,0,0
0,0,0 0,0,0 0,0,0 0,0,0 0,0,0 0,0,0 0,0,0 0,0,0 0,0,0
0,0,0 0,0,0 0,0,0 0,0,0 0,0,0 0,0,0 0,0,0 0,0,0 0,0,0