MODE 0
BALL 70
STARS 0/3600/5200
ADDLINE 0,0,0 0,0,0 12,0,2 1,83,1 0,0,0 1,83,1 0,0,0 0,0,0 0,0,0
ADDLINE 1,84,1 1,84,1 0,0,0 1,84,1 12,0,2 3,84,1 1,84,1 1,84,1 4,84,1
ADDLINE 7,0,2 1,85,1 12,0,2 5,85,1 0,0,0 1,85,1 1,85,1 1,85,1 1,85,1
ADDLINE 0,0,0 1,94,1 0,0,0 1,94,1 12,0,2 1,94,1 1,94,1 1,94,1 1,94,1
ADDLINE 0,0,0 0,0,0 7,0,2 1,95,1 0,0,0 12,0,2 0,0,0 0,0,0 0,0,0
ADDLINE 5,99,1 1,99,1 1,99,1 1,99,1 1,99,1 2,99,1 1,99,1 1,99,1 12,0,2
ADDLINE 12,0,2 1,113,1 1,113,1 1,113,1 0,0,0 1,113,1 1,113,1 1,113,1 0,0,0
ADDLINE 1,117,1 5,117,1 1,117,1 1,117,1 12,0,2 4,117,1 1,117,1 4,117,1 1,117,1
ADDLINE 0,0,0 12,0,2 0,0,0 0,0,0 0,0,0 0,0,0 3,99,1 0,0,0 0,0,0
ADDLINE 0,0,0 1,109,1 1,109,1 1,109,1 2,109,1 1,109,1 12,0,2 1,109,1 4,109,1
ADDLINE 11,0,2 1,119,1 5,119,1 1,119,1 1,119,1 1,119,1 0,0,0 12,0,2 1,119,1
ADDLINE 0,0,0 12,0,2 0,0,0 1,129,1 0,0,0 0,0,0 0,0,0 10,0,2 1,129,1
4,74,1 1,74,1 20,74,1 1,74,1 1,74,1 12,0,2 11,0,2 0,0,0 0,0,0
3,73,1 1,73,1 1,73,1 1,73,1 0,0,0 12,0,2 1,73,1 0,0,0 0,0,0
1,72,1 1,72,1 10,0,2 0,0,0 12,0,2 1,72,1 0,0,0 0,0,0 1,72,1
10,0,2 1,71,1 0,0,0 1,71,1 0,0,0 0,0,0 0,0,0 20,71,1 1,71,1
0,0,0 1,70,1 12,0,2 1,70,1 12,0,2 1,70,1 3,70,1 1,70,1 1,70,1
16,69,1 12,0,2 11,0,2 1,69,1 0,0,0 1,69,1 2,69,1 1,69,1 1,69,1
0,0,0 0,0,0 0,0,0 0,0,0 0,0,0 0,0,0 0,0,0 0,0,0 0,0,0
0,0,0 0,0,0 0,0,0 0,0,0 0,0,0 0,0,0 0,0,0 0,0,0 0,0,0
0,0,0 0,0,0 0,0,0 0,0,0 0,0,0 0,0,0 0,0,0 0,0,0 0,0,0