MODE 0
BALL 70
STARS 0/3800/5500
ADDLINE 0,0,0 0,0,0 1,83,1 12,0,2 0,0,0 0,0,0 2,83,1 0,0,0 1,83,1
ADDLINE 1,84,1 0,0,0 1,84,1 12,0,2 1,84,1 1,84,1 5,84,1 0,0,0 3,84,1
ADDLINE 1,85,1 0,0,0 1,85,1 12,0,2 1,85,1 0,0,0 0,0,0 0,0,0 1,85,1
ADDLINE 1,94,1 0,0,0 1,94,1 0,0,0 2,94,1 12,0,2 1,94,1 4,94,1 1,94,1
ADDLINE 5,95,1 0,0,0 1,95,1 0,0,0 1,95,1 0,0,0 1,95,1 12,0,2 2,95,1
ADDLINE 1,104,1 0,0,0 1,104,1 0,0,0 1,104,1 12,0,2 1,104,1 0,0,0 1,104,1
ADDLINE 0,0,0 0,0,0 1,113,1 0,0,0 1,113,1 12,0,2 2,113,1 0,0,0 0,0,0
ADDLINE 1,123,1 1,123,1 1,123,1 0,0,0 1,123,1 12,0,2 1,123,1 1,123,1 3,123,1
ADDLINE 1,99,1 0,0,0 1,99,1 12,0,2 5,99,1 0,0,0 0,0,0 0,0,0 0,0,0
ADDLINE 0,0,0 1,109,1 0,0,0 0,0,0 0,0,0 1,109,1 12,0,2 0,0,0 0,0,0
ADDLINE 0,0,0 1,119,1 1,119,1 1,119,1 12,0,2 1,119,1 1,119,1 1,119,1 1,119,1
ADDLINE 0,0,0 4,129,1 3,129,1 5,129,1 0,0,0 0,0,0 12,0,2 0,0,0 0,0,0
1,74,1 1,74,1 12,0,2 3,74,1 0,0,0 0,0,0 0,0,0 4,74,1 8,0,2
1,73,1 1,73,1 0,0,0 2,73,1 1,73,1 1,73,1 12,0,2 1,73,1 0,0,0
1,72,1 4,72,1 12,0,2 1,72,1 1,72,1 1,72,1 0,0,0 1,72,1 0,0,0
1,71,1 5,71,1 6,71,1 1,71,1 1,71,1 1,71,1 12,0,2 1,71,1 0,0,0
0,0,0 1,70,1 0,0,0 0,0,0 0,0,0 9,0,2 12,0,2 1,70,1 0,0,0
12,0,2 3,69,1 1,69,1 1,69,1 1,69,1 1,69,1 2,69,1 3,69,1 11,0,2
0,0,0 0,0,0 0,0,0 0,0,0 0,0,0 0,0,0 0,0,0 0,0,0 0,0,0
0,0,0 0,0,0 0,0,0 0,0,0 0,0,0 0,0,0 0,0,0 0,0,0 0,0,0
0,0,0 0,0,0 0,0,0 0,0,0 0,0,0 0,0,0 0,0,0 0,0,0 0,0,0