MODE 0
BALL 70
STARS 0/3400/4800
ADDLINE 1,79,1 1,79,1 1,79,1 4,79,1 1,79,1 5,79,1 1,79,1 12,0,2 4,79,1
ADDLINE 1,84,1 1,84,1 1,84,1 0,0,0 0,0,0 0,0,0 12,0,2 0,0,0 1,84,1
ADDLINE 5,85,1 1,85,1 3,85,1 0,0,0 1,85,1 12,0,2 1,85,1 1,85,1 1,85,1
ADDLINE 0,0,0 0,0,0 5,94,1 0,0,0 1,94,1 12,0,2 1,94,1 0,0,0 0,0,0
ADDLINE 1,90,1 1,90,1 1,90,1 1,90,1 3,90,1 12,0,2 3,90,1 1,90,1 1,90,1
ADDLINE 1,104,1 0,0,0 2,104,1 1,104,1 1,104,1 12,0,2 1,104,1 1,104,1 1,104,1
ADDLINE 1,113,1 0,0,0 4,113,1 1,113,1 1,113,1 12,0,2 1,113,1 1,113,1 4,113,1
ADDLINE 0,0,0 12,0,2 0,0,0 0,0,0 2,123,1 0,0,0 0,0,0 0,0,0 0,0,0
ADDLINE 1,94,1 1,94,1 1,94,1 5,94,1 1,94,1 12,0,2 1,94,1 1,94,1 1,94,1
ADDLINE 1,109,1 0,0,0 12,0,2 0,0,0 0,0,0 0,0,0 5,109,1 1,109,1 0,0,0
ADDLINE 2,119,1 1,119,1 1,119,1 1,119,1 1,119,1 0,0,0 12,0,2 1,119,1 0,0,0
ADDLINE 2,129,1 1,129,1 1,129,1 1,129,1 1,129,1 3,129,1 0,0,0 12,0,2 0,0,0
0,0,0 0,0,0 0,0,0 12,0,2 0,0,0 5,74,1 2,74,1 1,74,1 4,74,1
0,0,0 8,0,2 12,0,2 1,73,1 1,73,1 1,73,1 1,73,1 1,73,1 1,73,1
1,72,1 1,72,1 0,0,0 0,0,0 0,0,0 0,0,0 0,0,0 12,0,2 0,0,0
1,71,1 1,71,1 2,71,1 1,71,1 4,71,1 1,71,1 17,71,1 12,0,2 8,0,2
0,0,0 0,0,0 0,0,0 12,0,2 0,0,0 0,0,0 0,0,0 0,0,0 1,70,1
0,0,0 0,0,0 12,0,2 1,69,1 1,69,1 4,69,1 1,69,1 5,69,1 21,69,1
0,0,0 0,0,0 0,0,0 0,0,0 0,0,0 0,0,0 0,0,0 0,0,0 0,0,0
0,0,0 0,0,0 0,0,0 0,0,0 0,0,0 0,0,0 0,0,0 0,0,0 0,0,0
0,0,0 0,0,0 0,0,0 0,0,0 0,0,0 0,0,0 0,0,0 0,0,0 0,0,0