MODE 0
BALL 70
STARS 0/4300/6000
ADDLINE 3,79,1 1,79,1 1,79,1 12,0,2 1,79,1 1,79,1 1,79,1 2,79,1 3,79,1
ADDLINE 0,0,0 12,0,2 1,84,1 0,0,0 1,84,1 0,0,0 0,0,0 0,0,0 0,0,0
ADDLINE 4,81,1 1,81,1 1,81,1 1,81,1 1,81,1 12,0,2 1,81,1 1,81,1 1,81,1
ADDLINE 0,0,0 1,94,1 1,94,1 12,0,2 1,94,1 1,94,1 1,94,1 1,94,1 19,94,1
ADDLINE 2,95,1 1,95,1 3,95,1 0,0,0 1,95,1 1,95,1 1,95,1 12,0,2 1,95,1
ADDLINE 1,104,1 0,0,0 0,0,0 0,0,0 1,104,1 0,0,0 12,0,2 0,0,0 0,0,0
ADDLINE 1,113,1 0,0,0 5,113,1 1,113,1 1,113,1 12,0,2 1,113,1 1,113,1 3,113,1
ADDLINE 0,0,0 0,0,0 1,123,1 0,0,0 0,0,0 0,0,0 12,0,2 0,0,0 1,123,1
ADDLINE 1,94,1 1,94,1 1,94,1 12,0,2 1,94,1 1,94,1 4,94,1 1,94,1 4,94,1
ADDLINE 1,104,1 1,104,1 1,104,1 1,104,1 1,104,1 3,104,1 3,104,1 1,104,1 12,0,2
ADDLINE 0,0,0 2,119,1 12,0,2 1,119,1 1,119,1 1,119,1 1,119,1 1,119,1 0,0,0
ADDLINE 0,0,0 1,129,1 12,0,2 5,129,1 1,129,1 1,129,1 20,129,1 1,129,1 1,129,1
1,74,1 1,74,1 19,74,1 1,74,1 1,74,1 1,74,1 12,0,2 1,74,1 1,74,1
0,0,0 1,73,1 0,0,0 1,2,1 1,2,1 1,2,1 12,0,2 1,2,1 0,0,0
1,72,1 1,72,1 21,72,1 1,2,1 1,72,1 1,2,1 5,72,1 12,0,2 4,72,1
3,71,1 1,71,1 2,71,1 1,2,1 1,71,1 1,2,1 1,71,1 12,0,2 1,71,1
4,70,1 1,70,1 18,70,1 1,2,1 1,70,1 1,2,1 1,70,1 12,0,2 1,70,1
0,0,0 1,69,1 1,69,1 1,69,1 1,69,1 12,0,2 1,69,1 1,69,1 0,0,0
0,0,0 0,0,0 0,0,0 0,0,0 0,0,0 0,0,0 0,0,0 0,0,0 0,0,0
0,0,0 0,0,0 0,0,0 0,0,0 0,0,0 0,0,0 0,0,0 0,0,0 0,0,0
0,0,0 0,0,0 0,0,0 0,0,0 0,0,0 0,0,0 0,0,0 0,0,0 0,0,0