MODE 0
BALL 70
STARS 0/4000/5800
ADDLINE 1,83,1 0,0,0 1,83,1 0,0,0 1,83,1 12,0,2 1,83,1 1,83,1 1,83,1
ADDLINE 0,0,0 0,0,0 1,84,1 0,0,0 1,84,1 12,0,2 0,0,0 0,0,0 0,0,0
ADDLINE 1,81,1 1,81,1 1,81,1 12,0,2 1,81,1 1,81,1 1,81,1 1,81,1 1,81,1
ADDLINE 0,0,0 0,0,0 1,94,1 0,0,0 1,94,1 0,0,0 12,0,2 0,0,0 1,94,1
ADDLINE 1,95,1 0,0,0 1,95,1 12,0,2 1,95,1 0,0,0 1,95,1 0,0,0 1,95,1
ADDLINE 0,0,0 0,0,0 1,104,1 0,0,0 1,104,1 12,0,2 1,104,1 0,0,0 0,0,0
ADDLINE 1,113,1 1,113,1 1,113,1 0,0,0 1,113,1 12,0,2 1,113,1 1,113,1 1,113,1
ADDLINE 0,0,0 0,0,0 1,123,1 0,0,0 1,123,1 0,0,0 1,123,1 12,0,2 0,0,0
ADDLINE 1,99,1 0,0,0 1,99,1 1,99,1 1,99,1 12,0,2 1,99,1 0,0,0 1,99,1
ADDLINE 1,109,1 0,0,0 1,109,1 1,109,1 1,109,1 12,0,2 1,109,1 1,109,1 1,109,1
ADDLINE 0,0,0 12,0,2 0,0,0 0,0,0 1,119,1 0,0,0 1,119,1 1,119,1 1,119,1
ADDLINE 1,123,1 1,123,1 1,123,1 1,123,1 1,123,1 12,0,2 1,123,1 1,123,1 1,123,1
1,70,1 1,70,1 1,70,1 1,70,1 1,70,1 12,0,2 1,70,1 1,70,1 1,70,1
0,0,0 15,0,2 16,73,1 1,73,1 0,0,0 0,0,0 1,73,1 12,0,2 1,73,1
1,69,1 1,69,1 1,69,1 1,69,1 1,69,1 1,69,1 12,0,2 20,69,1 1,69,1
0,0,0 0,0,0 0,0,0 12,0,2 0,0,0 1,71,1 0,0,0 1,71,1 1,71,1
1,70,1 1,70,1 0,0,0 1,70,1 0,0,0 1,70,1 12,0,2 1,70,1 1,70,1
1,69,1 1,69,1 11,0,2 1,69,1 12,0,2 1,69,1 14,0,2 1,69,1 0,0,0
0,0,0 0,0,0 0,0,0 0,0,0 0,0,0 0,0,0 0,0,0 0,0,0 0,0,0
0,0,0 0,0,0 0,0,0 0,0,0 0,0,0 0,0,0 0,0,0 0,0,0 0,0,0
0,0,0 0,0,0 0,0,0 0,0,0 0,0,0 0,0,0 0,0,0 0,0,0 0,0,0