MODE 0
BALL 70
STARS 0/3800/5300
ADDLINE 1,83,1 0,0,0 12,0,2 0,0,0 0,0,0 0,0,0 0,0,0 0,0,0 1,83,1
ADDLINE 8,0,2 1,84,1 1,84,1 1,84,1 12,0,2 1,84,1 1,84,1 1,84,1 1,84,1
ADDLINE 0,0,0 0,0,0 0,0,0 1,85,1 12,0,2 1,85,1 1,85,1 1,85,1 1,85,1
ADDLINE 0,0,0 1,94,1 1,94,1 1,94,1 12,0,2 1,94,1 1,94,1 1,94,1 1,94,1
ADDLINE 0,0,0 1,95,1 0,0,0 1,95,1 0,0,0 1,95,1 12,0,2 0,0,0 0,0,0
ADDLINE 1,99,1 1,99,1 12,0,2 1,99,1 1,99,1 1,99,1 1,99,1 1,99,1 1,99,1
ADDLINE 1,108,1 1,108,1 12,0,2 1,108,1 1,108,1 1,108,1 1,108,1 1,108,1 1,108,1
ADDLINE 1,123,1 0,0,0 0,0,0 10,0,2 0,0,0 12,0,2 0,0,0 0,0,0 1,123,1
ADDLINE 1,99,1 8,0,2 1,99,1 1,99,1 1,99,1 1,99,1 1,99,1 12,0,2 1,99,1
ADDLINE 0,0,0 1,109,1 12,0,2 0,0,0 0,0,0 0,0,0 1,109,1 1,109,1 1,109,1
ADDLINE 0,0,0 1,119,1 12,0,2 1,119,1 1,119,1 1,119,1 1,119,1 1,119,1 1,119,1
ADDLINE 12,0,2 1,129,1 1,129,1 1,129,1 1,129,1 1,129,1 1,129,1 1,129,1 0,0,0
0,0,0 15,0,2 0,0,0 1,74,1 1,74,1 1,74,1 1,74,1 12,0,2 0,0,0
1,73,1 1,73,1 12,0,2 6,73,1 1,73,1 1,73,1 1,73,1 1,73,1 0,0,0
1,72,1 1,72,1 12,0,2 1,72,1 1,72,1 6,72,1 1,72,1 1,72,1 0,0,0
1,71,1 0,0,0 0,0,0 12,0,2 12,0,2 1,71,1 1,71,1 1,71,1 1,71,1
0,0,0 0,0,0 1,70,1 1,70,1 8,0,2 12,0,2 1,70,1 1,70,1 1,70,1
1,69,1 1,69,1 1,69,1 1,69,1 1,69,1 1,69,1 0,0,0 14,0,2 0,0,0
0,0,0 0,0,0 0,0,0 0,0,0 0,0,0 0,0,0 0,0,0 0,0,0 0,0,0
0,0,0 0,0,0 0,0,0 0,0,0 0,0,0 0,0,0 0,0,0 0,0,0 0,0,0
0,0,0 0,0,0 0,0,0 0,0,0 0,0,0 0,0,0 0,0,0 0,0,0 0,0,0