MODE 0
BALL 70
STARS 0/3900/5500
ADDLINE 1,79,1 3,79,1 1,79,1 1,79,1 1,79,1 1,79,1 1,79,1 12,0,2 1,79,1
ADDLINE 1,84,1 0,0,0 1,84,1 12,0,2 0,0,0 0,0,0 0,0,0 0,0,0 3,84,1
ADDLINE 1,81,1 12,0,2 1,81,1 1,81,1 2,81,1 1,81,1 5,81,1 5,81,1 1,81,1
ADDLINE 4,94,1 0,0,0 1,94,1 1,94,1 1,94,1 12,0,2 1,94,1 5,94,1 1,94,1
ADDLINE 4,90,1 1,90,1 1,90,1 2,90,1 1,90,1 12,0,2 1,90,1 1,90,1 1,90,1
ADDLINE 1,104,1 0,0,0 0,0,0 0,0,0 0,0,0 12,0,2 0,0,0 0,0,0 0,0,0
ADDLINE 1,108,1 1,108,1 1,108,1 1,108,1 4,108,1 12,0,2 1,108,1 4,108,1 1,108,1
ADDLINE 0,0,0 0,0,0 1,123,1 12,0,2 0,0,0 0,0,0 1,123,1 1,123,1 5,123,1
ADDLINE 1,99,1 0,0,0 1,99,1 0,0,0 1,99,1 12,0,2 1,99,1 2,99,1 1,99,1
ADDLINE 12,0,2 1,109,1 4,109,1 3,109,1 1,109,1 1,109,1 1,109,1 4,109,1 0,0,0
ADDLINE 0,0,0 1,119,1 1,119,1 1,119,1 1,119,1 12,0,2 0,0,0 0,0,0 0,0,0
ADDLINE 0,0,0 1,129,1 1,129,1 1,129,1 1,129,1 12,0,2 0,0,0 1,129,1 5,129,1
4,74,1 0,0,0 1,74,1 1,74,1 12,0,2 1,74,1 1,74,1 1,74,1 17,74,1
1,73,1 15,0,2 0,0,0 12,0,2 0,0,0 5,73,1 1,73,1 3,73,1 5,73,1
0,0,0 0,0,0 1,72,1 20,72,1 0,0,0 12,0,2 0,0,0 0,0,0 1,72,1
11,0,2 2,71,1 1,71,1 1,71,1 1,71,1 6,71,1 1,71,1 12,0,2 1,71,1
0,0,0 0,0,0 1,70,1 1,70,1 1,70,1 4,70,1 12,0,2 14,0,2 3,70,1
1,69,1 8,0,2 1,69,1 1,69,1 1,69,1 4,69,1 0,0,0 12,0,2 1,69,1
0,0,0 0,0,0 0,0,0 0,0,0 0,0,0 0,0,0 0,0,0 0,0,0 0,0,0
0,0,0 0,0,0 0,0,0 0,0,0 0,0,0 0,0,0 0,0,0 0,0,0 0,0,0
0,0,0 0,0,0 0,0,0 0,0,0 0,0,0 0,0,0 0,0,0 0,0,0 0,0,0