MODE 0
BALL 70
STARS 0/3800/5400
ADDLINE 1,83,1 0,0,0 1,83,1 12,0,2 1,83,1 0,0,0 0,0,0 0,0,0 1,83,1
ADDLINE 1,84,1 0,0,0 1,84,1 3,84,1 4,84,1 12,0,2 1,84,1 1,84,1 1,84,1
ADDLINE 1,85,1 0,0,0 0,0,0 0,0,0 12,0,2 0,0,0 2,85,1 0,0,0 0,0,0
ADDLINE 1,89,1 1,89,1 1,89,1 1,89,1 1,89,1 4,89,1 1,89,1 12,0,2 5,89,1
ADDLINE 1,95,1 0,0,0 0,0,0 12,0,2 0,0,0 0,0,0 1,95,1 0,0,0 1,95,1
ADDLINE 4,104,1 0,0,0 2,104,1 12,0,2 1,104,1 0,0,0 1,104,1 0,0,0 1,104,1
ADDLINE 1,113,1 0,0,0 5,113,1 12,0,2 1,113,1 0,0,0 0,0,0 0,0,0 1,113,1
ADDLINE 2,123,1 0,0,0 1,123,1 12,0,2 1,123,1 0,0,0 1,123,1 4,123,1 1,123,1
ADDLINE 0,0,0 0,0,0 1,99,1 0,0,0 1,99,1 12,0,2 1,99,1 0,0,0 0,0,0
ADDLINE 0,0,0 1,109,1 1,109,1 1,109,1 0,0,0 1,109,1 12,0,2 1,109,1 0,0,0
ADDLINE 12,0,2 1,119,1 1,119,1 1,119,1 0,0,0 1,119,1 0,0,0 4,119,1 0,0,0
ADDLINE 0,0,0 3,129,1 4,129,1 2,129,1 12,0,2 1,129,1 0,0,0 1,129,1 1,129,1
8,0,2 1,74,1 3,74,1 2,74,1 1,74,1 1,74,1 14,0,2 12,0,2 7,0,2
0,0,0 1,73,1 1,73,1 1,73,1 1,73,1 1,73,1 12,0,2 4,73,1 1,73,1
0,0,0 10,0,2 12,0,2 9,0,2 15,0,2 1,72,1 0,0,0 10,0,2 0,0,0
1,68,1 1,68,1 1,68,1 1,68,1 1,68,1 1,68,1 12,0,2 1,68,1 2,68,1
0,0,0 0,0,0 0,0,0 1,70,1 22,0,2 1,70,1 12,0,2 2,70,1 0,0,0
1,69,1 4,69,1 1,69,1 1,69,1 0,0,0 1,69,1 12,0,2 5,69,1 0,0,0
0,0,0 0,0,0 0,0,0 0,0,0 0,0,0 0,0,0 0,0,0 0,0,0 0,0,0
0,0,0 0,0,0 0,0,0 0,0,0 0,0,0 0,0,0 0,0,0 0,0,0 0,0,0
0,0,0 0,0,0 0,0,0 0,0,0 0,0,0 0,0,0 0,0,0 0,0,0 0,0,0