MODE 0
BALL 70
STARS 0/4300/6300
ADDLINE 1,79,1 1,79,1 1,79,1 12,0,2 1,79,1 1,79,1 1,79,1 1,79,1 1,79,1
ADDLINE 1,84,1 19,84,1 1,84,1 0,0,0 1,84,1 1,84,1 1,84,1 12,0,2 7,0,2
ADDLINE 1,81,1 1,81,1 1,81,1 4,81,1 1,81,1 2,81,1 1,81,1 12,0,2 1,81,1
ADDLINE 0,0,0 8,0,2 0,0,0 0,0,0 12,0,2 0,0,0 1,94,1 0,0,0 1,94,1
ADDLINE 1,95,1 4,95,1 1,95,1 0,0,0 3,95,1 1,95,1 1,95,1 12,0,2 1,95,1
ADDLINE 0,0,0 1,104,1 1,104,1 12,0,2 1,104,1 1,104,1 1,104,1 1,104,1 19,104,1
ADDLINE 5,113,1 17,113,1 1,113,1 0,0,0 1,113,1 3,113,1 1,113,1 12,0,2 1,113,1
ADDLINE 0,0,0 1,123,1 19,123,1 1,123,1 12,0,2 1,123,1 1,123,1 1,123,1 1,123,1
ADDLINE 20,99,1 1,99,1 1,99,1 1,99,1 1,99,1 0,0,0 1,99,1 12,0,2 1,99,1
ADDLINE 1,109,1 1,109,1 3,109,1 1,109,1 1,109,1 0,0,0 12,0,2 2,109,1 1,109,1
ADDLINE 1,119,1 1,119,1 0,0,0 12,0,2 0,0,0 1,119,1 1,119,1 0,0,0 0,0,0
ADDLINE 1,129,1 1,129,1 12,0,2 5,129,1 1,129,1 0,0,0 0,0,0 0,0,0 0,0,0
11,0,2 0,0,0 12,0,2 4,74,1 1,74,1 1,74,1 1,74,1 2,74,1 1,74,1
11,0,2 1,73,1 12,0,2 16,73,1 1,73,1 1,73,1 1,73,1 18,73,1 1,73,1
10,0,2 1,72,1 12,0,2 1,72,1 1,72,1 1,72,1 1,72,1 1,72,1 1,72,1
0,0,0 0,0,0 22,0,2 1,71,1 1,71,1 12,0,2 1,71,1 1,71,1 5,71,1
0,0,0 1,70,1 1,70,1 1,70,1 19,70,1 1,70,1 1,70,1 12,0,2 0,0,0
2,69,1 0,0,0 0,0,0 1,69,1 1,69,1 12,0,2 0,0,0 1,69,1 1,69,1
0,0,0 0,0,0 0,0,0 0,0,0 0,0,0 0,0,0 0,0,0 0,0,0 0,0,0
0,0,0 0,0,0 0,0,0 0,0,0 0,0,0 0,0,0 0,0,0 0,0,0 0,0,0
0,0,0 0,0,0 0,0,0 0,0,0 0,0,0 0,0,0 0,0,0 0,0,0 0,0,0