MODE 0
BALL 70
STARS 0/3900/5500
ADDLINE 0,0,0 1,83,1 2,83,1 12,0,2 1,83,1 1,83,1 1,83,1 0,0,0 1,83,1
ADDLINE 0,0,0 0,0,0 1,84,1 0,0,0 12,0,2 1,84,1 0,0,0 0,0,0 0,0,0
ADDLINE 1,81,1 1,81,1 4,81,1 1,81,1 1,81,1 3,81,1 1,81,1 2,81,1 12,0,2
ADDLINE 0,0,0 1,94,1 0,0,0 0,0,0 0,0,0 1,94,1 0,0,0 12,0,2 0,0,0
ADDLINE 12,0,2 1,95,1 0,0,0 1,95,1 5,95,1 1,95,1 0,0,0 1,95,1 0,0,0
ADDLINE 0,0,0 0,0,0 0,0,0 1,104,1 0,0,0 12,0,2 0,0,0 3,104,1 0,0,0
ADDLINE 3,113,1 1,113,1 0,0,0 1,113,1 12,0,2 3,113,1 2,113,1 1,113,1 1,113,1
ADDLINE 0,0,0 12,0,2 0,0,0 1,123,1 0,0,0 0,0,0 0,0,0 0,0,0 0,0,0
ADDLINE 1,94,1 1,94,1 1,94,1 1,94,1 5,94,1 1,94,1 1,94,1 1,94,1 12,0,2
ADDLINE 1,104,1 1,104,1 1,104,1 1,104,1 1,104,1 1,104,1 12,0,2 3,104,1 3,104,1
ADDLINE 1,119,1 0,0,0 0,0,0 1,119,1 2,119,1 1,119,1 0,0,0 12,0,2 0,0,0
ADDLINE 1,123,1 1,123,1 1,123,1 5,123,1 1,123,1 2,123,1 12,0,2 1,123,1 1,123,1
1,70,1 1,70,1 1,70,1 1,70,1 4,70,1 12,0,2 5,70,1 2,70,1 1,70,1
0,0,0 12,0,2 4,73,1 8,0,2 0,0,0 0,0,0 0,0,0 20,73,1 1,73,1
1,69,1 1,69,1 19,69,1 12,0,2 1,69,1 1,69,1 5,69,1 1,69,1 16,69,1
12,0,2 0,0,0 1,71,1 0,0,0 0,0,0 0,0,0 0,0,0 0,0,0 0,0,0
4,70,1 0,0,0 1,70,1 12,0,2 1,70,1 19,70,1 3,70,1 2,70,1 1,70,1
1,69,1 0,0,0 1,69,1 12,0,2 1,69,1 1,69,1 1,69,1 0,0,0 5,69,1
0,0,0 0,0,0 0,0,0 0,0,0 0,0,0 0,0,0 0,0,0 0,0,0 0,0,0
0,0,0 0,0,0 0,0,0 0,0,0 0,0,0 0,0,0 0,0,0 0,0,0 0,0,0
0,0,0 0,0,0 0,0,0 0,0,0 0,0,0 0,0,0 0,0,0 0,0,0 0,0,0