MODE 0
BALL 70
STARS 0/4450/6350
ADDLINE 1,83,1 0,0,0 1,83,1 12,0,2 1,83,1 1,83,1 1,83,1 1,83,1 1,83,1
ADDLINE 1,84,1 0,0,0 1,84,1 12,0,2 1,84,1 1,84,1 1,84,1 1,84,1 1,84,1
ADDLINE 0,0,0 0,0,0 1,85,1 12,0,2 1,85,1 1,85,1 1,85,1 1,85,1 1,85,1
ADDLINE 1,94,1 0,0,0 1,94,1 12,0,2 1,94,1 1,94,1 1,94,1 1,94,1 1,94,1
ADDLINE 1,95,1 0,0,0 1,95,1 0,0,0 12,0,2 0,0,0 0,0,0 0,0,0 0,0,0
ADDLINE 1,99,1 12,0,2 1,99,1 1,99,1 1,99,1 1,99,1 1,99,1 1,99,1 1,99,1
ADDLINE 1,113,1 0,0,0 0,0,0 0,0,0 0,0,0 12,0,2 0,0,0 0,0,0 1,113,1
ADDLINE 1,123,1 1,123,1 1,123,1 0,0,0 1,123,1 12,0,2 1,123,1 1,123,1 1,123,1
ADDLINE 1,99,1 1,99,1 1,99,1 0,0,0 1,99,1 0,0,0 1,99,1 12,0,2 0,0,0
ADDLINE 1,109,1 0,0,0 1,109,1 1,109,1 12,0,2 1,109,1 1,109,1 1,109,1 1,109,1
ADDLINE 0,0,0 0,0,0 1,119,1 1,119,1 0,0,0 0,0,0 0,0,0 12,0,2 1,119,1
ADDLINE 0,0,0 0,0,0 1,129,1 1,129,1 1,129,1 1,129,1 1,129,1 12,0,2 0,0,0
ADDLINE 0,0,0 12,0,2 1,103,1 1,103,1 0,0,0 0,0,0 0,0,0 0,0,0 0,0,0
ADDLINE 0,0,0 1,114,1 0,0,0 12,0,2 0,0,0 1,114,1 1,114,1 1,114,1 1,114,1
ADDLINE 0,0,0 1,124,1 1,124,1 12,0,2 1,124,1 1,124,1 1,124,1 1,124,1 1,124,1
17,74,1 1,74,1 1,74,1 1,74,1 11,0,2 12,0,2 1,74,1 1,74,1 1,74,1
1,73,1 20,73,1 1,73,1 1,73,1 15,0,2 12,0,2 1,73,1 1,73,1 1,73,1
1,72,1 1,72,1 1,72,1 1,72,1 1,72,1 0,0,0 1,72,1 12,0,2 0,0,0
1,71,1 1,71,1 1,71,1 1,71,1 22,0,2 12,0,2 20,71,1 1,71,1 8,0,2
1,70,1 0,0,0 0,0,0 12,0,2 0,0,0 1,70,1 1,70,1 1,70,1 8,0,2
1,69,1 14,0,2 1,69,1 1,69,1 1,69,1 1,69,1 12,0,2 0,0,0 0,0,0
0,0,0 0,0,0 0,0,0 0,0,0 0,0,0 0,0,0 0,0,0 0,0,0 0,0,0
0,0,0 0,0,0 0,0,0 0,0,0 0,0,0 0,0,0 0,0,0 0,0,0 0,0,0
0,0,0 0,0,0 0,0,0 0,0,0 0,0,0 0,0,0 0,0,0 0,0,0 0,0,0