MODE 0
BALL 70
STARS 0/3900/5600
ADDLINE 1,83,1 1,83,1 1,83,1 0,0,0 1,83,1 0,0,0 1,83,1 12,0,2 1,83,1
ADDLINE 1,84,1 0,0,0 0,0,0 12,0,2 1,84,1 0,0,0 1,84,1 0,0,0 1,84,1
ADDLINE 1,85,1 0,0,0 1,85,1 1,85,1 1,85,1 0,0,0 1,85,1 12,0,2 1,85,1
ADDLINE 1,94,1 0,0,0 0,0,0 12,0,2 1,94,1 0,0,0 0,0,0 0,0,0 0,0,0
ADDLINE 1,90,1 1,90,1 1,90,1 12,0,2 1,90,1 1,90,1 1,90,1 1,90,1 1,90,1
ADDLINE 0,0,0 0,0,0 1,104,1 0,0,0 0,0,0 0,0,0 1,104,1 12,0,2 1,104,1
ADDLINE 1,113,1 0,0,0 1,113,1 1,113,1 1,113,1 12,0,2 1,113,1 0,0,0 1,113,1
ADDLINE 1,123,1 0,0,0 12,0,2 0,0,0 1,123,1 0,0,0 0,0,0 0,0,0 1,123,1
ADDLINE 1,99,1 1,99,1 1,99,1 0,0,0 1,99,1 1,99,1 1,99,1 12,0,2 1,99,1
ADDLINE 1,104,1 1,104,1 1,104,1 1,104,1 1,104,1 12,0,2 1,104,1 1,104,1 1,104,1
ADDLINE 1,119,1 1,119,1 1,119,1 1,119,1 1,119,1 12,0,2 0,0,0 0,0,0 0,0,0
ADDLINE 1,123,1 1,123,1 1,123,1 1,123,1 1,123,1 12,0,2 1,123,1 1,123,1 1,123,1
ADDLINE 0,0,0 12,0,2 0,0,0 0,0,0 1,103,1 0,0,0 1,103,1 1,103,1 1,103,1
ADDLINE 12,0,2 1,108,1 1,108,1 1,108,1 1,108,1 1,108,1 1,108,1 1,108,1 1,108,1
ADDLINE 12,0,2 0,0,0 0,0,0 0,0,0 1,124,1 0,0,0 0,0,0 0,0,0 0,0,0
0,0,0 1,74,1 12,0,2 1,74,1 0,0,0 0,0,0 0,0,0 0,0,0 0,0,0
12,0,2 1,73,1 9,0,2 1,73,1 12,0,2 1,73,1 1,73,1 1,73,1 1,73,1
12,0,2 1,72,1 0,0,0 16,72,1 0,0,0 1,72,1 1,72,1 1,72,1 0,0,0
8,0,2 1,71,1 12,0,2 1,71,1 0,0,0 1,71,1 1,71,1 1,71,1 8,0,2
12,0,2 1,70,1 0,0,0 0,0,0 0,0,0 16,70,1 1,70,1 1,70,1 0,0,0
8,0,2 1,69,1 1,69,1 1,69,1 1,69,1 1,69,1 1,69,1 1,69,1 8,0,2
0,0,0 0,0,0 0,0,0 0,0,0 0,0,0 0,0,0 0,0,0 0,0,0 0,0,0
0,0,0 0,0,0 0,0,0 0,0,0 0,0,0 0,0,0 0,0,0 0,0,0 0,0,0
0,0,0 0,0,0 0,0,0 0,0,0 0,0,0 0,0,0 0,0,0 0,0,0 0,0,0