MODE 0
BALL 70
STARS 0/4600/6600
ADDLINE 1,83,1 1,83,1 19,83,1 1,83,1 12,0,2 1,83,1 1,83,1 1,83,1 0,0,0
ADDLINE 0,0,0 1,84,1 1,84,1 1,84,1 1,84,1 1,84,1 12,0,2 1,84,1 1,84,1
ADDLINE 0,0,0 1,85,1 20,85,1 1,85,1 12,0,2 0,0,0 0,0,0 0,0,0 0,0,0
ADDLINE 12,0,2 1,89,1 1,89,1 1,89,1 1,89,1 1,89,1 1,89,1 1,89,1 1,89,1
ADDLINE 0,0,0 0,0,0 12,0,2 0,0,0 0,0,0 1,95,1 0,0,0 0,0,0 0,0,0
ADDLINE 0,0,0 1,104,1 12,0,2 1,104,1 1,104,1 1,104,1 1,104,1 1,104,1 0,0,0
ADDLINE 12,0,2 1,113,1 0,0,0 1,113,1 1,113,1 1,113,1 1,113,1 1,113,1 0,0,0
ADDLINE 1,123,1 1,123,1 12,0,2 1,123,1 1,123,1 1,123,1 1,123,1 1,123,1 0,0,0
ADDLINE 0,0,0 12,0,2 1,99,1 1,99,1 1,99,1 0,0,0 1,99,1 0,0,0 0,0,0
ADDLINE 1,109,1 0,0,0 1,109,1 12,0,2 1,109,1 16,109,1 1,109,1 1,109,1 1,109,1
ADDLINE 0,0,0 1,119,1 1,119,1 12,0,2 1,119,1 1,119,1 1,119,1 1,119,1 1,119,1
ADDLINE 12,0,2 1,123,1 1,123,1 1,123,1 1,123,1 1,123,1 1,123,1 1,123,1 1,123,1
ADDLINE 0,0,0 0,0,0 12,0,2 0,0,0 0,0,0 0,0,0 1,103,1 1,103,1 1,103,1
ADDLINE 0,0,0 1,114,1 1,114,1 1,114,1 1,114,1 12,0,2 0,0,0 0,0,0 0,0,0
ADDLINE 12,0,2 1,124,1 1,124,1 1,124,1 1,124,1 1,124,1 1,124,1 1,124,1 0,0,0
1,74,1 1,74,1 1,74,1 12,0,2 0,0,0 1,74,1 1,74,1 1,74,1 0,0,0
1,73,1 1,73,1 19,73,1 1,73,1 1,73,1 1,73,1 0,0,0 12,0,2 11,0,2
1,72,1 1,72,1 21,72,1 1,72,1 16,72,1 1,72,1 12,0,2 1,72,1 0,0,0
1,71,1 1,71,1 0,0,0 0,0,0 0,0,0 0,0,0 12,0,2 17,71,1 0,0,0
1,67,1 1,67,1 1,67,1 1,67,1 1,67,1 1,67,1 1,67,1 1,67,1 12,0,2
1,69,1 1,69,1 20,69,1 1,69,1 12,0,2 0,0,0 1,69,1 1,69,1 0,0,0
0,0,0 0,0,0 0,0,0 0,0,0 0,0,0 0,0,0 0,0,0 0,0,0 0,0,0
0,0,0 0,0,0 0,0,0 0,0,0 0,0,0 0,0,0 0,0,0 0,0,0 0,0,0
0,0,0 0,0,0 0,0,0 0,0,0 0,0,0 0,0,0 0,0,0 0,0,0 0,0,0