MODE 0
BALL 70
STARS 0/4100/5800
ADDLINE 1,83,1 0,0,0 12,0,2 0,0,0 1,83,1 0,0,0 1,83,1 0,0,0 1,83,1
ADDLINE 1,84,1 0,0,0 1,84,1 0,0,0 1,84,1 0,0,0 1,84,1 12,0,2 1,84,1
ADDLINE 1,85,1 0,0,0 1,85,1 0,0,0 0,0,0 0,0,0 1,85,1 12,0,2 0,0,0
ADDLINE 1,94,1 0,0,0 1,94,1 1,94,1 1,94,1 12,0,2 1,94,1 1,94,1 1,94,1
ADDLINE 0,0,0 0,0,0 1,95,1 0,0,0 12,0,2 0,0,0 1,95,1 0,0,0 0,0,0
ADDLINE 1,99,1 1,99,1 1,99,1 1,99,1 1,99,1 1,99,1 1,99,1 12,0,2 1,99,1
ADDLINE 1,113,1 0,0,0 0,0,0 0,0,0 1,113,1 0,0,0 0,0,0 12,0,2 1,113,1
ADDLINE 1,123,1 0,0,0 1,123,1 12,0,2 1,123,1 0,0,0 1,123,1 1,123,1 1,123,1
ADDLINE 0,0,0 0,0,0 1,99,1 0,0,0 0,0,0 12,0,2 1,99,1 0,0,0 0,0,0
ADDLINE 0,0,0 0,0,0 1,109,1 0,0,0 1,109,1 0,0,0 12,0,2 0,0,0 1,109,1
ADDLINE 1,113,1 1,113,1 1,113,1 12,0,2 1,113,1 1,113,1 1,113,1 1,113,1 1,113,1
ADDLINE 0,0,0 0,0,0 1,129,1 0,0,0 12,0,2 0,0,0 0,0,0 0,0,0 0,0,0
ADDLINE 1,99,1 1,99,1 1,99,1 12,0,2 1,99,1 1,99,1 1,99,1 1,99,1 1,99,1
ADDLINE 1,108,1 1,108,1 1,108,1 12,0,2 1,108,1 1,108,1 1,108,1 1,108,1 1,108,1
ADDLINE 1,118,1 1,118,1 1,118,1 12,0,2 1,118,1 1,118,1 1,118,1 1,118,1 1,118,1
1,74,1 1,74,1 0,0,0 1,74,1 1,74,1 1,74,1 12,0,2 1,74,1 0,0,0
0,0,0 15,0,2 12,0,2 0,0,0 0,0,0 1,73,1 14,0,2 1,73,1 0,0,0
1,72,1 20,72,1 1,72,1 1,72,1 19,72,1 1,72,1 12,0,2 1,72,1 0,0,0
1,71,1 1,71,1 1,71,1 1,71,1 12,0,2 1,71,1 0,0,0 1,71,1 0,0,0
1,70,1 1,70,1 1,70,1 1,70,1 1,70,1 1,70,1 12,0,2 1,70,1 0,0,0
12,0,2 0,0,0 0,0,0 0,0,0 0,0,0 1,69,1 0,0,0 1,69,1 0,0,0
0,0,0 0,0,0 0,0,0 0,0,0 0,0,0 0,0,0 0,0,0 0,0,0 0,0,0
0,0,0 0,0,0 0,0,0 0,0,0 0,0,0 0,0,0 0,0,0 0,0,0 0,0,0
0,0,0 0,0,0 0,0,0 0,0,0 0,0,0 0,0,0 0,0,0 0,0,0 0,0,0