MODE 0
BALL 70
STARS 0/4050/5750
ADDLINE 0,0,0 1,83,1 2,83,1 1,83,1 5,83,1 1,83,1 12,0,2 5,83,1 0,0,0
ADDLINE 1,84,1 1,84,1 4,84,1 1,84,1 1,84,1 1,84,1 12,0,2 1,84,1 0,0,0
ADDLINE 0,0,0 0,0,0 0,0,0 0,0,0 0,0,0 12,0,2 0,0,0 1,85,1 0,0,0
ADDLINE 12,0,2 1,94,1 1,94,1 1,94,1 1,94,1 1,94,1 3,94,1 1,94,1 0,0,0
ADDLINE 0,0,0 1,95,1 0,0,0 12,0,2 0,0,0 0,0,0 0,0,0 0,0,0 0,0,0
ADDLINE 12,0,2 1,99,1 1,99,1 2,99,1 1,99,1 4,99,1 1,99,1 4,99,1 1,99,1
ADDLINE 0,0,0 1,113,1 1,113,1 1,113,1 1,113,1 1,113,1 12,0,2 0,0,0 0,0,0
ADDLINE 12,0,2 3,117,1 4,117,1 1,117,1 3,117,1 1,117,1 5,117,1 1,117,1 1,117,1
ADDLINE 0,0,0 4,99,1 1,99,1 1,99,1 1,99,1 1,99,1 12,0,2 1,99,1 1,99,1
ADDLINE 1,109,1 1,109,1 1,109,1 2,109,1 0,0,0 1,109,1 5,109,1 12,0,2 0,0,0
ADDLINE 1,119,1 1,119,1 1,119,1 5,119,1 0,0,0 0,0,0 0,0,0 12,0,2 1,119,1
ADDLINE 1,129,1 0,0,0 1,129,1 1,129,1 1,129,1 4,129,1 12,0,2 1,129,1 1,129,1
ADDLINE 4,103,1 0,0,0 12,0,2 2,103,1 1,103,1 0,0,0 0,0,0 1,103,1 1,103,1
ADDLINE 0,0,0 0,0,0 0,0,0 5,114,1 1,114,1 12,0,2 0,0,0 1,114,1 5,114,1
ADDLINE 0,0,0 1,124,1 1,124,1 1,124,1 1,124,1 0,0,0 12,0,2 1,124,1 1,124,1
1,74,1 0,0,0 0,0,0 0,0,0 12,0,2 0,0,0 1,74,1 3,74,1 1,74,1
0,0,0 3,73,1 16,73,1 12,0,2 5,73,1 1,73,1 1,73,1 20,73,1 2,73,1
12,0,2 1,72,1 0,0,0 12,0,2 1,72,1 1,72,1 1,72,1 1,72,1 1,72,1
9,0,2 1,71,1 1,71,1 0,0,0 0,0,0 0,0,0 0,0,0 12,0,2 1,71,1
10,0,2 1,70,1 5,70,1 1,70,1 1,70,1 12,0,2 17,70,1 0,0,0 1,70,1
0,0,0 1,69,1 4,69,1 1,69,1 4,69,1 2,69,1 3,69,1 1,69,1 1,69,1
0,0,0 0,0,0 0,0,0 0,0,0 0,0,0 0,0,0 0,0,0 0,0,0 0,0,0
0,0,0 0,0,0 0,0,0 0,0,0 0,0,0 0,0,0 0,0,0 0,0,0 0,0,0
0,0,0 0,0,0 0,0,0 0,0,0 0,0,0 0,0,0 0,0,0 0,0,0 0,0,0