MODE 0
BALL 70
STARS 0/4500/6350
ADDLINE 0,0,0 12,0,2 1,83,1 0,0,0 0,0,0 0,0,0 1,83,1 0,0,0 1,83,1
ADDLINE 1,80,1 3,80,1 2,80,1 5,80,1 1,80,1 1,80,1 1,80,1 12,0,2 1,80,1
ADDLINE 0,0,0 12,0,2 1,85,1 0,0,0 0,0,0 0,0,0 1,85,1 0,0,0 0,0,0
ADDLINE 4,94,1 0,0,0 1,94,1 0,0,0 1,94,1 12,0,2 1,94,1 1,94,1 5,94,1
ADDLINE 1,95,1 0,0,0 1,95,1 0,0,0 1,95,1 12,0,2 0,0,0 0,0,0 1,95,1
ADDLINE 2,104,1 0,0,0 1,104,1 0,0,0 1,104,1 5,104,1 1,104,1 12,0,2 1,104,1
ADDLINE 0,0,0 0,0,0 1,113,1 12,0,2 0,0,0 0,0,0 1,113,1 0,0,0 0,0,0
ADDLINE 2,117,1 1,117,1 3,117,1 5,117,1 1,117,1 12,0,2 1,117,1 1,117,1 1,117,1
ADDLINE 1,99,1 0,0,0 0,0,0 0,0,0 1,99,1 0,0,0 1,99,1 12,0,2 0,0,0
ADDLINE 0,0,0 12,0,2 1,109,1 0,0,0 1,109,1 1,109,1 1,109,1 3,109,1 1,109,1
ADDLINE 1,119,1 0,0,0 1,119,1 12,0,2 4,119,1 5,119,1 1,119,1 1,119,1 1,119,1
ADDLINE 10,0,2 0,0,0 1,129,1 0,0,0 0,0,0 0,0,0 12,0,2 0,0,0 0,0,0
ADDLINE 1,99,1 1,99,1 1,99,1 1,99,1 5,99,1 1,99,1 1,99,1 12,0,2 1,99,1
ADDLINE 2,114,1 1,114,1 1,114,1 1,114,1 3,114,1 12,0,2 1,114,1 0,0,0 0,0,0
ADDLINE 2,118,1 1,118,1 1,118,1 1,118,1 1,118,1 12,0,2 1,118,1 1,118,1 1,118,1
3,70,1 12,0,2 2,70,1 1,70,1 1,70,1 1,70,1 19,70,1 1,70,1 17,70,1
1,73,1 0,0,0 12,0,2 0,0,0 11,0,2 0,0,0 0,0,0 0,0,0 1,73,1
1,69,1 1,69,1 5,69,1 1,69,1 1,69,1 1,69,1 1,69,1 12,0,2 1,69,1
0,0,0 0,0,0 0,0,0 12,0,2 0,0,0 12,0,2 1,71,1 11,0,2 1,71,1
1,67,1 1,67,1 18,67,1 6,67,1 1,67,1 11,0,2 1,67,1 1,67,1 1,67,1
2,69,1 0,0,0 1,69,1 4,69,1 1,69,1 12,0,2 0,0,0 4,69,1 1,69,1
0,0,0 0,0,0 0,0,0 0,0,0 0,0,0 0,0,0 0,0,0 0,0,0 0,0,0
0,0,0 0,0,0 0,0,0 0,0,0 0,0,0 0,0,0 0,0,0 0,0,0 0,0,0
0,0,0 0,0,0 0,0,0 0,0,0 0,0,0 0,0,0 0,0,0 0,0,0 0,0,0