MODE 0
BALL 70
STARS 0/4100/5900
ADDLINE 1,83,1 0,0,0 2,83,1 1,83,1 1,83,1 12,0,2 1,83,1 0,0,0 1,83,1
ADDLINE 1,84,1 0,0,0 5,84,1 1,84,1 2,84,1 12,0,2 1,84,1 0,0,0 0,0,0
ADDLINE 1,85,1 0,0,0 1,85,1 1,85,1 1,85,1 12,0,2 1,85,1 0,0,0 3,85,1
ADDLINE 1,94,1 0,0,0 1,94,1 4,94,1 1,94,1 12,0,2 2,94,1 0,0,0 1,94,1
ADDLINE 1,95,1 0,0,0 1,95,1 1,95,1 5,95,1 12,0,2 1,95,1 0,0,0 4,95,1
ADDLINE 0,0,0 0,0,0 12,0,2 0,0,0 0,0,0 0,0,0 1,104,1 0,0,0 1,104,1
ADDLINE 1,108,1 1,108,1 1,108,1 1,108,1 1,108,1 1,108,1 1,108,1 12,0,2 1,108,1
ADDLINE 1,123,1 1,123,1 0,0,0 0,0,0 1,123,1 12,0,2 0,0,0 1,123,1 1,123,1
ADDLINE 5,94,1 4,94,1 1,94,1 12,0,2 3,94,1 5,94,1 4,94,1 1,94,1 1,94,1
ADDLINE 1,109,1 0,0,0 1,109,1 12,0,2 1,109,1 1,109,1 1,109,1 3,109,1 2,109,1
ADDLINE 0,0,0 0,0,0 1,119,1 12,0,2 1,119,1 2,119,1 1,119,1 1,119,1 1,119,1
ADDLINE 0,0,0 1,129,1 1,129,1 12,0,2 1,129,1 5,129,1 1,129,1 1,129,1 3,129,1
ADDLINE 0,0,0 1,103,1 1,103,1 0,0,0 12,0,2 1,103,1 4,103,1 1,103,1 1,103,1
ADDLINE 0,0,0 1,114,1 2,114,1 1,114,1 0,0,0 12,0,2 5,114,1 1,114,1 4,114,1
ADDLINE 0,0,0 12,0,2 0,0,0 1,124,1 1,124,1 0,0,0 1,124,1 1,124,1 1,124,1
0,0,0 1,74,1 1,74,1 1,74,1 1,74,1 1,74,1 1,74,1 12,0,2 15,0,2
12,0,2 3,73,1 1,73,1 3,73,1 1,73,1 6,73,1 1,73,1 22,0,2 10,0,2
0,0,0 1,72,1 1,72,1 6,72,1 1,72,1 2,72,1 5,72,1 12,0,2 8,0,2
1,71,1 1,71,1 1,71,1 1,71,1 4,71,1 1,71,1 5,71,1 12,0,2 8,0,2
0,0,0 0,0,0 0,0,0 0,0,0 0,0,0 0,0,0 0,0,0 12,0,2 2,70,1
14,0,2 1,69,1 1,69,1 1,69,1 17,69,1 12,0,2 1,69,1 1,69,1 4,69,1
0,0,0 0,0,0 0,0,0 0,0,0 0,0,0 0,0,0 0,0,0 0,0,0 0,0,0
0,0,0 0,0,0 0,0,0 0,0,0 0,0,0 0,0,0 0,0,0 0,0,0 0,0,0
0,0,0 0,0,0 0,0,0 0,0,0 0,0,0 0,0,0 0,0,0 0,0,0 0,0,0