MODE 0
BALL 70
STARS 0/3900/5800
ADDLINE 1,83,1 0,0,0 0,0,0 0,0,0 1,83,1 12,0,2 0,0,0 0,0,0 0,0,0
ADDLINE 1,80,1 1,80,1 1,80,1 1,80,1 1,80,1 12,0,2 2,80,1 4,80,1 1,80,1
ADDLINE 0,0,0 0,0,0 5,85,1 0,0,0 1,85,1 0,0,0 12,0,2 0,0,0 1,85,1
ADDLINE 4,94,1 0,0,0 1,94,1 12,0,2 1,94,1 1,94,1 1,94,1 0,0,0 1,94,1
ADDLINE 1,95,1 0,0,0 1,95,1 0,0,0 1,95,1 12,0,2 0,0,0 0,0,0 4,95,1
ADDLINE 1,104,1 0,0,0 1,104,1 0,0,0 2,104,1 12,0,2 1,104,1 1,104,1 3,104,1
ADDLINE 3,113,1 0,0,0 5,113,1 12,0,2 0,0,0 0,0,0 0,0,0 0,0,0 0,0,0
ADDLINE 1,117,1 12,0,2 1,117,1 1,117,1 1,117,1 1,117,1 4,117,1 1,117,1 1,117,1
ADDLINE 1,99,1 0,0,0 1,99,1 0,0,0 0,0,0 12,0,2 0,0,0 0,0,0 1,99,1
ADDLINE 1,104,1 1,104,1 1,104,1 4,104,1 5,104,1 3,104,1 1,104,1 12,0,2 1,104,1
ADDLINE 1,119,1 0,0,0 1,119,1 1,119,1 5,119,1 1,119,1 1,119,1 12,0,2 0,0,0
ADDLINE 1,123,1 12,0,2 4,123,1 1,123,1 1,123,1 1,123,1 3,123,1 1,123,1 1,123,1
ADDLINE 0,0,0 0,0,0 0,0,0 12,0,2 0,0,0 0,0,0 0,0,0 0,0,0 1,103,1
ADDLINE 1,108,1 3,108,1 2,108,1 5,108,1 1,108,1 1,108,1 1,108,1 12,0,2 1,108,1
ADDLINE 0,0,0 0,0,0 0,0,0 0,0,0 0,0,0 0,0,0 1,124,1 12,0,2 1,124,1
0,0,0 12,0,2 0,0,0 3,74,1 0,0,0 0,0,0 0,0,0 1,74,1 0,0,0
1,73,1 1,73,1 1,73,1 1,73,1 12,0,2 1,73,1 1,73,1 1,73,1 10,0,2
10,0,2 12,0,2 0,0,0 0,0,0 0,0,0 5,72,1 15,0,2 0,0,0 0,0,0
1,68,1 1,68,1 17,68,1 1,68,1 12,0,2 4,68,1 1,68,1 1,68,1 16,68,1
1,70,1 14,0,2 2,70,1 2,70,1 0,0,0 12,0,2 0,0,0 0,0,0 0,0,0
1,66,1 0,0,0 1,66,1 4,66,1 1,66,1 12,0,2 3,66,1 1,66,1 1,66,1
0,0,0 0,0,0 0,0,0 0,0,0 0,0,0 0,0,0 0,0,0 0,0,0 0,0,0
0,0,0 0,0,0 0,0,0 0,0,0 0,0,0 0,0,0 0,0,0 0,0,0 0,0,0
0,0,0 0,0,0 0,0,0 0,0,0 0,0,0 0,0,0 0,0,0 0,0,0 0,0,0