MODE 0
BALL 70
STARS 0/4600/6300
ADDLINE 1,83,1 0,0,0 1,83,1 12,0,2 1,83,1 1,83,1 1,83,1 20,83,1 1,83,1
ADDLINE 1,84,1 0,0,0 16,84,1 12,0,2 1,84,1 1,84,1 1,84,1 1,84,1 1,84,1
ADDLINE 1,85,1 11,0,2 1,85,1 0,0,0 1,85,1 1,85,1 17,85,1 12,0,2 1,85,1
ADDLINE 1,94,1 12,0,2 1,94,1 0,0,0 0,0,0 1,94,1 1,94,1 0,0,0 0,0,0
ADDLINE 1,95,1 12,0,2 1,95,1 1,95,1 16,95,1 1,95,1 1,95,1 1,95,1 1,95,1
ADDLINE 0,0,0 0,0,0 1,104,1 0,0,0 0,0,0 12,0,2 0,0,0 0,0,0 1,104,1
ADDLINE 1,113,1 0,0,0 1,113,1 0,0,0 1,113,1 12,0,2 1,113,1 1,113,1 1,113,1
ADDLINE 1,123,1 8,0,2 1,123,1 0,0,0 1,123,1 0,0,0 1,123,1 12,0,2 0,0,0
ADDLINE 1,99,1 0,0,0 1,99,1 12,0,2 1,99,1 1,99,1 1,99,1 0,0,0 1,99,1
ADDLINE 7,0,2 1,109,1 0,0,0 0,0,0 12,0,2 0,0,0 0,0,0 10,0,2 0,0,0
ADDLINE 1,113,1 1,113,1 1,113,1 1,113,1 1,113,1 1,113,1 12,0,2 1,113,1 1,113,1
ADDLINE 1,129,1 1,129,1 0,0,0 0,0,0 12,0,2 0,0,0 1,129,1 20,129,1 1,129,1
ADDLINE 1,103,1 1,103,1 1,103,1 1,103,1 1,103,1 1,103,1 12,0,2 20,103,1 1,103,1
ADDLINE 1,114,1 1,114,1 12,0,2 0,0,0 0,0,0 1,114,1 1,114,1 0,0,0 0,0,0
ADDLINE 1,124,1 1,124,1 0,0,0 1,124,1 1,124,1 1,124,1 12,0,2 1,124,1 1,124,1
1,74,1 0,0,0 0,0,0 0,0,0 1,74,1 12,0,2 15,0,2 1,74,1 1,74,1
1,70,1 12,0,2 1,70,1 1,70,1 1,70,1 1,70,1 1,70,1 1,70,1 1,70,1
1,72,1 11,0,2 1,72,1 1,72,1 1,72,1 1,72,1 1,72,1 12,0,2 1,72,1
1,71,1 0,0,0 19,71,1 1,71,1 1,71,1 1,71,1 1,71,1 12,0,2 1,71,1
10,0,2 0,0,0 0,0,0 0,0,0 0,0,0 12,0,2 12,0,2 14,0,2 1,70,1
1,66,1 1,66,1 1,66,1 1,66,1 1,66,1 1,66,1 1,66,1 8,0,2 1,66,1
0,0,0 0,0,0 0,0,0 0,0,0 0,0,0 0,0,0 0,0,0 0,0,0 0,0,0
0,0,0 0,0,0 0,0,0 0,0,0 0,0,0 0,0,0 0,0,0 0,0,0 0,0,0
0,0,0 0,0,0 0,0,0 0,0,0 0,0,0 0,0,0 0,0,0 0,0,0 0,0,0