MODE 0
BALL 70
STARS 0/4500/6300
ADDLINE 0,0,0 1,83,1 12,0,2 1,83,1 0,0,0 1,83,1 1,83,1 1,83,1 1,83,1
ADDLINE 0,0,0 1,84,1 0,0,0 0,0,0 12,0,2 0,0,0 0,0,0 0,0,0 0,0,0
ADDLINE 12,0,2 1,81,1 1,81,1 1,81,1 1,81,1 1,81,1 1,81,1 1,81,1 1,81,1
ADDLINE 0,0,0 0,0,0 0,0,0 0,0,0 12,0,2 1,94,1 0,0,0 1,94,1 0,0,0
ADDLINE 12,0,2 1,95,1 1,95,1 1,95,1 1,95,1 1,95,1 0,0,0 1,95,1 0,0,0
ADDLINE 0,0,0 1,104,1 1,104,1 1,104,1 1,104,1 1,104,1 12,0,2 1,104,1 0,0,0
ADDLINE 0,0,0 1,113,1 1,113,1 1,113,1 1,113,1 1,113,1 12,0,2 1,113,1 0,0,0
ADDLINE 0,0,0 1,123,1 1,123,1 1,123,1 1,123,1 1,123,1 12,0,2 1,123,1 0,0,0
ADDLINE 12,0,2 1,99,1 1,99,1 1,99,1 1,99,1 1,99,1 0,0,0 1,99,1 0,0,0
ADDLINE 1,109,1 1,109,1 1,109,1 1,109,1 1,109,1 12,0,2 0,0,0 0,0,0 0,0,0
ADDLINE 1,119,1 1,119,1 0,0,0 12,0,2 0,0,0 1,119,1 0,0,0 1,119,1 1,119,1
ADDLINE 1,129,1 0,0,0 1,129,1 1,129,1 1,129,1 0,0,0 12,0,2 1,129,1 1,129,1
ADDLINE 1,99,1 12,0,2 1,99,1 1,99,1 1,99,1 1,99,1 1,99,1 1,99,1 1,99,1
ADDLINE 1,114,1 1,114,1 0,0,0 0,0,0 12,0,2 0,0,0 0,0,0 1,114,1 1,114,1
ADDLINE 1,124,1 1,124,1 1,124,1 0,0,0 1,124,1 1,124,1 12,0,2 1,124,1 1,124,1
1,74,1 15,0,2 0,0,0 0,0,0 12,0,2 1,74,1 1,74,1 1,74,1 1,74,1
1,73,1 1,73,1 1,73,1 1,73,1 12,0,2 1,73,1 1,73,1 1,73,1 0,0,0
1,72,1 1,72,1 20,72,1 1,72,1 12,0,2 1,2,1 20,72,1 1,72,1 0,0,0
17,71,1 1,71,1 1,71,1 16,71,1 12,0,2 1,71,1 1,71,1 12,0,2 14,0,2
1,70,1 1,70,1 1,70,1 1,70,1 22,0,2 1,70,1 1,70,1 0,0,0 1,70,1
1,69,1 0,0,0 0,0,0 0,0,0 0,0,0 1,69,1 1,69,1 12,0,2 0,0,0
0,0,0 0,0,0 0,0,0 0,0,0 0,0,0 0,0,0 0,0,0 0,0,0 0,0,0
0,0,0 0,0,0 0,0,0 0,0,0 0,0,0 0,0,0 0,0,0 0,0,0 0,0,0
0,0,0 0,0,0 0,0,0 0,0,0 0,0,0 0,0,0 0,0,0 0,0,0 0,0,0