MODE 0
BALL 70
STARS 0/4100/3850 35
ADDLINE 1,83,1 0,0,0 1,83,1 12,0,2 1,83,1 1,83,1 1,83,1 1,83,1 1,83,1
ADDLINE 1,84,1 0,0,0 1,84,1 0,0,0 1,84,1 0,0,0 12,0,2 0,0,0 0,0,0
ADDLINE 1,85,1 0,0,0 1,85,1 12,0,2 1,85,1 0,0,0 1,85,1 0,0,0 1,85,1
ADDLINE 1,94,1 0,0,0 1,94,1 0,0,0 1,94,1 0,0,0 1,94,1 12,0,2 1,94,1
ADDLINE 1,95,1 0,0,0 1,95,1 0,0,0 1,95,1 12,0,2 1,95,1 0,0,0 1,95,1
ADDLINE 1,104,1 0,0,0 1,104,1 0,0,0 1,104,1 12,0,2 1,104,1 0,0,0 1,104,1
ADDLINE 1,113,1 0,0,0 1,113,1 12,0,2 1,113,1 0,0,0 1,113,1 1,113,1 1,113,1
ADDLINE 1,123,1 0,0,0 1,123,1 0,0,0 12,0,2 0,0,0 1,123,1 0,0,0 0,0,0
ADDLINE 1,99,1 0,0,0 1,99,1 1,99,1 1,99,1 1,99,1 1,99,1 12,0,2 1,99,1
ADDLINE 0,0,0 1,109,1 1,109,1 1,109,1 12,0,2 1,109,1 0,0,0 1,109,1 1,109,1
ADDLINE 0,0,0 1,119,1 1,119,1 1,119,1 0,0,0 1,119,1 12,0,2 1,119,1 1,119,1
ADDLINE 0,0,0 12,0,2 0,0,0 1,129,1 0,0,0 0,0,0 0,0,0 0,0,0 0,0,0
ADDLINE 1,103,1 1,103,1 12,0,2 1,103,1 1,103,1 1,103,1 1,103,1 1,103,1 0,0,0
ADDLINE 12,0,2 0,0,0 0,0,0 1,114,1 1,114,1 1,114,1 1,114,1 1,114,1 0,0,0
ADDLINE 1,124,1 1,124,1 12,0,2 1,124,1 1,124,1 1,124,1 1,124,1 1,124,1 0,0,0
12,0,2 1,74,1 0,0,0 1,74,1 1,74,1 1,74,1 1,74,1 1,74,1 0,0,0
0,0,0 1,73,1 12,0,2 1,73,1 1,73,1 1,73,1 1,73,1 1,73,1 8,0,2
8,0,2 1,72,1 12,0,2 1,72,1 1,72,1 1,72,1 1,72,1 1,72,1 0,0,0
0,0,0 20,71,1 0,0,0 12,0,2 0,0,0 0,0,0 0,0,0 20,71,1 0,0,0
1,67,1 1,67,1 16,67,1 1,67,1 1,67,1 1,67,1 1,67,1 1,67,1 12,0,2
1,69,1 1,69,1 0,0,0 1,69,1 0,0,0 12,0,2 0,0,0 1,69,1 0,0,0
0,0,0 0,0,0 0,0,0 0,0,0 0,0,0 0,0,0 0,0,0 0,0,0 0,0,0
0,0,0 0,0,0 0,0,0 0,0,0 0,0,0 0,0,0 0,0,0 0,0,0 0,0,0
0,0,0 0,0,0 0,0,0 0,0,0 0,0,0 0,0,0 0,0,0 0,0,0 0,0,0