MODE 0
BALL 70
STARS 0/4200/5900
ADDLINE 3,83,1 0,0,0 1,83,1 1,83,1 1,83,1 0,0,0 0,0,0 12,0,2 0,0,0
ADDLINE 1,84,1 0,0,0 1,84,1 7,0,2 1,84,1 12,0,2 4,84,1 1,84,1 1,84,1
ADDLINE 0,0,0 0,0,0 12,0,2 0,0,0 1,85,1 0,0,0 1,85,1 1,85,1 1,85,1
ADDLINE 1,89,1 1,89,1 3,89,1 1,89,1 1,89,1 12,0,2 1,89,1 2,89,1 1,89,1
ADDLINE 0,0,0 0,0,0 12,0,2 0,0,0 1,95,1 0,0,0 5,95,1 1,95,1 1,95,1
ADDLINE 1,99,1 1,99,1 2,99,1 1,99,1 1,99,1 12,0,2 3,99,1 1,99,1 1,99,1
ADDLINE 0,0,0 12,0,2 1,113,1 0,0,0 1,113,1 0,0,0 1,113,1 0,0,0 0,0,0
ADDLINE 1,123,1 5,123,1 1,123,1 0,0,0 1,123,1 1,123,1 7,0,2 12,0,2 1,123,1
ADDLINE 2,99,1 1,99,1 1,99,1 0,0,0 7,0,2 12,0,2 1,99,1 0,0,0 1,99,1
ADDLINE 4,109,1 1,109,1 4,109,1 0,0,0 0,0,0 0,0,0 12,0,2 0,0,0 0,0,0
ADDLINE 1,119,1 1,119,1 1,119,1 0,0,0 1,119,1 5,119,1 0,0,0 12,0,2 0,0,0
ADDLINE 1,129,1 1,129,1 2,129,1 1,129,1 11,0,2 12,0,2 1,129,1 1,129,1 1,129,1
ADDLINE 0,0,0 0,0,0 0,0,0 12,0,2 1,103,1 1,103,1 1,103,1 4,103,1 0,0,0
ADDLINE 1,114,1 1,114,1 1,114,1 0,0,0 0,0,0 12,0,2 0,0,0 1,114,1 0,0,0
ADDLINE 1,124,1 1,124,1 1,124,1 2,124,1 1,124,1 5,124,1 12,0,2 1,124,1 11,0,2
5,74,1 0,0,0 0,0,0 1,74,1 1,74,1 12,0,2 0,0,0 1,74,1 1,74,1
1,73,1 0,0,0 0,0,0 4,73,1 1,73,1 0,0,0 12,0,2 18,73,1 1,73,1
1,72,1 1,72,1 0,0,0 12,0,2 1,72,1 1,72,1 8,0,2 1,72,1 1,72,1
3,71,1 4,71,1 0,0,0 11,0,2 12,0,2 1,71,1 0,0,0 1,71,1 1,71,1
0,0,0 12,0,2 0,0,0 1,70,1 1,70,1 0,0,0 1,70,1 1,70,1 1,70,1
0,0,0 4,69,1 1,69,1 16,69,1 1,69,1 12,0,2 2,69,1 20,69,1 1,69,1
0,0,0 0,0,0 0,0,0 0,0,0 0,0,0 0,0,0 0,0,0 0,0,0 0,0,0
0,0,0 0,0,0 0,0,0 0,0,0 0,0,0 0,0,0 0,0,0 0,0,0 0,0,0
0,0,0 0,0,0 0,0,0 0,0,0 0,0,0 0,0,0 0,0,0 0,0,0 0,0,0