MODE 0
BALL 70
STARS 0/4200/6000
ADDLINE 1,83,1 0,0,0 1,83,1 12,0,2 0,0,0 0,0,0 1,83,1 0,0,0 0,0,0
ADDLINE 3,84,1 0,0,0 1,84,1 12,0,2 1,84,1 2,84,1 1,84,1 0,0,0 1,84,1
ADDLINE 4,85,1 0,0,0 1,85,1 0,0,0 0,0,0 12,0,2 1,85,1 0,0,0 1,85,1
ADDLINE 1,94,1 0,0,0 1,94,1 5,94,1 3,94,1 0,0,0 1,94,1 12,0,2 1,94,1
ADDLINE 0,0,0 0,0,0 1,95,1 0,0,0 0,0,0 0,0,0 5,95,1 12,0,2 4,95,1
ADDLINE 1,104,1 1,104,1 1,104,1 0,0,0 1,104,1 0,0,0 1,104,1 12,0,2 1,104,1
ADDLINE 1,113,1 0,0,0 0,0,0 12,0,2 1,113,1 0,0,0 2,113,1 0,0,0 1,113,1
ADDLINE 1,123,1 0,0,0 1,123,1 1,123,1 4,123,1 1,123,1 1,123,1 12,0,2 1,123,1
ADDLINE 1,99,1 0,0,0 2,99,1 0,0,0 12,0,2 0,0,0 5,99,1 0,0,0 1,99,1
ADDLINE 12,0,2 0,0,0 0,0,0 0,0,0 0,0,0 1,109,1 0,0,0 1,109,1 0,0,0
ADDLINE 5,119,1 1,119,1 12,0,2 1,119,1 1,119,1 1,119,1 5,119,1 1,119,1 0,0,0
ADDLINE 0,0,0 1,129,1 12,0,2 1,129,1 1,129,1 2,129,1 3,129,1 1,129,1 0,0,0
ADDLINE 1,103,1 1,103,1 12,0,2 1,103,1 1,103,1 1,103,1 5,103,1 1,103,1 0,0,0
ADDLINE 12,0,2 0,0,0 1,114,1 0,0,0 1,114,1 0,0,0 0,0,0 1,114,1 0,0,0
ADDLINE 5,118,1 1,118,1 1,118,1 1,118,1 3,118,1 2,118,1 1,118,1 1,118,1 12,0,2
1,74,1 1,74,1 17,74,1 5,74,1 2,2,1 16,74,1 12,0,2 1,74,1 0,0,0
12,0,2 1,73,1 1,2,1 1,2,1 5,2,1 1,73,1 0,0,0 1,73,1 0,0,0
1,72,1 1,72,1 1,2,1 3,72,1 1,2,1 1,72,1 12,0,2 2,72,1 0,0,0
0,0,0 12,0,2 9,0,2 1,71,1 11,0,2 0,0,0 0,0,0 10,0,2 0,0,0
0,0,0 1,70,1 1,70,1 5,70,1 12,0,2 1,70,1 21,70,1 3,70,1 1,70,1
12,0,2 1,69,1 0,0,0 1,69,1 0,0,0 1,69,1 4,69,1 1,69,1 0,0,0
0,0,0 0,0,0 0,0,0 0,0,0 0,0,0 0,0,0 0,0,0 0,0,0 0,0,0
0,0,0 0,0,0 0,0,0 0,0,0 0,0,0 0,0,0 0,0,0 0,0,0 0,0,0
0,0,0 0,0,0 0,0,0 0,0,0 0,0,0 0,0,0 0,0,0 0,0,0 0,0,0