MODE 0
BALL 70
STARS 0/4200/6000
ADDLINE 0,0,0 1,83,1 0,0,0 1,83,1 2,83,1 1,83,1 12,0,2 1,83,1 0,0,0
ADDLINE 4,84,1 3,84,1 0,0,0 1,84,1 1,84,1 1,84,1 12,0,2 1,84,1 3,84,1
ADDLINE 12,0,2 1,85,1 0,0,0 0,0,0 0,0,0 0,0,0 0,0,0 1,85,1 0,0,0
ADDLINE 0,0,0 1,94,1 0,0,0 1,94,1 5,94,1 2,94,1 12,0,2 1,94,1 0,0,0
ADDLINE 12,0,2 1,95,1 0,0,0 1,95,1 1,95,1 1,95,1 0,0,0 3,95,1 0,0,0
ADDLINE 0,0,0 1,104,1 1,104,1 1,104,1 1,104,1 1,104,1 12,0,2 1,104,1 2,104,1
ADDLINE 0,0,0 2,113,1 12,0,2 1,113,1 3,113,1 1,113,1 0,0,0 1,113,1 4,113,1
ADDLINE 0,0,0 1,123,1 12,0,2 1,123,1 1,123,1 1,123,1 1,123,1 1,123,1 4,123,1
ADDLINE 0,0,0 1,99,1 12,0,2 0,0,0 0,0,0 0,0,0 0,0,0 1,99,1 1,99,1
ADDLINE 1,109,1 1,109,1 4,109,1 1,109,1 1,109,1 1,109,1 0,0,0 12,0,2 0,0,0
ADDLINE 1,119,1 5,119,1 2,119,1 1,119,1 1,119,1 2,119,1 12,0,2 1,119,1 0,0,0
ADDLINE 1,129,1 1,129,1 4,129,1 1,129,1 1,129,1 1,129,1 12,0,2 1,129,1 0,0,0
ADDLINE 1,103,1 1,103,1 1,103,1 3,103,1 4,103,1 0,0,0 12,0,2 0,0,0 1,103,1
ADDLINE 0,0,0 0,0,0 12,0,2 0,0,0 0,0,0 0,0,0 1,114,1 0,0,0 0,0,0
ADDLINE 1,124,1 1,124,1 1,124,1 0,0,0 0,0,0 12,0,2 0,0,0 0,0,0 0,0,0
17,74,1 1,74,1 0,0,0 1,74,1 16,74,1 1,74,1 12,0,2 0,0,0 19,74,1
1,73,1 1,73,1 2,73,1 20,73,1 2,73,1 0,0,0 1,73,1 12,0,2 1,73,1
4,72,1 3,72,1 1,72,1 0,0,0 0,0,0 0,0,0 12,0,2 22,0,2 1,72,1
5,71,1 0,0,0 0,0,0 0,0,0 1,71,1 1,71,1 12,0,2 1,71,1 1,71,1
1,70,1 11,0,2 1,70,1 1,70,1 1,70,1 0,0,0 12,0,2 4,70,1 1,70,1
1,69,1 0,0,0 0,0,0 2,69,1 5,69,1 12,0,2 0,0,0 1,69,1 21,69,1
0,0,0 0,0,0 0,0,0 0,0,0 0,0,0 0,0,0 0,0,0 0,0,0 0,0,0
0,0,0 0,0,0 0,0,0 0,0,0 0,0,0 0,0,0 0,0,0 0,0,0 0,0,0
0,0,0 0,0,0 0,0,0 0,0,0 0,0,0 0,0,0 0,0,0 0,0,0 0,0,0