MODE 0
BALL 70
STARS 0/5500/7800
ADDLINE 3,79,1 2,79,1 1,79,1 1,79,1 1,79,1 1,79,1 1,79,1 12,0,2 1,79,1
ADDLINE 1,84,1 0,0,0 0,0,0 0,0,0 12,0,2 0,0,0 1,84,1 0,0,0 1,84,1
ADDLINE 1,85,1 0,0,0 1,85,1 2,85,1 1,85,1 12,0,2 1,85,1 1,85,1 5,85,1
ADDLINE 5,94,1 0,0,0 0,0,0 0,0,0 4,94,1 12,0,2 1,94,1 0,0,0 0,0,0
ADDLINE 1,95,1 2,95,1 1,95,1 0,0,0 1,95,1 12,0,2 1,95,1 0,0,0 1,95,1
ADDLINE 0,0,0 0,0,0 1,104,1 0,0,0 1,104,1 12,0,2 0,0,0 0,0,0 1,104,1
ADDLINE 1,113,1 0,0,0 5,113,1 12,0,2 1,113,1 3,113,1 4,113,1 3,113,1 1,113,1
ADDLINE 1,123,1 1,123,1 1,123,1 1,123,1 1,123,1 1,123,1 16,123,1 12,0,2 0,0,0
ADDLINE 1,99,1 1,99,1 1,99,1 1,99,1 1,99,1 0,0,0 1,99,1 12,0,2 1,99,1
ADDLINE 1,109,1 0,0,0 1,109,1 1,109,1 1,109,1 12,0,2 1,109,1 1,109,1 1,109,1
ADDLINE 1,113,1 12,0,2 4,113,1 3,113,1 1,113,1 5,113,1 1,113,1 1,113,1 1,113,1
ADDLINE 1,129,1 0,0,0 12,0,2 1,129,1 1,129,1 1,129,1 1,129,1 19,129,1 1,129,1
ADDLINE 1,103,1 12,0,2 1,103,1 1,103,1 16,103,1 1,103,1 1,103,1 1,103,1 1,103,1
ADDLINE 0,0,0 12,0,2 0,0,0 1,114,1 1,114,1 1,114,1 0,0,0 0,0,0 0,0,0
ADDLINE 1,124,1 0,0,0 1,124,1 1,124,1 19,124,1 12,0,2 1,124,1 1,124,1 1,124,1
1,74,1 1,74,1 0,0,0 1,74,1 0,0,0 12,0,2 0,0,0 0,0,0 0,0,0
1,70,1 1,70,1 12,0,2 1,70,1 1,70,1 19,70,1 1,70,1 4,70,1 5,70,1
12,0,2 0,0,0 0,0,0 11,0,2 22,0,2 2,72,1 0,0,0 0,0,0 0,0,0
1,2,1 1,2,1 1,2,1 0,0,0 3,71,1 1,71,1 12,0,2 1,71,1 5,71,1
1,70,1 19,70,1 1,70,1 12,0,2 1,70,1 1,70,1 1,70,1 1,70,1 0,0,0
1,66,1 1,66,1 1,66,1 12,0,2 1,66,1 1,66,1 1,66,1 3,66,1 1,66,1
0,0,0 0,0,0 0,0,0 0,0,0 0,0,0 0,0,0 0,0,0 0,0,0 0,0,0
0,0,0 0,0,0 0,0,0 0,0,0 0,0,0 0,0,0 0,0,0 0,0,0 0,0,0
0,0,0 0,0,0 0,0,0 0,0,0 0,0,0 0,0,0 0,0,0 0,0,0 0,0,0