MODE 0
BALL 70
STARS 0/4200/5900
ADDLINE 1,84,1 0,0,0 1,84,1 0,0,0 1,84,1 0,0,0 1,84,1 12,0,2 0,0,0
ADDLINE 1,85,1 0,0,0 1,85,1 12,0,2 1,85,1 0,0,0 1,85,1 0,0,0 1,85,1
ADDLINE 1,86,1 0,0,0 1,86,1 12,0,2 1,86,1 0,0,0 0,0,0 0,0,0 1,86,1
ADDLINE 1,95,1 0,0,0 1,95,1 12,0,2 1,95,1 1,95,1 1,95,1 1,95,1 1,95,1
ADDLINE 1,96,1 0,0,0 1,96,1 0,0,0 0,0,0 0,0,0 1,96,1 12,0,2 0,0,0
ADDLINE 1,105,1 0,0,0 1,105,1 0,0,0 1,105,1 12,0,2 1,105,1 1,105,1 1,105,1
ADDLINE 1,114,1 0,0,0 0,0,0 0,0,0 1,114,1 12,0,2 0,0,0 0,0,0 0,0,0
ADDLINE 1,118,1 1,118,1 12,0,2 1,118,1 1,118,1 1,118,1 1,118,1 1,118,1 1,118,1
ADDLINE 0,0,0 1,100,1 0,0,0 0,0,0 1,100,1 1,100,1 1,100,1 12,0,2 1,100,1
ADDLINE 1,110,1 1,110,1 12,0,2 1,110,1 1,110,1 1,110,1 1,110,1 1,110,1 0,0,0
ADDLINE 0,0,0 1,120,1 12,0,2 1,120,1 1,120,1 1,120,1 1,120,1 1,120,1 0,0,0
ADDLINE 12,0,2 1,130,1 0,0,0 1,130,1 1,130,1 1,130,1 1,130,1 1,130,1 0,0,0
ADDLINE 12,0,2 1,104,1 0,0,0 1,104,1 1,104,1 1,104,1 1,104,1 1,104,1 0,0,0
ADDLINE 12,0,2 1,115,1 0,0,0 1,115,1 1,115,1 1,115,1 1,115,1 1,115,1 0,0,0
ADDLINE 0,0,0 1,125,1 0,0,0 1,125,1 0,0,0 1,125,1 0,0,0 12,0,2 0,0,0
1,71,1 1,71,1 17,71,1 12,0,2 17,71,1 1,71,1 1,71,1 1,71,1 1,71,1
0,0,0 0,0,0 12,0,2 0,0,0 1,74,1 12,0,2 0,0,0 15,0,2 0,0,0
1,73,1 14,0,2 1,73,1 1,73,1 1,73,1 12,0,2 1,73,1 1,73,1 1,73,1
0,0,0 0,0,0 1,72,1 1,72,1 1,72,1 12,0,2 16,72,1 0,0,0 1,72,1
1,71,1 0,0,0 1,71,1 1,71,1 1,71,1 12,0,2 1,71,1 0,0,0 1,71,1
1,70,1 11,0,2 1,70,1 1,70,1 1,70,1 1,70,1 1,70,1 1,70,1 1,70,1
0,0,0 0,0,0 0,0,0 0,0,0 0,0,0 0,0,0 0,0,0 0,0,0 0,0,0
0,0,0 0,0,0 0,0,0 0,0,0 0,0,0 0,0,0 0,0,0 0,0,0 0,0,0
0,0,0 0,0,0 0,0,0 0,0,0 0,0,0 0,0,0 0,0,0 0,0,0 0,0,0