MODE 0
BALL 70
STARS 0/4200/5900
ADDLINE 1,84,1 1,84,1 0,0,0 1,84,1 1,84,1 1,84,1 12,0,2 1,84,1 1,84,1
ADDLINE 0,0,0 0,0,0 0,0,0 12,0,2 0,0,0 0,0,0 0,0,0 0,0,0 1,85,1
ADDLINE 1,82,1 1,82,1 1,82,1 1,82,1 1,82,1 1,82,1 1,82,1 12,0,2 1,82,1
ADDLINE 0,0,0 0,0,0 0,0,0 0,0,0 0,0,0 0,0,0 12,0,2 0,0,0 1,95,1
ADDLINE 1,91,1 12,0,2 1,91,1 1,91,1 1,91,1 1,91,1 1,91,1 1,91,1 1,91,1
ADDLINE 1,105,1 12,0,2 1,105,1 0,0,0 0,0,0 0,0,0 0,0,0 0,0,0 0,0,0
ADDLINE 1,114,1 1,114,1 1,114,1 0,0,0 1,114,1 1,114,1 1,114,1 12,0,2 1,114,1
ADDLINE 1,124,1 0,0,0 0,0,0 12,0,2 1,124,1 0,0,0 0,0,0 0,0,0 1,124,1
ADDLINE 1,100,1 0,0,0 1,100,1 1,100,1 1,100,1 12,0,2 1,100,1 1,100,1 1,100,1
ADDLINE 1,110,1 0,0,0 1,110,1 1,110,1 1,110,1 12,0,2 1,110,1 0,0,0 1,110,1
ADDLINE 1,120,1 0,0,0 1,120,1 1,120,1 1,120,1 0,0,0 12,0,2 0,0,0 0,0,0
ADDLINE 1,130,1 0,0,0 1,130,1 1,130,1 1,130,1 12,0,2 1,130,1 1,130,1 1,130,1
ADDLINE 0,0,0 0,0,0 1,104,1 1,104,1 1,104,1 12,0,2 1,104,1 1,104,1 1,104,1
ADDLINE 1,109,1 12,0,2 1,109,1 1,109,1 1,109,1 1,109,1 1,109,1 1,109,1 1,109,1
ADDLINE 1,125,1 0,0,0 0,0,0 0,0,0 0,0,0 0,0,0 1,125,1 12,0,2 0,0,0
1,75,1 1,75,1 1,75,1 1,75,1 1,75,1 0,0,0 1,75,1 12,0,2 1,75,1
14,0,2 0,0,0 0,0,0 0,0,0 1,74,1 12,0,2 1,74,1 15,0,2 1,74,1
1,73,1 21,73,1 1,73,1 0,0,0 1,73,1 12,0,2 1,73,1 1,73,1 1,73,1
1,72,1 20,72,1 1,72,1 11,0,2 1,72,1 12,0,2 0,0,0 0,0,0 21,72,1
1,71,1 1,71,1 1,71,1 0,0,0 21,71,1 1,71,1 1,71,1 12,0,2 1,71,1
21,70,1 1,70,1 1,70,1 0,0,0 12,0,2 0,0,0 1,70,1 8,0,2 0,0,0
0,0,0 0,0,0 0,0,0 0,0,0 0,0,0 0,0,0 0,0,0 0,0,0 0,0,0
0,0,0 0,0,0 0,0,0 0,0,0 0,0,0 0,0,0 0,0,0 0,0,0 0,0,0
0,0,0 0,0,0 0,0,0 0,0,0 0,0,0 0,0,0 0,0,0 0,0,0 0,0,0