MODE 0
BALL 70
STARS 0/4500/6400
ADDLINE 20,84,1 0,0,0 0,0,0 0,0,0 1,84,1 0,0,0 12,0,2 1,84,1 0,0,0
ADDLINE 1,81,1 12,0,2 1,81,1 1,81,1 1,81,1 1,81,1 1,81,1 1,81,1 1,81,1
ADDLINE 0,0,0 0,0,0 1,86,1 0,0,0 0,0,0 12,0,2 0,0,0 0,0,0 1,86,1
ADDLINE 1,90,1 1,90,1 1,90,1 12,0,2 1,90,1 1,90,1 1,90,1 1,90,1 1,90,1
ADDLINE 1,96,1 1,96,1 16,96,1 12,0,2 1,96,1 1,96,1 1,96,1 1,96,1 0,0,0
ADDLINE 1,105,1 0,0,0 1,105,1 12,0,2 1,105,1 0,0,0 1,105,1 0,0,0 1,105,1
ADDLINE 1,114,1 0,0,0 0,0,0 0,0,0 1,114,1 0,0,0 1,114,1 12,0,2 1,114,1
ADDLINE 1,124,1 1,124,1 1,124,1 1,124,1 1,124,1 0,0,0 1,124,1 12,0,2 1,124,1
ADDLINE 1,100,1 0,0,0 12,0,2 0,0,0 1,100,1 0,0,0 1,100,1 0,0,0 0,0,0
ADDLINE 1,110,1 0,0,0 0,0,0 12,0,2 1,110,1 0,0,0 1,110,1 20,110,1 1,110,1
ADDLINE 1,120,1 1,120,1 1,120,1 0,0,0 1,120,1 12,0,2 1,120,1 1,120,1 1,120,1
ADDLINE 0,0,0 12,0,2 1,130,1 0,0,0 1,130,1 0,0,0 1,130,1 1,130,1 1,130,1
ADDLINE 1,104,1 1,104,1 1,104,1 0,0,0 1,104,1 12,0,2 1,104,1 1,104,1 1,104,1
ADDLINE 1,115,1 0,0,0 0,0,0 0,0,0 1,115,1 0,0,0 1,115,1 12,0,2 0,0,0
ADDLINE 1,119,1 12,0,2 1,119,1 1,119,1 1,119,1 1,119,1 1,119,1 1,119,1 1,119,1
1,75,1 20,75,1 1,75,1 1,75,1 1,75,1 11,0,2 1,75,1 12,0,2 17,75,1
1,74,1 1,74,1 1,74,1 1,74,1 1,74,1 0,0,0 1,74,1 12,0,2 1,74,1
1,73,1 0,0,0 1,73,1 0,0,0 12,0,2 0,0,0 0,0,0 15,0,2 1,73,1
1,72,1 0,0,0 1,72,1 1,72,1 16,72,1 12,0,2 1,72,1 6,72,1 1,72,1
0,0,0 14,0,2 1,71,1 12,0,2 1,71,1 0,0,0 1,71,1 1,71,1 1,71,1
1,70,1 0,0,0 1,70,1 12,0,2 1,70,1 1,70,1 1,70,1 1,70,1 1,70,1
0,0,0 0,0,0 0,0,0 0,0,0 0,0,0 0,0,0 0,0,0 0,0,0 0,0,0
0,0,0 0,0,0 0,0,0 0,0,0 0,0,0 0,0,0 0,0,0 0,0,0 0,0,0
0,0,0 0,0,0 0,0,0 0,0,0 0,0,0 0,0,0 0,0,0 0,0,0 0,0,0