MODE 0
BALL 70
STARS 0/4050/5750
ADDLINE 4,80,1 1,80,1 1,80,1 1,80,1 1,80,1 1,80,1 2,80,1 12,0,2 1,80,1
ADDLINE 0,0,0 0,0,0 0,0,0 0,0,0 1,85,1 0,0,0 0,0,0 12,0,2 0,0,0
ADDLINE 1,82,1 1,82,1 1,82,1 4,82,1 1,82,1 12,0,2 1,82,1 3,82,1 1,82,1
ADDLINE 1,95,1 1,95,1 1,95,1 0,0,0 0,0,0 12,0,2 1,95,1 0,0,0 0,0,0
ADDLINE 1,91,1 1,91,1 1,91,1 12,0,2 1,91,1 4,91,1 1,91,1 1,91,1 1,91,1
ADDLINE 3,105,1 1,105,1 2,105,1 0,0,0 2,105,1 12,0,2 0,0,0 0,0,0 0,0,0
ADDLINE 1,114,1 1,114,1 1,114,1 0,0,0 1,114,1 12,0,2 5,114,1 1,114,1 1,114,1
ADDLINE 0,0,0 0,0,0 12,0,2 0,0,0 1,124,1 0,0,0 1,124,1 3,124,1 1,124,1
ADDLINE 1,95,1 12,0,2 1,95,1 4,95,1 1,95,1 1,95,1 5,95,1 4,95,1 1,95,1
ADDLINE 0,0,0 12,0,2 0,0,0 0,0,0 1,110,1 2,110,1 1,110,1 1,110,1 1,110,1
ADDLINE 1,120,1 0,0,0 0,0,0 12,0,2 0,0,0 0,0,0 0,0,0 1,120,1 1,120,1
ADDLINE 0,0,0 12,0,2 3,130,1 4,130,1 1,130,1 1,130,1 0,0,0 0,0,0 0,0,0
ADDLINE 0,0,0 12,0,2 1,104,1 1,104,1 1,104,1 1,104,1 1,104,1 0,0,0 0,0,0
ADDLINE 0,0,0 5,115,1 2,115,1 2,115,1 1,115,1 1,115,1 1,115,1 12,0,2 0,0,0
ADDLINE 12,0,2 0,0,0 1,125,1 1,125,1 1,125,1 1,125,1 3,125,1 1,125,1 0,0,0
1,75,1 1,75,1 0,0,0 0,0,0 0,0,0 0,0,0 12,0,2 4,75,1 1,75,1
8,0,2 0,0,0 0,0,0 2,74,1 12,0,2 0,0,0 0,0,0 6,74,1 1,74,1
0,0,0 3,73,1 18,73,1 12,0,2 1,73,1 1,73,1 4,73,1 1,73,1 1,73,1
0,0,0 1,72,1 1,72,1 12,0,2 5,72,1 4,72,1 16,72,1 5,72,1 1,72,1
8,0,2 1,71,1 1,71,1 3,71,1 12,0,2 0,0,0 17,71,1 1,71,1 1,71,1
12,0,2 1,70,1 0,0,0 1,70,1 1,70,1 0,0,0 0,0,0 0,0,0 0,0,0
0,0,0 0,0,0 0,0,0 0,0,0 0,0,0 0,0,0 0,0,0 0,0,0 0,0,0
0,0,0 0,0,0 0,0,0 0,0,0 0,0,0 0,0,0 0,0,0 0,0,0 0,0,0
0,0,0 0,0,0 0,0,0 0,0,0 0,0,0 0,0,0 0,0,0 0,0,0 0,0,0