MODE 0
BALL 70
STARS 0/3800/5500
ADDLINE 4,84,1 0,0,0 1,84,1 0,0,0 1,84,1 0,0,0 12,0,2 0,0,0 1,84,1
ADDLINE 1,85,1 0,0,0 1,85,1 12,0,2 1,85,1 0,0,0 5,85,1 1,85,1 2,85,1
ADDLINE 1,86,1 0,0,0 1,86,1 0,0,0 1,86,1 0,0,0 2,86,1 12,0,2 0,0,0
ADDLINE 1,95,1 0,0,0 1,95,1 12,0,2 1,95,1 0,0,0 1,95,1 0,0,0 1,95,1
ADDLINE 1,96,1 0,0,0 1,96,1 0,0,0 0,0,0 12,0,2 1,96,1 0,0,0 1,96,1
ADDLINE 1,105,1 0,0,0 1,105,1 4,105,1 5,105,1 5,105,1 2,105,1 12,0,2 1,105,1
ADDLINE 1,114,1 0,0,0 1,114,1 0,0,0 0,0,0 12,0,2 0,0,0 0,0,0 3,114,1
ADDLINE 1,124,1 0,0,0 1,124,1 12,0,2 1,124,1 4,124,1 1,124,1 5,124,1 1,124,1
ADDLINE 1,100,1 0,0,0 0,0,0 12,0,2 1,100,1 0,0,0 0,0,0 0,0,0 1,100,1
ADDLINE 0,0,0 1,110,1 1,110,1 1,110,1 0,0,0 3,110,1 12,0,2 0,0,0 0,0,0
ADDLINE 2,114,1 1,114,1 1,114,1 1,114,1 12,0,2 1,114,1 1,114,1 4,114,1 1,114,1
ADDLINE 0,0,0 12,0,2 1,130,1 4,130,1 0,0,0 1,130,1 0,0,0 0,0,0 0,0,0
ADDLINE 1,100,1 1,100,1 1,100,1 3,100,1 12,0,2 1,100,1 1,100,1 3,100,1 1,100,1
ADDLINE 5,115,1 2,115,1 0,0,0 0,0,0 0,0,0 0,0,0 0,0,0 12,0,2 0,0,0
ADDLINE 1,125,1 1,125,1 0,0,0 1,125,1 1,125,1 1,125,1 12,0,2 1,125,1 1,125,1
8,0,2 1,75,1 1,75,1 1,75,1 12,0,2 1,75,1 0,0,0 1,75,1 0,0,0
0,0,0 1,74,1 1,74,1 4,74,1 0,0,0 3,74,1 12,0,2 1,74,1 0,0,0
8,0,2 2,73,1 1,73,1 6,73,1 0,0,0 1,73,1 0,0,0 2,73,1 0,0,0
0,0,0 1,72,1 3,72,1 2,72,1 22,0,2 1,72,1 0,0,0 12,0,2 0,0,0
12,0,2 1,71,1 4,71,1 16,71,1 12,0,2 1,71,1 1,71,1 1,71,1 1,71,1
0,0,0 0,0,0 0,0,0 1,70,1 0,0,0 0,0,0 0,0,0 12,0,2 0,0,0
0,0,0 0,0,0 0,0,0 0,0,0 0,0,0 0,0,0 0,0,0 0,0,0 0,0,0
0,0,0 0,0,0 0,0,0 0,0,0 0,0,0 0,0,0 0,0,0 0,0,0 0,0,0
0,0,0 0,0,0 0,0,0 0,0,0 0,0,0 0,0,0 0,0,0 0,0,0 0,0,0