MODE 0
BALL 70
STARS 0/4100/6800
ADDLINE 12,0,2 0,0,0 1,84,1 1,84,1 0,0,0 4,84,1 1,84,1 1,84,1 0,0,0
ADDLINE 12,0,2 1,85,1 20,85,1 1,85,1 5,85,1 1,85,1 1,85,1 1,85,1 1,85,1
ADDLINE 0,0,0 1,86,1 20,86,1 1,86,1 0,0,0 12,0,2 0,0,0 1,86,1 7,0,2
ADDLINE 0,0,0 1,95,1 1,95,1 1,95,1 0,0,0 1,95,1 12,0,2 1,95,1 1,95,1
ADDLINE 0,0,0 3,96,1 1,96,1 1,96,1 0,0,0 1,96,1 12,0,2 5,96,1 1,96,1
ADDLINE 1,105,1 1,105,1 1,105,1 2,105,1 0,0,0 1,105,1 12,0,2 1,105,1 2,105,1
ADDLINE 0,0,0 0,0,0 0,0,0 1,114,1 1,114,1 1,114,1 0,0,0 12,0,2 0,0,0
ADDLINE 1,124,1 1,124,1 1,124,1 19,124,1 1,124,1 1,124,1 1,124,1 1,124,1 12,0,2
ADDLINE 1,100,1 1,100,1 1,100,1 20,100,1 10,0,2 12,0,2 0,0,0 1,100,1 0,0,0
ADDLINE 1,110,1 4,110,1 1,110,1 0,0,0 12,0,2 1,110,1 1,110,1 1,110,1 0,0,0
ADDLINE 1,120,1 1,120,1 1,120,1 12,0,2 3,120,1 0,0,0 1,120,1 1,120,1 0,0,0
ADDLINE 1,130,1 5,130,1 12,0,2 1,130,1 1,130,1 1,130,1 0,0,0 0,0,0 0,0,0
ADDLINE 1,104,1 1,104,1 0,0,0 19,104,1 1,104,1 1,104,1 1,104,1 12,0,2 1,104,1
ADDLINE 1,115,1 1,115,1 1,115,1 11,0,2 1,115,1 3,115,1 1,115,1 12,0,2 1,115,1
ADDLINE 1,125,1 1,125,1 1,125,1 0,0,0 1,125,1 1,125,1 12,0,2 1,125,1 19,125,1
5,75,1 1,75,1 5,75,1 1,75,1 1,75,1 1,75,1 0,0,0 12,0,2 0,0,0
2,74,1 0,0,0 0,0,0 1,74,1 12,0,2 0,0,0 0,0,0 15,0,2 3,74,1
0,0,0 0,0,0 1,73,1 0,0,0 12,0,2 6,73,1 1,73,1 1,73,1 1,73,1
11,0,2 12,0,2 0,0,0 0,0,0 1,72,1 5,72,1 1,72,1 3,72,1 1,72,1
1,71,1 14,0,2 12,0,2 1,71,1 4,71,1 1,71,1 1,71,1 6,71,1 1,71,1
1,70,1 0,0,0 12,0,2 4,70,1 1,70,1 1,70,1 5,70,1 1,70,1 1,70,1
0,0,0 0,0,0 0,0,0 0,0,0 0,0,0 0,0,0 0,0,0 0,0,0 0,0,0
0,0,0 0,0,0 0,0,0 0,0,0 0,0,0 0,0,0 0,0,0 0,0,0 0,0,0
0,0,0 0,0,0 0,0,0 0,0,0 0,0,0 0,0,0 0,0,0 0,0,0 0,0,0