MODE 0
BALL 70
STARS 0/3800/5400
ADDLINE 2,84,1 0,0,0 0,0,0 0,0,0 1,84,1 0,0,0 0,0,0 12,0,2 1,84,1
ADDLINE 1,85,1 0,0,0 4,85,1 12,0,2 1,85,1 1,85,1 1,85,1 0,0,0 3,85,1
ADDLINE 1,86,1 0,0,0 1,86,1 0,0,0 12,0,2 0,0,0 1,86,1 0,0,0 1,86,1
ADDLINE 1,95,1 0,0,0 1,95,1 1,95,1 5,95,1 12,0,2 1,95,1 1,95,1 1,95,1
ADDLINE 1,96,1 12,0,2 0,0,0 0,0,0 1,96,1 0,0,0 0,0,0 0,0,0 0,0,0
ADDLINE 1,100,1 1,100,1 1,100,1 12,0,2 1,100,1 3,100,1 2,100,1 2,100,1 1,100,1
ADDLINE 0,0,0 12,0,2 1,114,1 0,0,0 4,114,1 0,0,0 0,0,0 0,0,0 1,114,1
ADDLINE 1,124,1 3,124,1 1,124,1 0,0,0 1,124,1 12,0,2 1,124,1 5,124,1 1,124,1
ADDLINE 12,0,2 0,0,0 1,100,1 0,0,0 0,0,0 0,0,0 1,100,1 0,0,0 0,0,0
ADDLINE 1,110,1 1,110,1 1,110,1 3,110,1 1,110,1 0,0,0 1,110,1 12,0,2 0,0,0
ADDLINE 4,114,1 5,114,1 1,114,1 3,114,1 1,114,1 1,114,1 1,114,1 1,114,1 12,0,2
ADDLINE 1,130,1 0,0,0 0,0,0 0,0,0 12,0,2 0,0,0 0,0,0 0,0,0 0,0,0
ADDLINE 5,100,1 1,100,1 1,100,1 1,100,1 1,100,1 12,0,2 1,100,1 4,100,1 1,100,1
ADDLINE 0,0,0 0,0,0 12,0,2 0,0,0 1,115,1 0,0,0 4,115,1 3,115,1 1,115,1
ADDLINE 1,125,1 0,0,0 1,125,1 1,125,1 1,125,1 12,0,2 1,125,1 1,125,1 3,125,1
0,0,0 1,75,1 0,0,0 0,0,0 0,0,0 0,0,0 12,0,2 0,0,0 0,0,0
0,0,0 1,74,1 0,0,0 1,74,1 3,74,1 1,74,1 12,0,2 5,74,1 0,0,0
0,0,0 6,73,1 12,0,2 4,73,1 1,73,1 6,73,1 0,0,0 1,73,1 0,0,0
5,72,1 1,72,1 12,0,2 18,72,1 1,72,1 1,72,1 2,72,1 3,72,1 0,0,0
0,0,0 12,0,2 0,0,0 0,0,0 0,0,0 0,0,0 0,0,0 1,71,1 0,0,0
4,67,1 1,67,1 1,67,1 1,67,1 1,67,1 1,67,1 1,67,1 1,67,1 12,0,2
0,0,0 0,0,0 0,0,0 0,0,0 0,0,0 0,0,0 0,0,0 0,0,0 0,0,0
0,0,0 0,0,0 0,0,0 0,0,0 0,0,0 0,0,0 0,0,0 0,0,0 0,0,0
0,0,0 0,0,0 0,0,0 0,0,0 0,0,0 0,0,0 0,0,0 0,0,0 0,0,0