MODE 0
BALL 70
STARS 0/4100/5800
ADDLINE 1,80,1 12,0,2 1,160,1 1,80,1 1,80,1 1,80,1 1,80,1 1,80,1 1,80,1
ADDLINE 0,0,0 0,0,0 12,0,2 0,0,0 1,85,1 0,0,0 0,0,0 0,0,0 0,0,0
ADDLINE 1,82,1 1,82,1 1,82,1 1,82,1 1,82,1 12,0,2 1,82,1 1,82,1 1,82,1
ADDLINE 0,0,0 0,0,0 0,0,0 0,0,0 0,0,0 12,0,2 1,95,1 0,0,0 1,95,1
ADDLINE 1,91,1 1,91,1 1,91,1 1,91,1 1,91,1 1,91,1 1,91,1 12,0,2 1,91,1
ADDLINE 1,105,1 12,0,2 0,0,0 0,0,0 1,105,1 0,0,0 0,0,0 0,0,0 0,0,0
ADDLINE 1,114,1 1,114,1 1,114,1 0,0,0 1,114,1 12,0,2 1,114,1 1,114,1 1,114,1
ADDLINE 0,0,0 12,0,2 1,124,1 0,0,0 1,124,1 0,0,0 1,124,1 0,0,0 7,0,2
ADDLINE 1,100,1 0,0,0 1,100,1 8,0,2 1,100,1 0,0,0 1,100,1 12,0,2 1,100,1
ADDLINE 1,105,1 1,105,1 1,105,1 1,105,1 1,105,1 1,105,1 1,105,1 12,0,2 1,105,1
ADDLINE 1,120,1 1,120,1 1,120,1 0,0,0 12,0,2 0,0,0 0,0,0 0,0,0 1,120,1
ADDLINE 1,124,1 1,124,1 1,124,1 12,0,2 1,124,1 1,124,1 1,124,1 1,124,1 1,124,1
ADDLINE 1,104,1 0,0,0 12,0,2 0,0,0 1,104,1 10,0,2 0,0,0 0,0,0 0,0,0
ADDLINE 1,115,1 0,0,0 1,115,1 1,115,1 1,115,1 12,0,2 1,115,1 1,115,1 1,115,1
ADDLINE 1,125,1 0,0,0 0,0,0 0,0,0 1,125,1 12,0,2 1,125,1 1,125,1 1,125,1
1,75,1 11,0,2 12,0,2 0,0,0 1,75,1 0,0,0 7,0,2 0,0,0 1,75,1
1,71,1 1,71,1 1,71,1 1,71,1 1,71,1 6,71,1 1,71,1 12,0,2 1,71,1
1,73,1 0,0,0 0,0,0 0,0,0 12,0,2 0,0,0 1,73,1 0,0,0 1,73,1
17,72,1 0,0,0 1,72,1 16,72,1 1,72,1 12,0,2 1,72,1 0,0,0 1,72,1
1,71,1 12,0,2 1,71,1 6,71,1 1,71,1 0,0,0 1,71,1 0,0,0 10,0,2
1,70,1 0,0,0 1,70,1 1,70,1 1,70,1 12,0,2 1,70,1 11,0,2 1,70,1
0,0,0 0,0,0 0,0,0 0,0,0 0,0,0 0,0,0 0,0,0 0,0,0 0,0,0
0,0,0 0,0,0 0,0,0 0,0,0 0,0,0 0,0,0 0,0,0 0,0,0 0,0,0
0,0,0 0,0,0 0,0,0 0,0,0 0,0,0 0,0,0 0,0,0 0,0,0 0,0,0