MODE 0
BALL 70
STARS 0/4000/5700
ADDLINE 1,80,1 1,80,1 1,80,1 1,80,1 1,80,1 12,0,2 1,80,1 1,80,1 1,80,1
ADDLINE 1,85,1 0,0,0 0,0,0 0,0,0 1,85,1 12,0,2 0,0,0 0,0,0 1,85,1
ADDLINE 1,86,1 0,0,0 1,86,1 1,86,1 1,86,1 1,86,1 1,86,1 12,0,2 1,86,1
ADDLINE 1,95,1 0,0,0 12,0,2 0,0,0 0,0,0 0,0,0 1,95,1 0,0,0 0,0,0
ADDLINE 1,96,1 0,0,0 1,96,1 1,96,1 1,96,1 12,0,2 1,96,1 1,96,1 1,96,1
ADDLINE 1,105,1 0,0,0 1,105,1 0,0,0 1,105,1 0,0,0 12,0,2 0,0,0 0,0,0
ADDLINE 1,114,1 0,0,0 1,114,1 0,0,0 1,114,1 12,0,2 1,114,1 1,114,1 1,114,1
ADDLINE 1,124,1 12,0,2 0,0,0 0,0,0 1,124,1 0,0,0 1,124,1 0,0,0 0,0,0
ADDLINE 1,100,1 0,0,0 1,100,1 1,100,1 1,100,1 0,0,0 1,100,1 12,0,2 1,100,1
ADDLINE 1,105,1 12,0,2 1,105,1 1,105,1 1,105,1 1,105,1 1,105,1 1,105,1 1,105,1
ADDLINE 1,120,1 0,0,0 0,0,0 0,0,0 12,0,2 0,0,0 1,120,1 1,120,1 1,120,1
ADDLINE 1,130,1 0,0,0 1,130,1 1,130,1 1,130,1 12,0,2 1,130,1 1,130,1 1,130,1
ADDLINE 0,0,0 0,0,0 1,104,1 1,104,1 1,104,1 0,0,0 1,104,1 12,0,2 0,0,0
ADDLINE 1,109,1 1,109,1 1,109,1 1,109,1 1,109,1 12,0,2 1,109,1 1,109,1 1,109,1
ADDLINE 1,125,1 12,0,2 1,125,1 1,125,1 1,125,1 0,0,0 0,0,0 0,0,0 0,0,0
1,71,1 1,71,1 1,71,1 1,71,1 1,71,1 12,0,2 1,71,1 1,71,1 1,71,1
0,0,0 0,0,0 1,74,1 0,0,0 1,74,1 12,0,2 1,74,1 0,0,0 10,0,2
1,73,1 6,73,1 18,73,1 0,0,0 1,73,1 1,73,1 1,73,1 12,0,2 1,73,1
1,72,1 1,72,1 1,72,1 22,0,2 12,0,2 0,0,0 7,0,2 0,0,0 1,72,1
1,68,1 1,68,1 1,68,1 12,0,2 1,68,1 1,68,1 1,68,1 1,68,1 1,68,1
0,0,0 0,0,0 0,0,0 12,0,2 1,70,1 0,0,0 0,0,0 0,0,0 0,0,0
0,0,0 0,0,0 0,0,0 0,0,0 0,0,0 0,0,0 0,0,0 0,0,0 0,0,0
0,0,0 0,0,0 0,0,0 0,0,0 0,0,0 0,0,0 0,0,0 0,0,0 0,0,0
0,0,0 0,0,0 0,0,0 0,0,0 0,0,0 0,0,0 0,0,0 0,0,0 0,0,0