MODE 0
BALL 70
STARS 0/5700/7900
ADDLINE 0,0,0 1,84,1 1,84,1 1,84,1 1,84,1 12,0,2 1,84,1 16,84,1 1,84,1
ADDLINE 1,85,1 1,85,1 1,85,1 0,0,0 1,85,1 12,0,2 1,85,1 1,85,1 1,85,1
ADDLINE 1,86,1 0,0,0 1,86,1 0,0,0 1,86,1 1,86,1 1,86,1 12,0,2 0,0,0
ADDLINE 1,95,1 0,0,0 1,95,1 12,0,2 19,95,1 1,95,1 1,95,1 1,95,1 1,95,1
ADDLINE 1,96,1 0,0,0 0,0,0 12,0,2 1,96,1 1,96,1 1,96,1 1,96,1 17,96,1
ADDLINE 1,100,1 1,100,1 1,100,1 1,100,1 1,100,1 1,100,1 1,100,1 12,0,2 1,100,1
ADDLINE 1,109,1 1,109,1 1,109,1 1,109,1 12,0,2 1,109,1 1,109,1 1,109,1 1,109,1
ADDLINE 0,0,0 12,0,2 0,0,0 1,124,1 0,0,0 1,124,1 0,0,0 17,124,1 0,0,0
ADDLINE 1,100,1 1,100,1 12,0,2 1,100,1 1,100,1 1,100,1 1,100,1 1,100,1 0,0,0
ADDLINE 0,0,0 1,110,1 1,110,1 20,110,1 1,110,1 0,0,0 12,0,2 1,110,1 1,110,1
ADDLINE 0,0,0 1,120,1 1,120,1 1,120,1 1,120,1 1,120,1 12,0,2 0,0,0 0,0,0
ADDLINE 0,0,0 0,0,0 0,0,0 0,0,0 0,0,0 1,130,1 1,130,1 12,0,2 0,0,0
ADDLINE 1,104,1 1,104,1 0,0,0 12,0,2 1,104,1 1,104,1 1,104,1 1,104,1 19,104,1
ADDLINE 1,115,1 1,115,1 1,115,1 1,115,1 0,0,0 1,115,1 12,0,2 1,115,1 1,115,1
ADDLINE 1,125,1 1,125,1 1,125,1 1,125,1 0,0,0 1,125,1 12,0,2 0,0,0 1,125,1
1,75,1 1,75,1 0,0,0 1,75,1 1,75,1 1,75,1 0,0,0 19,75,1 17,75,1
1,74,1 0,0,0 1,74,1 1,74,1 1,74,1 12,0,2 12,0,2 1,74,1 1,74,1
0,0,0 1,73,1 1,73,1 19,73,1 1,73,1 1,73,1 8,0,2 1,73,1 1,73,1
0,0,0 0,0,0 0,0,0 12,0,2 1,72,1 0,0,0 12,0,2 1,72,1 1,72,1
1,71,1 1,71,1 21,71,1 1,71,1 1,71,1 12,0,2 1,71,1 16,71,1 1,71,1
0,0,0 0,0,0 0,0,0 12,0,2 0,0,0 0,0,0 1,70,1 1,70,1 1,70,1
0,0,0 0,0,0 0,0,0 0,0,0 0,0,0 0,0,0 0,0,0 0,0,0 0,0,0
0,0,0 0,0,0 0,0,0 0,0,0 0,0,0 0,0,0 0,0,0 0,0,0 0,0,0
0,0,0 0,0,0 0,0,0 0,0,0 0,0,0 0,0,0 0,0,0 0,0,0 0,0,0