MODE 0
BALL 70
STARS 0/4500/6350
ADDLINE 1,84,1 0,0,0 1,84,1 0,0,0 1,84,1 0,0,0 1,84,1 12,0,2 1,84,1
ADDLINE 5,85,1 3,85,1 1,85,1 0,0,0 4,85,1 1,85,1 7,0,2 12,0,2 1,85,1
ADDLINE 0,0,0 0,0,0 1,86,1 12,0,2 0,0,0 0,0,0 1,86,1 0,0,0 1,86,1
ADDLINE 1,95,1 0,0,0 1,95,1 1,95,1 1,95,1 12,0,2 1,95,1 1,95,1 3,95,1
ADDLINE 3,96,1 0,0,0 1,96,1 0,0,0 0,0,0 0,0,0 2,96,1 12,0,2 0,0,0
ADDLINE 5,105,1 0,0,0 1,105,1 12,0,2 1,105,1 0,0,0 1,105,1 1,105,1 1,105,1
ADDLINE 1,114,1 0,0,0 0,0,0 11,0,2 1,114,1 0,0,0 0,0,0 12,0,2 3,114,1
ADDLINE 2,118,1 1,118,1 1,118,1 1,118,1 1,118,1 1,118,1 1,118,1 12,0,2 1,118,1
ADDLINE 0,0,0 0,0,0 1,100,1 12,0,2 0,0,0 0,0,0 1,100,1 0,0,0 1,100,1
ADDLINE 7,0,2 0,0,0 0,0,0 0,0,0 0,0,0 12,0,2 1,110,1 0,0,0 1,110,1
ADDLINE 1,120,1 8,0,2 1,120,1 1,120,1 1,120,1 1,120,1 1,120,1 12,0,2 1,120,1
ADDLINE 1,130,1 0,0,0 1,130,1 1,130,1 4,130,1 1,130,1 3,130,1 12,0,2 1,130,1
ADDLINE 1,104,1 0,0,0 1,104,1 1,104,1 1,104,1 1,104,1 1,104,1 12,0,2 1,104,1
ADDLINE 0,0,0 12,0,2 4,115,1 1,115,1 1,115,1 1,115,1 1,115,1 0,0,0 0,0,0
ADDLINE 12,0,2 2,119,1 3,119,1 4,119,1 1,119,1 2,119,1 1,119,1 1,119,1 1,119,1
0,0,0 8,0,2 12,0,2 0,0,0 1,75,1 0,0,0 1,75,1 1,75,1 1,75,1
5,74,1 0,0,0 1,74,1 1,74,1 1,74,1 12,0,2 1,74,1 4,74,1 1,74,1
1,73,1 0,0,0 1,73,1 12,0,2 0,0,0 12,0,2 0,0,0 7,0,2 1,73,1
1,72,1 0,0,0 1,72,1 12,0,2 2,72,1 1,72,1 1,72,1 6,72,1 5,72,1
1,71,1 0,0,0 5,71,1 12,0,2 3,71,1 1,71,1 1,71,1 16,71,1 1,71,1
2,70,1 11,0,2 1,70,1 1,70,1 1,70,1 1,70,1 1,70,1 1,70,1 1,70,1
0,0,0 0,0,0 0,0,0 0,0,0 0,0,0 0,0,0 0,0,0 0,0,0 0,0,0
0,0,0 0,0,0 0,0,0 0,0,0 0,0,0 0,0,0 0,0,0 0,0,0 0,0,0
0,0,0 0,0,0 0,0,0 0,0,0 0,0,0 0,0,0 0,0,0 0,0,0 0,0,0