MODE 0
BALL 70
STARS 0/4200/6000
ADDLINE 1,84,1 0,0,0 5,84,1 3,84,1 1,84,1 12,0,2 4,84,1 0,0,0 1,84,1
ADDLINE 1,85,1 0,0,0 0,0,0 0,0,0 1,85,1 0,0,0 1,85,1 12,0,2 1,85,1
ADDLINE 1,86,1 0,0,0 1,86,1 0,0,0 1,86,1 12,0,2 1,86,1 1,86,1 3,86,1
ADDLINE 1,95,1 0,0,0 1,95,1 12,0,2 3,95,1 0,0,0 0,0,0 0,0,0 1,95,1
ADDLINE 1,96,1 0,0,0 1,96,1 0,0,0 1,96,1 1,96,1 4,96,1 12,0,2 1,96,1
ADDLINE 1,105,1 12,0,2 1,105,1 0,0,0 0,0,0 0,0,0 2,105,1 0,0,0 0,0,0
ADDLINE 4,114,1 0,0,0 1,114,1 2,114,1 1,114,1 12,0,2 1,114,1 1,114,1 1,114,1
ADDLINE 5,124,1 0,0,0 1,124,1 0,0,0 0,0,0 12,0,2 1,124,1 0,0,0 0,0,0
ADDLINE 1,100,1 1,100,1 1,100,1 0,0,0 1,100,1 12,0,2 2,100,1 1,100,1 1,100,1
ADDLINE 0,0,0 1,110,1 1,110,1 1,110,1 12,0,2 1,110,1 1,110,1 1,110,1 0,0,0
ADDLINE 0,0,0 1,120,1 0,0,0 3,120,1 12,0,2 1,120,1 0,0,0 5,120,1 0,0,0
ADDLINE 0,0,0 5,130,1 12,0,2 2,130,1 0,0,0 1,130,1 0,0,0 1,130,1 1,130,1
ADDLINE 0,0,0 1,104,1 0,0,0 12,0,2 0,0,0 1,104,1 0,0,0 4,104,1 1,104,1
ADDLINE 0,0,0 1,115,1 1,115,1 3,115,1 1,115,1 5,115,1 12,0,2 4,115,1 1,115,1
ADDLINE 0,0,0 0,0,0 0,0,0 1,125,1 12,0,2 0,0,0 0,0,0 1,125,1 1,125,1
1,75,1 0,0,0 0,0,0 0,0,0 1,75,1 12,0,2 0,0,0 0,0,0 5,75,1
1,74,1 1,74,1 17,74,1 1,74,1 1,74,1 0,0,0 19,74,1 12,0,2 1,74,1
2,73,1 1,73,1 1,73,1 0,0,0 1,73,1 0,0,0 5,73,1 8,0,2 1,73,1
17,72,1 1,72,1 19,72,1 0,0,0 1,72,1 0,0,0 1,72,1 12,0,2 17,72,1
0,0,0 12,0,2 2,71,1 0,0,0 3,71,1 0,0,0 1,71,1 12,0,2 1,71,1
4,70,1 4,70,1 1,70,1 6,70,1 1,70,1 22,0,2 1,70,1 12,0,2 1,70,1
0,0,0 0,0,0 0,0,0 0,0,0 0,0,0 0,0,0 0,0,0 0,0,0 0,0,0
0,0,0 0,0,0 0,0,0 0,0,0 0,0,0 0,0,0 0,0,0 0,0,0 0,0,0
0,0,0 0,0,0 0,0,0 0,0,0 0,0,0 0,0,0 0,0,0 0,0,0 0,0,0