MODE 0
BALL 70
STARS 0/4200/6000
ADDLINE 1,84,1 1,84,1 1,84,1 0,0,0 0,0,0 12,0,2 0,0,0 0,0,0 0,0,0
ADDLINE 1,85,1 1,85,1 12,0,2 1,85,1 1,85,1 1,85,1 1,85,1 1,85,1 0,0,0
ADDLINE 1,86,1 1,86,1 0,0,0 0,0,0 12,0,2 1,86,1 1,86,1 1,86,1 1,86,1
ADDLINE 1,95,1 1,95,1 12,0,2 1,95,1 1,95,1 0,0,0 0,0,0 0,0,0 0,0,0
ADDLINE 1,96,1 0,0,0 12,0,2 1,96,1 1,96,1 1,96,1 1,96,1 1,96,1 0,0,0
ADDLINE 1,105,1 0,0,0 0,0,0 12,0,2 1,105,1 1,105,1 1,105,1 1,105,1 0,0,0
ADDLINE 1,114,1 1,114,1 1,114,1 0,0,0 0,0,0 12,0,2 1,114,1 1,114,1 1,114,1
ADDLINE 1,124,1 1,124,1 1,124,1 0,0,0 1,124,1 12,0,2 1,124,1 1,124,1 1,124,1
ADDLINE 1,100,1 1,100,1 0,0,0 0,0,0 0,0,0 12,0,2 1,100,1 1,100,1 1,100,1
ADDLINE 1,110,1 0,0,0 1,110,1 0,0,0 1,110,1 0,0,0 1,110,1 12,0,2 1,110,1
ADDLINE 1,120,1 0,0,0 1,120,1 0,0,0 1,120,1 0,0,0 1,120,1 12,0,2 1,120,1
ADDLINE 1,130,1 0,0,0 1,130,1 1,130,1 1,130,1 12,0,2 1,130,1 1,130,1 1,130,1
ADDLINE 1,104,1 0,0,0 12,0,2 0,0,0 1,104,1 0,0,0 0,0,0 0,0,0 0,0,0
ADDLINE 1,115,1 1,115,1 1,115,1 0,0,0 1,115,1 0,0,0 1,115,1 12,0,2 1,115,1
ADDLINE 0,0,0 0,0,0 0,0,0 0,0,0 1,125,1 12,0,2 1,125,1 0,0,0 1,125,1
1,75,1 0,0,0 1,75,1 1,75,1 1,75,1 1,75,1 1,75,1 12,0,2 15,0,2
6,74,1 1,74,1 1,74,1 0,0,0 0,0,0 12,0,2 0,0,0 1,74,1 8,0,2
1,73,1 1,73,1 0,0,0 12,0,2 1,73,1 1,73,1 1,73,1 1,73,1 0,0,0
0,0,0 14,0,2 12,0,2 1,72,1 0,0,0 1,72,1 1,72,1 1,72,1 0,0,0
0,0,0 1,71,1 0,0,0 1,71,1 0,0,0 12,0,2 0,0,0 0,0,0 18,71,1
8,0,2 1,70,1 1,70,1 0,0,0 12,0,2 1,70,1 1,70,1 1,70,1 1,70,1
0,0,0 0,0,0 0,0,0 0,0,0 0,0,0 0,0,0 0,0,0 0,0,0 0,0,0
0,0,0 0,0,0 0,0,0 0,0,0 0,0,0 0,0,0 0,0,0 0,0,0 0,0,0
0,0,0 0,0,0 0,0,0 0,0,0 0,0,0 0,0,0 0,0,0 0,0,0 0,0,0