MODE 0
BALL 70
STARS 0/4100/6000
ADDLINE 1,84,1 1,84,1 12,0,2 1,84,1 1,84,1 1,84,1 1,84,1 1,84,1 11,0,2
ADDLINE 0,0,0 1,85,1 0,0,0 12,0,2 0,0,0 0,0,0 0,0,0 0,0,0 0,0,0
ADDLINE 1,86,1 1,86,1 1,86,1 1,86,1 12,0,2 1,86,1 16,86,1 1,86,1 0,0,0
ADDLINE 1,95,1 1,95,1 1,95,1 1,95,1 12,0,2 1,95,1 1,95,1 19,95,1 0,0,0
ADDLINE 1,96,1 1,96,1 0,0,0 1,96,1 12,0,2 1,96,1 1,96,1 1,96,1 0,0,0
ADDLINE 0,0,0 1,105,1 0,0,0 0,0,0 12,0,2 1,105,1 1,105,1 1,105,1 0,0,0
ADDLINE 12,0,2 16,117,1 1,117,1 1,117,1 1,117,1 1,117,1 1,117,1 1,117,1 0,0,0
ADDLINE 0,0,0 1,124,1 12,0,2 1,124,1 1,124,1 0,0,0 8,0,2 0,0,0 0,0,0
ADDLINE 0,0,0 1,100,1 17,100,1 1,100,1 20,100,1 1,100,1 12,0,2 1,100,1 1,100,1
ADDLINE 1,110,1 1,110,1 1,110,1 8,0,2 1,110,1 1,110,1 1,110,1 12,0,2 20,110,1
ADDLINE 1,120,1 0,0,0 1,120,1 0,0,0 0,0,0 0,0,0 0,0,0 12,0,2 0,0,0
ADDLINE 1,130,1 0,0,0 1,130,1 8,0,2 1,130,1 12,0,2 1,130,1 0,0,0 1,130,1
ADDLINE 1,104,1 0,0,0 1,104,1 12,0,2 1,104,1 0,0,0 1,104,1 0,0,0 1,104,1
ADDLINE 1,115,1 0,0,0 1,115,1 12,0,2 1,115,1 0,0,0 1,115,1 8,0,2 1,115,1
ADDLINE 1,125,1 0,0,0 1,125,1 1,125,1 1,125,1 12,0,2 16,125,1 1,125,1 1,125,1
1,75,1 1,75,1 0,0,0 1,75,1 0,0,0 0,0,0 12,0,2 1,75,1 0,0,0
1,74,1 1,74,1 15,0,2 1,74,1 12,0,2 1,74,1 1,74,1 1,74,1 0,0,0
16,73,1 1,73,1 0,0,0 1,73,1 0,0,0 0,0,0 12,0,2 0,0,0 0,0,0
1,72,1 1,72,1 12,0,2 1,72,1 1,72,1 1,72,1 1,72,1 6,72,1 0,0,0
0,0,0 1,71,1 12,0,2 12,0,2 0,0,0 0,0,0 0,0,0 1,72,1 0,0,0
0,0,0 1,70,1 1,70,1 1,70,1 1,70,1 1,70,1 1,70,1 16,70,1 14,0,2
0,0,0 0,0,0 0,0,0 0,0,0 0,0,0 0,0,0 0,0,0 0,0,0 0,0,0
0,0,0 0,0,0 0,0,0 0,0,0 0,0,0 0,0,0 0,0,0 0,0,0 0,0,0
0,0,0 0,0,0 0,0,0 0,0,0 0,0,0 0,0,0 0,0,0 0,0,0 0,0,0