MODE 0
BALL 70
STARS 0/4200/6300
ADDLINE 1,168,1 0,0,0 1,84,1 1,84,1 12,0,2 7,0,2 1,168,1 3,84,1 1,84,1
ADDLINE 0,0,0 0,0,0 1,85,1 1,85,1 0,0,0 12,0,2 1,170,1 4,85,1 1,85,1
ADDLINE 0,0,0 12,0,2 0,0,0 1,86,1 1,86,1 0,0,0 0,0,0 0,0,0 0,0,0
ADDLINE 1,95,1 3,95,1 12,0,2 1,95,1 1,95,1 1,95,1 1,95,1 4,95,1 0,0,0
ADDLINE 0,0,0 0,0,0 12,0,2 1,96,1 1,96,1 1,96,1 4,96,1 1,96,1 1,96,1
ADDLINE 0,0,0 2,105,1 12,0,2 0,0,0 1,105,1 1,105,1 1,105,1 2,105,1 1,105,1
ADDLINE 0,0,0 12,0,2 4,114,1 0,0,0 1,114,1 1,114,1 2,114,1 1,114,1 1,114,1
ADDLINE 2,124,1 0,0,0 0,0,0 0,0,0 12,0,2 0,0,0 1,124,1 1,124,1 1,124,1
ADDLINE 5,100,1 1,100,1 0,0,0 0,0,0 0,0,0 12,0,2 1,100,1 1,100,1 1,100,1
ADDLINE 2,110,1 0,0,0 1,110,1 12,0,2 1,110,1 0,0,0 1,110,1 0,0,0 4,110,1
ADDLINE 1,120,1 1,120,1 7,0,2 1,120,1 1,120,1 12,0,2 1,120,1 0,0,0 1,120,1
ADDLINE 10,0,2 0,0,0 1,130,1 12,0,2 0,0,0 0,0,0 1,130,1 0,0,0 0,0,0
ADDLINE 1,100,1 12,0,2 5,100,1 2,100,1 1,100,1 1,100,1 4,100,1 4,100,1 1,100,1
ADDLINE 1,115,1 0,0,0 0,0,0 0,0,0 0,0,0 0,0,0 12,0,2 0,0,0 1,115,1
ADDLINE 1,125,1 0,0,0 1,125,1 1,125,1 1,125,1 1,125,1 1,125,1 12,0,2 1,125,1
11,0,2 12,0,2 1,75,1 15,0,2 1,75,1 1,75,1 1,75,1 1,75,1 1,75,1
8,0,2 12,0,2 1,74,1 0,0,0 1,74,1 1,74,1 1,74,1 1,74,1 1,74,1
0,0,0 3,73,1 1,73,1 12,0,2 2,73,1 1,73,1 1,73,1 19,73,1 1,73,1
0,0,0 5,72,1 3,72,1 12,0,2 0,0,0 1,72,1 1,72,1 1,72,1 1,72,1
1,71,1 1,71,1 1,71,1 1,71,1 12,0,2 0,0,0 0,0,0 14,0,2 1,71,1
0,0,0 0,0,0 0,0,0 8,0,2 1,70,1 1,70,1 1,70,1 12,0,2 0,0,0
0,0,0 0,0,0 0,0,0 0,0,0 0,0,0 0,0,0 0,0,0 0,0,0 0,0,0
0,0,0 0,0,0 0,0,0 0,0,0 0,0,0 0,0,0 0,0,0 0,0,0 0,0,0
0,0,0 0,0,0 0,0,0 0,0,0 0,0,0 0,0,0 0,0,0 0,0,0 0,0,0