MODE 0
BALL 70
STARS 0/4400/6300
ADDLINE 1,80,1 4,80,1 1,80,1 1,80,1 12,0,2 2,80,1 5,80,1 1,80,1 2,80,1
ADDLINE 0,0,0 0,0,0 12,0,2 4,85,1 0,0,0 1,85,1 1,85,1 1,85,1 1,85,1
ADDLINE 1,86,1 1,86,1 0,0,0 1,86,1 12,0,2 1,86,1 1,86,1 1,86,1 1,86,1
ADDLINE 0,0,0 2,95,1 12,0,2 1,95,1 0,0,0 1,95,1 1,95,1 1,95,1 1,95,1
ADDLINE 0,0,0 1,96,1 3,96,1 1,96,1 12,0,2 3,96,1 1,96,1 4,96,1 1,96,1
ADDLINE 12,0,2 0,0,0 0,0,0 1,105,1 0,0,0 1,105,1 0,0,0 1,105,1 0,0,0
ADDLINE 1,114,1 2,114,1 0,0,0 1,114,1 12,0,2 2,114,1 0,0,0 1,114,1 1,114,1
ADDLINE 3,124,1 1,124,1 0,0,0 5,124,1 0,0,0 1,124,1 12,0,2 1,124,1 1,124,1
ADDLINE 1,100,1 1,100,1 0,0,0 1,100,1 12,0,2 1,100,1 0,0,0 1,100,1 1,100,1
ADDLINE 1,110,1 0,0,0 1,110,1 1,110,1 1,110,1 12,0,2 1,110,1 1,110,1 3,110,1
ADDLINE 1,120,1 0,0,0 1,120,1 12,0,2 0,0,0 0,0,0 0,0,0 0,0,0 2,120,1
ADDLINE 1,130,1 0,0,0 1,130,1 12,0,2 4,130,1 2,130,1 1,130,1 1,130,1 1,130,1
ADDLINE 3,104,1 0,0,0 0,0,0 0,0,0 1,104,1 12,0,2 0,0,0 0,0,0 0,0,0
ADDLINE 1,109,1 1,109,1 1,109,1 4,109,1 5,109,1 12,0,2 1,109,1 1,109,1 1,109,1
ADDLINE 1,125,1 0,0,0 12,0,2 0,0,0 0,0,0 0,0,0 1,125,1 0,0,0 1,125,1
12,0,2 0,0,0 0,0,0 0,0,0 0,0,0 0,0,0 0,0,0 0,0,0 0,0,0
1,71,1 5,71,1 5,71,1 1,71,1 12,0,2 19,71,1 1,71,1 1,71,1 12,0,2
12,0,2 1,73,1 4,73,1 1,73,1 0,0,0 1,73,1 6,73,1 1,73,1 8,0,2
1,69,1 1,69,1 1,69,1 1,69,1 1,69,1 3,69,1 1,69,1 1,69,1 8,0,2
0,0,0 9,0,2 22,0,2 1,71,1 4,71,1 0,0,0 12,0,2 0,0,0 3,71,1
0,0,0 4,70,1 4,70,1 12,0,2 3,70,1 1,70,1 1,70,1 1,70,1 1,70,1
0,0,0 0,0,0 0,0,0 0,0,0 0,0,0 0,0,0 0,0,0 0,0,0 0,0,0
0,0,0 0,0,0 0,0,0 0,0,0 0,0,0 0,0,0 0,0,0 0,0,0 0,0,0
0,0,0 0,0,0 0,0,0 0,0,0 0,0,0 0,0,0 0,0,0 0,0,0 0,0,0