MODE 0
BALL 70
STARS 0/4500/6200
ADDLINE 0,0,0 1,84,1 12,0,2 1,84,1 1,84,1 2,84,1 1,84,1 1,84,1 1,84,1
ADDLINE 0,0,0 1,85,1 0,0,0 12,0,2 0,0,0 5,85,1 1,85,1 1,85,1 4,85,1
ADDLINE 0,0,0 1,86,1 1,86,1 1,86,1 0,0,0 0,0,0 12,0,2 1,86,1 4,86,1
ADDLINE 0,0,0 0,0,0 1,95,1 1,95,1 1,95,1 2,95,1 0,0,0 12,0,2 1,95,1
ADDLINE 0,0,0 0,0,0 3,96,1 1,96,1 0,0,0 12,0,2 0,0,0 0,0,0 1,96,1
ADDLINE 0,0,0 1,105,1 12,0,2 4,105,1 1,105,1 4,105,1 1,105,1 1,105,1 1,105,1
ADDLINE 0,0,0 1,114,1 12,0,2 1,114,1 2,114,1 1,114,1 1,114,1 1,114,1 1,114,1
ADDLINE 0,0,0 1,124,1 12,0,2 0,0,0 2,124,1 3,124,1 3,124,1 1,124,1 1,124,1
ADDLINE 0,0,0 12,0,2 1,100,1 0,0,0 1,100,1 1,100,1 4,100,1 1,100,1 1,100,1
ADDLINE 0,0,0 0,0,0 1,110,1 0,0,0 12,0,2 0,0,0 0,0,0 0,0,0 1,110,1
ADDLINE 1,120,1 0,0,0 1,120,1 12,0,2 1,120,1 4,120,1 3,120,1 0,0,0 1,120,1
ADDLINE 1,130,1 0,0,0 0,0,0 0,0,0 0,0,0 0,0,0 1,130,1 12,0,2 0,0,0
ADDLINE 5,100,1 1,100,1 1,100,1 3,100,1 1,100,1 12,0,2 1,100,1 1,100,1 1,100,1
ADDLINE 1,115,1 0,0,0 0,0,0 0,0,0 1,115,1 0,0,0 12,0,2 0,0,0 0,0,0
ADDLINE 3,125,1 0,0,0 1,125,1 12,0,2 4,125,1 1,125,1 1,125,1 1,125,1 1,125,1
0,0,0 0,0,0 1,75,1 1,75,1 0,0,0 12,0,2 4,75,1 1,75,1 0,0,0
0,0,0 1,74,1 16,74,1 2,74,1 3,74,1 12,0,2 1,74,1 17,74,1 3,74,1
0,0,0 0,0,0 20,73,1 12,0,2 0,0,0 0,0,0 1,73,1 1,73,1 1,73,1
1,72,1 0,0,0 1,72,1 12,0,2 2,72,1 22,0,2 0,0,0 0,0,0 0,0,0
2,71,1 12,0,2 2,71,1 0,0,0 1,71,1 12,0,2 1,71,1 1,71,1 1,71,1
0,0,0 1,70,1 3,70,1 1,70,1 1,70,1 11,0,2 1,70,1 1,70,1 5,70,1
0,0,0 0,0,0 0,0,0 0,0,0 0,0,0 0,0,0 0,0,0 0,0,0 0,0,0
0,0,0 0,0,0 0,0,0 0,0,0 0,0,0 0,0,0 0,0,0 0,0,0 0,0,0
0,0,0 0,0,0 0,0,0 0,0,0 0,0,0 0,0,0 0,0,0 0,0,0 0,0,0