MODE 0
BALL 70
STARS 0/4600/6500
ADDLINE 0,0,0 12,0,2 1,84,1 0,0,0 2,84,1 1,84,1 1,84,1 0,0,0 1,84,1
ADDLINE 1,85,1 0,0,0 1,85,1 1,85,1 1,85,1 5,85,1 3,85,1 12,0,2 1,85,1
ADDLINE 1,86,1 0,0,0 0,0,0 0,0,0 0,0,0 12,0,2 0,0,0 0,0,0 3,86,1
ADDLINE 1,90,1 1,90,1 3,90,1 12,0,2 1,90,1 1,90,1 1,90,1 1,90,1 1,90,1
ADDLINE 17,96,1 1,96,1 1,96,1 0,0,0 1,96,1 0,0,0 12,0,2 0,0,0 0,0,0
ADDLINE 1,105,1 1,105,1 1,105,1 0,0,0 4,105,1 12,0,2 2,105,1 1,105,1 1,105,1
ADDLINE 1,114,1 17,114,1 1,114,1 0,0,0 1,114,1 12,0,2 4,114,1 4,114,1 1,114,1
ADDLINE 1,124,1 1,124,1 1,124,1 0,0,0 1,124,1 12,0,2 1,124,1 5,124,1 1,124,1
ADDLINE 0,0,0 12,0,2 1,100,1 0,0,0 1,100,1 0,0,0 3,100,1 1,100,1 1,100,1
ADDLINE 1,110,1 1,110,1 1,110,1 12,0,2 1,110,1 1,110,1 16,110,1 1,110,1 0,0,0
ADDLINE 1,120,1 1,120,1 1,120,1 0,0,0 1,120,1 12,0,2 3,120,1 0,0,0 1,240,1
ADDLINE 0,0,0 1,130,1 1,130,1 12,0,2 1,130,1 1,130,1 1,130,1 1,130,1 19,130,1
ADDLINE 1,104,1 1,104,1 1,104,1 1,104,1 19,104,1 1,104,1 1,104,1 12,0,2 1,104,1
ADDLINE 1,115,1 0,0,0 0,0,0 12,0,2 1,115,1 0,0,0 1,115,1 0,0,0 1,115,1
ADDLINE 1,125,1 0,0,0 1,125,1 1,125,1 1,125,1 12,0,2 3,125,1 1,125,1 5,125,1
1,71,1 1,71,1 1,71,1 1,71,1 4,71,1 12,0,2 1,71,1 1,71,1 1,71,1
12,0,2 0,0,0 0,0,0 0,0,0 1,74,1 0,0,0 0,0,0 0,0,0 15,0,2
1,73,1 0,0,0 5,73,1 2,73,1 2,73,1 12,0,2 1,73,1 1,73,1 1,73,1
1,72,1 1,2,1 1,2,1 1,2,1 1,2,1 12,0,2 1,72,1 1,72,1 16,72,1
1,71,1 1,71,1 1,71,1 20,71,1 1,71,1 12,0,2 1,71,1 4,71,1 1,71,1
14,0,2 0,0,0 1,70,1 0,0,0 1,70,1 2,70,1 3,70,1 12,0,2 0,0,0
0,0,0 0,0,0 0,0,0 0,0,0 0,0,0 0,0,0 0,0,0 0,0,0 0,0,0
0,0,0 0,0,0 0,0,0 0,0,0 0,0,0 0,0,0 0,0,0 0,0,0 0,0,0
0,0,0 0,0,0 0,0,0 0,0,0 0,0,0 0,0,0 0,0,0 0,0,0 0,0,0