MODE 0
BALL 70
STARS 0/4500/6300
ADDLINE 0,0,0 1,94,1 0,0,0 1,94,1 1,94,1 1,94,1 12,0,2 0,0,0 0,0,0
ADDLINE 1,90,1 1,90,1 12,0,2 1,90,1 1,90,1 1,90,1 1,90,1 1,90,1 1,90,1
ADDLINE 1,96,1 1,96,1 0,0,0 1,96,1 0,0,0 12,0,2 0,0,0 0,0,0 0,0,0
ADDLINE 1,101,1 1,101,1 12,0,2 1,101,1 1,101,1 1,101,1 1,101,1 1,101,1 1,101,1
ADDLINE 1,107,1 1,107,1 12,0,2 1,107,1 1,107,1 1,107,1 0,0,0 0,0,0 0,0,0
ADDLINE 1,111,1 1,111,1 12,0,2 1,111,1 1,111,1 1,111,1 1,111,1 1,111,1 1,111,1
ADDLINE 0,0,0 0,0,0 12,0,2 0,0,0 1,127,1 1,127,1 0,0,0 0,0,0 1,127,1
ADDLINE 12,0,2 1,132,1 1,132,1 1,132,1 1,132,1 1,132,1 1,132,1 1,132,1 1,132,1
ADDLINE 0,0,0 1,111,1 1,111,1 1,111,1 0,0,0 1,111,1 12,0,2 1,111,1 1,111,1
ADDLINE 0,0,0 0,0,0 1,122,1 12,0,2 0,0,0 0,0,0 1,122,1 0,0,0 0,0,0
ADDLINE 1,133,1 0,0,0 1,133,1 0,0,0 1,133,1 12,0,2 1,133,1 1,133,1 1,133,1
ADDLINE 0,0,0 0,0,0 1,144,1 0,0,0 1,144,1 0,0,0 12,0,2 0,0,0 1,144,1
ADDLINE 1,115,1 0,0,0 1,115,1 12,0,2 1,115,1 1,115,1 1,115,1 0,0,0 1,115,1
ADDLINE 1,127,1 0,0,0 1,127,1 0,0,0 1,127,1 12,0,2 1,127,1 0,0,0 0,0,0
ADDLINE 1,138,1 1,138,1 1,138,1 0,0,0 1,138,1 12,0,2 1,138,1 1,138,1 1,138,1
12,0,2 1,84,1 1,84,1 16,84,1 1,84,1 1,84,1 1,84,1 1,84,1 0,0,0
10,0,2 1,83,1 0,0,0 19,83,1 15,0,2 12,0,2 12,0,2 0,0,0 0,0,0
0,0,0 1,82,1 12,0,2 1,82,1 1,82,1 1,82,1 1,82,1 1,82,1 1,82,1
8,0,2 0,0,0 0,0,0 14,0,2 0,0,0 0,0,0 5,81,1 6,81,1 1,81,1
1,77,1 1,77,1 1,77,1 1,77,1 1,77,1 2,77,1 12,0,2 1,77,1 16,77,1
0,0,0 1,79,1 1,79,1 1,79,1 1,79,1 1,79,1 12,0,2 1,79,1 1,79,1
0,0,0 0,0,0 0,0,0 0,0,0 0,0,0 0,0,0 0,0,0 0,0,0 0,0,0
0,0,0 0,0,0 0,0,0 0,0,0 0,0,0 0,0,0 0,0,0 0,0,0 0,0,0
0,0,0 0,0,0 0,0,0 0,0,0 0,0,0 0,0,0 0,0,0 0,0,0 0,0,0