MODE 0
BALL 70
STARS 0/4300/6200
ADDLINE 1,94,1 1,94,1 1,94,1 1,94,1 8,0,2 0,0,0 12,0,2 1,94,1 1,94,1
ADDLINE 1,95,1 1,95,1 1,95,1 1,95,1 0,0,0 1,95,1 12,0,2 1,95,1 1,95,1
ADDLINE 1,96,1 1,96,1 1,96,1 1,96,1 0,0,0 1,96,1 12,0,2 0,0,0 1,96,1
ADDLINE 1,106,1 1,106,1 1,106,1 1,106,1 8,0,2 1,106,1 1,106,1 12,0,2 1,106,1
ADDLINE 1,107,1 1,107,1 1,107,1 1,107,1 0,0,0 1,107,1 0,0,0 12,0,2 1,107,1
ADDLINE 11,0,2 12,0,2 0,0,0 0,0,0 0,0,0 1,117,1 0,0,0 1,117,1 1,117,1
ADDLINE 0,0,0 1,127,1 1,127,1 1,127,1 10,0,2 0,0,0 12,0,2 1,127,1 1,127,1
ADDLINE 0,0,0 0,0,0 12,0,2 0,0,0 0,0,0 1,276,1 1,138,1 1,138,1 1,138,1
ADDLINE 1,111,1 1,111,1 1,111,1 12,0,2 1,111,1 1,111,1 1,111,1 1,111,1 0,0,0
ADDLINE 1,122,1 0,0,0 1,122,1 0,0,0 1,122,1 12,0,2 1,244,1 0,0,0 1,122,1
ADDLINE 1,133,1 0,0,0 1,133,1 1,133,1 1,133,1 12,0,2 1,113,1 10,0,2 1,113,1
ADDLINE 1,144,1 0,0,0 0,0,0 0,0,0 1,144,1 12,0,2 1,288,1 0,0,0 1,144,1
ADDLINE 1,115,1 10,0,2 1,115,1 12,0,2 1,115,1 0,0,0 1,115,1 0,0,0 1,115,1
ADDLINE 1,127,1 0,0,0 1,127,1 0,0,0 1,127,1 0,0,0 1,127,1 12,0,2 0,0,0
ADDLINE 1,138,1 1,138,1 1,138,1 0,0,0 1,138,1 12,0,2 1,138,1 1,138,1 1,138,1
16,84,1 1,84,1 1,84,1 11,0,2 1,84,1 1,84,1 12,0,2 1,84,1 1,84,1
1,83,1 1,83,1 0,0,0 0,0,0 11,0,2 12,0,2 12,0,2 1,83,1 1,83,1
1,82,1 0,0,0 0,0,0 0,0,0 0,0,0 12,0,2 1,82,1 7,0,2 1,82,1
1,81,1 8,0,2 1,81,1 12,0,2 1,81,1 1,81,1 1,81,1 1,81,1 1,81,1
1,80,1 0,0,0 1,80,1 21,80,1 1,80,1 1,80,1 1,80,1 20,80,1 1,80,1
0,0,0 0,0,0 0,0,0 0,0,0 12,0,2 0,0,0 1,79,1 1,79,1 1,79,1
0,0,0 0,0,0 0,0,0 0,0,0 0,0,0 0,0,0 0,0,0 0,0,0 0,0,0
0,0,0 0,0,0 0,0,0 0,0,0 0,0,0 0,0,0 0,0,0 0,0,0 0,0,0
0,0,0 0,0,0 0,0,0 0,0,0 0,0,0 0,0,0 0,0,0 0,0,0 0,0,0