MODE 0
BALL 70
STARS 0/4700/6800
ADDLINE 0,0,0 0,0,0 0,0,0 0,0,0 12,0,2 1,94,1 0,0,0 0,0,0 0,0,0
ADDLINE 1,90,1 1,90,1 1,90,1 1,90,1 12,0,2 1,90,1 1,90,1 1,90,1 1,90,1
ADDLINE 0,0,0 1,96,1 0,0,0 1,96,1 0,0,0 0,0,0 12,0,2 0,0,0 0,0,0
ADDLINE 0,0,0 1,106,1 12,0,2 1,106,1 1,106,1 1,106,1 1,106,1 1,106,1 1,106,1
ADDLINE 1,107,1 0,0,0 1,107,1 0,0,0 1,107,1 0,0,0 12,0,2 1,107,1 1,107,1
ADDLINE 1,111,1 1,111,1 1,111,1 1,111,1 12,0,2 1,111,1 1,111,1 1,111,1 1,111,1
ADDLINE 1,127,1 1,127,1 1,127,1 1,127,1 0,0,0 0,0,0 12,0,2 1,127,1 1,127,1
ADDLINE 1,132,1 1,132,1 1,132,1 1,132,1 12,0,2 1,132,1 1,132,1 1,132,1 1,132,1
ADDLINE 0,0,0 12,0,2 0,0,0 1,111,1 0,0,0 1,111,1 0,0,0 1,111,1 1,111,1
ADDLINE 1,122,1 0,0,0 0,0,0 0,0,0 1,122,1 0,0,0 0,0,0 12,0,2 1,122,1
ADDLINE 1,133,1 1,133,1 1,133,1 0,0,0 1,133,1 12,0,2 1,133,1 0,0,0 1,133,1
ADDLINE 1,144,1 0,0,0 1,144,1 12,0,2 1,144,1 0,0,0 1,144,1 0,0,0 1,144,1
ADDLINE 1,115,1 0,0,0 1,115,1 0,0,0 1,115,1 12,0,2 1,115,1 1,115,1 1,115,1
ADDLINE 1,127,1 0,0,0 0,0,0 0,0,0 0,0,0 0,0,0 1,127,1 12,0,2 0,0,0
ADDLINE 1,131,1 1,131,1 1,131,1 1,131,1 1,131,1 1,131,1 1,131,1 12,0,2 1,131,1
1,84,1 0,0,0 1,84,1 1,84,1 1,84,1 1,84,1 1,84,1 12,0,2 1,84,1
1,83,1 0,0,0 12,0,2 0,0,0 0,0,0 0,0,0 15,0,2 0,0,0 1,83,1
1,78,1 1,78,1 12,0,2 1,78,1 1,78,1 1,78,1 1,78,1 19,78,1 1,78,1
1,77,1 6,77,1 12,0,2 20,77,1 1,77,1 1,77,1 1,77,1 1,77,1 1,77,1
14,0,2 1,80,1 0,0,0 1,80,1 12,0,2 1,80,1 0,0,0 0,0,0 0,0,0
0,0,0 1,79,1 1,79,1 1,79,1 12,0,2 1,79,1 1,79,1 16,79,1 1,79,1
0,0,0 0,0,0 0,0,0 0,0,0 0,0,0 0,0,0 0,0,0 0,0,0 0,0,0
0,0,0 0,0,0 0,0,0 0,0,0 0,0,0 0,0,0 0,0,0 0,0,0 0,0,0
0,0,0 0,0,0 0,0,0 0,0,0 0,0,0 0,0,0 0,0,0 0,0,0 0,0,0