MODE 0
BALL 70
STARS 0/4300/6200
ADDLINE 19,94,1 0,0,0 1,94,1 12,0,2 1,94,1 1,94,1 1,94,1 1,94,1 1,94,1
ADDLINE 1,90,1 12,0,2 1,90,1 1,90,1 1,90,1 1,90,1 1,90,1 1,90,1 1,90,1
ADDLINE 1,96,1 0,0,0 1,96,1 1,96,1 1,96,1 1,96,1 1,96,1 12,0,2 1,96,1
ADDLINE 1,106,1 0,0,0 1,106,1 1,106,1 1,106,1 1,106,1 1,106,1 12,0,2 1,106,1
ADDLINE 1,107,1 0,0,0 1,107,1 1,107,1 1,107,1 1,107,1 1,107,1 12,0,2 1,107,1
ADDLINE 1,117,1 0,0,0 1,117,1 1,117,1 1,117,1 1,117,1 1,117,1 12,0,2 1,117,1
ADDLINE 0,0,0 1,127,1 1,127,1 12,0,2 19,127,1 1,127,1 1,127,1 1,127,1 1,127,1
ADDLINE 1,138,1 0,0,0 1,138,1 12,0,2 1,138,1 1,138,1 1,138,1 0,0,0 1,138,1
ADDLINE 1,111,1 0,0,0 1,111,1 12,0,2 0,0,0 0,0,0 1,111,1 0,0,0 0,0,0
ADDLINE 1,122,1 1,122,1 1,122,1 0,0,0 1,122,1 12,0,2 1,122,1 0,0,0 1,122,1
ADDLINE 1,133,1 0,0,0 0,0,0 0,0,0 1,133,1 12,0,2 0,0,0 0,0,0 1,133,1
ADDLINE 1,144,1 0,0,0 1,144,1 12,0,2 1,144,1 1,144,1 1,144,1 1,144,1 1,144,1
ADDLINE 1,115,1 1,115,1 1,115,1 12,0,2 1,115,1 1,115,1 19,115,1 1,115,1 0,0,0
ADDLINE 1,121,1 1,121,1 1,121,1 1,121,1 1,121,1 1,121,1 1,121,1 12,0,2 1,121,1
ADDLINE 0,0,0 12,0,2 0,0,0 0,0,0 1,138,1 0,0,0 1,138,1 0,0,0 1,138,1
1,80,1 1,80,1 1,80,1 17,80,1 1,80,1 1,80,1 12,0,2 1,80,1 1,80,1
0,0,0 0,0,0 0,0,0 1,83,1 0,0,0 0,0,0 15,0,2 12,0,2 0,0,0
1,82,1 1,82,1 0,0,0 1,82,1 12,0,2 1,82,1 1,82,1 1,82,1 1,82,1
0,0,0 0,0,0 0,0,0 1,81,1 12,0,2 0,0,0 12,0,2 6,81,1 1,81,1
1,80,1 1,80,1 14,0,2 1,80,1 1,80,1 1,80,1 1,80,1 1,80,1 1,80,1
1,79,1 1,79,1 12,0,2 0,0,0 0,0,0 1,79,1 0,0,0 0,0,0 0,0,0
0,0,0 0,0,0 0,0,0 0,0,0 0,0,0 0,0,0 0,0,0 0,0,0 0,0,0
0,0,0 0,0,0 0,0,0 0,0,0 0,0,0 0,0,0 0,0,0 0,0,0 0,0,0
0,0,0 0,0,0 0,0,0 0,0,0 0,0,0 0,0,0 0,0,0 0,0,0 0,0,0