MODE 0
BALL 70
STARS 0/5000/7100
ADDLINE 1,94,1 1,94,1 5,94,1 1,94,1 0,0,0 12,0,2 1,94,1 0,0,0 4,94,1
ADDLINE 1,95,1 1,95,1 1,95,1 1,95,1 0,0,0 12,0,2 1,95,1 0,0,0 1,95,1
ADDLINE 1,96,1 2,96,1 5,96,1 1,96,1 1,96,1 0,0,0 12,0,2 0,0,0 1,96,1
ADDLINE 0,0,0 0,0,0 0,0,0 12,0,2 0,0,0 0,0,0 1,106,1 3,106,1 0,0,0
ADDLINE 12,0,2 1,107,1 4,107,1 1,107,1 2,107,1 1,107,1 3,107,1 1,107,1 0,0,0
ADDLINE 12,0,2 0,0,0 1,117,1 1,117,1 1,117,1 1,117,1 1,117,1 1,117,1 0,0,0
ADDLINE 1,127,1 12,0,2 0,0,0 0,0,0 1,127,1 1,127,1 1,127,1 1,127,1 0,0,0
ADDLINE 1,138,1 1,138,1 1,138,1 0,0,0 3,138,1 1,138,1 5,138,1 12,0,2 0,0,0
ADDLINE 1,111,1 4,111,1 0,0,0 0,0,0 1,111,1 1,111,1 1,111,1 12,0,2 5,111,1
ADDLINE 5,122,1 0,0,0 3,122,1 0,0,0 0,0,0 0,0,0 1,122,1 12,0,2 0,0,0
ADDLINE 2,133,1 0,0,0 1,133,1 12,0,2 1,133,1 1,133,1 1,133,1 1,133,1 1,133,1
ADDLINE 0,0,0 0,0,0 1,144,1 0,0,0 0,0,0 0,0,0 12,0,2 0,0,0 1,144,1
ADDLINE 1,110,1 1,110,1 1,110,1 4,110,1 1,110,1 1,110,1 3,110,1 12,0,2 1,110,1
ADDLINE 1,127,1 0,0,0 0,0,0 0,0,0 1,127,1 0,0,0 12,0,2 0,0,0 2,127,1
ADDLINE 1,138,1 0,0,0 1,138,1 0,0,0 1,138,1 12,0,2 4,138,1 1,138,1 1,138,1
2,84,1 0,0,0 1,84,1 1,84,1 12,0,2 1,84,1 1,84,1 1,84,1 1,84,1
1,83,1 0,0,0 4,83,1 1,83,1 12,0,2 2,83,1 20,83,1 1,83,1 1,83,1
3,82,1 0,0,0 3,82,1 1,82,1 12,0,2 1,82,1 1,82,1 21,82,1 1,82,1
17,81,1 0,0,0 1,81,1 2,81,1 15,0,2 8,0,2 12,0,2 12,0,2 1,81,1
1,80,1 0,0,0 0,0,0 20,80,1 1,80,1 1,80,1 1,80,1 12,0,2 3,80,1
14,0,2 2,79,1 1,79,1 1,79,1 5,79,1 1,79,1 1,79,1 1,79,1 1,79,1
0,0,0 0,0,0 0,0,0 0,0,0 0,0,0 0,0,0 0,0,0 0,0,0 0,0,0
0,0,0 0,0,0 0,0,0 0,0,0 0,0,0 0,0,0 0,0,0 0,0,0 0,0,0
0,0,0 0,0,0 0,0,0 0,0,0 0,0,0 0,0,0 0,0,0 0,0,0 0,0,0