MODE 0
BALL 70
STARS 0/4600/7000
ADDLINE 3,94,1 0,0,0 1,94,1 1,94,1 1,94,1 1,94,1 12,0,2 1,94,1 1,94,1
ADDLINE 0,0,0 0,0,0 1,95,1 1,95,1 2,95,1 1,95,1 12,0,2 1,95,1 1,95,1
ADDLINE 0,0,0 1,96,1 3,96,1 1,96,1 1,96,1 2,96,1 0,0,0 12,0,2 4,96,1
ADDLINE 8,0,2 1,106,1 1,106,1 1,106,1 1,106,1 1,106,1 1,106,1 12,0,2 0,0,0
ADDLINE 12,0,2 0,0,0 0,0,0 1,107,1 1,107,1 1,107,1 1,107,1 2,107,1 0,0,0
ADDLINE 0,0,0 1,117,1 0,0,0 1,117,1 0,0,0 7,0,2 12,0,2 0,0,0 0,0,0
ADDLINE 0,0,0 1,127,1 1,127,1 0,0,0 12,0,2 1,127,1 1,127,1 1,127,1 4,127,1
ADDLINE 10,0,2 1,168,1 1,168,1 12,0,2 1,168,1 1,168,1 1,168,1 1,168,1 1,168,1
ADDLINE 0,0,0 12,0,2 0,0,0 0,0,0 20,111,1 1,111,1 1,111,1 1,111,1 1,111,1
ADDLINE 1,122,1 1,122,1 1,122,1 1,122,1 1,122,1 1,122,1 19,122,1 12,0,2 0,0,0
ADDLINE 1,133,1 10,0,2 1,133,1 1,133,1 1,133,1 12,0,2 1,133,1 1,133,1 1,133,1
ADDLINE 0,0,0 0,0,0 1,144,1 12,0,2 0,0,0 0,0,0 1,144,1 0,0,0 0,0,0
ADDLINE 1,115,1 2,115,1 1,115,1 0,0,0 1,115,1 0,0,0 1,115,1 12,0,2 1,115,1
ADDLINE 5,127,1 0,0,0 0,0,0 0,0,0 1,127,1 1,127,1 1,127,1 12,0,2 1,127,1
ADDLINE 1,138,1 4,138,1 1,138,1 5,138,1 1,138,1 1,138,1 20,138,1 12,0,2 1,138,1
0,0,0 4,84,1 0,0,0 1,84,1 6,84,1 1,84,1 5,84,1 12,0,2 11,0,2
0,0,0 12,0,2 1,83,1 16,83,1 1,83,1 1,83,1 1,83,1 7,0,2 1,83,1
1,82,1 1,82,1 0,0,0 0,0,0 0,0,0 12,0,2 0,0,0 0,0,0 20,82,1
0,0,0 0,0,0 0,0,0 12,0,2 1,81,1 1,81,1 1,81,1 1,81,1 1,81,1
10,0,2 1,80,1 1,80,1 12,0,2 1,80,1 1,80,1 1,80,1 16,80,1 1,80,1
0,0,0 1,79,1 1,79,1 1,79,1 12,0,2 1,79,1 1,79,1 1,79,1 1,79,1
0,0,0 0,0,0 0,0,0 0,0,0 0,0,0 0,0,0 0,0,0 0,0,0 0,0,0
0,0,0 0,0,0 0,0,0 0,0,0 0,0,0 0,0,0 0,0,0 0,0,0 0,0,0
0,0,0 0,0,0 0,0,0 0,0,0 0,0,0 0,0,0 0,0,0 0,0,0 0,0,0