MODE 0
BALL 70
STARS 0/4300/6200
ADDLINE 3,94,1 1,94,1 0,0,0 0,0,0 0,0,0 0,0,0 0,0,0 12,0,2 0,0,0
ADDLINE 1,95,1 1,95,1 12,0,2 1,95,1 1,95,1 5,95,1 1,95,1 1,95,1 0,0,0
ADDLINE 0,0,0 0,0,0 0,0,0 1,96,1 0,0,0 12,0,2 0,0,0 0,0,0 0,0,0
ADDLINE 1,101,1 1,101,1 1,101,1 1,101,1 12,0,2 1,101,1 1,101,1 4,101,1 1,101,1
ADDLINE 0,0,0 1,107,1 12,0,2 3,107,1 0,0,0 1,107,1 1,107,1 1,107,1 4,107,1
ADDLINE 5,117,1 1,117,1 0,0,0 1,117,1 12,0,2 1,117,1 3,117,1 1,117,1 1,117,1
ADDLINE 3,127,1 1,127,1 0,0,0 1,127,1 12,0,2 1,127,1 1,127,1 1,127,1 1,127,1
ADDLINE 1,138,1 3,138,1 0,0,0 1,138,1 12,0,2 1,138,1 4,138,1 1,138,1 1,138,1
ADDLINE 5,111,1 1,111,1 0,0,0 1,111,1 0,0,0 12,0,2 0,0,0 0,0,0 0,0,0
ADDLINE 0,0,0 0,0,0 1,122,1 12,0,2 5,122,1 0,0,0 1,122,1 0,0,0 1,122,1
ADDLINE 1,133,1 0,0,0 1,133,1 12,0,2 2,133,1 0,0,0 1,133,1 0,0,0 1,133,1
ADDLINE 3,144,1 0,0,0 12,0,2 0,0,0 1,144,1 0,0,0 1,144,1 0,0,0 0,0,0
ADDLINE 1,110,1 1,110,1 12,0,2 1,110,1 1,110,1 1,110,1 1,110,1 3,110,1 5,110,1
ADDLINE 1,127,1 0,0,0 0,0,0 0,0,0 0,0,0 0,0,0 1,127,1 12,0,2 0,0,0
ADDLINE 4,138,1 0,0,0 3,138,1 0,0,0 1,138,1 12,0,2 1,138,1 0,0,0 1,138,1
5,84,1 1,84,1 5,84,1 1,84,1 1,84,1 0,0,0 1,168,1 12,0,2 3,84,1
0,0,0 12,0,2 1,83,1 22,0,2 0,0,0 0,0,0 1,83,1 0,0,0 2,83,1
1,82,1 1,82,1 1,82,1 8,0,2 1,82,1 20,82,1 1,82,1 12,0,2 18,82,1
0,0,0 12,0,2 0,0,0 11,0,2 1,81,1 3,81,1 1,81,1 0,0,0 1,81,1
5,80,1 1,80,1 1,80,1 0,0,0 1,80,1 1,80,1 1,80,1 12,0,2 4,80,1
0,0,0 0,0,0 0,0,0 0,0,0 0,0,0 12,0,2 1,79,1 1,79,1 1,79,1
0,0,0 0,0,0 0,0,0 0,0,0 0,0,0 0,0,0 0,0,0 0,0,0 0,0,0
0,0,0 0,0,0 0,0,0 0,0,0 0,0,0 0,0,0 0,0,0 0,0,0 0,0,0
0,0,0 0,0,0 0,0,0 0,0,0 0,0,0 0,0,0 0,0,0 0,0,0 0,0,0