MODE 0
BALL 70
STARS 0/5100/7300
ADDLINE 1,89,1 1,89,1 12,0,2 1,89,1 1,89,1 1,89,1 1,89,1 1,89,1 1,89,1
ADDLINE 0,0,0 0,0,0 12,0,2 0,0,0 0,0,0 1,95,1 1,95,1 1,95,1 1,95,1
ADDLINE 1,91,1 1,91,1 1,91,1 1,91,1 12,0,2 1,91,1 1,91,1 1,91,1 1,91,1
ADDLINE 0,0,0 0,0,0 12,0,2 1,106,1 0,0,0 1,106,1 0,0,0 0,0,0 0,0,0
ADDLINE 1,102,1 1,102,1 1,102,1 1,102,1 12,0,2 1,102,1 1,102,1 1,102,1 1,102,1
ADDLINE 0,0,0 0,0,0 7,0,2 12,0,2 0,0,0 1,117,1 1,117,1 1,117,1 1,117,1
ADDLINE 1,121,1 1,121,1 1,121,1 1,121,1 12,0,2 1,121,1 1,121,1 1,121,1 1,121,1
ADDLINE 1,138,1 1,138,1 1,138,1 1,138,1 0,0,0 1,138,1 0,0,0 12,0,2 0,0,0
ADDLINE 1,106,1 1,106,1 1,106,1 1,106,1 12,0,2 1,106,1 1,106,1 1,106,1 1,106,1
ADDLINE 1,122,1 0,0,0 1,122,1 0,0,0 1,122,1 0,0,0 12,0,2 0,0,0 1,122,1
ADDLINE 1,133,1 0,0,0 1,133,1 12,0,2 1,133,1 1,133,1 1,133,1 1,133,1 1,133,1
ADDLINE 1,144,1 0,0,0 1,144,1 0,0,0 12,0,2 0,0,0 0,0,0 0,0,0 0,0,0
ADDLINE 1,115,1 8,0,2 1,115,1 1,115,1 1,115,1 12,0,2 1,115,1 1,115,1 1,115,1
ADDLINE 1,127,1 0,0,0 0,0,0 0,0,0 1,127,1 12,0,2 0,0,0 0,0,0 1,127,1
ADDLINE 1,138,1 1,138,1 1,138,1 0,0,0 1,138,1 1,138,1 1,138,1 12,0,2 1,138,1
ADDLINE 1,149,1 0,0,0 1,149,1 0,0,0 0,0,0 12,0,2 1,149,1 0,0,0 1,149,1
ADDLINE 1,120,1 0,0,0 1,120,1 1,120,1 1,120,1 0,0,0 1,120,1 12,0,2 1,120,1
ADDLINE 0,0,0 0,0,0 0,0,0 11,0,2 1,131,1 12,0,2 1,131,1 0,0,0 0,0,0
1,80,1 1,80,1 1,80,1 1,80,1 1,80,1 12,0,2 1,80,1 1,80,1 6,80,1
1,83,1 0,0,0 0,0,0 12,0,2 1,83,1 12,0,2 1,83,1 1,83,1 1,83,1
16,82,1 10,0,2 1,82,1 1,82,1 1,82,1 12,0,2 1,82,1 1,82,1 1,82,1
1,81,1 0,0,0 0,0,0 0,0,0 1,81,1 12,0,2 5,81,1 1,81,1 1,81,1
1,80,1 22,0,2 1,80,1 1,80,1 19,80,1 1,80,1 2,80,1 5,80,1 1,80,1
1,79,1 0,0,0 1,79,1 1,79,1 1,79,1 1,79,1 1,79,1 12,0,2 1,79,1
0,0,0 0,0,0 0,0,0 0,0,0 0,0,0 0,0,0 0,0,0 0,0,0 0,0,0
0,0,0 0,0,0 0,0,0 0,0,0 0,0,0 0,0,0 0,0,0 0,0,0 0,0,0
0,0,0 0,0,0 0,0,0 0,0,0 0,0,0 0,0,0 0,0,0 0,0,0 0,0,0