MODE 0
BALL 70
STARS 0/4900/6800
ADDLINE 0,0,0 0,0,0 0,0,0 0,0,0 0,0,0 0,0,0 12,0,2 1,94,1 1,94,1
ADDLINE 3,95,1 0,0,0 1,95,1 1,95,1 1,95,1 5,95,1 12,0,2 4,95,1 1,95,1
ADDLINE 1,96,1 0,0,0 1,96,1 0,0,0 12,0,2 0,0,0 0,0,0 1,96,1 1,96,1
ADDLINE 1,106,1 0,0,0 12,0,2 1,106,1 1,106,1 1,106,1 1,106,1 1,106,1 1,106,1
ADDLINE 2,107,1 1,107,1 0,0,0 3,107,1 12,0,2 3,107,1 1,107,1 1,107,1 1,107,1
ADDLINE 2,117,1 0,0,0 0,0,0 1,117,1 12,0,2 5,117,1 1,117,1 1,117,1 1,117,1
ADDLINE 1,127,1 0,0,0 1,127,1 1,127,1 12,0,2 4,127,1 1,127,1 1,127,1 1,127,1
ADDLINE 0,0,0 12,0,2 1,138,1 1,138,1 0,0,0 0,0,0 1,138,1 1,138,1 1,138,1
ADDLINE 0,0,0 2,111,1 1,111,1 0,0,0 0,0,0 12,0,2 1,111,1 5,111,1 2,111,1
ADDLINE 1,122,1 0,0,0 1,122,1 1,122,1 1,122,1 12,0,2 1,122,1 1,122,1 1,122,1
ADDLINE 0,0,0 0,0,0 1,133,1 0,0,0 0,0,0 12,0,2 2,133,1 0,0,0 0,0,0
ADDLINE 3,144,1 1,144,1 2,144,1 0,0,0 1,144,1 5,144,1 1,144,1 12,0,2 1,144,1
ADDLINE 0,0,0 0,0,0 1,115,1 0,0,0 3,115,1 0,0,0 0,0,0 12,0,2 1,115,1
ADDLINE 1,127,1 0,0,0 1,127,1 0,0,0 1,127,1 12,0,2 2,127,1 4,127,1 1,127,1
ADDLINE 1,138,1 0,0,0 0,0,0 0,0,0 1,138,1 12,0,2 0,0,0 0,0,0 0,0,0
ADDLINE 1,142,1 1,142,1 12,0,2 1,142,1 1,142,1 1,142,1 3,142,1 1,142,1 1,142,1
ADDLINE 1,120,1 0,0,0 0,0,0 0,0,0 0,0,0 0,0,0 12,0,2 0,0,0 0,0,0
ADDLINE 1,125,1 4,125,1 1,125,1 1,125,1 5,125,1 12,0,2 1,125,1 1,125,1 4,125,1
1,84,1 0,0,0 1,2,1 1,2,1 1,2,1 1,2,1 1,2,1 1,84,1 1,84,1
1,83,1 0,0,0 1,83,1 1,83,1 1,83,1 1,2,1 1,2,1 6,83,1 5,83,1
4,82,1 3,82,1 12,0,2 12,0,2 12,0,2 12,0,2 1,2,1 3,82,1 3,82,1
11,0,2 5,81,1 1,81,1 19,81,1 12,0,2 4,81,1 1,81,1 1,81,1 5,81,1
2,80,1 8,0,2 3,80,1 1,80,1 1,80,1 1,80,1 1,80,1 12,0,2 1,80,1
1,79,1 2,79,1 5,79,1 1,79,1 1,79,1 1,79,1 0,0,0 0,0,0 1,79,1
0,0,0 0,0,0 0,0,0 0,0,0 0,0,0 0,0,0 0,0,0 0,0,0 0,0,0
0,0,0 0,0,0 0,0,0 0,0,0 0,0,0 0,0,0 0,0,0 0,0,0 0,0,0
0,0,0 0,0,0 0,0,0 0,0,0 0,0,0 0,0,0 0,0,0 0,0,0 0,0,0