MODE 0
BALL 70
STARS 0/5100/7300
ADDLINE 0,0,0 0,0,0 0,0,0 0,0,0 0,0,0 0,0,0 12,0,2 4,94,1 1,94,1
ADDLINE 1,90,1 1,90,1 12,0,2 1,90,1 1,90,1 3,90,1 1,90,1 1,90,1 1,90,1
ADDLINE 1,96,1 1,96,1 10,0,2 1,96,1 0,0,0 12,0,2 0,0,0 1,96,1 1,96,1
ADDLINE 1,106,1 1,106,1 0,0,0 1,106,1 12,0,2 1,106,1 0,0,0 3,106,1 2,106,1
ADDLINE 0,0,0 0,0,0 0,0,0 4,107,1 12,0,2 1,107,1 0,0,0 0,0,0 0,0,0
ADDLINE 1,111,1 1,111,1 12,0,2 1,111,1 3,111,1 1,111,1 1,111,1 1,111,1 1,111,1
ADDLINE 1,121,1 1,121,1 12,0,2 5,121,1 5,121,1 1,121,1 1,121,1 1,121,1 1,121,1
ADDLINE 0,0,0 4,138,1 12,0,2 1,138,1 1,138,1 0,0,0 1,138,1 0,0,0 0,0,0
ADDLINE 3,106,1 1,106,1 1,106,1 12,0,2 1,106,1 4,106,1 1,106,1 1,106,1 1,106,1
ADDLINE 4,122,1 1,122,1 2,122,1 0,0,0 1,122,1 12,0,2 1,122,1 1,122,1 1,122,1
ADDLINE 1,133,1 12,0,2 0,0,0 0,0,0 1,266,1 11,0,2 0,0,0 0,0,0 0,0,0
ADDLINE 1,144,1 0,0,0 3,144,1 1,144,1 1,288,1 12,0,2 1,288,1 1,144,1 1,144,1
ADDLINE 1,115,1 0,0,0 1,115,1 0,0,0 0,0,0 0,0,0 12,0,2 0,0,0 1,115,1
ADDLINE 1,127,1 0,0,0 1,127,1 2,127,1 4,127,1 1,127,1 3,127,1 12,0,2 1,127,1
ADDLINE 1,138,1 0,0,0 0,0,0 11,0,2 1,276,1 0,0,0 0,0,0 12,0,2 1,138,1
ADDLINE 1,142,1 1,142,1 1,284,1 12,0,2 1,284,1 1,142,1 1,142,1 1,142,1 2,142,1
ADDLINE 0,0,0 0,0,0 1,120,1 0,0,0 5,120,1 0,0,0 12,0,2 0,0,0 4,120,1
ADDLINE 1,131,1 0,0,0 1,131,1 0,0,0 1,131,1 0,0,0 5,131,1 12,0,2 1,131,1
0,0,0 3,84,1 1,84,1 1,84,1 1,84,1 1,84,1 12,0,2 6,84,1 1,84,1
12,0,2 1,79,1 3,79,1 6,79,1 2,79,1 1,79,1 5,79,1 1,79,1 1,79,1
12,0,2 19,82,1 1,82,1 1,82,1 2,82,1 20,82,1 12,0,2 0,0,0 0,0,0
8,0,2 1,77,1 1,77,1 4,77,1 1,77,1 1,77,1 1,77,1 5,77,1 1,77,1
12,0,2 1,80,1 0,0,0 0,0,0 22,0,2 0,0,0 0,0,0 0,0,0 0,0,0
12,0,2 1,79,1 1,79,1 1,79,1 1,79,1 1,79,1 1,79,1 1,79,1 10,0,2
0,0,0 0,0,0 0,0,0 0,0,0 0,0,0 0,0,0 0,0,0 0,0,0 0,0,0
0,0,0 0,0,0 0,0,0 0,0,0 0,0,0 0,0,0 0,0,0 0,0,0 0,0,0
0,0,0 0,0,0 0,0,0 0,0,0 0,0,0 0,0,0 0,0,0 0,0,0 0,0,0