MODE 0
BALL 70
STARS 0/5000/7200
ADDLINE 0,0,0 0,0,0 12,0,2 3,94,1 1,94,1 1,94,1 1,94,1 1,94,1 1,94,1
ADDLINE 1,95,1 0,0,0 0,0,0 0,0,0 12,0,2 1,95,1 1,95,1 1,95,1 1,95,1
ADDLINE 1,96,1 1,96,1 0,0,0 4,96,1 12,0,2 1,96,1 4,96,1 1,96,1 5,96,1
ADDLINE 1,106,1 1,106,1 0,0,0 1,106,1 12,0,2 1,106,1 1,106,1 1,106,1 3,106,1
ADDLINE 3,107,1 1,107,1 1,107,1 0,0,0 0,0,0 0,0,0 12,0,2 0,0,0 1,107,1
ADDLINE 4,117,1 1,117,1 1,117,1 0,0,0 2,117,1 1,117,1 1,117,1 12,0,2 1,117,1
ADDLINE 1,127,1 2,127,1 1,127,1 0,0,0 1,127,1 1,127,1 1,127,1 12,0,2 1,127,1
ADDLINE 1,138,1 12,0,2 0,0,0 0,0,0 1,138,1 1,138,1 3,138,1 0,0,0 0,0,0
ADDLINE 1,111,1 0,0,0 0,0,0 0,0,0 0,0,0 12,0,2 4,111,1 0,0,0 0,0,0
ADDLINE 1,122,1 0,0,0 0,0,0 0,0,0 1,122,1 0,0,0 1,122,1 12,0,2 0,0,0
ADDLINE 1,133,1 5,133,1 4,133,1 0,0,0 1,133,1 12,0,2 1,133,1 0,0,0 1,133,1
ADDLINE 0,0,0 12,0,2 1,144,1 0,0,0 1,144,1 0,0,0 1,144,1 0,0,0 3,144,1
ADDLINE 1,115,1 5,115,1 3,115,1 0,0,0 1,115,1 1,115,1 2,115,1 12,0,2 1,115,1
ADDLINE 0,0,0 0,0,0 1,127,1 0,0,0 0,0,0 0,0,0 12,0,2 0,0,0 1,127,1
ADDLINE 1,131,1 12,0,2 1,131,1 3,131,1 1,131,1 1,131,1 1,131,1 1,131,1 1,131,1
ADDLINE 1,149,1 0,0,0 0,0,0 0,0,0 5,149,1 12,0,2 0,0,0 0,0,0 0,0,0
ADDLINE 1,120,1 1,120,1 1,120,1 0,0,0 1,120,1 12,0,2 1,120,1 1,120,1 2,120,1
ADDLINE 4,131,1 0,0,0 0,0,0 0,0,0 1,131,1 0,0,0 0,0,0 12,0,2 1,131,1
0,0,0 1,84,1 2,84,1 1,84,1 5,84,1 1,84,1 1,84,1 12,0,2 1,84,1
12,0,2 4,83,1 1,83,1 6,83,1 1,83,1 1,83,1 17,83,1 15,0,2 8,0,2
12,0,2 17,82,1 4,82,1 5,82,1 1,82,1 1,82,1 1,82,1 0,0,0 0,0,0
1,81,1 0,0,0 0,0,0 1,81,1 3,81,1 20,81,1 8,0,2 12,0,2 1,81,1
1,80,1 12,0,2 12,0,2 14,0,2 5,80,1 1,80,1 0,0,0 0,0,0 0,0,0
0,0,0 1,79,1 1,79,1 4,79,1 3,79,1 1,79,1 1,79,1 1,79,1 1,79,1
0,0,0 0,0,0 0,0,0 0,0,0 0,0,0 0,0,0 0,0,0 0,0,0 0,0,0
0,0,0 0,0,0 0,0,0 0,0,0 0,0,0 0,0,0 0,0,0 0,0,0 0,0,0
0,0,0 0,0,0 0,0,0 0,0,0 0,0,0 0,0,0 0,0,0 0,0,0 0,0,0