MODE 0
BALL 70
STARS 0/5200/7200
ADDLINE 0,0,0 0,0,0 0,0,0 0,0,0 1,94,1 12,0,2 3,94,1 1,94,1 1,94,1
ADDLINE 1,90,1 1,90,1 1,90,1 4,90,1 1,90,1 12,0,2 1,90,1 5,90,1 1,90,1
ADDLINE 12,0,2 0,0,0 0,0,0 0,0,0 1,96,1 0,0,0 0,0,0 0,0,0 0,0,0
ADDLINE 1,101,1 1,101,1 1,101,1 1,101,1 1,101,1 12,0,2 4,101,1 1,101,1 1,101,1
ADDLINE 3,107,1 4,107,1 1,107,1 12,0,2 5,107,1 0,0,0 0,0,0 0,0,0 0,0,0
ADDLINE 1,111,1 1,111,1 1,111,1 12,0,2 5,111,1 1,111,1 1,111,1 1,111,1 1,111,1
ADDLINE 1,127,1 4,127,1 1,127,1 1,127,1 0,0,0 1,127,1 12,0,2 0,0,0 0,0,0
ADDLINE 1,132,1 12,0,2 1,132,1 1,132,1 5,132,1 1,132,1 5,132,1 1,132,1 1,132,1
ADDLINE 1,111,1 0,0,0 1,111,1 3,111,1 1,111,1 1,111,1 1,111,1 12,0,2 3,111,1
ADDLINE 4,116,1 1,116,1 1,116,1 1,116,1 1,116,1 12,0,2 1,116,1 1,116,1 1,116,1
ADDLINE 0,0,0 12,0,2 0,0,0 0,0,0 0,0,0 0,0,0 2,133,1 0,0,0 0,0,0
ADDLINE 1,137,1 3,137,1 2,137,1 1,137,1 1,137,1 1,137,1 1,137,1 12,0,2 1,137,1
ADDLINE 0,0,0 0,0,0 2,115,1 12,0,2 0,0,0 0,0,0 1,115,1 0,0,0 0,0,0
ADDLINE 1,127,1 0,0,0 1,127,1 1,127,1 1,127,1 12,0,2 4,127,1 1,127,1 1,127,1
ADDLINE 1,138,1 0,0,0 0,0,0 0,0,0 12,0,2 0,0,0 0,0,0 0,0,0 0,0,0
ADDLINE 1,142,1 4,142,1 1,142,1 1,142,1 1,142,1 5,142,1 12,0,2 1,142,1 3,142,1
ADDLINE 1,120,1 0,0,0 0,0,0 0,0,0 0,0,0 12,0,2 0,0,0 0,0,0 5,120,1
ADDLINE 1,125,1 1,125,1 1,125,1 1,125,1 1,125,1 1,125,1 1,125,1 12,0,2 1,125,1
1,80,1 1,80,1 1,2,1 12,0,2 3,80,1 1,80,1 1,80,1 1,80,1 1,80,1
17,83,1 1,83,1 1,83,1 1,83,1 1,83,1 8,0,2 12,0,2 1,83,1 2,83,1
1,78,1 1,78,1 1,78,1 2,78,1 3,78,1 5,78,1 2,78,1 5,78,1 19,78,1
0,0,0 6,81,1 0,0,0 0,0,0 0,0,0 12,0,2 1,81,1 12,0,2 1,81,1
1,80,1 0,0,0 1,80,1 5,80,1 1,80,1 12,0,2 1,80,1 11,0,2 1,80,1
1,79,1 0,0,0 4,79,1 4,79,1 6,79,1 12,0,2 4,79,1 0,0,0 1,79,1
0,0,0 0,0,0 0,0,0 0,0,0 0,0,0 0,0,0 0,0,0 0,0,0 0,0,0
0,0,0 0,0,0 0,0,0 0,0,0 0,0,0 0,0,0 0,0,0 0,0,0 0,0,0
0,0,0 0,0,0 0,0,0 0,0,0 0,0,0 0,0,0 0,0,0 0,0,0 0,0,0