MODE 0
BALL 80
STARS 0/5000/7100
ADDLINE 1,89,1 1,89,1 1,89,1 12,0,2 1,89,1 1,89,1 1,89,1 1,89,1 1,89,1
ADDLINE 1,90,1 1,90,1 1,90,1 12,0,2 1,90,1 1,90,1 1,90,1 1,90,1 1,90,1
ADDLINE 0,0,0 0,0,0 0,0,0 0,0,0 12,0,2 0,0,0 1,96,1 1,96,1 0,0,0
ADDLINE 1,101,1 12,0,2 1,101,1 1,101,1 1,101,1 1,101,1 1,101,1 1,101,1 1,101,1
ADDLINE 1,107,1 12,0,2 1,107,1 1,107,1 1,107,1 0,0,0 0,0,0 0,0,0 0,0,0
ADDLINE 1,111,1 12,0,2 1,111,1 1,111,1 1,111,1 1,111,1 1,111,1 1,111,1 1,111,1
ADDLINE 1,127,1 0,0,0 12,0,2 0,0,0 0,0,0 0,0,0 1,127,1 1,127,1 1,127,1
ADDLINE 1,132,1 1,132,1 1,132,1 1,132,1 1,132,1 12,0,2 1,132,1 1,132,1 1,132,1
ADDLINE 1,111,1 0,0,0 0,0,0 12,0,2 0,0,0 0,0,0 1,111,1 1,111,1 1,111,1
ADDLINE 1,122,1 1,122,1 1,122,1 0,0,0 1,122,1 1,122,1 1,122,1 12,0,2 1,122,1
ADDLINE 0,0,0 12,0,2 1,133,1 0,0,0 0,0,0 0,0,0 1,133,1 0,0,0 1,133,1
ADDLINE 1,144,1 1,144,1 1,144,1 1,144,1 1,144,1 0,0,0 1,144,1 12,0,2 1,144,1
ADDLINE 1,115,1 0,0,0 12,0,2 0,0,0 0,0,0 0,0,0 1,115,1 0,0,0 1,115,1
ADDLINE 1,127,1 0,0,0 1,127,1 1,127,1 1,127,1 1,127,1 1,127,1 12,0,2 1,127,1
ADDLINE 1,138,1 0,0,0 0,0,0 0,0,0 12,0,2 0,0,0 1,138,1 0,0,0 0,0,0
ADDLINE 1,142,1 1,142,1 1,142,1 1,142,1 1,142,1 12,0,2 1,142,1 1,142,1 1,142,1
ADDLINE 1,120,1 0,0,0 12,0,2 0,0,0 1,120,1 0,0,0 1,120,1 0,0,0 0,0,0
ADDLINE 1,131,1 0,0,0 1,131,1 1,131,1 1,131,1 0,0,0 1,131,1 12,0,2 1,131,1
1,84,1 1,84,1 11,0,2 1,84,1 4,84,1 1,84,1 1,84,1 1,84,1 1,84,1
0,0,0 1,83,1 2,83,1 12,0,2 5,83,1 1,83,1 1,83,1 1,83,1 1,83,1
0,0,0 1,82,1 21,82,1 1,82,1 12,0,2 1,82,1 16,82,1 1,82,1 1,82,1
8,0,2 0,0,0 12,0,2 1,81,1 12,0,2 1,81,1 1,81,1 1,81,1 19,81,1
12,0,2 1,80,1 12,0,2 1,80,1 9,0,2 1,80,1 1,80,1 1,80,1 1,80,1
1,79,1 1,79,1 0,0,0 1,79,1 0,0,0 1,79,1 0,0,0 1,79,1 0,0,0
0,0,0 0,0,0 0,0,0 0,0,0 0,0,0 0,0,0 0,0,0 0,0,0 0,0,0
0,0,0 0,0,0 0,0,0 0,0,0 0,0,0 0,0,0 0,0,0 0,0,0 0,0,0
0,0,0 0,0,0 0,0,0 0,0,0 0,0,0 0,0,0 0,0,0 0,0,0 0,0,0