MODE 0
BALL 80
STARS 0/4800/6600
ADDLINE 1,94,1 0,0,0 1,94,1 12,0,2 0,0,0 0,0,0 1,94,1 1,94,1 1,94,1
ADDLINE 1,95,1 0,0,0 0,0,0 0,0,0 1,95,1 12,0,2 1,95,1 1,95,1 1,95,1
ADDLINE 1,96,1 1,96,1 1,96,1 0,0,0 1,96,1 1,96,1 12,0,2 1,96,1 1,96,1
ADDLINE 1,106,1 1,106,1 1,106,1 0,0,0 1,106,1 12,0,2 0,0,0 1,106,1 1,106,1
ADDLINE 0,0,0 12,0,2 0,0,0 0,0,0 0,0,0 1,107,1 1,107,1 1,107,1 1,107,1
ADDLINE 0,0,0 0,0,0 0,0,0 1,117,1 1,117,1 12,0,2 1,117,1 1,117,1 1,117,1
ADDLINE 1,127,1 1,127,1 0,0,0 1,127,1 1,127,1 12,0,2 1,127,1 1,127,1 1,127,1
ADDLINE 1,138,1 1,138,1 0,0,0 12,0,2 1,138,1 0,0,0 1,138,1 1,138,1 1,138,1
ADDLINE 1,111,1 1,111,1 1,111,1 0,0,0 12,0,2 0,0,0 0,0,0 1,111,1 1,111,1
ADDLINE 12,0,2 0,0,0 0,0,0 0,0,0 1,122,1 0,0,0 1,122,1 0,0,0 0,0,0
ADDLINE 1,133,1 1,133,1 1,133,1 0,0,0 1,133,1 0,0,0 1,133,1 12,0,2 1,133,1
ADDLINE 0,0,0 0,0,0 1,144,1 0,0,0 0,0,0 12,0,2 1,144,1 0,0,0 1,144,1
ADDLINE 1,115,1 0,0,0 1,115,1 0,0,0 1,115,1 1,115,1 1,115,1 12,0,2 1,115,1
ADDLINE 1,127,1 0,0,0 1,127,1 0,0,0 1,127,1 0,0,0 0,0,0 12,0,2 1,127,1
ADDLINE 1,138,1 0,0,0 1,138,1 1,138,1 1,138,1 12,0,2 1,138,1 1,138,1 1,138,1
ADDLINE 1,149,1 0,0,0 0,0,0 12,0,2 1,149,1 0,0,0 1,149,1 0,0,0 0,0,0
ADDLINE 1,120,1 1,120,1 1,120,1 0,0,0 1,120,1 12,0,2 1,120,1 1,120,1 1,120,1
ADDLINE 1,131,1 0,0,0 0,0,0 0,0,0 1,131,1 0,0,0 0,0,0 12,0,2 1,131,1
1,84,1 1,84,1 15,0,2 0,0,0 1,84,1 1,84,1 0,0,0 12,0,2 1,84,1
1,83,1 1,83,1 1,83,1 1,83,1 1,2,1 1,2,1 1,83,1 12,0,2 1,83,1
1,82,1 1,2,1 12,0,2 1,2,1 1,2,1 20,82,1 1,82,1 0,0,0 1,82,1
1,81,1 1,2,1 1,2,1 1,2,1 1,2,1 1,2,1 12,0,2 0,0,0 1,81,1
1,80,1 6,80,1 1,80,1 1,80,1 8,0,2 1,80,1 14,0,2 1,80,1 17,80,1
1,79,1 1,79,1 1,79,1 1,79,1 12,0,2 1,79,1 12,0,2 1,79,1 1,79,1
0,0,0 0,0,0 0,0,0 0,0,0 0,0,0 0,0,0 0,0,0 0,0,0 0,0,0
0,0,0 0,0,0 0,0,0 0,0,0 0,0,0 0,0,0 0,0,0 0,0,0 0,0,0
0,0,0 0,0,0 0,0,0 0,0,0 0,0,0 0,0,0 0,0,0 0,0,0 0,0,0