MODE 0
BALL 80
STARS 0/5200/7200
ADDLINE 1,94,1 1,94,1 1,94,1 1,94,1 1,94,1 1,94,1 1,94,1 12,0,2 19,94,1
ADDLINE 1,95,1 0,0,0 0,0,0 7,0,2 0,0,0 12,0,2 0,0,0 1,190,1 0,0,0
ADDLINE 1,91,1 12,0,2 1,91,1 1,91,1 1,91,1 1,91,1 1,91,1 1,91,1 1,91,1
ADDLINE 1,106,1 0,0,0 1,106,1 1,106,1 20,106,1 12,0,2 1,106,1 1,106,1 1,106,1
ADDLINE 1,214,1 16,107,1 1,214,1 1,214,1 1,214,1 12,0,2 1,214,1 1,214,1 1,214,1
ADDLINE 0,0,0 0,0,0 1,117,1 1,117,1 1,117,1 12,0,2 1,117,1 1,117,1 1,117,1
ADDLINE 1,127,1 0,0,0 1,127,1 1,127,1 1,127,1 12,0,2 1,127,1 1,127,1 1,127,1
ADDLINE 1,138,1 0,0,0 12,0,2 0,0,0 1,138,1 0,0,0 1,138,1 0,0,0 0,0,0
ADDLINE 1,111,1 1,111,1 1,111,1 1,111,1 1,111,1 0,0,0 1,111,1 12,0,2 1,111,1
ADDLINE 1,122,1 0,0,0 1,122,1 12,0,2 1,122,1 1,122,1 1,122,1 0,0,0 1,122,1
ADDLINE 1,133,1 0,0,0 0,0,0 0,0,0 1,133,1 0,0,0 1,133,1 12,0,2 1,133,1
ADDLINE 1,144,1 1,144,1 1,144,1 1,144,1 1,144,1 0,0,0 1,144,1 12,0,2 1,288,1
ADDLINE 0,0,0 12,0,2 1,115,1 0,0,0 0,0,0 0,0,0 1,115,1 0,0,0 7,0,2
ADDLINE 1,127,1 0,0,0 1,127,1 12,0,2 1,127,1 1,127,1 1,127,1 1,254,1 1,254,1
ADDLINE 1,138,1 11,0,2 1,276,1 0,0,0 12,0,2 1,276,1 0,0,0 0,0,0 1,138,1
ADDLINE 1,298,1 0,0,0 1,298,1 1,298,1 20,149,1 1,298,1 1,149,1 12,0,2 1,149,1
ADDLINE 19,120,1 1,240,1 1,240,1 12,0,2 1,240,1 1,240,1 1,240,1 1,240,1 1,240,1
ADDLINE 1,262,1 1,262,1 19,131,1 1,262,1 1,262,1 8,0,2 1,262,1 12,0,2 1,262,1
1,80,1 1,80,1 12,0,2 1,80,1 1,80,1 1,80,1 1,80,1 1,80,1 1,80,1
1,83,1 1,83,1 8,0,2 1,2,1 1,2,1 1,2,1 12,0,2 1,83,1 6,83,1
1,82,1 1,82,1 1,2,1 1,82,1 20,82,1 1,82,1 12,0,2 1,82,1 1,82,1
0,0,0 10,0,2 1,2,1 1,81,1 17,81,1 1,81,1 12,0,2 5,81,1 6,81,1
1,80,1 1,80,1 1,2,1 1,80,1 1,80,1 1,80,1 12,0,2 0,0,0 5,80,1
1,79,1 1,79,1 1,79,1 6,79,1 1,79,1 1,79,1 2,79,1 12,0,2 0,0,0
0,0,0 0,0,0 0,0,0 0,0,0 0,0,0 0,0,0 0,0,0 0,0,0 0,0,0
0,0,0 0,0,0 0,0,0 0,0,0 0,0,0 0,0,0 0,0,0 0,0,0 0,0,0
0,0,0 0,0,0 0,0,0 0,0,0 0,0,0 0,0,0 0,0,0 0,0,0 0,0,0