MODE 0
BALL 80
STARS 0/4500/6500
ADDLINE 1,89,1 1,89,1 1,89,1 1,89,1 1,89,1 12,0,2 1,89,1 1,89,1 1,89,1
ADDLINE 1,95,1 1,95,1 1,95,1 0,0,0 0,0,0 12,0,2 1,95,1 1,95,1 1,95,1
ADDLINE 0,0,0 0,0,0 0,0,0 12,0,2 1,96,1 1,96,1 1,96,1 1,96,1 1,96,1
ADDLINE 12,0,2 0,0,0 0,0,0 0,0,0 1,106,1 1,106,1 0,0,0 0,0,0 0,0,0
ADDLINE 1,107,1 1,107,1 1,107,1 0,0,0 0,0,0 0,0,0 0,0,0 12,0,2 0,0,0
ADDLINE 1,111,1 1,111,1 1,111,1 1,111,1 1,111,1 1,111,1 1,111,1 1,111,1 12,0,2
ADDLINE 1,127,1 1,127,1 1,127,1 1,127,1 0,0,0 0,0,0 12,0,2 0,0,0 0,0,0
ADDLINE 1,132,1 1,132,1 1,132,1 1,132,1 12,0,2 1,132,1 1,132,1 1,132,1 1,132,1
ADDLINE 1,106,1 1,106,1 1,106,1 1,106,1 12,0,2 1,106,1 1,106,1 1,106,1 1,106,1
ADDLINE 1,122,1 0,0,0 1,122,1 0,0,0 1,122,1 12,0,2 1,122,1 1,122,1 1,122,1
ADDLINE 1,133,1 0,0,0 1,133,1 0,0,0 0,0,0 0,0,0 1,133,1 12,0,2 0,0,0
ADDLINE 1,144,1 0,0,0 1,144,1 1,144,1 1,144,1 1,144,1 1,144,1 12,0,2 1,144,1
ADDLINE 0,0,0 0,0,0 1,115,1 12,0,2 0,0,0 0,0,0 0,0,0 0,0,0 1,115,1
ADDLINE 1,121,1 1,121,1 1,121,1 12,0,2 1,121,1 1,121,1 1,121,1 1,121,1 1,121,1
ADDLINE 1,138,1 0,0,0 0,0,0 0,0,0 1,138,1 0,0,0 0,0,0 12,0,2 1,138,1
ADDLINE 1,149,1 0,0,0 1,149,1 1,149,1 1,149,1 1,149,1 1,149,1 12,0,2 1,149,1
ADDLINE 0,0,0 12,0,2 1,120,1 0,0,0 0,0,0 0,0,0 0,0,0 0,0,0 1,120,1
ADDLINE 1,131,1 1,131,1 1,131,1 1,131,1 1,131,1 0,0,0 1,131,1 12,0,2 1,131,1
6,84,1 0,0,0 12,0,2 0,0,0 19,84,1 0,0,0 0,0,0 1,84,1 1,84,1
1,83,1 0,0,0 0,0,0 0,0,0 12,0,2 0,0,0 1,83,1 1,83,1 1,83,1
1,82,1 19,82,1 1,82,1 8,0,2 12,0,2 1,82,1 6,82,1 1,82,1 1,82,1
1,81,1 1,81,1 12,0,2 3,81,1 1,81,1 1,81,1 1,81,1 0,0,0 0,0,0
1,80,1 0,0,0 12,0,2 1,80,1 0,0,0 0,0,0 0,0,0 22,0,2 1,80,1
1,79,1 0,0,0 1,79,1 1,79,1 12,0,2 1,79,1 1,79,1 1,79,1 1,79,1
0,0,0 0,0,0 0,0,0 0,0,0 0,0,0 0,0,0 0,0,0 0,0,0 0,0,0
0,0,0 0,0,0 0,0,0 0,0,0 0,0,0 0,0,0 0,0,0 0,0,0 0,0,0
0,0,0 0,0,0 0,0,0 0,0,0 0,0,0 0,0,0 0,0,0 0,0,0 0,0,0