MODE 0
BALL 80
STARS 0/5200/7400
ADDLINE 1,94,1 2,94,1 1,94,1 1,94,1 3,94,1 0,0,0 0,0,0 12,0,2 0,0,0
ADDLINE 1,95,1 1,95,1 1,95,1 0,0,0 0,0,0 0,0,0 7,0,2 12,0,2 0,0,0
ADDLINE 1,96,1 1,96,1 0,0,0 12,0,2 0,0,0 8,0,2 1,96,1 1,96,1 1,96,1
ADDLINE 1,106,1 1,106,1 11,0,2 1,106,1 1,106,1 1,106,1 2,106,1 12,0,2 5,106,1
ADDLINE 1,107,1 1,107,1 11,0,2 0,0,0 1,107,1 1,107,1 1,107,1 12,0,2 4,107,1
ADDLINE 1,117,1 1,234,1 1,234,1 0,0,0 0,0,0 1,117,1 1,117,1 12,0,2 0,0,0
ADDLINE 1,127,1 1,127,1 1,127,1 1,127,1 12,0,2 0,0,0 0,0,0 1,127,1 0,0,0
ADDLINE 5,138,1 1,138,1 4,138,1 1,138,1 1,138,1 12,0,2 1,138,1 1,138,1 0,0,0
ADDLINE 1,111,1 2,111,1 1,111,1 5,111,1 1,111,1 0,0,0 12,0,2 0,0,0 0,0,0
ADDLINE 0,0,0 0,0,0 1,122,1 12,0,2 0,0,0 0,0,0 1,122,1 0,0,0 0,0,0
ADDLINE 1,126,1 1,126,1 1,126,1 12,0,2 1,126,1 2,126,1 5,126,1 1,126,1 1,126,1
ADDLINE 0,0,0 0,0,0 3,144,1 0,0,0 1,144,1 0,0,0 12,0,2 0,0,0 1,144,1
ADDLINE 1,115,1 0,0,0 1,115,1 0,0,0 1,115,1 12,0,2 1,115,1 0,0,0 1,115,1
ADDLINE 1,127,1 0,0,0 3,127,1 12,0,2 2,127,1 0,0,0 1,127,1 0,0,0 1,127,1
ADDLINE 1,138,1 0,0,0 1,138,1 12,0,2 3,138,1 0,0,0 4,138,1 1,138,1 1,138,1
ADDLINE 1,149,1 0,0,0 0,0,0 0,0,0 0,0,0 0,0,0 1,149,1 12,0,2 0,0,0
ADDLINE 5,114,1 1,114,1 1,114,1 1,114,1 1,114,1 1,114,1 1,114,1 12,0,2 1,114,1
ADDLINE 2,131,1 0,0,0 1,262,1 0,0,0 0,0,0 0,0,0 0,0,0 12,0,2 4,131,1
2,84,1 1,84,1 0,0,0 0,0,0 12,0,2 1,84,1 2,84,1 6,84,1 1,84,1
1,83,1 0,0,0 0,0,0 5,83,1 12,0,2 1,83,1 1,83,1 1,83,1 1,83,1
1,82,1 0,0,0 21,82,1 1,82,1 12,0,2 8,0,2 1,82,1 1,82,1 17,82,1
1,81,1 9,0,2 12,0,2 1,81,1 0,0,0 0,0,0 1,81,1 1,81,1 1,81,1
16,80,1 2,80,1 5,80,1 1,80,1 11,0,2 1,80,1 12,0,2 1,80,1 2,80,1
3,79,1 1,79,1 0,0,0 5,79,1 1,79,1 1,79,1 12,0,2 17,79,1 1,79,1
0,0,0 0,0,0 0,0,0 0,0,0 0,0,0 0,0,0 0,0,0 0,0,0 0,0,0
0,0,0 0,0,0 0,0,0 0,0,0 0,0,0 0,0,0 0,0,0 0,0,0 0,0,0
0,0,0 0,0,0 0,0,0 0,0,0 0,0,0 0,0,0 0,0,0 0,0,0 0,0,0