MODE 0
BALL 80
STARS 0/5000/7000
ADDLINE 5,89,1 1,89,1 1,89,1 1,89,1 1,89,1 12,0,2 1,89,1 1,89,1 1,89,1
ADDLINE 1,90,1 2,90,1 1,90,1 1,90,1 2,90,1 12,0,2 1,90,1 3,90,1 1,90,1
ADDLINE 1,91,1 1,91,1 1,91,1 1,91,1 1,91,1 12,0,2 1,91,1 3,91,1 5,91,1
ADDLINE 0,0,0 0,0,0 0,0,0 0,0,0 0,0,0 12,0,2 1,106,1 0,0,0 0,0,0
ADDLINE 1,102,1 5,102,1 2,102,1 1,102,1 1,102,1 12,0,2 1,102,1 1,102,1 1,102,1
ADDLINE 1,117,1 0,0,0 0,0,0 0,0,0 0,0,0 12,0,2 0,0,0 0,0,0 0,0,0
ADDLINE 1,121,1 12,0,2 1,121,1 5,121,1 1,121,1 1,121,1 1,121,1 1,121,1 1,121,1
ADDLINE 1,138,1 12,0,2 2,138,1 1,138,1 1,138,1 2,138,1 1,138,1 0,0,0 0,0,0
ADDLINE 4,111,1 0,0,0 1,111,1 1,111,1 1,111,1 4,111,1 1,111,1 12,0,2 1,111,1
ADDLINE 1,122,1 0,0,0 1,122,1 12,0,2 1,122,1 0,0,0 0,0,0 0,0,0 1,122,1
ADDLINE 1,133,1 0,0,0 3,133,1 1,133,1 1,133,1 12,0,2 1,133,1 1,133,1 4,133,1
ADDLINE 0,0,0 0,0,0 1,144,1 0,0,0 0,0,0 0,0,0 2,144,1 12,0,2 0,0,0
ADDLINE 1,115,1 5,115,1 1,115,1 0,0,0 3,115,1 1,115,1 1,115,1 12,0,2 1,115,1
ADDLINE 0,0,0 0,0,0 0,0,0 12,0,2 1,127,1 0,0,0 4,127,1 0,0,0 1,127,1
ADDLINE 1,138,1 1,138,1 1,138,1 1,138,1 1,138,1 0,0,0 4,138,1 12,0,2 1,138,1
ADDLINE 1,149,1 0,0,0 0,0,0 0,0,0 12,0,2 0,0,0 1,149,1 0,0,0 1,149,1
ADDLINE 3,120,1 0,0,0 1,120,1 12,0,2 1,120,1 1,120,1 2,120,1 0,0,0 1,120,1
ADDLINE 1,131,1 0,0,0 1,131,1 0,0,0 4,131,1 12,0,2 0,0,0 0,0,0 1,131,1
1,84,1 3,84,1 2,84,1 0,0,0 0,0,0 5,84,1 1,84,1 12,0,2 4,84,1
1,83,1 1,83,1 1,83,1 0,0,0 1,83,1 12,0,2 3,83,1 0,0,0 1,83,1
20,82,1 0,0,0 6,82,1 12,0,2 2,82,1 9,0,2 1,82,1 0,0,0 8,0,2
1,77,1 1,77,1 1,77,1 1,77,1 19,77,1 12,0,2 3,77,1 1,77,1 1,77,1
0,0,0 0,0,0 0,0,0 12,0,2 2,80,1 0,0,0 1,80,1 5,80,1 1,80,1
1,76,1 2,76,1 4,76,1 1,76,1 1,79,1 12,0,2 1,76,1 1,76,1 4,76,1
0,0,0 0,0,0 0,0,0 0,0,0 0,0,0 0,0,0 0,0,0 0,0,0 0,0,0
0,0,0 0,0,0 0,0,0 0,0,0 0,0,0 0,0,0 0,0,0 0,0,0 0,0,0
0,0,0 0,0,0 0,0,0 0,0,0 0,0,0 0,0,0 0,0,0 0,0,0 0,0,0