MODE 0
BALL 80
STARS 0/5000/7000
ADDLINE 1,94,1 0,0,0 1,94,1 1,94,1 1,94,1 4,94,1 12,0,2 1,94,1 1,94,1
ADDLINE 0,0,0 12,0,2 1,95,1 1,95,1 5,95,1 0,0,0 0,0,0 2,95,1 2,95,1
ADDLINE 0,0,0 12,0,2 1,96,1 1,96,1 1,96,1 0,0,0 0,0,0 1,96,1 1,96,1
ADDLINE 0,0,0 12,0,2 1,106,1 1,106,1 1,106,1 1,106,1 0,0,0 1,106,1 5,106,1
ADDLINE 0,0,0 0,0,0 0,0,0 12,0,2 0,0,0 0,0,0 0,0,0 2,107,1 1,107,1
ADDLINE 4,117,1 0,0,0 0,0,0 0,0,0 12,0,2 1,117,1 1,117,1 1,117,1 1,117,1
ADDLINE 0,0,0 0,0,0 1,127,1 1,127,1 12,0,2 3,127,1 3,127,1 5,127,1 1,127,1
ADDLINE 0,0,0 1,138,1 0,0,0 12,0,2 0,0,0 1,138,1 1,138,1 2,138,1 1,138,1
ADDLINE 0,0,0 0,0,0 12,0,2 1,111,1 1,111,1 1,111,1 1,111,1 1,111,1 1,111,1
ADDLINE 12,0,2 0,0,0 1,122,1 0,0,0 0,0,0 0,0,0 1,122,1 0,0,0 0,0,0
ADDLINE 2,126,1 1,126,1 1,126,1 1,126,1 5,126,1 1,126,1 1,126,1 12,0,2 3,126,1
ADDLINE 1,144,1 0,0,0 12,0,2 0,0,0 0,0,0 0,0,0 1,144,1 0,0,0 1,144,1
ADDLINE 1,115,1 0,0,0 5,115,1 0,0,0 1,115,1 12,0,2 1,115,1 1,115,1 1,115,1
ADDLINE 1,127,1 0,0,0 1,127,1 12,0,2 2,127,1 0,0,0 0,0,0 0,0,0 1,127,1
ADDLINE 1,138,1 0,0,0 1,138,1 12,0,2 1,138,1 5,138,1 4,138,1 0,0,0 1,138,1
ADDLINE 1,149,1 0,0,0 1,149,1 0,0,0 5,149,1 0,0,0 0,0,0 12,0,2 0,0,0
ADDLINE 1,114,1 1,114,1 1,114,1 12,0,2 1,114,1 2,114,1 1,114,1 1,114,1 2,114,1
ADDLINE 0,0,0 0,0,0 4,131,1 0,0,0 1,131,1 12,0,2 0,0,0 0,0,0 1,131,1
5,84,1 1,84,1 1,84,1 1,84,1 1,84,1 2,84,1 12,0,2 0,0,0 0,0,0
5,83,1 6,83,1 1,2,1 1,2,1 1,2,1 1,2,1 12,0,2 3,83,1 0,0,0
17,82,1 1,82,1 12,0,2 1,2,1 1,2,1 1,82,1 1,82,1 8,0,2 0,0,0
5,81,1 1,81,1 0,0,0 1,2,1 1,2,1 16,81,1 1,81,1 12,0,2 1,81,1
0,0,0 12,0,2 3,80,1 3,80,1 1,80,1 2,80,1 1,80,1 0,0,0 1,80,1
1,79,1 0,0,0 0,0,0 0,0,0 12,0,2 0,0,0 1,79,1 21,79,1 1,79,1
0,0,0 0,0,0 0,0,0 0,0,0 0,0,0 0,0,0 0,0,0 0,0,0 0,0,0
0,0,0 0,0,0 0,0,0 0,0,0 0,0,0 0,0,0 0,0,0 0,0,0 0,0,0
0,0,0 0,0,0 0,0,0 0,0,0 0,0,0 0,0,0 0,0,0 0,0,0 0,0,0