MODE 0
BALL 80
STARS 0/6500/9200
ADDLINE 1,94,1 1,94,1 12,0,2 19,94,1 1,94,1 1,94,1 1,94,1 1,94,1 0,0,0
ADDLINE 0,0,0 0,0,0 1,95,1 1,95,1 0,0,0 0,0,0 0,0,0 12,0,2 0,0,0
ADDLINE 2,91,1 1,91,1 4,91,1 1,91,1 12,0,2 1,91,1 1,91,1 1,91,1 1,91,1
ADDLINE 0,0,0 0,0,0 0,0,0 12,0,2 0,0,0 1,106,1 1,106,1 1,106,1 1,106,1
ADDLINE 1,102,1 1,102,1 1,102,1 5,102,1 12,0,2 1,102,1 1,102,1 2,102,1 4,102,1
ADDLINE 1,117,1 1,117,1 4,117,1 1,117,1 0,0,0 0,0,0 12,0,2 1,117,1 0,0,0
ADDLINE 1,127,1 1,127,1 1,127,1 2,127,1 12,0,2 1,127,1 0,0,0 1,127,1 0,0,0
ADDLINE 1,138,1 1,138,1 3,138,1 1,138,1 0,0,0 1,138,1 0,0,0 12,0,2 0,0,0
ADDLINE 1,106,1 5,106,1 1,106,1 2,106,1 1,212,1 1,212,1 1,212,1 12,0,2 1,106,1
ADDLINE 1,122,1 0,0,0 1,244,1 12,0,2 1,244,1 17,122,1 1,244,1 1,122,1 1,122,1
ADDLINE 0,0,0 12,0,2 19,133,1 1,266,1 1,266,1 1,266,1 1,266,1 1,266,1 1,266,1
ADDLINE 3,137,1 1,274,1 1,274,1 1,274,1 1,137,1 12,0,2 1,137,1 4,137,1 1,137,1
ADDLINE 1,115,1 0,0,0 1,230,1 1,230,1 1,115,1 12,0,2 0,0,0 0,0,0 0,0,0
ADDLINE 1,127,1 12,0,2 20,127,1 1,254,1 1,127,1 5,127,1 1,127,1 1,127,1 1,127,1
ADDLINE 0,0,0 1,276,1 1,276,1 12,0,2 0,0,0 0,0,0 0,0,0 0,0,0 3,138,1
ADDLINE 1,149,1 4,149,1 1,149,1 0,0,0 1,149,1 1,149,1 1,149,1 12,0,2 1,149,1
ADDLINE 0,0,0 12,0,2 16,120,1 1,240,1 1,240,1 1,240,1 1,240,1 1,240,1 1,240,1
ADDLINE 5,131,1 1,131,1 1,131,1 0,0,0 1,131,1 0,0,0 1,131,1 12,0,2 3,131,1
0,0,0 1,84,1 1,84,1 1,84,1 12,0,2 0,0,0 0,0,0 1,84,1 1,84,1
0,0,0 1,83,1 12,0,2 1,83,1 2,83,1 2,83,1 6,83,1 1,83,1 1,83,1
8,0,2 4,82,1 12,0,2 4,82,1 1,82,1 1,82,1 0,0,0 1,82,1 1,82,1
0,0,0 1,81,1 6,81,1 3,81,1 1,81,1 17,81,1 12,0,2 5,81,1 4,81,1
12,0,2 1,80,1 0,0,0 1,80,1 1,80,1 1,80,1 1,80,1 1,80,1 0,0,0
0,0,0 1,79,1 0,0,0 1,79,1 1,79,1 1,79,1 12,0,2 1,79,1 0,0,0
0,0,0 0,0,0 0,0,0 0,0,0 0,0,0 0,0,0 0,0,0 0,0,0 0,0,0
0,0,0 0,0,0 0,0,0 0,0,0 0,0,0 0,0,0 0,0,0 0,0,0 0,0,0
0,0,0 0,0,0 0,0,0 0,0,0 0,0,0 0,0,0 0,0,0 0,0,0 0,0,0