MODE 0
BALL 80
STARS 0/4800/7000
ADDLINE 0,0,0 12,0,2 0,0,0 0,0,0 0,0,0 0,0,0 0,0,0 1,94,1 1,94,1
ADDLINE 0,0,0 1,95,1 1,95,1 12,0,2 0,0,0 1,95,1 1,95,1 1,95,1 1,95,1
ADDLINE 0,0,0 12,0,2 0,0,0 1,96,1 7,0,2 1,96,1 1,96,1 1,96,1 1,96,1
ADDLINE 1,106,1 1,106,1 10,0,2 1,106,1 1,106,1 1,106,1 12,0,2 1,106,1 1,106,1
ADDLINE 1,107,1 0,0,0 12,0,2 1,107,1 1,107,1 1,107,1 0,0,0 0,0,0 0,0,0
ADDLINE 1,117,1 12,0,2 1,117,1 1,117,1 1,117,1 1,117,1 1,117,1 1,234,1 11,0,2
ADDLINE 0,0,0 12,0,2 1,127,1 1,127,1 1,127,1 1,127,1 1,127,1 1,254,1 11,0,2
ADDLINE 0,0,0 1,138,1 12,0,2 0,0,0 1,138,1 1,138,1 1,138,1 0,0,0 0,0,0
ADDLINE 0,0,0 0,0,0 0,0,0 0,0,0 12,0,2 1,111,1 1,111,1 1,111,1 1,111,1
ADDLINE 1,116,1 12,0,2 1,116,1 1,116,1 1,116,1 1,116,1 1,116,1 1,116,1 1,116,1
ADDLINE 0,0,0 0,0,0 1,133,1 0,0,0 1,266,1 11,0,2 12,0,2 0,0,0 0,0,0
ADDLINE 1,144,1 1,144,1 1,144,1 0,0,0 1,288,1 0,0,0 1,288,1 12,0,2 1,144,1
ADDLINE 1,115,1 0,0,0 1,115,1 12,0,2 0,0,0 0,0,0 1,115,1 0,0,0 1,115,1
ADDLINE 1,127,1 0,0,0 1,127,1 0,0,0 1,254,1 1,254,1 1,254,1 12,0,2 1,127,1
ADDLINE 1,276,1 0,0,0 0,0,0 0,0,0 0,0,0 10,0,2 1,276,1 12,0,2 1,276,1
ADDLINE 1,142,1 1,142,1 1,142,1 1,142,1 1,284,1 1,284,1 1,284,1 12,0,2 1,142,1
ADDLINE 0,0,0 0,0,0 0,0,0 0,0,0 0,0,0 12,0,2 0,0,0 0,0,0 1,120,1
ADDLINE 1,131,1 1,131,1 0,0,0 1,131,1 1,131,1 1,131,1 12,0,2 1,131,1 1,131,1
1,84,1 1,84,1 1,84,1 8,0,2 12,0,2 1,84,1 1,84,1 0,0,0 0,0,0
1,83,1 1,83,1 12,0,2 22,0,2 1,83,1 1,83,1 1,83,1 1,83,1 0,0,0
7,0,2 1,82,1 12,0,2 1,82,1 1,82,1 1,82,1 1,82,1 0,0,0 0,0,0
1,81,1 1,81,1 12,0,2 19,81,1 1,81,1 1,81,1 1,81,1 0,0,0 0,0,0
1,80,1 0,0,0 12,0,2 1,80,1 1,80,1 1,80,1 1,80,1 1,80,1 1,80,1
1,79,1 0,0,0 1,79,1 1,79,1 12,0,2 0,0,0 0,0,0 0,0,0 0,0,0
0,0,0 0,0,0 0,0,0 0,0,0 0,0,0 0,0,0 0,0,0 0,0,0 0,0,0
0,0,0 0,0,0 0,0,0 0,0,0 0,0,0 0,0,0 0,0,0 0,0,0 0,0,0
0,0,0 0,0,0 0,0,0 0,0,0 0,0,0 0,0,0 0,0,0 0,0,0 0,0,0