MODE 0
BALL 80
STARS 0/4900/6800
ADDLINE 1,89,1 12,0,2 1,89,1 1,89,1 1,89,1 1,89,1 1,89,1 1,89,1 1,89,1
ADDLINE 0,0,0 0,0,0 1,95,1 0,0,0 0,0,0 12,0,2 0,0,0 0,0,0 0,0,0
ADDLINE 1,91,1 1,91,1 1,91,1 12,0,2 1,91,1 1,91,1 1,91,1 1,91,1 1,91,1
ADDLINE 0,0,0 12,0,2 1,106,1 0,0,0 1,106,1 1,106,1 1,106,1 1,106,1 1,106,1
ADDLINE 1,102,1 12,0,2 1,102,1 1,102,1 1,102,1 1,102,1 1,102,1 1,102,1 1,102,1
ADDLINE 1,117,1 0,0,0 12,0,2 0,0,0 1,117,1 1,117,1 1,117,1 1,117,1 1,117,1
ADDLINE 1,121,1 12,0,2 1,121,1 1,121,1 1,121,1 1,121,1 1,121,1 1,121,1 1,121,1
ADDLINE 0,0,0 0,0,0 1,138,1 0,0,0 0,0,0 0,0,0 12,0,2 0,0,0 0,0,0
ADDLINE 1,106,1 1,106,1 1,106,1 1,106,1 1,106,1 1,106,1 1,106,1 12,0,2 1,106,1
ADDLINE 1,116,1 1,116,1 1,116,1 1,116,1 1,116,1 12,0,2 1,116,1 1,116,1 1,116,1
ADDLINE 1,133,1 0,0,0 0,0,0 0,0,0 1,133,1 12,0,2 1,133,1 0,0,0 0,0,0
ADDLINE 1,144,1 0,0,0 1,144,1 0,0,0 1,144,1 1,144,1 1,144,1 12,0,2 1,144,1
ADDLINE 1,115,1 0,0,0 1,115,1 0,0,0 0,0,0 12,0,2 1,115,1 0,0,0 1,115,1
ADDLINE 1,127,1 0,0,0 1,127,1 1,127,1 1,127,1 0,0,0 1,127,1 12,0,2 1,127,1
ADDLINE 1,138,1 0,0,0 1,138,1 12,0,2 1,138,1 0,0,0 0,0,0 0,0,0 1,138,1
ADDLINE 1,149,1 0,0,0 1,149,1 12,0,2 1,149,1 0,0,0 1,149,1 1,149,1 1,149,1
ADDLINE 1,120,1 0,0,0 1,120,1 0,0,0 12,0,2 0,0,0 1,120,1 0,0,0 0,0,0
ADDLINE 1,131,1 0,0,0 1,131,1 0,0,0 1,131,1 1,131,1 1,131,1 12,0,2 1,131,1
1,84,1 1,84,1 1,84,1 1,84,1 12,0,2 1,84,1 1,84,1 1,84,1 0,0,0
0,0,0 1,83,1 1,83,1 1,83,1 12,0,2 1,83,1 1,83,1 1,83,1 0,0,0
12,0,2 1,78,1 6,78,1 1,78,1 1,78,1 1,78,1 1,78,1 1,78,1 1,78,1
11,0,2 1,81,1 1,81,1 1,81,1 12,0,2 0,0,0 0,0,0 0,0,0 0,0,0
12,0,2 1,77,1 1,77,1 1,77,1 1,77,1 20,77,1 1,77,1 1,77,1 1,77,1
12,0,2 0,0,0 0,0,0 0,0,0 0,0,0 1,79,1 0,0,0 0,0,0 0,0,0
0,0,0 0,0,0 0,0,0 0,0,0 0,0,0 0,0,0 0,0,0 0,0,0 0,0,0
0,0,0 0,0,0 0,0,0 0,0,0 0,0,0 0,0,0 0,0,0 0,0,0 0,0,0
0,0,0 0,0,0 0,0,0 0,0,0 0,0,0 0,0,0 0,0,0 0,0,0 0,0,0