MODE 0
BALL 80
STARS 0/5000/7100
ADDLINE 0,0,0 0,0,0 12,0,2 0,0,0 1,94,1 1,94,1 1,94,1 17,94,1 1,94,1
ADDLINE 1,90,1 12,0,2 1,90,1 1,90,1 1,90,1 1,90,1 1,90,1 1,90,1 1,90,1
ADDLINE 1,96,1 0,0,0 0,0,0 0,0,0 0,0,0 0,0,0 12,0,2 0,0,0 0,0,0
ADDLINE 1,106,1 12,0,2 1,106,1 1,106,1 1,106,1 1,106,1 1,106,1 1,106,1 16,106,1
ADDLINE 0,0,0 1,107,1 1,107,1 1,107,1 1,107,1 1,107,1 1,107,1 12,0,2 16,107,1
ADDLINE 1,117,1 1,234,1 20,117,1 1,234,1 1,234,1 12,0,2 1,117,1 1,117,1 1,117,1
ADDLINE 1,127,1 1,254,1 1,254,1 20,127,1 1,254,1 0,0,0 12,0,2 0,0,0 0,0,0
ADDLINE 1,132,1 1,132,1 1,264,1 1,264,1 1,264,1 12,0,2 1,132,1 1,132,1 1,132,1
ADDLINE 1,106,1 1,106,1 1,106,1 1,106,1 1,106,1 12,0,2 1,106,1 1,106,1 1,106,1
ADDLINE 1,122,1 1,122,1 1,122,1 0,0,0 1,122,1 1,122,1 1,122,1 12,0,2 1,122,1
ADDLINE 1,133,1 0,0,0 1,266,1 0,0,0 12,0,2 0,0,0 1,133,1 0,0,0 1,133,1
ADDLINE 1,288,1 0,0,0 1,288,1 19,144,1 1,288,1 12,0,2 1,288,1 1,288,1 1,288,1
ADDLINE 1,115,1 0,0,0 1,230,1 12,0,2 1,230,1 0,0,0 1,115,1 0,0,0 1,115,1
ADDLINE 1,127,1 0,0,0 1,127,1 0,0,0 1,127,1 12,0,2 1,127,1 0,0,0 1,127,1
ADDLINE 1,138,1 0,0,0 1,138,1 12,0,2 1,138,1 0,0,0 1,138,1 0,0,0 0,0,0
ADDLINE 1,149,1 1,149,1 1,149,1 0,0,0 1,149,1 12,0,2 1,149,1 1,149,1 1,149,1
ADDLINE 0,0,0 0,0,0 0,0,0 0,0,0 1,120,1 12,0,2 1,120,1 0,0,0 0,0,0
ADDLINE 1,131,1 0,0,0 1,131,1 1,131,1 1,131,1 0,0,0 1,131,1 12,0,2 1,131,1
0,0,0 0,0,0 12,0,2 1,84,1 1,84,1 1,84,1 6,84,1 1,84,1 0,0,0
1,83,1 1,83,1 12,0,2 17,83,1 1,83,1 1,83,1 1,83,1 1,83,1 0,0,0
0,0,0 12,0,2 0,0,0 1,82,1 1,82,1 1,82,1 0,0,0 0,0,0 0,0,0
8,0,2 1,81,1 1,81,1 1,81,1 22,0,2 6,81,1 12,0,2 1,81,1 18,81,1
0,0,0 1,80,1 1,80,1 1,80,1 12,0,2 1,80,1 0,0,0 1,80,1 1,80,1
0,0,0 1,79,1 1,79,1 1,79,1 1,79,1 1,79,1 12,0,2 1,79,1 1,79,1
0,0,0 0,0,0 0,0,0 0,0,0 0,0,0 0,0,0 0,0,0 0,0,0 0,0,0
0,0,0 0,0,0 0,0,0 0,0,0 0,0,0 0,0,0 0,0,0 0,0,0 0,0,0
0,0,0 0,0,0 0,0,0 0,0,0 0,0,0 0,0,0 0,0,0 0,0,0 0,0,0