MODE 0
BALL 80
STARS 0/5200/7300
ADDLINE 12,0,2 0,0,0 0,0,0 3,94,1 0,0,0 1,94,1 1,94,1 4,94,1 0,0,0
ADDLINE 1,95,1 2,95,1 1,95,1 1,95,1 12,0,2 1,95,1 1,95,1 1,95,1 0,0,0
ADDLINE 0,0,0 0,0,0 0,0,0 12,0,2 0,0,0 1,96,1 0,0,0 0,0,0 0,0,0
ADDLINE 1,101,1 1,101,1 12,0,2 1,101,1 2,101,1 1,101,1 2,101,1 4,101,1 1,101,1
ADDLINE 5,107,1 1,107,1 0,0,0 1,107,1 12,0,2 1,107,1 5,107,1 1,107,1 1,107,1
ADDLINE 1,111,1 4,111,1 12,0,2 1,111,1 1,111,1 1,111,1 1,111,1 1,111,1 1,111,1
ADDLINE 1,127,1 1,127,1 0,0,0 0,0,0 0,0,0 0,0,0 0,0,0 12,0,2 0,0,0
ADDLINE 1,132,1 1,132,1 1,132,1 1,132,1 1,132,1 4,132,1 2,132,1 1,132,1 12,0,2
ADDLINE 12,0,2 1,111,1 0,0,0 5,111,1 5,111,1 1,111,1 1,111,1 1,111,1 0,0,0
ADDLINE 0,0,0 0,0,0 0,0,0 12,0,2 1,122,1 0,0,0 1,122,1 0,0,0 0,0,0
ADDLINE 1,133,1 2,133,1 3,133,1 1,133,1 1,133,1 0,0,0 1,133,1 12,0,2 1,133,1
ADDLINE 0,0,0 0,0,0 12,0,2 0,0,0 4,144,1 0,0,0 1,144,1 0,0,0 0,0,0
ADDLINE 1,115,1 3,115,1 1,115,1 0,0,0 1,115,1 12,0,2 1,115,1 1,115,1 1,115,1
ADDLINE 0,0,0 0,0,0 1,127,1 0,0,0 12,0,2 0,0,0 1,127,1 0,0,0 0,0,0
ADDLINE 1,138,1 4,138,1 1,138,1 4,138,1 5,138,1 0,0,0 1,138,1 12,0,2 1,138,1
ADDLINE 0,0,0 0,0,0 0,0,0 0,0,0 3,149,1 12,0,2 1,149,1 0,0,0 0,0,0
ADDLINE 1,120,1 1,120,1 5,120,1 0,0,0 5,120,1 12,0,2 1,120,1 2,120,1 1,120,1
ADDLINE 1,131,1 0,0,0 1,131,1 12,0,2 1,131,1 0,0,0 1,131,1 0,0,0 1,131,1
4,80,1 12,0,2 5,80,1 1,80,1 1,80,1 1,80,1 2,80,1 1,80,1 1,80,1
15,0,2 12,0,2 0,0,0 0,0,0 1,83,1 0,0,0 2,83,1 6,83,1 1,83,1
2,82,1 1,82,1 1,82,1 22,0,2 20,82,1 12,0,2 1,82,1 1,82,1 4,82,1
19,81,1 3,81,1 1,81,1 0,0,0 1,81,1 0,0,0 0,0,0 12,0,2 0,0,0
1,77,1 1,77,1 1,77,1 12,0,2 1,77,1 1,77,1 5,77,1 1,77,1 1,77,1
1,79,1 4,79,1 3,79,1 14,0,2 12,0,2 0,0,0 1,79,1 0,0,0 0,0,0
0,0,0 0,0,0 0,0,0 0,0,0 0,0,0 0,0,0 0,0,0 0,0,0 0,0,0
0,0,0 0,0,0 0,0,0 0,0,0 0,0,0 0,0,0 0,0,0 0,0,0 0,0,0
0,0,0 0,0,0 0,0,0 0,0,0 0,0,0 0,0,0 0,0,0 0,0,0 0,0,0