MODE 0
BALL 80
STARS 0/4700/6700
ADDLINE 1,89,1 5,89,1 1,89,1 1,89,1 1,89,1 12,0,2 1,89,1 1,89,1 1,89,1
ADDLINE 1,95,1 0,0,0 12,0,2 0,0,0 0,0,0 0,0,0 3,95,1 4,95,1 1,95,1
ADDLINE 1,96,1 0,0,0 12,0,2 11,0,2 1,96,1 1,96,1 1,96,1 1,96,1 1,96,1
ADDLINE 1,106,1 3,106,1 1,106,1 0,0,0 12,0,2 0,0,0 0,0,0 1,106,1 20,106,1
ADDLINE 1,107,1 1,107,1 1,107,1 1,107,1 1,107,1 1,107,1 0,0,0 12,0,2 1,107,1
ADDLINE 1,117,1 1,117,1 4,117,1 5,117,1 5,117,1 1,117,1 1,117,1 12,0,2 0,0,0
ADDLINE 1,127,1 4,127,1 1,127,1 3,127,1 1,127,1 12,0,2 0,0,0 0,0,0 0,0,0
ADDLINE 0,0,0 0,0,0 12,0,2 0,0,0 0,0,0 0,0,0 1,276,1 1,276,1 1,138,1
ADDLINE 0,0,0 0,0,0 12,0,2 1,111,1 1,111,1 1,111,1 1,222,1 7,0,2 1,111,1
ADDLINE 1,122,1 1,122,1 1,122,1 0,0,0 1,122,1 12,0,2 1,244,1 1,244,1 5,122,1
ADDLINE 12,0,2 0,0,0 1,133,1 0,0,0 2,133,1 0,0,0 0,0,0 0,0,0 0,0,0
ADDLINE 1,288,1 0,0,0 1,288,1 12,0,2 1,288,1 1,288,1 1,288,1 1,288,1 16,144,1
ADDLINE 16,115,1 1,230,1 1,230,1 0,0,0 1,230,1 12,0,2 1,230,1 1,230,1 1,230,1
ADDLINE 1,127,1 17,127,1 1,254,1 1,127,1 1,127,1 12,0,2 1,127,1 1,127,1 1,127,1
ADDLINE 1,138,1 1,276,1 0,0,0 0,0,0 5,138,1 12,0,2 4,138,1 0,0,0 0,0,0
ADDLINE 1,149,1 0,0,0 1,149,1 12,0,2 1,149,1 0,0,0 1,149,1 0,0,0 1,149,1
ADDLINE 1,120,1 11,0,2 1,240,1 0,0,0 12,0,2 0,0,0 3,120,1 0,0,0 0,0,0
ADDLINE 1,125,1 12,0,2 1,250,1 4,125,1 1,125,1 1,125,1 4,125,1 1,125,1 2,125,1
1,84,1 1,84,1 1,84,1 4,84,1 5,84,1 12,0,2 1,2,1 1,2,1 11,0,2
1,83,1 6,83,1 2,83,1 1,83,1 12,0,2 1,2,1 1,83,1 1,2,1 1,2,1
1,82,1 1,82,1 1,2,1 7,0,2 1,2,1 1,82,1 1,2,1 12,0,2 1,82,1
1,2,1 1,2,1 1,2,1 1,81,1 12,0,2 10,0,2 12,0,2 1,81,1 17,81,1
1,2,1 1,80,1 1,80,1 1,80,1 12,0,2 1,80,1 1,80,1 1,80,1 1,80,1
1,2,1 1,79,1 1,79,1 18,79,1 1,79,1 1,79,1 1,79,1 1,79,1 1,79,1
0,0,0 0,0,0 0,0,0 0,0,0 0,0,0 0,0,0 0,0,0 0,0,0 0,0,0
0,0,0 0,0,0 0,0,0 0,0,0 0,0,0 0,0,0 0,0,0 0,0,0 0,0,0
0,0,0 0,0,0 0,0,0 0,0,0 0,0,0 0,0,0 0,0,0 0,0,0 0,0,0