MODE 0
BALL 80
STARS 0/4800/6800
ADDLINE 1,89,1 1,89,1 1,89,1 1,89,1 2,89,1 3,89,1 12,0,2 1,89,1 5,89,1
ADDLINE 1,95,1 3,95,1 1,95,1 1,95,1 12,0,2 0,0,0 0,0,0 1,95,1 0,0,0
ADDLINE 1,91,1 1,91,1 1,91,1 1,91,1 12,0,2 1,91,1 2,91,1 1,91,1 1,91,1
ADDLINE 1,101,1 1,101,1 4,101,1 1,101,1 12,0,2 1,101,1 1,101,1 3,101,1 1,101,1
ADDLINE 1,102,1 2,102,1 1,102,1 1,102,1 12,0,2 1,102,1 1,102,1 4,102,1 1,102,1
ADDLINE 0,0,0 0,0,0 0,0,0 0,0,0 0,0,0 1,117,1 0,0,0 12,0,2 0,0,0
ADDLINE 1,121,1 1,121,1 1,121,1 2,121,1 12,0,2 1,121,1 1,121,1 1,121,1 1,121,1
ADDLINE 0,0,0 0,0,0 12,0,2 0,0,0 0,0,0 1,138,1 0,0,0 0,0,0 0,0,0
ADDLINE 3,111,1 1,111,1 0,0,0 4,111,1 1,111,1 3,111,1 12,0,2 1,111,1 0,0,0
ADDLINE 3,122,1 1,122,1 1,122,1 0,0,0 1,122,1 12,0,2 1,122,1 0,0,0 1,122,1
ADDLINE 0,0,0 0,0,0 1,133,1 0,0,0 1,133,1 0,0,0 1,133,1 12,0,2 5,133,1
ADDLINE 1,144,1 0,0,0 4,144,1 1,144,1 1,144,1 0,0,0 1,144,1 12,0,2 3,144,1
ADDLINE 0,0,0 0,0,0 1,115,1 0,0,0 0,0,0 0,0,0 1,115,1 12,0,2 5,115,1
ADDLINE 1,127,1 0,0,0 2,127,1 12,0,2 1,127,1 1,127,1 3,127,1 0,0,0 1,127,1
ADDLINE 1,138,1 0,0,0 1,138,1 0,0,0 1,138,1 12,0,2 0,0,0 0,0,0 1,138,1
ADDLINE 1,149,1 1,149,1 1,149,1 0,0,0 1,149,1 12,0,2 1,149,1 1,149,1 2,149,1
ADDLINE 0,0,0 0,0,0 0,0,0 12,0,2 1,120,1 0,0,0 3,120,1 0,0,0 0,0,0
ADDLINE 2,131,1 1,131,1 1,131,1 1,131,1 1,131,1 0,0,0 1,131,1 12,0,2 5,131,1
1,84,1 2,84,1 1,84,1 1,84,1 0,0,0 0,0,0 12,0,2 1,84,1 0,0,0
1,79,1 3,79,1 1,79,1 4,79,1 0,0,0 3,79,1 1,79,1 16,79,1 12,0,2
0,0,0 0,0,0 12,0,2 0,0,0 0,0,0 1,82,1 0,0,0 0,0,0 0,0,0
4,81,1 1,81,1 1,81,1 1,81,1 9,0,2 6,81,1 12,0,2 1,81,1 4,81,1
0,0,0 20,80,1 3,80,1 1,80,1 8,0,2 1,80,1 12,0,2 1,80,1 1,80,1
0,0,0 1,79,1 1,79,1 1,79,1 4,79,1 5,79,1 12,0,2 1,79,1 3,79,1
0,0,0 0,0,0 0,0,0 0,0,0 0,0,0 0,0,0 0,0,0 0,0,0 0,0,0
0,0,0 0,0,0 0,0,0 0,0,0 0,0,0 0,0,0 0,0,0 0,0,0 0,0,0
0,0,0 0,0,0 0,0,0 0,0,0 0,0,0 0,0,0 0,0,0 0,0,0 0,0,0