MODE 0
BALL 80
STARS 0/4800/6800
ADDLINE 0,0,0 0,0,0 0,0,0 0,0,0 1,95,1 0,0,0 0,0,0 12,0,2 1,95,1
ADDLINE 1,96,1 1,96,1 1,96,1 0,0,0 1,96,1 12,0,2 1,96,1 1,96,1 1,96,1
ADDLINE 1,97,1 1,97,1 1,97,1 0,0,0 1,97,1 12,0,2 1,97,1 1,97,1 7,0,2
ADDLINE 1,107,1 1,107,1 1,107,1 8,0,2 1,107,1 12,0,2 1,107,1 1,107,1 1,107,1
ADDLINE 11,0,2 0,0,0 1,108,1 12,0,2 1,108,1 0,0,0 0,0,0 0,0,0 0,0,0
ADDLINE 1,224,1 1,224,1 1,112,1 1,112,1 1,112,1 1,112,1 1,112,1 12,0,2 1,112,1
ADDLINE 1,128,1 0,0,0 0,0,0 1,128,1 1,128,1 1,128,1 0,0,0 12,0,2 1,128,1
ADDLINE 1,133,1 1,133,1 1,133,1 1,133,1 1,133,1 1,133,1 12,0,2 1,133,1 1,133,1
ADDLINE 1,224,1 1,224,1 1,224,1 12,0,2 8,0,2 0,0,0 0,0,0 0,0,0 0,0,0
ADDLINE 1,123,1 0,0,0 1,123,1 0,0,0 1,123,1 0,0,0 1,123,1 12,0,2 1,123,1
ADDLINE 0,0,0 12,0,2 1,268,1 0,0,0 1,134,1 0,0,0 1,134,1 0,0,0 0,0,0
ADDLINE 1,145,1 1,290,1 7,0,2 0,0,0 1,145,1 12,0,2 1,145,1 1,145,1 1,145,1
ADDLINE 0,0,0 0,0,0 1,232,1 0,0,0 1,116,1 12,0,2 1,116,1 0,0,0 1,116,1
ADDLINE 1,256,1 8,0,2 1,256,1 0,0,0 1,256,1 0,0,0 1,256,1 12,0,2 1,256,1
ADDLINE 1,139,1 0,0,0 1,139,1 12,0,2 1,139,1 0,0,0 1,139,1 0,0,0 1,139,1
ADDLINE 1,150,1 0,0,0 1,150,1 12,0,2 1,150,1 0,0,0 1,150,1 0,0,0 1,150,1
ADDLINE 1,121,1 0,0,0 1,121,1 0,0,0 1,121,1 12,0,2 0,0,0 0,0,0 1,121,1
ADDLINE 1,132,1 0,0,0 1,132,1 0,0,0 1,132,1 1,132,1 1,132,1 12,0,2 1,132,1
1,85,1 1,85,1 1,85,1 0,0,0 1,85,1 1,85,1 1,85,1 12,0,2 1,85,1
0,0,0 12,0,2 1,84,1 0,0,0 0,0,0 0,0,0 9,0,2 0,0,0 1,84,1
16,79,1 12,0,2 1,79,1 1,79,1 1,79,1 1,79,1 1,79,1 1,79,1 1,79,1
1,82,1 0,0,0 1,82,1 1,82,1 6,82,1 1,82,1 1,82,1 12,0,2 0,0,0
1,78,1 12,0,2 1,78,1 1,78,1 1,78,1 1,78,1 1,78,1 1,78,1 1,78,1
1,80,1 0,0,0 10,0,2 0,0,0 0,0,0 12,0,2 0,0,0 0,0,0 0,0,0
0,0,0 0,0,0 0,0,0 0,0,0 0,0,0 0,0,0 0,0,0 0,0,0 0,0,0
0,0,0 0,0,0 0,0,0 0,0,0 0,0,0 0,0,0 0,0,0 0,0,0 0,0,0
0,0,0 0,0,0 0,0,0 0,0,0 0,0,0 0,0,0 0,0,0 0,0,0 0,0,0