MODE 0
BALL 80
STARS 0/4800/6800
ADDLINE 1,95,1 1,95,1 1,95,1 0,0,0 12,0,2 0,0,0 0,0,0 1,95,1 1,95,1
ADDLINE 1,96,1 1,96,1 0,0,0 12,0,2 1,96,1 1,96,1 0,0,0 0,0,0 1,96,1
ADDLINE 1,97,1 0,0,0 12,0,2 1,97,1 1,97,1 1,97,1 1,97,1 0,0,0 1,97,1
ADDLINE 1,107,1 0,0,0 1,107,1 1,107,1 1,107,1 1,107,1 12,0,2 0,0,0 1,107,1
ADDLINE 1,108,1 1,108,1 1,108,1 1,108,1 1,108,1 0,0,0 12,0,2 0,0,0 0,0,0
ADDLINE 0,0,0 1,118,1 1,118,1 1,118,1 12,0,2 0,0,0 1,118,1 1,118,1 1,118,1
ADDLINE 0,0,0 0,0,0 1,128,1 1,128,1 12,0,2 1,128,1 1,128,1 1,128,1 1,128,1
ADDLINE 0,0,0 0,0,0 1,139,1 1,139,1 0,0,0 12,0,2 0,0,0 1,139,1 1,139,1
ADDLINE 0,0,0 0,0,0 1,112,1 1,112,1 1,112,1 1,112,1 12,0,2 0,0,0 1,112,1
ADDLINE 1,123,1 0,0,0 1,123,1 12,0,2 0,0,0 0,0,0 1,123,1 0,0,0 0,0,0
ADDLINE 1,127,1 1,127,1 1,127,1 12,0,2 1,127,1 1,127,1 1,127,1 1,127,1 1,127,1
ADDLINE 0,0,0 12,0,2 1,145,1 0,0,0 0,0,0 0,0,0 0,0,0 0,0,0 0,0,0
ADDLINE 1,116,1 0,0,0 1,116,1 1,116,1 1,116,1 1,116,1 1,116,1 12,0,2 1,116,1
ADDLINE 1,128,1 0,0,0 1,128,1 0,0,0 0,0,0 12,0,2 1,128,1 0,0,0 0,0,0
ADDLINE 1,139,1 0,0,0 1,139,1 0,0,0 1,139,1 12,0,2 1,139,1 1,139,1 1,139,1
ADDLINE 1,150,1 12,0,2 0,0,0 0,0,0 1,150,1 0,0,0 1,150,1 0,0,0 0,0,0
ADDLINE 1,121,1 1,121,1 1,121,1 1,121,1 1,121,1 0,0,0 1,121,1 12,0,2 1,121,1
ADDLINE 1,132,1 0,0,0 0,0,0 0,0,0 1,132,1 0,0,0 0,0,0 12,0,2 1,132,1
1,85,1 1,85,1 1,85,1 1,85,1 0,0,0 12,0,2 1,85,1 1,85,1 0,0,0
1,84,1 1,84,1 6,84,1 1,84,1 12,0,2 1,84,1 0,0,0 8,0,2 0,0,0
1,83,1 20,83,1 1,83,1 0,0,0 18,83,1 0,0,0 12,0,2 1,83,1 1,83,1
1,82,1 1,82,1 1,82,1 9,0,2 1,82,1 1,82,1 12,0,2 0,0,0 1,82,1
1,81,1 1,81,1 0,0,0 0,0,0 1,81,1 1,81,1 1,81,1 12,0,2 1,81,1
0,0,0 0,0,0 1,80,1 1,80,1 0,0,0 12,0,2 1,80,1 11,0,2 1,80,1
0,0,0 0,0,0 0,0,0 0,0,0 0,0,0 0,0,0 0,0,0 0,0,0 0,0,0
0,0,0 0,0,0 0,0,0 0,0,0 0,0,0 0,0,0 0,0,0 0,0,0 0,0,0
0,0,0 0,0,0 0,0,0 0,0,0 0,0,0 0,0,0 0,0,0 0,0,0 0,0,0