MODE 0
BALL 80
STARS 0/5000/6800
ADDLINE 1,95,1 0,0,0 12,0,2 0,0,0 0,0,0 0,0,0 0,0,0 1,95,1 1,95,1
ADDLINE 1,96,1 1,96,1 1,96,1 1,96,1 1,96,1 12,0,2 0,0,0 0,0,0 0,0,0
ADDLINE 1,97,1 12,0,2 0,0,0 0,0,0 0,0,0 0,0,0 1,97,1 0,0,0 0,0,0
ADDLINE 0,0,0 1,107,1 1,107,1 1,107,1 1,107,1 12,0,2 1,107,1 16,107,1 1,107,1
ADDLINE 0,0,0 0,0,0 0,0,0 1,108,1 12,0,2 1,108,1 1,108,1 1,108,1 1,108,1
ADDLINE 1,112,1 1,224,1 1,224,1 1,224,1 12,0,2 1,112,1 1,112,1 1,112,1 1,112,1
ADDLINE 0,0,0 12,0,2 20,128,1 1,256,1 1,128,1 1,128,1 1,128,1 1,128,1 1,128,1
ADDLINE 1,139,1 1,278,1 0,0,0 12,0,2 0,0,0 1,139,1 1,139,1 1,139,1 1,139,1
ADDLINE 0,0,0 0,0,0 0,0,0 1,112,1 0,0,0 12,0,2 1,112,1 1,224,1 1,224,1
ADDLINE 1,123,1 0,0,0 1,123,1 0,0,0 1,123,1 12,0,2 0,0,0 0,0,0 17,123,1
ADDLINE 1,134,1 0,0,0 1,134,1 0,0,0 1,134,1 1,134,1 1,134,1 12,0,2 1,268,1
ADDLINE 1,145,1 0,0,0 1,145,1 0,0,0 12,0,2 0,0,0 1,145,1 0,0,0 1,145,1
ADDLINE 1,116,1 0,0,0 1,116,1 1,116,1 1,116,1 0,0,0 1,116,1 12,0,2 1,116,1
ADDLINE 1,128,1 1,256,1 1,256,1 12,0,2 1,128,1 0,0,0 1,128,1 0,0,0 1,128,1
ADDLINE 1,139,1 20,139,1 1,278,1 1,139,1 1,139,1 0,0,0 1,139,1 12,0,2 1,139,1
ADDLINE 1,150,1 12,0,2 0,0,0 0,0,0 0,0,0 0,0,0 1,150,1 0,0,0 0,0,0
ADDLINE 1,115,1 12,0,2 1,115,1 1,115,1 1,115,1 1,115,1 1,115,1 1,115,1 1,115,1
ADDLINE 1,132,1 12,0,2 0,0,0 0,0,0 0,0,0 0,0,0 1,264,1 1,264,1 0,0,0
8,0,2 0,0,0 12,0,2 1,85,1 1,85,1 1,85,1 1,85,1 1,85,1 17,85,1
1,84,1 1,84,1 12,0,2 1,84,1 1,84,1 19,84,1 1,84,1 1,84,1 1,84,1
20,83,1 1,83,1 12,0,2 1,83,1 1,83,1 1,83,1 1,83,1 1,83,1 16,83,1
0,0,0 0,0,0 12,0,2 0,0,0 0,0,0 5,82,1 1,82,1 1,82,1 1,82,1
0,0,0 1,81,1 1,81,1 1,81,1 1,81,1 0,0,0 12,0,2 0,0,0 0,0,0
1,80,1 0,0,0 12,0,2 16,80,1 1,80,1 1,80,1 0,0,0 1,80,1 1,80,1
0,0,0 0,0,0 0,0,0 0,0,0 0,0,0 0,0,0 0,0,0 0,0,0 0,0,0
0,0,0 0,0,0 0,0,0 0,0,0 0,0,0 0,0,0 0,0,0 0,0,0 0,0,0
0,0,0 0,0,0 0,0,0 0,0,0 0,0,0 0,0,0 0,0,0 0,0,0 0,0,0