MODE 0
BALL 80
STARS 0/5100/7300
ADDLINE 0,0,0 0,0,0 0,0,0 1,95,1 0,0,0 1,95,1 12,0,2 1,95,1 1,95,1
ADDLINE 1,96,1 1,96,1 0,0,0 1,96,1 1,96,1 1,96,1 12,0,2 1,96,1 1,96,1
ADDLINE 0,0,0 1,97,1 0,0,0 1,97,1 0,0,0 0,0,0 12,0,2 1,97,1 1,97,1
ADDLINE 1,107,1 1,107,1 0,0,0 1,107,1 0,0,0 1,107,1 12,0,2 1,107,1 1,107,1
ADDLINE 1,108,1 1,108,1 0,0,0 1,108,1 12,0,2 1,108,1 0,0,0 0,0,0 0,0,0
ADDLINE 1,112,1 1,112,1 1,112,1 1,112,1 1,112,1 1,112,1 1,112,1 1,112,1 12,0,2
ADDLINE 1,128,1 1,128,1 0,0,0 0,0,0 12,0,2 1,128,1 1,128,1 0,0,0 1,128,1
ADDLINE 1,133,1 1,133,1 12,0,2 1,133,1 1,133,1 1,133,1 1,133,1 1,133,1 1,133,1
ADDLINE 1,112,1 1,112,1 12,0,2 1,112,1 1,112,1 1,112,1 1,112,1 1,112,1 0,0,0
ADDLINE 1,123,1 0,0,0 0,0,0 12,0,2 1,123,1 0,0,0 1,123,1 0,0,0 1,123,1
ADDLINE 1,134,1 0,0,0 1,134,1 12,0,2 1,134,1 0,0,0 1,134,1 1,134,1 1,134,1
ADDLINE 0,0,0 0,0,0 1,145,1 0,0,0 0,0,0 12,0,2 1,145,1 0,0,0 0,0,0
ADDLINE 1,116,1 1,116,1 1,116,1 1,116,1 1,116,1 0,0,0 1,116,1 12,0,2 1,116,1
ADDLINE 1,128,1 0,0,0 0,0,0 12,0,2 1,128,1 0,0,0 1,128,1 0,0,0 0,0,0
ADDLINE 1,139,1 0,0,0 1,139,1 12,0,2 1,139,1 1,139,1 1,139,1 1,139,1 1,139,1
ADDLINE 0,0,0 0,0,0 1,150,1 0,0,0 1,150,1 12,0,2 0,0,0 0,0,0 1,150,1
ADDLINE 1,121,1 1,121,1 1,121,1 0,0,0 1,121,1 0,0,0 1,121,1 12,0,2 1,121,1
ADDLINE 1,132,1 0,0,0 0,0,0 12,0,2 1,132,1 0,0,0 1,132,1 0,0,0 0,0,0
1,85,1 1,85,1 0,0,0 1,85,1 16,85,1 1,85,1 12,0,2 1,85,1 0,0,0
0,0,0 0,0,0 12,0,2 1,84,1 1,84,1 1,84,1 0,0,0 1,84,1 0,0,0
1,79,1 1,79,1 1,79,1 1,79,1 12,0,2 1,79,1 1,79,1 1,79,1 1,79,1
1,78,1 6,78,1 1,2,1 1,2,1 10,0,2 1,2,1 1,2,1 12,0,2 1,78,1
1,81,1 0,0,0 22,0,2 12,0,2 1,81,1 1,81,1 1,81,1 0,0,0 1,81,1
1,80,1 0,0,0 1,80,1 12,0,2 1,80,1 1,80,1 1,80,1 0,0,0 1,80,1
0,0,0 0,0,0 0,0,0 0,0,0 0,0,0 0,0,0 0,0,0 0,0,0 0,0,0
0,0,0 0,0,0 0,0,0 0,0,0 0,0,0 0,0,0 0,0,0 0,0,0 0,0,0
0,0,0 0,0,0 0,0,0 0,0,0 0,0,0 0,0,0 0,0,0 0,0,0 0,0,0