MODE 0
BALL 80
STARS 0/5100/7300
ADDLINE 0,0,0 12,0,2 1,95,1 2,95,1 1,95,1 1,95,1 1,95,1 1,95,1 1,95,1
ADDLINE 0,0,0 2,96,1 12,0,2 1,96,1 1,96,1 4,96,1 1,96,1 1,96,1 5,96,1
ADDLINE 0,0,0 1,97,1 1,97,1 12,0,2 0,0,0 0,0,0 0,0,0 1,97,1 1,97,1
ADDLINE 1,107,1 0,0,0 1,107,1 1,107,1 5,107,1 1,107,1 12,0,2 1,107,1 1,107,1
ADDLINE 0,0,0 3,108,1 1,108,1 1,108,1 1,108,1 12,0,2 2,108,1 1,108,1 1,108,1
ADDLINE 0,0,0 0,0,0 0,0,0 0,0,0 1,118,1 0,0,0 12,0,2 5,118,1 1,118,1
ADDLINE 2,128,1 1,128,1 1,128,1 0,0,0 4,128,1 4,128,1 12,0,2 0,0,0 0,0,0
ADDLINE 1,139,1 1,139,1 3,139,1 12,0,2 0,0,0 1,139,1 1,139,1 1,139,1 0,0,0
ADDLINE 1,112,1 1,112,1 1,112,1 12,0,2 0,0,0 1,112,1 1,112,1 1,112,1 0,0,0
ADDLINE 1,117,1 1,117,1 1,117,1 4,117,1 1,117,1 12,0,2 4,117,1 1,117,1 2,117,1
ADDLINE 0,0,0 0,0,0 0,0,0 0,0,0 0,0,0 12,0,2 1,134,1 0,0,0 0,0,0
ADDLINE 1,138,1 1,138,1 12,0,2 3,138,1 1,138,1 1,138,1 1,138,1 1,138,1 1,138,1
ADDLINE 1,116,1 0,0,0 12,0,2 0,0,0 0,0,0 0,0,0 0,0,0 0,0,0 0,0,0
ADDLINE 1,122,1 12,0,2 3,122,1 1,122,1 1,122,1 1,122,1 5,122,1 1,122,1 1,122,1
ADDLINE 0,0,0 0,0,0 4,139,1 12,0,2 0,0,0 0,0,0 0,0,0 0,0,0 1,139,1
ADDLINE 1,150,1 1,150,1 1,150,1 0,0,0 1,150,1 1,150,1 1,150,1 12,0,2 1,150,1
ADDLINE 1,121,1 0,0,0 12,0,2 0,0,0 2,121,1 0,0,0 0,0,0 0,0,0 1,121,1
ADDLINE 1,132,1 0,0,0 5,132,1 2,132,1 1,132,1 12,0,2 1,132,1 1,132,1 3,132,1
1,85,1 1,85,1 5,85,1 1,85,1 8,0,2 12,0,2 1,85,1 1,85,1 1,85,1
1,84,1 6,84,1 3,84,1 1,84,1 0,0,0 12,0,2 5,84,1 1,84,1 4,84,1
1,83,1 1,83,1 1,83,1 1,83,1 16,83,1 12,0,2 3,83,1 14,0,2 0,0,0
2,82,1 1,82,1 1,82,1 1,82,1 15,0,2 12,0,2 1,82,1 1,82,1 0,0,0
1,81,1 12,0,2 0,0,0 0,0,0 12,0,2 1,81,1 5,81,1 1,81,1 0,0,0
1,80,1 1,80,1 1,80,1 5,80,1 4,80,1 1,80,1 3,80,1 0,0,0 0,0,0
0,0,0 0,0,0 0,0,0 0,0,0 0,0,0 0,0,0 0,0,0 0,0,0 0,0,0
0,0,0 0,0,0 0,0,0 0,0,0 0,0,0 0,0,0 0,0,0 0,0,0 0,0,0
0,0,0 0,0,0 0,0,0 0,0,0 0,0,0 0,0,0 0,0,0 0,0,0 0,0,0