MODE 0
BALL 80
STARS 0/5000/7200
ADDLINE 0,0,0 12,0,2 0,0,0 1,95,1 0,0,0 1,190,1 1,190,1 1,95,1 1,95,1
ADDLINE 2,91,1 5,91,1 1,91,1 3,91,1 12,0,2 1,91,1 1,91,1 1,91,1 1,91,1
ADDLINE 1,194,1 1,194,1 0,0,0 1,194,1 12,0,2 1,194,1 0,0,0 0,0,0 8,0,2
ADDLINE 1,102,1 1,102,1 12,0,2 1,102,1 2,102,1 1,102,1 3,102,1 1,102,1 1,102,1
ADDLINE 1,108,1 1,108,1 0,0,0 12,0,2 0,0,0 0,0,0 0,0,0 0,0,0 5,108,1
ADDLINE 1,112,1 1,112,1 1,112,1 5,112,1 3,112,1 1,112,1 12,0,2 1,112,1 1,112,1
ADDLINE 0,0,0 0,0,0 0,0,0 1,128,1 1,128,1 1,128,1 12,0,2 1,128,1 5,128,1
ADDLINE 1,133,1 2,133,1 1,133,1 1,133,1 3,133,1 5,133,1 12,0,2 1,133,1 1,133,1
ADDLINE 0,0,0 0,0,0 0,0,0 1,112,1 1,112,1 1,112,1 12,0,2 0,0,0 0,0,0
ADDLINE 0,0,0 12,0,2 0,0,0 0,0,0 1,246,1 0,0,0 8,0,2 0,0,0 0,0,0
ADDLINE 4,134,1 3,134,1 1,134,1 0,0,0 1,134,1 12,0,2 1,134,1 5,134,1 1,134,1
ADDLINE 1,145,1 0,0,0 0,0,0 0,0,0 1,145,1 12,0,2 1,145,1 0,0,0 1,145,1
ADDLINE 1,116,1 0,0,0 1,116,1 1,116,1 3,116,1 0,0,0 4,116,1 12,0,2 1,116,1
ADDLINE 1,128,1 0,0,0 1,128,1 0,0,0 1,128,1 0,0,0 1,128,1 12,0,2 0,0,0
ADDLINE 1,278,1 0,0,0 1,278,1 0,0,0 1,278,1 8,0,2 1,278,1 12,0,2 1,278,1
ADDLINE 1,150,1 0,0,0 12,0,2 0,0,0 4,150,1 0,0,0 1,150,1 0,0,0 1,150,1
ADDLINE 1,121,1 0,0,0 5,121,1 2,121,1 1,121,1 0,0,0 1,121,1 12,0,2 1,121,1
ADDLINE 0,0,0 0,0,0 1,132,1 12,0,2 0,0,0 0,0,0 1,132,1 0,0,0 1,132,1
1,85,1 0,0,0 2,85,1 0,0,0 12,0,2 11,0,2 1,85,1 0,0,0 0,0,0
2,84,1 0,0,0 18,84,1 3,84,1 1,84,1 12,0,2 1,84,1 1,84,1 1,84,1
1,83,1 4,83,1 5,83,1 1,83,1 1,83,1 12,0,2 1,83,1 1,83,1 1,83,1
16,78,1 12,0,2 2,78,1 1,78,1 1,78,1 11,0,2 2,78,1 1,78,1 4,78,1
1,81,1 0,0,0 0,0,0 12,0,2 12,0,2 9,0,2 1,81,1 3,81,1 1,81,1
1,80,1 0,0,0 1,80,1 4,80,1 1,80,1 1,80,1 1,80,1 1,80,1 1,80,1
0,0,0 0,0,0 0,0,0 0,0,0 0,0,0 0,0,0 0,0,0 0,0,0 0,0,0
0,0,0 0,0,0 0,0,0 0,0,0 0,0,0 0,0,0 0,0,0 0,0,0 0,0,0
0,0,0 0,0,0 0,0,0 0,0,0 0,0,0 0,0,0 0,0,0 0,0,0 0,0,0