MODE 0
BALL 80
STARS 0/4800/6700
ADDLINE 1,95,1 1,95,1 1,95,1 1,95,1 0,0,0 12,0,2 0,0,0 0,0,0 0,0,0
ADDLINE 12,0,2 0,0,0 0,0,0 0,0,0 5,96,1 0,0,0 1,96,1 0,0,0 0,0,0
ADDLINE 1,97,1 1,97,1 3,97,1 0,0,0 12,0,2 1,97,1 4,97,1 0,0,0 0,0,0
ADDLINE 1,107,1 1,107,1 1,107,1 0,0,0 0,0,0 0,0,0 0,0,0 12,0,2 0,0,0
ADDLINE 1,103,1 1,103,1 1,103,1 1,103,1 5,103,1 5,103,1 1,103,1 1,103,1 12,0,2
ADDLINE 1,118,1 1,118,1 2,118,1 3,118,1 1,118,1 0,0,0 12,0,2 1,118,1 0,0,0
ADDLINE 1,128,1 1,128,1 1,128,1 2,128,1 0,0,0 12,0,2 5,128,1 1,128,1 0,0,0
ADDLINE 1,139,1 1,139,1 1,139,1 1,139,1 1,139,1 1,139,1 12,0,2 2,139,1 0,0,0
ADDLINE 1,112,1 1,112,1 3,112,1 1,112,1 1,112,1 12,0,2 0,0,0 5,112,1 0,0,0
ADDLINE 4,123,1 0,0,0 3,123,1 1,123,1 1,123,1 12,0,2 1,123,1 0,0,0 1,123,1
ADDLINE 1,134,1 0,0,0 0,0,0 12,0,2 1,134,1 0,0,0 3,134,1 0,0,0 1,134,1
ADDLINE 1,145,1 1,145,1 1,145,1 0,0,0 2,145,1 0,0,0 1,145,1 12,0,2 1,145,1
ADDLINE 1,116,1 0,0,0 0,0,0 0,0,0 0,0,0 12,0,2 1,116,1 0,0,0 1,116,1
ADDLINE 1,128,1 0,0,0 1,128,1 1,128,1 1,128,1 1,128,1 2,128,1 12,0,2 3,128,1
ADDLINE 1,139,1 0,0,0 1,139,1 0,0,0 0,0,0 0,0,0 0,0,0 12,0,2 4,139,1
ADDLINE 1,143,1 5,143,1 1,143,1 12,0,2 1,143,1 1,143,1 1,143,1 1,143,1 1,143,1
ADDLINE 0,0,0 0,0,0 1,121,1 12,0,2 0,0,0 0,0,0 1,121,1 0,0,0 2,121,1
ADDLINE 1,132,1 0,0,0 4,132,1 1,132,1 4,132,1 0,0,0 1,132,1 12,0,2 1,132,1
1,85,1 12,0,2 8,0,2 0,0,0 0,0,0 0,0,0 1,85,1 1,85,1 2,85,1
0,0,0 1,84,1 19,84,1 12,0,2 1,84,1 1,84,1 2,84,1 3,84,1 17,84,1
12,0,2 11,0,2 8,0,2 22,0,2 1,83,1 4,83,1 6,83,1 1,83,1 1,83,1
0,0,0 1,82,1 1,82,1 12,0,2 0,0,0 0,0,0 0,0,0 0,0,0 1,82,1
0,0,0 2,81,1 1,81,1 1,81,1 1,81,1 12,0,2 3,81,1 12,0,2 1,81,1
0,0,0 1,80,1 1,80,1 3,80,1 4,80,1 1,80,1 1,80,1 2,80,1 1,80,1
0,0,0 0,0,0 0,0,0 0,0,0 0,0,0 0,0,0 0,0,0 0,0,0 0,0,0
0,0,0 0,0,0 0,0,0 0,0,0 0,0,0 0,0,0 0,0,0 0,0,0 0,0,0
0,0,0 0,0,0 0,0,0 0,0,0 0,0,0 0,0,0 0,0,0 0,0,0 0,0,0