MODE 0
BALL 80
STARS 0/5100/7300
ADDLINE 2,90,1 2,90,1 1,90,1 1,90,1 3,90,1 4,90,1 1,90,1 1,90,1 12,0,2
ADDLINE 1,96,1 1,96,1 0,0,0 1,96,1 0,0,0 12,0,2 0,0,0 0,0,0 0,0,0
ADDLINE 1,97,1 1,97,1 0,0,0 1,97,1 12,0,2 1,97,1 1,97,1 1,97,1 1,97,1
ADDLINE 0,0,0 0,0,0 12,0,2 1,107,1 0,0,0 3,107,1 1,107,1 5,107,1 1,107,1
ADDLINE 1,103,1 2,103,1 12,0,2 1,103,1 3,103,1 1,103,1 5,103,1 1,103,1 1,103,1
ADDLINE 1,118,1 1,118,1 0,0,0 0,0,0 12,0,2 1,118,1 1,118,1 1,118,1 1,118,1
ADDLINE 2,122,1 1,122,1 12,0,2 1,122,1 3,122,1 1,122,1 1,122,1 1,122,1 1,122,1
ADDLINE 0,0,0 1,139,1 0,0,0 0,0,0 0,0,0 12,0,2 0,0,0 0,0,0 0,0,0
ADDLINE 12,0,2 1,112,1 1,112,1 5,112,1 1,112,1 1,112,1 1,112,1 3,112,1 0,0,0
ADDLINE 1,123,1 0,0,0 12,0,2 0,0,0 4,123,1 0,0,0 1,123,1 0,0,0 3,123,1
ADDLINE 1,134,1 0,0,0 1,134,1 0,0,0 5,134,1 0,0,0 1,134,1 12,0,2 1,134,1
ADDLINE 1,145,1 0,0,0 1,145,1 0,0,0 1,145,1 0,0,0 12,0,2 0,0,0 1,145,1
ADDLINE 1,116,1 0,0,0 4,116,1 12,0,2 1,116,1 1,116,1 1,116,1 1,116,1 1,116,1
ADDLINE 2,128,1 0,0,0 5,128,1 0,0,0 0,0,0 12,0,2 0,0,0 0,0,0 0,0,0
ADDLINE 1,139,1 1,139,1 4,139,1 0,0,0 1,139,1 12,0,2 1,139,1 1,139,1 1,139,1
ADDLINE 0,0,0 0,0,0 5,150,1 12,0,2 1,150,1 0,0,0 0,0,0 0,0,0 3,150,1
ADDLINE 1,121,1 0,0,0 1,121,1 1,121,1 1,121,1 1,121,1 1,121,1 12,0,2 1,121,1
ADDLINE 3,132,1 0,0,0 4,132,1 0,0,0 0,0,0 12,0,2 1,132,1 0,0,0 1,132,1
0,0,0 12,0,2 3,85,1 1,2,1 12,0,2 0,0,0 2,85,1 0,0,0 1,85,1
1,80,1 1,80,1 3,2,1 1,2,1 1,80,1 1,80,1 1,80,1 1,80,1 1,80,1
1,83,1 1,83,1 4,2,1 1,2,1 1,2,1 10,0,2 12,0,2 0,0,0 0,0,0
3,82,1 1,82,1 1,2,1 1,2,1 1,2,1 0,0,0 1,82,1 12,0,2 1,82,1
2,81,1 6,81,1 1,81,1 18,81,1 1,81,1 3,81,1 1,81,1 12,0,2 1,81,1
1,77,1 1,77,1 1,77,1 1,77,1 1,77,1 5,77,1 1,77,1 12,0,2 2,77,1
0,0,0 0,0,0 0,0,0 0,0,0 0,0,0 0,0,0 0,0,0 0,0,0 0,0,0
0,0,0 0,0,0 0,0,0 0,0,0 0,0,0 0,0,0 0,0,0 0,0,0 0,0,0
0,0,0 0,0,0 0,0,0 0,0,0 0,0,0 0,0,0 0,0,0 0,0,0 0,0,0