MODE 0
BALL 80
STARS 0/5200/7300
ADDLINE 1,95,1 1,95,1 12,0,2 1,95,1 1,95,1 1,95,1 1,95,1 1,95,1 0,0,0
ADDLINE 0,0,0 0,0,0 12,0,2 0,0,0 0,0,0 1,96,1 0,0,0 0,0,0 0,0,0
ADDLINE 0,0,0 1,97,1 1,97,1 1,97,1 1,97,1 1,97,1 12,0,2 1,97,1 1,97,1
ADDLINE 0,0,0 1,107,1 1,107,1 1,107,1 1,107,1 1,107,1 12,0,2 1,107,1 0,0,0
ADDLINE 0,0,0 1,108,1 1,108,1 1,108,1 1,108,1 1,108,1 12,0,2 1,108,1 1,108,1
ADDLINE 0,0,0 1,118,1 1,118,1 1,118,1 1,118,1 1,118,1 12,0,2 1,118,1 1,118,1
ADDLINE 1,122,1 1,122,1 1,122,1 1,122,1 1,122,1 1,122,1 12,0,2 1,122,1 1,122,1
ADDLINE 0,0,0 0,0,0 12,0,2 1,139,1 0,0,0 0,0,0 0,0,0 0,0,0 0,0,0
ADDLINE 1,107,1 1,107,1 1,107,1 1,107,1 1,107,1 1,107,1 12,0,2 1,107,1 1,107,1
ADDLINE 1,123,1 0,0,0 1,123,1 1,123,1 1,123,1 1,123,1 1,123,1 12,0,2 1,123,1
ADDLINE 1,134,1 0,0,0 1,134,1 0,0,0 0,0,0 0,0,0 1,134,1 12,0,2 1,134,1
ADDLINE 1,145,1 1,145,1 1,145,1 0,0,0 1,145,1 12,0,2 1,145,1 0,0,0 1,145,1
ADDLINE 0,0,0 0,0,0 1,116,1 0,0,0 1,116,1 12,0,2 0,0,0 0,0,0 1,116,1
ADDLINE 1,128,1 0,0,0 1,128,1 12,0,2 1,128,1 1,128,1 1,128,1 1,128,1 1,128,1
ADDLINE 0,0,0 0,0,0 1,139,1 0,0,0 1,139,1 12,0,2 0,0,0 0,0,0 0,0,0
ADDLINE 1,150,1 0,0,0 1,150,1 12,0,2 1,150,1 1,150,1 1,150,1 1,150,1 1,150,1
ADDLINE 1,121,1 0,0,0 1,121,1 0,0,0 1,121,1 0,0,0 12,0,2 0,0,0 1,121,1
ADDLINE 1,132,1 0,0,0 1,132,1 12,0,2 1,132,1 0,0,0 1,132,1 0,0,0 1,132,1
1,85,1 1,85,1 1,85,1 1,85,1 6,85,1 1,85,1 12,0,2 1,85,1 0,0,0
12,0,2 1,84,1 0,0,0 1,84,1 1,84,1 1,84,1 0,0,0 1,84,1 0,0,0
12,0,2 17,79,1 1,79,1 1,79,1 1,79,1 1,79,1 1,79,1 1,79,1 16,79,1
0,0,0 0,0,0 0,0,0 1,82,1 1,82,1 1,82,1 4,82,1 12,0,2 11,0,2
1,81,1 1,81,1 8,0,2 1,81,1 1,81,1 1,81,1 12,0,2 1,81,1 1,81,1
1,80,1 0,0,0 21,80,1 12,0,2 0,0,0 0,0,0 0,0,0 1,80,1 0,0,0
0,0,0 0,0,0 0,0,0 0,0,0 0,0,0 0,0,0 0,0,0 0,0,0 0,0,0
0,0,0 0,0,0 0,0,0 0,0,0 0,0,0 0,0,0 0,0,0 0,0,0 0,0,0
0,0,0 0,0,0 0,0,0 0,0,0 0,0,0 0,0,0 0,0,0 0,0,0 0,0,0