MODE 0
BALL 80
STARS 0/5400/7700
ADDLINE 1,90,1 1,90,1 1,90,1 1,90,1 1,90,1 1,90,1 1,90,1 12,0,2 1,90,1
ADDLINE 1,96,1 1,96,1 1,96,1 0,0,0 1,96,1 1,96,1 1,96,1 12,0,2 1,96,1
ADDLINE 1,92,1 1,92,1 1,92,1 12,0,2 1,92,1 1,92,1 1,92,1 1,92,1 1,92,1
ADDLINE 1,107,1 0,0,0 0,0,0 0,0,0 12,0,2 0,0,0 0,0,0 0,0,0 0,0,0
ADDLINE 1,103,1 1,103,1 1,103,1 1,103,1 1,103,1 12,0,2 1,103,1 1,103,1 1,103,1
ADDLINE 0,0,0 0,0,0 0,0,0 0,0,0 0,0,0 12,0,2 1,118,1 0,0,0 0,0,0
ADDLINE 1,128,1 1,128,1 1,128,1 1,128,1 1,128,1 0,0,0 1,128,1 12,0,2 1,128,1
ADDLINE 1,139,1 1,139,1 1,139,1 1,139,1 1,139,1 0,0,0 1,139,1 12,0,2 0,0,0
ADDLINE 1,224,1 1,224,1 1,224,1 1,224,1 1,224,1 0,0,0 16,112,1 12,0,2 1,224,1
ADDLINE 16,123,1 12,0,2 1,246,1 1,246,1 1,246,1 1,246,1 1,246,1 1,246,1 1,246,1
ADDLINE 19,134,1 1,268,1 1,268,1 1,268,1 7,0,2 1,268,1 1,268,1 12,0,2 0,0,0
ADDLINE 1,276,1 1,276,1 1,276,1 12,0,2 1,276,1 1,276,1 1,138,1 1,138,1 1,138,1
ADDLINE 1,116,1 1,232,1 20,116,1 1,232,1 1,116,1 0,0,0 12,0,2 0,0,0 1,116,1
ADDLINE 1,256,1 1,256,1 1,256,1 0,0,0 1,256,1 12,0,2 1,256,1 8,0,2 1,256,1
ADDLINE 0,0,0 1,278,1 1,278,1 1,278,1 19,139,1 12,0,2 1,278,1 10,0,2 1,278,1
ADDLINE 1,300,1 11,0,2 1,300,1 12,0,2 1,300,1 1,300,1 1,300,1 0,0,0 1,150,1
ADDLINE 20,121,1 1,242,1 1,242,1 0,0,0 12,0,2 0,0,0 0,0,0 0,0,0 1,121,1
ADDLINE 1,264,1 0,0,0 1,132,1 1,132,1 1,132,1 1,132,1 1,132,1 12,0,2 1,264,1
1,85,1 7,0,2 0,0,0 7,0,2 12,0,2 0,0,0 0,0,0 0,0,0 1,85,1
1,84,1 16,84,1 1,84,1 1,2,1 1,2,1 1,2,1 1,84,1 12,0,2 1,84,1
0,0,0 12,0,2 1,83,1 1,2,1 1,2,1 1,2,1 1,83,1 0,0,0 1,83,1
1,82,1 0,0,0 1,82,1 1,82,1 1,82,1 1,82,1 1,82,1 12,0,2 1,82,1
1,81,1 0,0,0 1,81,1 1,81,1 0,0,0 0,0,0 12,0,2 0,0,0 16,81,1
1,80,1 1,80,1 1,80,1 20,80,1 1,80,1 1,80,1 12,0,2 1,80,1 1,80,1
0,0,0 0,0,0 0,0,0 0,0,0 0,0,0 0,0,0 0,0,0 0,0,0 0,0,0
0,0,0 0,0,0 0,0,0 0,0,0 0,0,0 0,0,0 0,0,0 0,0,0 0,0,0
0,0,0 0,0,0 0,0,0 0,0,0 0,0,0 0,0,0 0,0,0 0,0,0 0,0,0