MODE 0
BALL 80
STARS 0/5600/7900
ADDLINE 0,0,0 0,0,0 0,0,0 1,95,1 0,0,0 0,0,0 12,0,2 0,0,0 0,0,0
ADDLINE 1,96,1 1,96,1 1,96,1 1,96,1 12,0,2 1,96,1 1,96,1 1,96,1 0,0,0
ADDLINE 1,97,1 1,97,1 1,97,1 1,97,1 12,0,2 1,97,1 1,97,1 1,97,1 0,0,0
ADDLINE 1,102,1 1,102,1 1,102,1 1,102,1 1,102,1 1,102,1 1,102,1 1,102,1 12,0,2
ADDLINE 0,0,0 0,0,0 12,0,2 0,0,0 0,0,0 0,0,0 0,0,0 1,108,1 0,0,0
ADDLINE 1,112,1 1,112,1 1,112,1 1,112,1 12,0,2 1,112,1 1,112,1 1,112,1 1,112,1
ADDLINE 0,0,0 1,128,1 0,0,0 1,128,1 12,0,2 1,128,1 1,128,1 1,128,1 1,128,1
ADDLINE 0,0,0 1,139,1 12,0,2 1,139,1 0,0,0 1,139,1 1,139,1 1,139,1 1,139,1
ADDLINE 0,0,0 0,0,0 0,0,0 1,112,1 12,0,2 1,112,1 1,112,1 1,112,1 1,112,1
ADDLINE 1,123,1 0,0,0 1,123,1 12,0,2 1,123,1 1,123,1 1,123,1 1,123,1 1,123,1
ADDLINE 0,0,0 12,0,2 1,134,1 0,0,0 1,134,1 0,0,0 0,0,0 0,0,0 0,0,0
ADDLINE 1,138,1 1,138,1 1,138,1 1,138,1 1,138,1 12,0,2 1,138,1 1,138,1 1,138,1
ADDLINE 0,0,0 0,0,0 0,0,0 0,0,0 1,116,1 12,0,2 0,0,0 0,0,0 1,116,1
ADDLINE 1,128,1 1,128,1 1,128,1 0,0,0 1,128,1 1,128,1 1,128,1 12,0,2 1,128,1
ADDLINE 1,139,1 0,0,0 0,0,0 0,0,0 1,139,1 0,0,0 0,0,0 12,0,2 0,0,0
ADDLINE 1,150,1 0,0,0 1,150,1 1,150,1 1,150,1 12,0,2 1,150,1 1,150,1 1,150,1
ADDLINE 0,0,0 12,0,2 1,121,1 0,0,0 0,0,0 0,0,0 0,0,0 0,0,0 1,121,1
ADDLINE 1,126,1 1,126,1 1,126,1 12,0,2 1,126,1 1,126,1 1,126,1 1,126,1 1,126,1
1,81,1 6,81,1 1,81,1 12,0,2 1,81,1 0,0,0 1,81,1 1,81,1 1,81,1
1,84,1 1,84,1 1,84,1 12,0,2 1,84,1 0,0,0 1,84,1 0,0,0 0,0,0
1,83,1 1,83,1 1,83,1 0,0,0 1,83,1 12,0,2 1,83,1 1,83,1 1,83,1
1,82,1 6,82,1 0,0,0 0,0,0 1,82,1 8,0,2 12,0,2 0,0,0 1,82,1
1,78,1 1,78,1 1,78,1 1,78,1 1,78,1 1,78,1 1,78,1 12,0,2 1,78,1
1,80,1 1,80,1 1,80,1 6,80,1 1,80,1 1,80,1 1,80,1 12,0,2 1,80,1
0,0,0 0,0,0 0,0,0 0,0,0 0,0,0 0,0,0 0,0,0 0,0,0 0,0,0
0,0,0 0,0,0 0,0,0 0,0,0 0,0,0 0,0,0 0,0,0 0,0,0 0,0,0
0,0,0 0,0,0 0,0,0 0,0,0 0,0,0 0,0,0 0,0,0 0,0,0 0,0,0