MODE 0
BALL 80
STARS 0/5500/7700
ADDLINE 0,0,0 1,95,1 1,95,1 1,95,1 1,95,1 12,0,2 1,95,1 4,95,1 3,95,1
ADDLINE 0,0,0 0,0,0 0,0,0 0,0,0 2,96,1 12,0,2 3,96,1 1,96,1 1,96,1
ADDLINE 1,97,1 0,0,0 12,0,2 0,0,0 0,0,0 0,0,0 1,97,1 1,97,1 1,97,1
ADDLINE 1,107,1 8,0,2 1,107,1 1,107,1 12,0,2 1,107,1 1,107,1 1,107,1 1,107,1
ADDLINE 1,108,1 0,0,0 0,0,0 1,108,1 0,0,0 12,0,2 0,0,0 0,0,0 0,0,0
ADDLINE 5,118,1 1,118,1 0,0,0 1,118,1 12,0,2 1,118,1 2,118,1 1,118,1 0,0,0
ADDLINE 1,128,1 1,128,1 4,128,1 1,128,1 0,0,0 12,0,2 1,128,1 5,128,1 0,0,0
ADDLINE 1,278,1 1,278,1 1,278,1 1,278,1 1,278,1 1,278,1 12,0,2 1,278,1 8,0,2
ADDLINE 1,112,1 1,112,1 1,224,1 1,224,1 1,224,1 1,112,1 12,0,2 1,112,1 0,0,0
ADDLINE 1,246,1 0,0,0 1,246,1 10,0,2 1,246,1 12,0,2 1,246,1 1,246,1 1,246,1
ADDLINE 0,0,0 0,0,0 1,268,1 12,0,2 1,268,1 0,0,0 0,0,0 0,0,0 0,0,0
ADDLINE 1,138,1 1,138,1 1,138,1 12,0,2 1,138,1 3,138,1 1,138,1 4,138,1 1,138,1
ADDLINE 0,0,0 0,0,0 1,116,1 0,0,0 1,116,1 0,0,0 0,0,0 12,0,2 3,116,1
ADDLINE 1,128,1 0,0,0 1,128,1 12,0,2 1,128,1 0,0,0 1,128,1 0,0,0 4,128,1
ADDLINE 0,0,0 0,0,0 1,139,1 0,0,0 2,139,1 0,0,0 1,139,1 12,0,2 0,0,0
ADDLINE 1,150,1 4,150,1 1,150,1 0,0,0 2,150,1 12,0,2 1,300,1 1,300,1 5,150,1
ADDLINE 0,0,0 0,0,0 1,121,1 0,0,0 1,121,1 12,0,2 7,0,2 0,0,0 0,0,0
ADDLINE 1,132,1 0,0,0 1,132,1 1,132,1 1,132,1 12,0,2 1,264,1 0,0,0 1,132,1
1,85,1 16,85,1 0,0,0 1,85,1 12,0,2 0,0,0 1,85,1 20,85,1 1,85,1
1,84,1 8,0,2 1,84,1 1,84,1 12,0,2 1,84,1 1,84,1 1,84,1 1,84,1
1,83,1 11,0,2 1,83,1 1,83,1 11,0,2 1,83,1 1,83,1 12,0,2 1,83,1
1,82,1 2,82,1 8,0,2 0,0,0 12,0,2 5,82,1 1,82,1 12,0,2 0,0,0
1,81,1 1,81,1 1,81,1 1,81,1 0,0,0 12,0,2 1,81,1 2,81,1 0,0,0
2,80,1 1,80,1 1,80,1 1,80,1 4,80,1 3,80,1 1,80,1 3,80,1 1,80,1
0,0,0 0,0,0 0,0,0 0,0,0 0,0,0 0,0,0 0,0,0 0,0,0 0,0,0
0,0,0 0,0,0 0,0,0 0,0,0 0,0,0 0,0,0 0,0,0 0,0,0 0,0,0
0,0,0 0,0,0 0,0,0 0,0,0 0,0,0 0,0,0 0,0,0 0,0,0 0,0,0