MODE 0
BALL 80
STARS 0/5400/7700
ADDLINE 1,95,1 1,95,1 3,95,1 0,0,0 0,0,0 0,0,0 1,95,1 12,0,2 0,0,0
ADDLINE 1,91,1 1,91,1 1,91,1 12,0,2 1,91,1 4,91,1 1,91,1 5,91,1 1,91,1
ADDLINE 0,0,0 0,0,0 3,97,1 0,0,0 1,97,1 0,0,0 0,0,0 12,0,2 0,0,0
ADDLINE 1,102,1 12,0,2 1,102,1 5,102,1 1,102,1 1,102,1 2,102,1 1,102,1 4,102,1
ADDLINE 1,108,1 12,0,2 1,108,1 1,108,1 2,108,1 1,108,1 1,108,1 0,0,0 0,0,0
ADDLINE 1,118,1 0,0,0 1,118,1 1,118,1 1,118,1 1,118,1 1,118,1 12,0,2 5,118,1
ADDLINE 1,128,1 0,0,0 1,128,1 4,128,1 1,128,1 1,128,1 5,128,1 12,0,2 2,128,1
ADDLINE 1,139,1 0,0,0 1,139,1 1,139,1 1,139,1 1,139,1 2,139,1 12,0,2 1,139,1
ADDLINE 1,112,1 0,0,0 0,0,0 0,0,0 0,0,0 12,0,2 0,0,0 0,0,0 1,112,1
ADDLINE 3,123,1 0,0,0 1,123,1 0,0,0 0,0,0 0,0,0 12,0,2 0,0,0 1,123,1
ADDLINE 1,134,1 0,0,0 5,134,1 12,0,2 1,134,1 4,134,1 4,134,1 1,134,1 1,134,1
ADDLINE 1,145,1 0,0,0 1,145,1 12,0,2 1,145,1 0,0,0 0,0,0 0,0,0 1,145,1
ADDLINE 1,116,1 1,116,1 1,116,1 0,0,0 1,116,1 0,0,0 5,116,1 12,0,2 1,116,1
ADDLINE 1,128,1 0,0,0 0,0,0 12,0,2 1,128,1 0,0,0 1,128,1 0,0,0 0,0,0
ADDLINE 1,139,1 0,0,0 1,139,1 4,139,1 2,139,1 12,0,2 5,139,1 0,0,0 1,139,1
ADDLINE 1,150,1 0,0,0 1,150,1 12,0,2 0,0,0 0,0,0 3,150,1 0,0,0 1,150,1
ADDLINE 1,121,1 0,0,0 1,121,1 12,0,2 1,121,1 1,121,1 1,121,1 2,121,1 1,121,1
ADDLINE 5,132,1 0,0,0 1,132,1 0,0,0 0,0,0 0,0,0 0,0,0 12,0,2 0,0,0
1,85,1 1,85,1 16,85,1 0,0,0 1,85,1 12,0,2 1,85,1 3,85,1 1,85,1
1,84,1 0,0,0 7,0,2 0,0,0 2,84,1 12,0,2 1,84,1 0,0,0 1,84,1
6,83,1 2,83,1 1,83,1 0,0,0 4,83,1 10,0,2 1,83,1 1,83,1 1,83,1
1,82,1 0,0,0 1,82,1 12,0,2 1,82,1 9,0,2 1,82,1 1,82,1 1,82,1
1,81,1 0,0,0 1,81,1 0,0,0 1,81,1 12,0,2 2,81,1 1,81,1 4,81,1
0,0,0 12,0,2 1,80,1 1,80,1 3,80,1 12,0,2 4,80,1 20,80,1 1,80,1
0,0,0 0,0,0 0,0,0 0,0,0 0,0,0 0,0,0 0,0,0 0,0,0 0,0,0
0,0,0 0,0,0 0,0,0 0,0,0 0,0,0 0,0,0 0,0,0 0,0,0 0,0,0
0,0,0 0,0,0 0,0,0 0,0,0 0,0,0 0,0,0 0,0,0 0,0,0 0,0,0