MODE 0
BALL 80
STARS 0/5000/7100
ADDLINE 1,95,1 2,95,1 1,95,1 1,95,1 1,95,1 0,0,0 0,0,0 12,0,2 0,0,0
ADDLINE 3,96,1 1,96,1 0,0,0 0,0,0 12,0,2 1,96,1 1,96,1 0,0,0 0,0,0
ADDLINE 1,97,1 1,97,1 0,0,0 0,0,0 12,0,2 0,0,0 0,0,0 1,97,1 4,97,1
ADDLINE 3,107,1 3,107,1 0,0,0 1,107,1 1,107,1 1,107,1 12,0,2 1,107,1 1,107,1
ADDLINE 0,0,0 0,0,0 0,0,0 1,108,1 1,108,1 0,0,0 12,0,2 1,108,1 1,108,1
ADDLINE 0,0,0 1,118,1 1,118,1 1,118,1 5,118,1 12,0,2 4,118,1 1,118,1 1,118,1
ADDLINE 0,0,0 1,128,1 1,128,1 1,128,1 1,128,1 12,0,2 2,128,1 1,128,1 1,128,1
ADDLINE 0,0,0 1,139,1 1,139,1 3,139,1 1,139,1 12,0,2 1,139,1 2,139,1 5,139,1
ADDLINE 0,0,0 0,0,0 1,112,1 1,112,1 3,112,1 0,0,0 12,0,2 1,112,1 1,112,1
ADDLINE 1,123,1 0,0,0 2,123,1 0,0,0 1,123,1 12,0,2 1,123,1 0,0,0 3,123,1
ADDLINE 1,134,1 0,0,0 0,0,0 0,0,0 5,134,1 12,0,2 1,134,1 0,0,0 1,134,1
ADDLINE 2,145,1 1,145,1 1,145,1 0,0,0 1,145,1 0,0,0 1,145,1 12,0,2 1,145,1
ADDLINE 4,116,1 0,0,0 2,116,1 12,0,2 1,116,1 0,0,0 1,116,1 0,0,0 1,116,1
ADDLINE 1,128,1 0,0,0 1,128,1 0,0,0 5,128,1 0,0,0 5,128,1 12,0,2 1,128,1
ADDLINE 1,139,1 0,0,0 12,0,2 0,0,0 1,139,1 0,0,0 1,139,1 0,0,0 1,139,1
ADDLINE 1,150,1 1,150,1 3,150,1 1,150,1 1,150,1 0,0,0 1,150,1 12,0,2 4,150,1
ADDLINE 12,0,2 0,0,0 1,121,1 0,0,0 0,0,0 0,0,0 5,121,1 0,0,0 0,0,0
ADDLINE 4,132,1 0,0,0 1,132,1 12,0,2 1,132,1 1,132,1 1,132,1 1,132,1 1,132,1
1,85,1 3,85,1 0,0,0 0,0,0 0,0,0 12,0,2 0,0,0 1,85,1 1,85,1
0,0,0 0,0,0 0,0,0 3,84,1 22,0,2 12,0,2 0,0,0 1,84,1 1,84,1
0,0,0 1,83,1 1,83,1 12,0,2 5,83,1 1,83,1 6,83,1 1,83,1 2,83,1
0,0,0 1,82,1 1,82,1 12,0,2 19,82,1 1,82,1 1,82,1 3,82,1 1,82,1
0,0,0 16,81,1 1,81,1 5,81,1 12,0,2 0,0,0 2,81,1 1,81,1 1,81,1
0,0,0 5,80,1 0,0,0 1,80,1 1,80,1 0,0,0 12,0,2 0,0,0 0,0,0
0,0,0 0,0,0 0,0,0 0,0,0 0,0,0 0,0,0 0,0,0 0,0,0 0,0,0
0,0,0 0,0,0 0,0,0 0,0,0 0,0,0 0,0,0 0,0,0 0,0,0 0,0,0
0,0,0 0,0,0 0,0,0 0,0,0 0,0,0 0,0,0 0,0,0 0,0,0 0,0,0