MODE 0
BALL 80
STARS 0/6800/9700
ADDLINE 1,95,1 1,95,1 1,95,1 0,0,0 1,95,1 12,0,2 1,95,1 2,95,1 1,95,1
ADDLINE 1,96,1 5,96,1 1,96,1 0,0,0 1,96,1 12,0,2 1,96,1 3,96,1 1,96,1
ADDLINE 1,97,1 1,97,1 1,97,1 1,97,1 1,97,1 12,0,2 1,97,1 16,97,1 1,97,1
ADDLINE 0,0,0 0,0,0 0,0,0 0,0,0 0,0,0 12,0,2 1,107,1 0,0,0 2,107,1
ADDLINE 3,108,1 0,0,0 1,108,1 2,108,1 1,108,1 1,108,1 1,108,1 12,0,2 1,108,1
ADDLINE 1,118,1 0,0,0 1,118,1 1,118,1 1,118,1 1,118,1 4,118,1 12,0,2 1,118,1
ADDLINE 1,122,1 12,0,2 1,122,1 1,122,1 1,122,1 1,122,1 1,122,1 1,244,1 1,244,1
ADDLINE 0,0,0 1,278,1 1,278,1 1,278,1 1,278,1 12,0,2 1,278,1 1,278,1 19,139,1
ADDLINE 4,112,1 1,224,1 1,224,1 0,0,0 5,112,1 12,0,2 1,112,1 1,224,1 1,224,1
ADDLINE 1,246,1 1,246,1 19,123,1 1,246,1 1,246,1 0,0,0 1,246,1 12,0,2 1,246,1
ADDLINE 5,127,1 1,254,1 1,254,1 1,254,1 4,127,1 12,0,2 1,127,1 1,127,1 1,127,1
ADDLINE 1,145,1 0,0,0 1,290,1 1,290,1 1,290,1 12,0,2 1,145,1 0,0,0 0,0,0
ADDLINE 1,116,1 1,232,1 20,116,1 17,116,1 1,232,1 1,116,1 1,116,1 12,0,2 1,116,1
ADDLINE 5,128,1 1,256,1 1,256,1 12,0,2 0,0,0 0,0,0 1,128,1 0,0,0 3,128,1
ADDLINE 1,139,1 0,0,0 1,139,1 0,0,0 1,139,1 0,0,0 4,139,1 12,0,2 1,139,1
ADDLINE 1,300,1 0,0,0 1,300,1 12,0,2 16,150,1 1,300,1 1,300,1 1,300,1 1,300,1
ADDLINE 1,121,1 0,0,0 1,121,1 12,0,2 1,121,1 0,0,0 1,121,1 4,121,1 1,121,1
ADDLINE 0,0,0 0,0,0 1,132,1 12,0,2 3,132,1 0,0,0 1,132,1 0,0,0 0,0,0
1,85,1 1,85,1 1,85,1 1,85,1 1,85,1 19,85,1 12,0,2 1,85,1 15,0,2
0,0,0 1,84,1 12,0,2 5,84,1 1,84,1 1,84,1 16,84,1 1,84,1 0,0,0
1,83,1 1,83,1 12,0,2 1,83,1 1,83,1 1,83,1 3,83,1 1,83,1 0,0,0
0,0,0 1,82,1 0,0,0 12,0,2 12,0,2 0,0,0 0,0,0 0,0,0 0,0,0
2,81,1 1,81,1 0,0,0 1,81,1 12,0,2 1,81,1 1,81,1 1,81,1 1,81,1
1,80,1 1,80,1 14,0,2 1,80,1 1,80,1 1,80,1 16,80,1 1,80,1 4,80,1
0,0,0 0,0,0 0,0,0 0,0,0 0,0,0 0,0,0 0,0,0 0,0,0 0,0,0
0,0,0 0,0,0 0,0,0 0,0,0 0,0,0 0,0,0 0,0,0 0,0,0 0,0,0
0,0,0 0,0,0 0,0,0 0,0,0 0,0,0 0,0,0 0,0,0 0,0,0 0,0,0