MODE 0
BALL 80
STARS 0/5200/7300
ADDLINE 1,95,1 1,95,1 1,95,1 1,95,1 0,0,0 0,0,0 12,0,2 0,0,0 0,0,0
ADDLINE 1,91,1 1,91,1 1,91,1 1,91,1 1,91,1 1,91,1 1,91,1 1,91,1 12,0,2
ADDLINE 12,0,2 0,0,0 1,97,1 1,97,1 0,0,0 1,97,1 1,97,1 1,97,1 0,0,0
ADDLINE 1,102,1 1,102,1 1,102,1 1,102,1 1,102,1 1,102,1 1,102,1 1,102,1 12,0,2
ADDLINE 1,108,1 1,108,1 0,0,0 1,108,1 0,0,0 0,0,0 12,0,2 0,0,0 0,0,0
ADDLINE 1,118,1 1,118,1 0,0,0 1,118,1 12,0,2 1,118,1 1,118,1 1,118,1 1,118,1
ADDLINE 1,128,1 1,128,1 0,0,0 0,0,0 0,0,0 1,128,1 12,0,2 0,0,0 0,0,0
ADDLINE 1,139,1 1,139,1 12,0,2 1,139,1 1,139,1 1,139,1 1,139,1 1,139,1 0,0,0
ADDLINE 12,0,2 1,112,1 0,0,0 1,112,1 1,112,1 1,112,1 1,112,1 1,112,1 0,0,0
ADDLINE 1,123,1 0,0,0 1,123,1 12,0,2 1,123,1 1,123,1 1,123,1 0,0,0 1,123,1
ADDLINE 1,134,1 0,0,0 1,134,1 12,0,2 1,134,1 0,0,0 0,0,0 0,0,0 1,134,1
ADDLINE 1,145,1 0,0,0 1,145,1 12,0,2 1,145,1 0,0,0 1,145,1 1,145,1 1,145,1
ADDLINE 0,0,0 0,0,0 1,116,1 0,0,0 1,116,1 0,0,0 1,116,1 12,0,2 1,116,1
ADDLINE 1,128,1 1,128,1 1,128,1 0,0,0 1,128,1 0,0,0 1,128,1 12,0,2 1,128,1
ADDLINE 1,139,1 0,0,0 0,0,0 0,0,0 1,139,1 12,0,2 0,0,0 0,0,0 1,139,1
ADDLINE 1,143,1 1,143,1 1,143,1 1,143,1 1,143,1 1,143,1 1,143,1 12,0,2 1,143,1
ADDLINE 0,0,0 0,0,0 0,0,0 0,0,0 12,0,2 0,0,0 1,121,1 0,0,0 1,121,1
ADDLINE 1,132,1 1,132,1 1,132,1 1,132,1 1,132,1 0,0,0 1,132,1 12,0,2 1,132,1
0,0,0 0,0,0 0,0,0 1,85,1 0,0,0 12,0,2 5,85,1 17,85,1 0,0,0
0,0,0 6,84,1 1,84,1 1,84,1 6,84,1 1,84,1 12,0,2 1,84,1 0,0,0
12,0,2 1,83,1 1,83,1 1,83,1 1,83,1 1,83,1 12,0,2 1,83,1 0,0,0
20,82,1 1,82,1 1,82,1 1,82,1 1,82,1 1,82,1 8,0,2 1,82,1 0,0,0
1,81,1 1,81,1 1,81,1 1,81,1 1,81,1 1,81,1 12,0,2 1,81,1 0,0,0
16,80,1 1,80,1 1,80,1 1,80,1 1,80,1 1,80,1 12,0,2 1,80,1 1,80,1
0,0,0 0,0,0 0,0,0 0,0,0 0,0,0 0,0,0 0,0,0 0,0,0 0,0,0
0,0,0 0,0,0 0,0,0 0,0,0 0,0,0 0,0,0 0,0,0 0,0,0 0,0,0
0,0,0 0,0,0 0,0,0 0,0,0 0,0,0 0,0,0 0,0,0 0,0,0 0,0,0