MODE 0
BALL 80
STARS 0/5000/7200
ADDLINE 1,190,1 1,190,1 1,190,1 12,0,2 0,0,0 0,0,0 1,190,1 1,190,1 8,0,2
ADDLINE 1,96,1 1,96,1 1,96,1 0,0,0 0,0,0 0,0,0 12,0,2 0,0,0 0,0,0
ADDLINE 1,97,1 1,97,1 1,97,1 1,97,1 1,97,1 0,0,0 12,0,2 1,97,1 0,0,0
ADDLINE 1,107,1 1,107,1 1,107,1 12,0,2 0,0,0 1,107,1 1,107,1 0,0,0 0,0,0
ADDLINE 1,108,1 1,108,1 1,108,1 1,108,1 0,0,0 12,0,2 0,0,0 1,216,1 11,0,2
ADDLINE 1,118,1 1,118,1 1,118,1 1,118,1 1,118,1 12,0,2 0,0,0 1,236,1 0,0,0
ADDLINE 0,0,0 1,128,1 1,128,1 1,128,1 1,128,1 1,128,1 0,0,0 12,0,2 0,0,0
ADDLINE 8,0,2 0,0,0 12,0,2 1,278,1 1,278,1 1,278,1 1,278,1 1,278,1 0,0,0
ADDLINE 1,224,1 1,224,1 8,0,2 12,0,2 1,224,1 1,224,1 1,224,1 0,0,0 0,0,0
ADDLINE 1,123,1 1,246,1 1,246,1 0,0,0 1,123,1 12,0,2 1,123,1 0,0,0 1,123,1
ADDLINE 1,134,1 0,0,0 7,0,2 12,0,2 1,134,1 0,0,0 1,134,1 0,0,0 1,134,1
ADDLINE 1,145,1 0,0,0 1,290,1 1,290,1 1,145,1 0,0,0 1,145,1 12,0,2 1,145,1
ADDLINE 1,116,1 12,0,2 0,0,0 0,0,0 1,116,1 0,0,0 0,0,0 0,0,0 0,0,0
ADDLINE 1,122,1 1,122,1 1,122,1 12,0,2 1,122,1 1,122,1 1,122,1 1,122,1 1,122,1
ADDLINE 0,0,0 0,0,0 1,139,1 0,0,0 0,0,0 0,0,0 1,139,1 12,0,2 1,139,1
ADDLINE 1,150,1 0,0,0 1,150,1 1,150,1 1,150,1 12,0,2 1,300,1 11,0,2 1,150,1
ADDLINE 1,121,1 0,0,0 0,0,0 0,0,0 1,121,1 0,0,0 12,0,2 0,0,0 1,121,1
ADDLINE 1,132,1 1,132,1 1,132,1 0,0,0 1,132,1 1,132,1 1,132,1 12,0,2 1,132,1
1,85,1 18,85,1 0,0,0 1,85,1 1,85,1 12,0,2 1,85,1 1,85,1 1,85,1
1,84,1 15,0,2 8,0,2 1,84,1 1,84,1 0,0,0 1,84,1 6,84,1 1,84,1
0,0,0 12,0,2 1,83,1 1,83,1 1,83,1 0,0,0 12,0,2 1,83,1 1,83,1
0,0,0 0,0,0 0,0,0 0,0,0 0,0,0 0,0,0 12,0,2 1,82,1 1,82,1
1,78,1 1,78,1 1,78,1 16,78,1 1,78,1 12,0,2 1,78,1 1,78,1 1,78,1
0,0,0 0,0,0 0,0,0 12,0,2 0,0,0 14,0,2 1,80,1 1,80,1 1,80,1
0,0,0 0,0,0 0,0,0 0,0,0 0,0,0 0,0,0 0,0,0 0,0,0 0,0,0
0,0,0 0,0,0 0,0,0 0,0,0 0,0,0 0,0,0 0,0,0 0,0,0 0,0,0
0,0,0 0,0,0 0,0,0 0,0,0 0,0,0 0,0,0 0,0,0 0,0,0 0,0,0