MODE 0
BALL 80
STARS 0/5600/7900
ADDLINE 1,90,1 1,90,1 1,90,1 1,90,1 1,90,1 12,0,2 1,90,1 1,90,1 1,90,1
ADDLINE 1,96,1 1,96,1 1,96,1 1,96,1 1,96,1 12,0,2 1,96,1 0,0,0 0,0,0
ADDLINE 1,92,1 1,92,1 1,92,1 1,92,1 1,92,1 12,0,2 1,92,1 1,92,1 1,92,1
ADDLINE 1,107,1 0,0,0 0,0,0 0,0,0 12,0,2 0,0,0 1,107,1 1,107,1 1,107,1
ADDLINE 1,103,1 1,103,1 1,103,1 1,103,1 1,103,1 12,0,2 1,103,1 1,103,1 1,103,1
ADDLINE 0,0,0 12,0,2 0,0,0 0,0,0 1,118,1 0,0,0 1,118,1 1,118,1 1,118,1
ADDLINE 1,128,1 1,128,1 1,128,1 0,0,0 1,128,1 12,0,2 1,128,1 1,128,1 1,128,1
ADDLINE 0,0,0 0,0,0 1,139,1 0,0,0 1,139,1 0,0,0 1,139,1 12,0,2 1,139,1
ADDLINE 1,112,1 0,0,0 1,112,1 0,0,0 1,112,1 1,112,1 1,112,1 12,0,2 1,112,1
ADDLINE 1,123,1 0,0,0 0,0,0 12,0,2 1,123,1 0,0,0 1,123,1 0,0,0 1,123,1
ADDLINE 1,134,1 0,0,0 1,134,1 12,0,2 1,134,1 0,0,0 1,134,1 0,0,0 1,134,1
ADDLINE 1,145,1 0,0,0 1,145,1 0,0,0 0,0,0 0,0,0 1,145,1 12,0,2 0,0,0
ADDLINE 1,116,1 0,0,0 1,116,1 1,116,1 1,116,1 12,0,2 1,116,1 1,116,1 1,116,1
ADDLINE 12,0,2 0,0,0 1,128,1 0,0,0 0,0,0 0,0,0 1,128,1 0,0,0 0,0,0
ADDLINE 1,132,1 1,132,1 1,132,1 1,132,1 1,132,1 1,132,1 1,132,1 12,0,2 1,132,1
ADDLINE 1,150,1 0,0,0 0,0,0 0,0,0 1,150,1 0,0,0 12,0,2 0,0,0 1,150,1
ADDLINE 1,121,1 0,0,0 1,121,1 12,0,2 1,121,1 0,0,0 1,121,1 1,121,1 1,121,1
ADDLINE 0,0,0 12,0,2 1,132,1 0,0,0 0,0,0 0,0,0 1,132,1 0,0,0 0,0,0
7,0,2 0,0,0 1,85,1 1,85,1 1,85,1 6,85,1 1,85,1 12,0,2 7,0,2
1,80,1 1,80,1 6,80,1 1,80,1 1,80,1 1,80,1 1,80,1 12,0,2 1,80,1
1,83,1 12,0,2 11,0,2 12,0,2 18,83,1 0,0,0 0,0,0 0,0,0 1,83,1
1,78,1 1,78,1 8,0,2 1,78,1 1,78,1 1,78,1 1,78,1 1,78,1 1,78,1
2,81,1 12,0,2 0,0,0 1,81,1 1,81,1 1,81,1 16,81,1 1,81,1 1,81,1
4,77,1 12,0,2 1,77,1 1,77,1 1,77,1 1,77,1 1,77,1 1,77,1 1,77,1
0,0,0 0,0,0 0,0,0 0,0,0 0,0,0 0,0,0 0,0,0 0,0,0 0,0,0
0,0,0 0,0,0 0,0,0 0,0,0 0,0,0 0,0,0 0,0,0 0,0,0 0,0,0
0,0,0 0,0,0 0,0,0 0,0,0 0,0,0 0,0,0 0,0,0 0,0,0 0,0,0