MODE 0
BALL 80
STARS 0/4900/7000
ADDLINE 1,95,1 0,0,0 0,0,0 0,0,0 12,0,2 1,95,1 1,95,1 1,95,1 1,95,1
ADDLINE 1,96,1 0,0,0 12,0,2 0,0,0 0,0,0 0,0,0 0,0,0 1,96,1 1,96,1
ADDLINE 1,97,1 1,97,1 1,97,1 1,97,1 12,0,2 1,97,1 1,97,1 0,0,0 0,0,0
ADDLINE 1,107,1 1,107,1 1,107,1 1,107,1 12,0,2 1,107,1 1,107,1 1,107,1 0,0,0
ADDLINE 1,103,1 1,103,1 1,103,1 1,103,1 1,103,1 1,103,1 1,103,1 1,103,1 12,0,2
ADDLINE 1,118,1 1,118,1 1,118,1 1,118,1 12,0,2 0,0,0 0,0,0 1,118,1 0,0,0
ADDLINE 1,128,1 1,128,1 1,128,1 12,0,2 0,0,0 1,128,1 1,128,1 0,0,0 0,0,0
ADDLINE 0,0,0 0,0,0 0,0,0 12,0,2 1,139,1 1,139,1 1,139,1 0,0,0 0,0,0
ADDLINE 12,0,2 0,0,0 0,0,0 1,112,1 1,112,1 1,112,1 1,112,1 1,112,1 0,0,0
ADDLINE 0,0,0 0,0,0 1,123,1 0,0,0 0,0,0 12,0,2 1,123,1 0,0,0 1,123,1
ADDLINE 1,127,1 1,127,1 1,127,1 1,127,1 1,127,1 1,127,1 1,127,1 12,0,2 1,127,1
ADDLINE 0,0,0 0,0,0 1,145,1 0,0,0 12,0,2 0,0,0 1,145,1 0,0,0 0,0,0
ADDLINE 1,116,1 0,0,0 1,116,1 12,0,2 1,116,1 0,0,0 1,116,1 1,116,1 1,116,1
ADDLINE 1,128,1 0,0,0 1,128,1 0,0,0 1,128,1 12,0,2 0,0,0 0,0,0 1,128,1
ADDLINE 1,139,1 0,0,0 1,139,1 12,0,2 1,139,1 1,139,1 1,139,1 0,0,0 1,139,1
ADDLINE 0,0,0 0,0,0 1,150,1 0,0,0 0,0,0 12,0,2 1,150,1 0,0,0 0,0,0
ADDLINE 1,115,1 1,115,1 1,115,1 1,115,1 1,115,1 12,0,2 1,115,1 1,115,1 1,115,1
ADDLINE 1,132,1 0,0,0 0,0,0 0,0,0 1,132,1 12,0,2 1,132,1 0,0,0 0,0,0
1,85,1 9,0,2 12,0,2 0,0,0 0,0,0 0,0,0 1,85,1 1,85,1 1,85,1
1,84,1 0,0,0 1,84,1 12,0,2 0,0,0 1,84,1 1,84,1 6,84,1 1,84,1
1,83,1 0,0,0 1,83,1 1,83,1 12,0,2 0,0,0 1,83,1 1,83,1 1,83,1
6,82,1 0,0,0 0,0,0 1,82,1 1,82,1 12,0,2 0,0,0 7,0,2 0,0,0
1,81,1 1,81,1 12,0,2 1,81,1 1,81,1 1,81,1 1,81,1 0,0,0 0,0,0
1,80,1 1,80,1 0,0,0 0,0,0 0,0,0 1,80,1 12,0,2 21,80,1 1,80,1
0,0,0 0,0,0 0,0,0 0,0,0 0,0,0 0,0,0 0,0,0 0,0,0 0,0,0
0,0,0 0,0,0 0,0,0 0,0,0 0,0,0 0,0,0 0,0,0 0,0,0 0,0,0
0,0,0 0,0,0 0,0,0 0,0,0 0,0,0 0,0,0 0,0,0 0,0,0 0,0,0