MODE 0
BALL 80
STARS 0/5900/8500
ADDLINE 1,95,1 1,95,1 1,95,1 0,0,0 0,0,0 12,0,2 0,0,0 0,0,0 0,0,0
ADDLINE 16,96,1 1,96,1 12,0,2 1,96,1 1,96,1 1,96,1 1,96,1 1,96,1 0,0,0
ADDLINE 0,0,0 1,97,1 12,0,2 1,97,1 1,97,1 1,97,1 1,97,1 1,97,1 0,0,0
ADDLINE 1,107,1 1,107,1 1,107,1 1,107,1 17,107,1 1,107,1 0,0,0 1,107,1 12,0,2
ADDLINE 1,108,1 1,108,1 0,0,0 1,108,1 1,108,1 0,0,0 0,0,0 12,0,2 0,0,0
ADDLINE 1,112,1 1,112,1 12,0,2 1,112,1 1,112,1 1,112,1 1,112,1 1,112,1 1,112,1
ADDLINE 1,256,1 1,256,1 1,256,1 1,256,1 12,0,2 16,128,1 1,256,1 1,256,1 0,0,0
ADDLINE 1,139,1 1,139,1 12,0,2 1,139,1 1,139,1 1,139,1 1,139,1 1,139,1 0,0,0
ADDLINE 0,0,0 0,0,0 12,0,2 1,112,1 1,112,1 1,112,1 1,112,1 1,112,1 0,0,0
ADDLINE 1,123,1 0,0,0 0,0,0 0,0,0 1,123,1 0,0,0 0,0,0 12,0,2 0,0,0
ADDLINE 1,127,1 1,127,1 1,127,1 1,127,1 1,127,1 12,0,2 1,127,1 1,127,1 1,127,1
ADDLINE 0,0,0 12,0,2 1,145,1 0,0,0 1,145,1 0,0,0 0,0,0 0,0,0 1,145,1
ADDLINE 1,116,1 0,0,0 1,116,1 0,0,0 1,116,1 1,116,1 1,116,1 12,0,2 1,116,1
ADDLINE 1,128,1 0,0,0 1,128,1 0,0,0 1,128,1 12,0,2 1,256,1 1,256,1 1,128,1
ADDLINE 1,139,1 0,0,0 1,139,1 12,0,2 1,139,1 0,0,0 1,278,1 20,139,1 1,139,1
ADDLINE 1,150,1 12,0,2 1,150,1 0,0,0 0,0,0 0,0,0 1,300,1 0,0,0 0,0,0
ADDLINE 1,115,1 12,0,2 1,115,1 1,115,1 1,115,1 1,115,1 1,115,1 1,115,1 1,115,1
ADDLINE 1,132,1 0,0,0 1,132,1 0,0,0 12,0,2 0,0,0 0,0,0 0,0,0 1,132,1
0,0,0 1,85,1 4,85,1 0,0,0 1,85,1 1,85,1 12,0,2 1,85,1 1,85,1
1,84,1 1,84,1 12,0,2 19,84,1 1,84,1 1,84,1 0,0,0 12,0,2 10,0,2
20,83,1 1,83,1 8,0,2 1,83,1 1,83,1 6,83,1 0,0,0 1,83,1 1,83,1
1,82,1 1,82,1 0,0,0 1,82,1 12,0,2 1,82,1 0,0,0 12,0,2 1,82,1
1,78,1 1,78,1 0,0,0 1,78,1 12,0,2 0,0,0 0,0,0 1,78,1 1,78,1
1,80,1 1,80,1 0,0,0 1,80,1 1,80,1 1,80,1 1,80,1 1,80,1 1,80,1
0,0,0 0,0,0 0,0,0 0,0,0 0,0,0 0,0,0 0,0,0 0,0,0 0,0,0
0,0,0 0,0,0 0,0,0 0,0,0 0,0,0 0,0,0 0,0,0 0,0,0 0,0,0
0,0,0 0,0,0 0,0,0 0,0,0 0,0,0 0,0,0 0,0,0 0,0,0 0,0,0