MODE 0
BALL 80
STARS 0/5100/7300
ADDLINE 0,0,0 5,95,1 1,95,1 1,95,1 2,95,1 1,95,1 12,0,2 1,95,1 1,95,1
ADDLINE 0,0,0 5,96,1 1,96,1 3,96,1 1,96,1 1,96,1 0,0,0 12,0,2 1,96,1
ADDLINE 0,0,0 0,0,0 0,0,0 1,97,1 0,0,0 0,0,0 0,0,0 12,0,2 1,97,1
ADDLINE 1,107,1 1,107,1 0,0,0 1,107,1 12,0,2 0,0,0 4,107,1 1,107,1 1,107,1
ADDLINE 1,108,1 1,108,1 0,0,0 1,108,1 1,108,1 12,0,2 1,108,1 1,108,1 4,108,1
ADDLINE 1,118,1 1,118,1 0,0,0 0,0,0 12,0,2 0,0,0 1,118,1 3,118,1 2,118,1
ADDLINE 0,0,0 12,0,2 1,128,1 1,128,1 0,0,0 1,128,1 2,128,1 1,128,1 1,128,1
ADDLINE 0,0,0 0,0,0 0,0,0 2,139,1 12,0,2 1,139,1 1,139,1 1,139,1 1,139,1
ADDLINE 1,112,1 1,112,1 0,0,0 1,112,1 12,0,2 1,112,1 5,112,1 4,112,1 1,112,1
ADDLINE 1,117,1 4,117,1 1,117,1 1,117,1 1,117,1 3,117,1 2,117,1 12,0,2 1,117,1
ADDLINE 1,134,1 0,0,0 12,0,2 0,0,0 1,134,1 0,0,0 0,0,0 0,0,0 1,134,1
ADDLINE 1,145,1 0,0,0 1,145,1 0,0,0 1,145,1 12,0,2 4,145,1 1,145,1 1,145,1
ADDLINE 1,116,1 0,0,0 4,116,1 0,0,0 0,0,0 0,0,0 1,116,1 12,0,2 0,0,0
ADDLINE 1,128,1 0,0,0 1,128,1 5,128,1 1,128,1 1,128,1 1,128,1 12,0,2 2,128,1
ADDLINE 1,139,1 0,0,0 1,139,1 0,0,0 5,139,1 0,0,0 0,0,0 12,0,2 1,139,1
ADDLINE 1,150,1 0,0,0 1,150,1 0,0,0 1,150,1 12,0,2 5,150,1 5,150,1 1,150,1
ADDLINE 1,121,1 0,0,0 12,0,2 0,0,0 1,121,1 0,0,0 1,121,1 0,0,0 0,0,0
ADDLINE 2,132,1 0,0,0 4,132,1 1,132,1 1,132,1 0,0,0 1,132,1 12,0,2 1,132,1
1,85,1 1,85,1 1,85,1 12,0,2 1,85,1 1,85,1 1,85,1 1,85,1 10,0,2
0,0,0 0,0,0 0,0,0 12,0,2 7,0,2 12,0,2 0,0,0 5,84,1 4,84,1
0,0,0 1,83,1 1,83,1 4,83,1 1,83,1 2,83,1 2,83,1 0,0,0 1,83,1
0,0,0 0,0,0 12,0,2 0,0,0 0,0,0 1,82,1 1,82,1 0,0,0 1,82,1
1,81,1 11,0,2 0,0,0 1,81,1 6,81,1 1,81,1 4,81,1 3,81,1 1,81,1
1,80,1 1,80,1 1,80,1 5,80,1 1,80,1 4,80,1 12,0,2 0,0,0 0,0,0
0,0,0 0,0,0 0,0,0 0,0,0 0,0,0 0,0,0 0,0,0 0,0,0 0,0,0
0,0,0 0,0,0 0,0,0 0,0,0 0,0,0 0,0,0 0,0,0 0,0,0 0,0,0
0,0,0 0,0,0 0,0,0 0,0,0 0,0,0 0,0,0 0,0,0 0,0,0 0,0,0