MODE 0
BALL 80
STARS 0/5400/7500
ADDLINE 12,0,2 5,95,1 1,95,1 1,95,1 1,95,1 1,95,1 0,0,0 1,95,1 0,0,0
ADDLINE 0,0,0 3,96,1 1,96,1 1,96,1 1,96,1 4,96,1 12,0,2 1,96,1 3,96,1
ADDLINE 0,0,0 1,97,1 0,0,0 0,0,0 0,0,0 0,0,0 12,0,2 0,0,0 0,0,0
ADDLINE 1,102,1 1,102,1 12,0,2 1,102,1 1,102,1 1,102,1 1,102,1 5,102,1 1,102,1
ADDLINE 1,108,1 1,108,1 0,0,0 1,108,1 0,0,0 12,0,2 0,0,0 1,108,1 1,108,1
ADDLINE 4,118,1 4,118,1 0,0,0 1,118,1 5,118,1 2,118,1 12,0,2 1,118,1 1,118,1
ADDLINE 1,128,1 1,128,1 0,0,0 0,0,0 0,0,0 0,0,0 12,0,2 3,128,1 1,128,1
ADDLINE 4,133,1 1,133,1 1,133,1 1,133,1 1,133,1 12,0,2 1,133,1 1,133,1 3,133,1
ADDLINE 0,0,0 5,112,1 12,0,2 1,112,1 0,0,0 0,0,0 1,112,1 1,112,1 1,112,1
ADDLINE 2,123,1 0,0,0 1,123,1 12,0,2 1,123,1 1,123,1 2,123,1 1,123,1 1,123,1
ADDLINE 1,134,1 0,0,0 5,134,1 0,0,0 1,134,1 0,0,0 0,0,0 12,0,2 1,134,1
ADDLINE 1,145,1 0,0,0 1,145,1 12,0,2 1,145,1 0,0,0 1,145,1 0,0,0 3,145,1
ADDLINE 2,116,1 0,0,0 1,116,1 12,0,2 0,0,0 0,0,0 1,116,1 0,0,0 0,0,0
ADDLINE 1,122,1 12,0,2 1,122,1 1,122,1 5,122,1 1,122,1 1,122,1 1,122,1 4,122,1
ADDLINE 0,0,0 0,0,0 1,139,1 0,0,0 0,0,0 0,0,0 0,0,0 12,0,2 1,139,1
ADDLINE 1,150,1 0,0,0 1,150,1 12,0,2 3,150,1 0,0,0 1,150,1 1,150,1 1,150,1
ADDLINE 1,121,1 12,0,2 4,121,1 0,0,0 1,121,1 0,0,0 1,121,1 0,0,0 0,0,0
ADDLINE 5,132,1 0,0,0 1,132,1 12,0,2 1,132,1 1,132,1 4,132,1 0,0,0 1,132,1
3,85,1 1,85,1 1,85,1 1,85,1 0,0,0 1,85,1 12,0,2 1,85,1 1,85,1
0,0,0 5,84,1 0,0,0 12,0,2 0,0,0 1,84,1 0,0,0 5,84,1 0,0,0
1,83,1 1,83,1 1,83,1 4,83,1 22,0,2 1,83,1 12,0,2 1,83,1 1,83,1
4,82,1 6,82,1 5,82,1 1,82,1 0,0,0 8,0,2 0,0,0 12,0,2 0,0,0
1,78,1 5,78,1 1,78,1 1,78,1 12,0,2 1,78,1 3,78,1 1,78,1 1,78,1
1,80,1 1,80,1 1,80,1 1,80,1 10,0,2 1,80,1 0,0,0 12,0,2 0,0,0
0,0,0 0,0,0 0,0,0 0,0,0 0,0,0 0,0,0 0,0,0 0,0,0 0,0,0
0,0,0 0,0,0 0,0,0 0,0,0 0,0,0 0,0,0 0,0,0 0,0,0 0,0,0
0,0,0 0,0,0 0,0,0 0,0,0 0,0,0 0,0,0 0,0,0 0,0,0 0,0,0