MODE 0
BALL 80
STARS 0/5400/7800
ADDLINE 1,95,1 8,0,2 0,0,0 0,0,0 0,0,0 12,0,2 1,95,1 1,95,1 0,0,0
ADDLINE 1,96,1 1,96,1 1,96,1 1,96,1 1,96,1 12,0,2 0,0,0 1,96,1 11,0,2
ADDLINE 7,0,2 1,97,1 1,97,1 19,97,1 1,97,1 1,97,1 12,0,2 1,97,1 0,0,0
ADDLINE 1,107,1 1,107,1 1,107,1 1,107,1 12,0,2 1,107,1 1,107,1 11,0,2 0,0,0
ADDLINE 1,108,1 1,108,1 0,0,0 1,108,1 12,0,2 19,108,1 1,108,1 1,108,1 1,108,1
ADDLINE 3,118,1 1,118,1 12,0,2 1,118,1 1,236,1 1,236,1 1,236,1 0,0,0 0,0,0
ADDLINE 0,0,0 12,0,2 0,0,0 3,128,1 1,256,1 1,256,1 1,256,1 1,128,1 0,0,0
ADDLINE 1,278,1 1,278,1 12,0,2 1,278,1 1,278,1 19,139,1 1,278,1 1,278,1 0,0,0
ADDLINE 1,112,1 1,112,1 0,0,0 12,0,2 1,224,1 1,224,1 1,224,1 1,224,1 11,0,2
ADDLINE 1,246,1 8,0,2 1,246,1 12,0,2 7,0,2 1,246,1 1,246,1 1,246,1 20,123,1
ADDLINE 1,134,1 0,0,0 1,134,1 12,0,2 1,268,1 0,0,0 0,0,0 1,268,1 0,0,0
ADDLINE 16,145,1 0,0,0 1,290,1 1,290,1 1,290,1 12,0,2 1,290,1 1,290,1 1,290,1
ADDLINE 2,116,1 0,0,0 1,116,1 12,0,2 1,116,1 0,0,0 1,116,1 0,0,0 1,116,1
ADDLINE 3,128,1 0,0,0 1,128,1 0,0,0 1,128,1 12,0,2 1,128,1 0,0,0 1,128,1
ADDLINE 1,278,1 0,0,0 1,278,1 1,278,1 1,278,1 12,0,2 16,139,1 1,278,1 1,278,1
ADDLINE 2,150,1 0,0,0 1,150,1 0,0,0 5,150,1 12,0,2 1,150,1 1,150,1 1,150,1
ADDLINE 1,121,1 0,0,0 1,121,1 0,0,0 12,0,2 0,0,0 1,121,1 0,0,0 0,0,0
ADDLINE 1,132,1 0,0,0 1,264,1 1,132,1 2,132,1 1,132,1 4,132,1 12,0,2 1,132,1
16,85,1 1,85,1 12,0,2 1,85,1 1,85,1 1,85,1 1,85,1 1,85,1 1,2,1
0,0,0 12,0,2 12,0,2 1,84,1 1,84,1 2,84,1 0,0,0 1,84,1 1,2,1
12,0,2 1,83,1 1,83,1 1,83,1 1,83,1 1,83,1 1,83,1 8,0,2 1,2,1
10,0,2 0,0,0 1,82,1 1,82,1 19,82,1 1,82,1 1,82,1 1,82,1 1,2,1
19,81,1 1,81,1 0,0,0 1,81,1 12,0,2 1,81,1 1,81,1 1,81,1 1,2,1
1,80,1 1,80,1 5,80,1 1,80,1 0,0,0 0,0,0 12,0,2 1,80,1 1,2,1
0,0,0 0,0,0 0,0,0 0,0,0 0,0,0 0,0,0 0,0,0 0,0,0 0,0,0
0,0,0 0,0,0 0,0,0 0,0,0 0,0,0 0,0,0 0,0,0 0,0,0 0,0,0
0,0,0 0,0,0 0,0,0 0,0,0 0,0,0 0,0,0 0,0,0 0,0,0 0,0,0