MODE 0
BALL 80
STARS 0/5600/7900
ADDLINE 1,95,1 1,95,1 0,0,0 12,0,2 0,0,0 2,95,1 0,0,0 1,95,1 0,0,0
ADDLINE 1,96,1 1,96,1 0,0,0 1,96,1 1,96,1 1,96,1 12,0,2 1,96,1 3,96,1
ADDLINE 1,97,1 1,97,1 0,0,0 1,97,1 1,97,1 1,97,1 12,0,2 4,97,1 4,97,1
ADDLINE 3,102,1 1,102,1 1,102,1 1,102,1 4,102,1 4,102,1 12,0,2 2,102,1 3,102,1
ADDLINE 0,0,0 1,108,1 12,0,2 1,108,1 1,108,1 1,108,1 0,0,0 0,0,0 0,0,0
ADDLINE 1,112,1 1,112,1 1,112,1 1,112,1 1,112,1 1,112,1 12,0,2 1,112,1 1,112,1
ADDLINE 0,0,0 0,0,0 0,0,0 0,0,0 0,0,0 1,128,1 0,0,0 12,0,2 0,0,0
ADDLINE 1,139,1 1,139,1 0,0,0 4,139,1 12,0,2 1,139,1 1,139,1 3,139,1 2,139,1
ADDLINE 0,0,0 1,112,1 0,0,0 1,112,1 12,0,2 1,112,1 3,112,1 1,112,1 1,112,1
ADDLINE 1,123,1 0,0,0 1,123,1 0,0,0 12,0,2 0,0,0 1,123,1 0,0,0 0,0,0
ADDLINE 2,134,1 0,0,0 1,134,1 12,0,2 1,134,1 1,134,1 5,134,1 0,0,0 1,134,1
ADDLINE 4,145,1 0,0,0 1,145,1 0,0,0 0,0,0 0,0,0 1,145,1 12,0,2 1,145,1
ADDLINE 5,116,1 0,0,0 1,116,1 1,116,1 1,116,1 12,0,2 1,116,1 0,0,0 1,116,1
ADDLINE 0,0,0 12,0,2 3,128,1 0,0,0 0,0,0 0,0,0 1,128,1 0,0,0 1,128,1
ADDLINE 4,139,1 1,139,1 3,139,1 0,0,0 1,139,1 0,0,0 1,139,1 12,0,2 1,139,1
ADDLINE 1,150,1 0,0,0 12,0,2 0,0,0 1,150,1 0,0,0 5,150,1 0,0,0 2,150,1
ADDLINE 3,121,1 0,0,0 5,121,1 1,121,1 1,121,1 1,121,1 1,121,1 12,0,2 1,121,1
ADDLINE 1,132,1 0,0,0 1,132,1 0,0,0 12,0,2 0,0,0 1,132,1 0,0,0 1,132,1
4,81,1 12,0,2 5,81,1 1,81,1 1,81,1 1,81,1 16,81,1 1,81,1 1,81,1
1,84,1 0,0,0 0,0,0 0,0,0 0,0,0 0,0,0 5,84,1 12,0,2 0,0,0
4,79,1 12,0,2 1,79,1 0,0,0 5,79,1 3,79,1 0,0,0 1,79,1 1,79,1
0,0,0 0,0,0 1,82,1 9,0,2 3,82,1 12,0,2 0,0,0 0,0,0 1,82,1
1,81,1 6,81,1 5,81,1 8,0,2 1,81,1 12,0,2 3,81,1 1,81,1 4,81,1
1,80,1 1,80,1 1,80,1 1,80,1 1,80,1 12,0,2 0,0,0 0,0,0 1,80,1
0,0,0 0,0,0 0,0,0 0,0,0 0,0,0 0,0,0 0,0,0 0,0,0 0,0,0
0,0,0 0,0,0 0,0,0 0,0,0 0,0,0 0,0,0 0,0,0 0,0,0 0,0,0
0,0,0 0,0,0 0,0,0 0,0,0 0,0,0 0,0,0 0,0,0 0,0,0 0,0,0