MODE 0
BALL 80
STARS 0/5600/8000
ADDLINE 0,0,0 1,95,1 0,0,0 0,0,0 0,0,0 12,0,2 0,0,0 0,0,0 0,0,0
ADDLINE 0,0,0 1,96,1 12,0,2 1,96,1 1,96,1 0,0,0 1,96,1 1,96,1 1,96,1
ADDLINE 0,0,0 1,97,1 1,97,1 0,0,0 0,0,0 12,0,2 1,97,1 0,0,0 1,97,1
ADDLINE 1,107,1 7,0,2 1,107,1 12,0,2 0,0,0 1,107,1 0,0,0 0,0,0 1,107,1
ADDLINE 0,0,0 1,108,1 8,0,2 0,0,0 1,108,1 12,0,2 1,108,1 1,108,1 1,108,1
ADDLINE 0,0,0 1,118,1 1,118,1 12,0,2 1,118,1 0,0,0 1,118,1 1,118,1 1,118,1
ADDLINE 1,128,1 1,128,1 1,128,1 0,0,0 1,128,1 12,0,2 0,0,0 0,0,0 0,0,0
ADDLINE 8,0,2 0,0,0 1,278,1 12,0,2 1,278,1 1,278,1 1,278,1 1,278,1 0,0,0
ADDLINE 12,0,2 1,112,1 0,0,0 0,0,0 1,112,1 1,112,1 1,112,1 1,112,1 0,0,0
ADDLINE 1,117,1 1,117,1 1,117,1 1,117,1 1,117,1 12,0,2 1,117,1 1,117,1 1,117,1
ADDLINE 0,0,0 1,134,1 1,134,1 0,0,0 0,0,0 1,134,1 0,0,0 12,0,2 1,134,1
ADDLINE 1,138,1 1,138,1 1,138,1 12,0,2 1,138,1 1,138,1 1,138,1 1,138,1 1,138,1
ADDLINE 1,116,1 0,0,0 1,116,1 12,0,2 1,116,1 1,116,1 1,116,1 1,116,1 1,116,1
ADDLINE 1,128,1 0,0,0 1,128,1 12,0,2 1,128,1 1,128,1 1,128,1 1,128,1 1,128,1
ADDLINE 1,139,1 0,0,0 0,0,0 0,0,0 0,0,0 12,0,2 1,139,1 0,0,0 0,0,0
ADDLINE 1,150,1 1,150,1 1,150,1 1,150,1 1,300,1 11,0,2 1,300,1 12,0,2 1,150,1
ADDLINE 1,121,1 1,121,1 1,121,1 0,0,0 1,242,1 12,0,2 1,242,1 11,0,2 1,121,1
ADDLINE 1,132,1 1,132,1 1,264,1 0,0,0 1,264,1 0,0,0 1,264,1 12,0,2 1,132,1
ADDLINE 1,288,1 1,288,1 1,288,1 10,0,2 1,288,1 12,0,2 1,288,1 1,288,1 1,288,1
ADDLINE 1,148,1 1,148,1 1,296,1 1,296,1 1,296,1 12,0,2 1,148,1 1,148,1 1,148,1
ADDLINE 0,0,0 0,0,0 1,125,1 0,0,0 0,0,0 12,0,2 1,125,1 0,0,0 0,0,0
0,0,0 1,85,1 10,0,2 12,0,2 0,0,0 1,85,1 1,85,1 1,85,1 1,85,1
12,0,2 1,80,1 1,80,1 1,80,1 1,80,1 1,80,1 1,80,1 1,80,1 1,80,1
8,0,2 0,0,0 0,0,0 12,0,2 0,0,0 6,83,1 1,83,1 1,83,1 1,83,1
12,0,2 1,78,1 1,78,1 1,78,1 1,78,1 1,78,1 1,78,1 1,78,1 1,78,1
0,0,0 1,81,1 0,0,0 0,0,0 7,0,2 12,0,2 12,0,2 1,81,1 0,0,0
11,0,2 1,80,1 1,80,1 1,80,1 1,80,1 1,80,1 1,80,1 1,80,1 1,80,1
0,0,0 0,0,0 0,0,0 0,0,0 0,0,0 0,0,0 0,0,0 0,0,0 0,0,0
0,0,0 0,0,0 0,0,0 0,0,0 0,0,0 0,0,0 0,0,0 0,0,0 0,0,0
0,0,0 0,0,0 0,0,0 0,0,0 0,0,0 0,0,0 0,0,0 0,0,0 0,0,0