MODE 0
BALL 80
STARS 0/5700/8200
ADDLINE 0,0,0 12,0,2 0,0,0 0,0,0 1,95,1 0,0,0 0,0,0 0,0,0 1,95,1
ADDLINE 1,96,1 17,96,1 1,96,1 0,0,0 1,96,1 0,0,0 1,96,1 12,0,2 1,96,1
ADDLINE 1,97,1 1,97,1 1,97,1 0,0,0 1,97,1 0,0,0 1,97,1 12,0,2 1,97,1
ADDLINE 16,107,1 1,107,1 1,107,1 0,0,0 1,107,1 12,0,2 1,107,1 1,107,1 1,107,1
ADDLINE 1,108,1 0,0,0 0,0,0 0,0,0 1,108,1 12,0,2 1,108,1 0,0,0 1,108,1
ADDLINE 1,118,1 0,0,0 1,118,1 0,0,0 1,118,1 12,0,2 20,118,1 1,236,1 1,118,1
ADDLINE 1,128,1 0,0,0 1,128,1 12,0,2 1,128,1 1,256,1 1,256,1 1,256,1 0,0,0
ADDLINE 1,139,1 1,139,1 1,139,1 0,0,0 1,139,1 1,278,1 17,139,1 12,0,2 1,139,1
ADDLINE 0,0,0 1,224,1 1,224,1 1,224,1 1,224,1 1,224,1 16,112,1 12,0,2 1,224,1
ADDLINE 0,0,0 1,123,1 1,123,1 1,123,1 1,123,1 1,123,1 12,0,2 1,123,1 1,123,1
ADDLINE 0,0,0 12,0,2 1,134,1 1,134,1 1,134,1 1,134,1 1,134,1 0,0,0 1,134,1
ADDLINE 1,145,1 0,0,0 0,0,0 1,145,1 1,145,1 0,0,0 0,0,0 12,0,2 1,145,1
ADDLINE 0,0,0 1,232,1 1,232,1 1,232,1 12,0,2 1,232,1 1,232,1 1,232,1 16,116,1
ADDLINE 0,0,0 0,0,0 12,0,2 0,0,0 0,0,0 1,128,1 1,128,1 1,128,1 1,128,1
ADDLINE 1,139,1 0,0,0 12,0,2 1,139,1 0,0,0 1,139,1 1,139,1 1,139,1 1,139,1
ADDLINE 0,0,0 12,0,2 0,0,0 1,150,1 1,150,1 1,150,1 1,150,1 1,150,1 1,150,1
ADDLINE 0,0,0 1,121,1 12,0,2 1,121,1 1,121,1 1,121,1 1,121,1 1,121,1 1,121,1
ADDLINE 0,0,0 12,0,2 1,264,1 1,264,1 1,264,1 1,264,1 1,264,1 1,264,1 16,132,1
ADDLINE 1,144,1 1,144,1 1,144,1 1,144,1 12,0,2 17,144,1 1,288,1 1,144,1 1,144,1
ADDLINE 1,156,1 1,156,1 1,156,1 1,156,1 0,0,0 12,0,2 1,312,1 1,156,1 1,156,1
ADDLINE 1,125,1 1,125,1 0,0,0 0,0,0 0,0,0 12,0,2 1,125,1 1,125,1 1,125,1
17,85,1 1,85,1 1,85,1 0,0,0 1,85,1 8,0,2 0,0,0 1,85,1 0,0,0
1,84,1 1,84,1 1,84,1 17,84,1 12,0,2 0,0,0 12,0,2 1,84,1 10,0,2
1,83,1 1,83,1 1,83,1 1,83,1 0,0,0 1,83,1 12,0,2 1,83,1 17,83,1
1,78,1 1,78,1 1,78,1 1,78,1 1,78,1 1,78,1 12,0,2 1,78,1 1,78,1
1,81,1 0,0,0 1,81,1 20,81,1 1,81,1 1,81,1 12,0,2 1,81,1 1,81,1
0,0,0 0,0,0 1,80,1 1,80,1 1,80,1 1,80,1 0,0,0 12,0,2 5,80,1
0,0,0 0,0,0 0,0,0 0,0,0 0,0,0 0,0,0 0,0,0 0,0,0 0,0,0
0,0,0 0,0,0 0,0,0 0,0,0 0,0,0 0,0,0 0,0,0 0,0,0 0,0,0
0,0,0 0,0,0 0,0,0 0,0,0 0,0,0 0,0,0 0,0,0 0,0,0 0,0,0