MODE 0
BALL 80
STARS 0/5300/7600
ADDLINE 0,0,0 0,0,0 12,0,2 5,95,1 0,0,0 1,95,1 3,95,1 1,95,1 0,0,0
ADDLINE 1,96,1 1,96,1 1,96,1 1,96,1 12,0,2 1,96,1 1,96,1 1,96,1 0,0,0
ADDLINE 0,0,0 0,0,0 1,97,1 1,97,1 12,0,2 3,97,1 1,97,1 2,97,1 0,0,0
ADDLINE 12,0,2 1,102,1 1,102,1 1,102,1 1,102,1 5,102,1 1,102,1 1,102,1 1,102,1
ADDLINE 0,0,0 2,108,1 0,0,0 0,0,0 0,0,0 0,0,0 0,0,0 12,0,2 0,0,0
ADDLINE 0,0,0 1,118,1 12,0,2 4,118,1 1,118,1 4,118,1 1,118,1 1,118,1 1,118,1
ADDLINE 0,0,0 1,128,1 0,0,0 1,128,1 0,0,0 0,0,0 12,0,2 0,0,0 0,0,0
ADDLINE 0,0,0 2,139,1 0,0,0 1,139,1 12,0,2 1,139,1 1,139,1 4,139,1 1,139,1
ADDLINE 0,0,0 1,112,1 12,0,2 5,112,1 0,0,0 1,112,1 0,0,0 0,0,0 0,0,0
ADDLINE 0,0,0 0,0,0 1,123,1 0,0,0 0,0,0 12,0,2 0,0,0 0,0,0 0,0,0
ADDLINE 0,0,0 1,134,1 12,0,2 5,134,1 1,134,1 3,134,1 5,134,1 1,134,1 1,134,1
ADDLINE 0,0,0 1,145,1 12,0,2 2,145,1 1,145,1 1,145,1 1,145,1 1,145,1 1,145,1
ADDLINE 1,116,1 1,116,1 1,116,1 0,0,0 0,0,0 12,0,2 1,116,1 4,116,1 1,116,1
ADDLINE 0,0,0 12,0,2 0,0,0 0,0,0 1,128,1 1,128,1 1,128,1 3,128,1 1,128,1
ADDLINE 0,0,0 4,139,1 1,139,1 12,0,2 1,139,1 1,139,1 1,139,1 1,139,1 2,139,1
ADDLINE 1,150,1 0,0,0 1,150,1 1,150,1 5,150,1 1,150,1 12,0,2 0,0,0 1,150,1
ADDLINE 0,0,0 0,0,0 4,121,1 1,121,1 2,121,1 1,121,1 12,0,2 0,0,0 1,121,1
ADDLINE 0,0,0 0,0,0 1,132,1 1,132,1 1,132,1 0,0,0 12,0,2 2,132,1 1,132,1
ADDLINE 1,144,1 1,144,1 1,144,1 0,0,0 12,0,2 1,144,1 1,144,1 1,144,1 1,144,1
ADDLINE 1,156,1 0,0,0 0,0,0 12,0,2 0,0,0 1,156,1 3,156,1 1,156,1 2,156,1
ADDLINE 2,125,1 0,0,0 12,0,2 5,125,1 1,125,1 0,0,0 1,125,1 1,125,1 1,125,1
0,0,0 12,0,2 0,0,0 0,0,0 1,85,1 1,85,1 1,85,1 6,85,1 1,85,1
0,0,0 1,84,1 1,84,1 12,0,2 17,84,1 1,84,1 1,84,1 1,84,1 2,84,1
0,0,0 1,83,1 4,83,1 0,0,0 12,0,2 3,83,1 1,83,1 4,83,1 1,83,1
0,0,0 1,82,1 0,0,0 1,82,1 0,0,0 0,0,0 12,0,2 0,0,0 0,0,0
0,0,0 0,0,0 12,0,2 1,81,1 1,81,1 1,81,1 4,81,1 1,81,1 1,81,1
11,0,2 1,80,1 1,80,1 1,80,1 2,80,1 5,80,1 1,80,1 12,0,2 0,0,0
0,0,0 0,0,0 0,0,0 0,0,0 0,0,0 0,0,0 0,0,0 0,0,0 0,0,0
0,0,0 0,0,0 0,0,0 0,0,0 0,0,0 0,0,0 0,0,0 0,0,0 0,0,0
0,0,0 0,0,0 0,0,0 0,0,0 0,0,0 0,0,0 0,0,0 0,0,0 0,0,0