MODE 0
BALL 80
STARS 0/5400/7900
ADDLINE 1,95,1 5,95,1 2,95,1 1,95,1 0,0,0 1,95,1 12,0,2 1,95,1 4,95,1
ADDLINE 0,0,0 0,0,0 0,0,0 12,0,2 0,0,0 1,96,1 0,0,0 1,96,1 1,96,1
ADDLINE 0,0,0 1,97,1 2,97,1 1,97,1 1,97,1 1,97,1 12,0,2 1,97,1 1,97,1
ADDLINE 0,0,0 0,0,0 0,0,0 12,0,2 0,0,0 1,107,1 0,0,0 1,107,1 1,107,1
ADDLINE 1,108,1 2,108,1 3,108,1 1,108,1 0,0,0 1,108,1 12,0,2 1,108,1 5,108,1
ADDLINE 0,0,0 5,118,1 1,118,1 1,118,1 0,0,0 1,118,1 0,0,0 12,0,2 0,0,0
ADDLINE 0,0,0 1,128,1 1,128,1 5,128,1 12,0,2 1,128,1 1,128,1 1,128,1 1,128,1
ADDLINE 0,0,0 4,139,1 12,0,2 0,0,0 0,0,0 1,139,1 0,0,0 0,0,0 0,0,0
ADDLINE 0,0,0 1,112,1 3,112,1 1,112,1 0,0,0 1,112,1 12,0,2 3,112,1 1,112,1
ADDLINE 12,0,2 0,0,0 1,123,1 1,123,1 1,123,1 0,0,0 0,0,0 0,0,0 0,0,0
ADDLINE 12,0,2 1,134,1 1,134,1 1,134,1 2,134,1 2,134,1 1,134,1 1,134,1 0,0,0
ADDLINE 12,0,2 1,145,1 1,145,1 1,145,1 1,145,1 3,145,1 1,145,1 5,145,1 0,0,0
ADDLINE 0,0,0 12,0,2 5,116,1 2,116,1 4,116,1 1,116,1 1,116,1 1,116,1 0,0,0
ADDLINE 1,128,1 0,0,0 0,0,0 1,128,1 1,128,1 0,0,0 12,0,2 0,0,0 0,0,0
ADDLINE 0,0,0 0,0,0 0,0,0 12,0,2 0,0,0 0,0,0 1,139,1 1,139,1 1,139,1
ADDLINE 0,0,0 1,150,1 1,150,1 3,150,1 1,150,1 12,0,2 3,150,1 2,150,1 1,150,1
ADDLINE 0,0,0 1,121,1 1,121,1 1,121,1 1,121,1 12,0,2 1,121,1 2,121,1 1,121,1
ADDLINE 0,0,0 0,0,0 1,132,1 1,132,1 4,132,1 12,0,2 1,132,1 1,132,1 1,132,1
ADDLINE 0,0,0 12,0,2 0,0,0 1,144,1 2,144,1 4,144,1 2,144,1 1,144,1 1,144,1
ADDLINE 0,0,0 1,156,1 0,0,0 12,0,2 0,0,0 1,156,1 1,156,1 1,156,1 5,156,1
ADDLINE 12,0,2 4,119,1 1,119,1 1,119,1 1,119,1 1,119,1 1,119,1 1,119,1 1,119,1
1,85,1 1,85,1 2,85,1 1,85,1 0,0,0 0,0,0 12,0,2 5,85,1 1,85,1
1,84,1 1,84,1 1,84,1 3,84,1 0,0,0 12,0,2 0,0,0 0,0,0 0,0,0
1,83,1 20,83,1 1,83,1 1,83,1 8,0,2 1,83,1 5,83,1 12,0,2 0,0,0
2,82,1 1,82,1 1,82,1 3,82,1 11,0,2 1,82,1 1,82,1 12,0,2 4,82,1
1,81,1 1,81,1 1,81,1 1,81,1 12,0,2 4,81,1 1,81,1 0,0,0 0,0,0
1,80,1 1,80,1 1,80,1 0,0,0 0,0,0 0,0,0 12,0,2 1,80,1 1,80,1
0,0,0 0,0,0 0,0,0 0,0,0 0,0,0 0,0,0 0,0,0 0,0,0 0,0,0
0,0,0 0,0,0 0,0,0 0,0,0 0,0,0 0,0,0 0,0,0 0,0,0 0,0,0
0,0,0 0,0,0 0,0,0 0,0,0 0,0,0 0,0,0 0,0,0 0,0,0 0,0,0