MODE 0
BALL 80
STARS 0/5700/8200
ADDLINE 0,0,0 1,95,1 4,95,1 0,0,0 0,0,0 12,0,2 1,95,1 1,95,1 3,95,1
ADDLINE 0,0,0 0,0,0 0,0,0 0,0,0 1,96,1 0,0,0 12,0,2 0,0,0 1,96,1
ADDLINE 1,97,1 2,97,1 1,97,1 0,0,0 1,97,1 12,0,2 0,0,0 0,0,0 1,97,1
ADDLINE 1,102,1 1,102,1 12,0,2 1,102,1 3,102,1 1,102,1 1,102,1 4,102,1 1,102,1
ADDLINE 1,108,1 3,108,1 0,0,0 12,0,2 0,0,0 0,0,0 0,0,0 0,0,0 0,0,0
ADDLINE 5,118,1 0,0,0 0,0,0 1,118,1 1,118,1 1,118,1 1,118,1 12,0,2 0,0,0
ADDLINE 4,128,1 0,0,0 1,128,1 0,0,0 12,0,2 0,0,0 0,0,0 0,0,0 1,128,1
ADDLINE 0,0,0 0,0,0 1,139,1 12,0,2 1,139,1 1,139,1 1,139,1 3,139,1 1,139,1
ADDLINE 0,0,0 0,0,0 4,112,1 0,0,0 12,0,2 1,112,1 5,112,1 1,112,1 1,112,1
ADDLINE 1,117,1 1,117,1 1,117,1 4,117,1 1,117,1 12,0,2 1,117,1 1,117,1 1,117,1
ADDLINE 1,127,1 1,127,1 1,127,1 5,127,1 1,127,1 12,0,2 1,127,1 3,127,1 1,127,1
ADDLINE 3,138,1 1,138,1 5,138,1 1,138,1 1,138,1 12,0,2 1,138,1 4,138,1 1,138,1
ADDLINE 4,111,1 1,111,1 1,111,1 1,111,1 1,111,1 12,0,2 1,111,1 1,111,1 1,111,1
ADDLINE 2,128,1 0,0,0 0,0,0 0,0,0 1,128,1 12,0,2 0,0,0 0,0,0 0,0,0
ADDLINE 1,139,1 0,0,0 1,139,1 12,0,2 5,139,1 2,139,1 1,139,1 1,139,1 1,139,1
ADDLINE 1,150,1 0,0,0 1,150,1 0,0,0 0,0,0 12,0,2 1,150,1 1,150,1 4,150,1
ADDLINE 3,121,1 0,0,0 1,121,1 5,121,1 1,121,1 12,0,2 1,121,1 1,121,1 1,121,1
ADDLINE 0,0,0 0,0,0 1,132,1 0,0,0 0,0,0 12,0,2 0,0,0 0,0,0 0,0,0
ADDLINE 0,0,0 0,0,0 0,0,0 12,0,2 1,144,1 2,144,1 1,144,1 1,144,1 1,144,1
ADDLINE 1,148,1 1,148,1 5,148,1 12,0,2 3,148,1 1,148,1 1,148,1 1,148,1 1,148,1
ADDLINE 1,125,1 2,125,1 1,125,1 0,0,0 12,0,2 1,125,1 1,125,1 1,125,1 5,125,1
1,85,1 0,0,0 1,85,1 5,85,1 1,85,1 12,0,2 1,85,1 3,85,1 1,85,1
0,0,0 0,0,0 0,0,0 9,0,2 12,0,2 0,0,0 6,84,1 0,0,0 7,0,2
0,0,0 1,79,1 1,79,1 1,79,1 3,79,1 1,79,1 1,79,1 12,0,2 1,79,1
0,0,0 1,78,1 1,78,1 6,78,1 1,78,1 1,78,1 4,78,1 12,0,2 1,78,1
12,0,2 3,81,1 1,81,1 1,81,1 1,81,1 1,81,1 19,81,1 0,0,0 0,0,0
0,0,0 1,77,1 1,77,1 1,77,1 2,77,1 5,77,1 12,0,2 1,77,1 1,77,1
0,0,0 0,0,0 0,0,0 0,0,0 0,0,0 0,0,0 0,0,0 0,0,0 0,0,0
0,0,0 0,0,0 0,0,0 0,0,0 0,0,0 0,0,0 0,0,0 0,0,0 0,0,0
0,0,0 0,0,0 0,0,0 0,0,0 0,0,0 0,0,0 0,0,0 0,0,0 0,0,0