MODE 0
BALL 80
STARS 0/5900/8400
ADDLINE 1,95,1 7,0,2 12,0,2 0,0,0 1,95,1 1,95,1 1,95,1 1,95,1 0,0,0
ADDLINE 0,0,0 0,0,0 1,192,1 12,0,2 1,96,1 1,96,1 1,96,1 0,0,0 0,0,0
ADDLINE 0,0,0 0,0,0 12,0,2 0,0,0 0,0,0 0,0,0 1,97,1 0,0,0 0,0,0
ADDLINE 1,107,1 1,107,1 12,0,2 1,107,1 0,0,0 0,0,0 1,214,1 1,214,1 0,0,0
ADDLINE 1,108,1 1,108,1 0,0,0 1,108,1 1,108,1 12,0,2 7,0,2 1,216,1 0,0,0
ADDLINE 1,118,1 1,118,1 0,0,0 11,0,2 1,236,1 12,0,2 1,236,1 1,236,1 1,118,1
ADDLINE 1,128,1 1,128,1 1,256,1 12,0,2 0,0,0 1,128,1 0,0,0 1,128,1 0,0,0
ADDLINE 1,278,1 16,139,1 1,278,1 1,278,1 12,0,2 1,278,1 1,278,1 1,278,1 0,0,0
ADDLINE 1,112,1 1,112,1 0,0,0 0,0,0 0,0,0 0,0,0 1,112,1 12,0,2 0,0,0
ADDLINE 1,123,1 1,123,1 1,246,1 0,0,0 1,246,1 0,0,0 1,123,1 12,0,2 1,123,1
ADDLINE 1,134,1 1,134,1 1,268,1 20,134,1 1,268,1 12,0,2 1,268,1 1,268,1 1,134,1
ADDLINE 1,145,1 1,145,1 1,290,1 11,0,2 1,290,1 12,0,2 1,290,1 17,145,1 1,145,1
ADDLINE 1,232,1 1,232,1 1,232,1 8,0,2 1,232,1 12,0,2 1,232,1 1,232,1 1,232,1
ADDLINE 0,0,0 0,0,0 1,256,1 0,0,0 0,0,0 0,0,0 12,0,2 1,256,1 1,128,1
ADDLINE 1,139,1 7,0,2 1,278,1 1,139,1 1,139,1 12,0,2 20,139,1 1,278,1 1,139,1
ADDLINE 1,300,1 0,0,0 1,300,1 1,300,1 1,300,1 8,0,2 1,300,1 12,0,2 0,0,0
ADDLINE 1,121,1 1,121,1 1,121,1 1,121,1 1,121,1 12,0,2 20,121,1 1,242,1 1,242,1
ADDLINE 0,0,0 12,0,2 1,132,1 0,0,0 0,0,0 1,264,1 1,264,1 0,0,0 20,132,1
ADDLINE 1,144,1 1,144,1 0,0,0 1,144,1 0,0,0 1,144,1 12,0,2 1,288,1 1,288,1
ADDLINE 1,156,1 1,156,1 0,0,0 1,156,1 0,0,0 1,312,1 12,0,2 1,156,1 1,156,1
ADDLINE 1,125,1 1,125,1 1,125,1 1,125,1 0,0,0 7,0,2 12,0,2 1,125,1 1,125,1
1,85,1 1,85,1 1,85,1 0,0,0 1,85,1 16,85,1 1,85,1 12,0,2 1,85,1
1,84,1 1,84,1 1,84,1 0,0,0 7,0,2 0,0,0 0,0,0 12,0,2 1,84,1
1,83,1 6,83,1 1,83,1 8,0,2 1,83,1 1,83,1 1,83,1 12,0,2 1,83,1
1,82,1 1,82,1 1,82,1 12,0,2 1,82,1 1,82,1 1,82,1 0,0,0 11,0,2
16,81,1 1,81,1 1,81,1 1,81,1 1,81,1 1,81,1 1,81,1 12,0,2 1,81,1
0,0,0 1,80,1 12,0,2 0,0,0 1,80,1 1,80,1 1,80,1 0,0,0 1,80,1
0,0,0 0,0,0 0,0,0 0,0,0 0,0,0 0,0,0 0,0,0 0,0,0 0,0,0
0,0,0 0,0,0 0,0,0 0,0,0 0,0,0 0,0,0 0,0,0 0,0,0 0,0,0
0,0,0 0,0,0 0,0,0 0,0,0 0,0,0 0,0,0 0,0,0 0,0,0 0,0,0