MODE 0
BALL 80
STARS 0/5500/7800
ADDLINE 1,95,1 0,0,0 0,0,0 0,0,0 0,0,0 0,0,0 12,0,2 0,0,0 0,0,0
ADDLINE 0,0,0 12,0,2 1,96,1 0,0,0 1,96,1 1,96,1 1,96,1 1,96,1 0,0,0
ADDLINE 0,0,0 1,97,1 1,97,1 1,97,1 0,0,0 0,0,0 1,97,1 12,0,2 0,0,0
ADDLINE 1,107,1 1,107,1 0,0,0 12,0,2 0,0,0 1,107,1 1,107,1 1,107,1 0,0,0
ADDLINE 1,108,1 1,108,1 0,0,0 1,108,1 12,0,2 0,0,0 1,108,1 1,108,1 0,0,0
ADDLINE 0,0,0 1,118,1 0,0,0 1,118,1 1,118,1 0,0,0 0,0,0 12,0,2 0,0,0
ADDLINE 0,0,0 1,128,1 0,0,0 12,0,2 0,0,0 0,0,0 1,128,1 1,128,1 1,128,1
ADDLINE 0,0,0 1,139,1 1,139,1 1,139,1 12,0,2 1,139,1 1,139,1 1,139,1 1,139,1
ADDLINE 0,0,0 0,0,0 1,112,1 12,0,2 0,0,0 1,112,1 1,112,1 1,112,1 1,112,1
ADDLINE 1,117,1 1,117,1 1,117,1 1,117,1 1,117,1 1,117,1 12,0,2 1,117,1 1,117,1
ADDLINE 1,134,1 1,134,1 0,0,0 0,0,0 1,134,1 1,134,1 1,134,1 12,0,2 1,134,1
ADDLINE 1,138,1 1,138,1 12,0,2 1,138,1 1,138,1 1,138,1 1,138,1 1,138,1 1,138,1
ADDLINE 0,0,0 1,116,1 12,0,2 1,116,1 1,116,1 1,116,1 0,0,0 1,116,1 0,0,0
ADDLINE 1,128,1 1,128,1 0,0,0 1,128,1 1,128,1 1,128,1 12,0,2 1,128,1 1,128,1
ADDLINE 0,0,0 0,0,0 0,0,0 0,0,0 12,0,2 0,0,0 0,0,0 1,139,1 1,139,1
ADDLINE 0,0,0 1,150,1 1,150,1 1,150,1 1,150,1 1,150,1 12,0,2 1,150,1 1,150,1
ADDLINE 0,0,0 1,121,1 1,121,1 1,121,1 12,0,2 1,121,1 0,0,0 1,121,1 1,121,1
ADDLINE 1,132,1 1,132,1 1,132,1 1,132,1 0,0,0 1,132,1 12,0,2 1,132,1 1,132,1
ADDLINE 1,137,1 12,0,2 1,137,1 1,137,1 1,137,1 1,137,1 1,137,1 1,137,1 1,137,1
ADDLINE 1,156,1 0,0,0 12,0,2 1,156,1 1,156,1 1,156,1 0,0,0 0,0,0 0,0,0
ADDLINE 1,119,1 12,0,2 1,119,1 1,119,1 1,119,1 1,119,1 1,119,1 1,119,1 1,119,1
1,81,1 1,81,1 1,81,1 1,81,1 1,81,1 1,81,1 12,0,2 1,81,1 1,81,1
0,0,0 1,84,1 2,84,1 12,0,2 10,0,2 0,0,0 0,0,0 6,84,1 0,0,0
1,79,1 1,79,1 6,79,1 12,0,2 1,79,1 1,79,1 1,79,1 1,79,1 1,79,1
2,82,1 12,0,2 0,0,0 0,0,0 19,82,1 1,82,1 1,82,1 1,82,1 1,82,1
1,78,1 12,0,2 1,78,1 1,78,1 1,78,1 1,78,1 1,78,1 1,78,1 1,78,1
0,0,0 12,0,2 0,0,0 21,80,1 0,0,0 0,0,0 1,80,1 0,0,0 0,0,0
0,0,0 0,0,0 0,0,0 0,0,0 0,0,0 0,0,0 0,0,0 0,0,0 0,0,0
0,0,0 0,0,0 0,0,0 0,0,0 0,0,0 0,0,0 0,0,0 0,0,0 0,0,0
0,0,0 0,0,0 0,0,0 0,0,0 0,0,0 0,0,0 0,0,0 0,0,0 0,0,0