MODE 0
BALL 80
STARS 0/5700/8200
ADDLINE 1,90,1 1,90,1 1,90,1 1,90,1 1,90,1 1,90,1 12,0,2 1,90,1 4,90,1
ADDLINE 1,96,1 0,0,0 0,0,0 0,0,0 10,0,2 0,0,0 12,0,2 0,0,0 1,96,1
ADDLINE 1,97,1 10,0,2 1,97,1 1,97,1 1,97,1 1,97,1 1,97,1 12,0,2 1,97,1
ADDLINE 1,107,1 0,0,0 1,214,1 0,0,0 0,0,0 12,0,2 4,107,1 0,0,0 1,107,1
ADDLINE 1,108,1 0,0,0 1,108,1 0,0,0 2,108,1 1,108,1 1,108,1 12,0,2 1,108,1
ADDLINE 1,118,1 0,0,0 0,0,0 0,0,0 3,118,1 0,0,0 12,0,2 0,0,0 1,118,1
ADDLINE 1,122,1 1,122,1 4,122,1 1,122,1 1,244,1 1,244,1 1,244,1 12,0,2 1,122,1
ADDLINE 0,0,0 12,0,2 0,0,0 0,0,0 1,278,1 7,0,2 1,278,1 0,0,0 0,0,0
ADDLINE 3,112,1 1,112,1 1,112,1 0,0,0 1,224,1 1,224,1 1,224,1 12,0,2 1,112,1
ADDLINE 1,123,1 3,123,1 1,123,1 2,123,1 0,0,0 1,123,1 0,0,0 12,0,2 1,246,1
ADDLINE 1,134,1 4,134,1 1,134,1 1,134,1 0,0,0 1,134,1 1,134,1 12,0,2 7,0,2
ADDLINE 1,145,1 1,145,1 4,145,1 0,0,0 12,0,2 0,0,0 0,0,0 0,0,0 0,0,0
ADDLINE 1,116,1 3,116,1 1,116,1 0,0,0 0,0,0 1,116,1 12,0,2 3,116,1 1,116,1
ADDLINE 4,128,1 5,128,1 1,128,1 1,128,1 0,0,0 1,128,1 12,0,2 1,128,1 1,128,1
ADDLINE 1,278,1 1,278,1 1,139,1 1,139,1 0,0,0 12,0,2 0,0,0 1,139,1 1,139,1
ADDLINE 7,0,2 1,300,1 1,150,1 0,0,0 0,0,0 12,0,2 0,0,0 1,150,1 2,150,1
ADDLINE 1,242,1 1,242,1 0,0,0 0,0,0 12,0,2 0,0,0 1,121,1 4,121,1 1,121,1
ADDLINE 1,264,1 1,264,1 0,0,0 12,0,2 8,0,2 0,0,0 1,264,1 1,264,1 1,264,1
ADDLINE 0,0,0 3,144,1 1,144,1 0,0,0 12,0,2 1,144,1 1,144,1 4,144,1 1,144,1
ADDLINE 0,0,0 12,0,2 0,0,0 0,0,0 1,156,1 1,156,1 1,156,1 1,156,1 3,156,1
ADDLINE 12,0,2 1,119,1 1,119,1 1,119,1 5,119,1 1,119,1 1,119,1 5,119,1 1,119,1
1,85,1 1,85,1 1,85,1 1,85,1 1,85,1 1,85,1 10,0,2 12,0,2 0,0,0
1,84,1 6,84,1 1,84,1 3,84,1 1,84,1 1,84,1 12,0,2 1,84,1 8,0,2
2,83,1 1,83,1 1,83,1 1,83,1 12,0,2 0,0,0 0,0,0 1,83,1 0,0,0
1,82,1 1,82,1 1,82,1 12,0,2 10,0,2 1,82,1 1,82,1 0,0,0 5,82,1
1,81,1 1,81,1 9,0,2 1,81,1 12,0,2 0,0,0 0,0,0 0,0,0 1,81,1
1,77,1 1,77,1 12,0,2 3,77,1 1,77,1 1,77,1 1,77,1 2,77,1 0,0,0
0,0,0 0,0,0 0,0,0 0,0,0 0,0,0 0,0,0 0,0,0 0,0,0 0,0,0
0,0,0 0,0,0 0,0,0 0,0,0 0,0,0 0,0,0 0,0,0 0,0,0 0,0,0
0,0,0 0,0,0 0,0,0 0,0,0 0,0,0 0,0,0 0,0,0 0,0,0 0,0,0