MODE 0
BALL 80
STARS 0/5400/7800
ADDLINE 0,0,0 1,95,1 0,0,0 12,0,2 0,0,0 0,0,0 0,0,0 1,95,1 3,95,1
ADDLINE 0,0,0 1,96,1 12,0,2 1,96,1 1,96,1 1,96,1 1,96,1 4,96,1 1,96,1
ADDLINE 0,0,0 0,0,0 0,0,0 1,97,1 12,0,2 0,0,0 1,97,1 3,97,1 5,97,1
ADDLINE 4,102,1 1,102,1 1,102,1 5,102,1 5,102,1 12,0,2 1,102,1 1,102,1 1,102,1
ADDLINE 0,0,0 0,0,0 0,0,0 12,0,2 0,0,0 0,0,0 1,108,1 1,108,1 1,108,1
ADDLINE 0,0,0 0,0,0 1,118,1 2,118,1 1,118,1 12,0,2 0,0,0 0,0,0 0,0,0
ADDLINE 1,128,1 12,0,2 0,0,0 1,128,1 1,128,1 1,128,1 4,128,1 1,128,1 0,0,0
ADDLINE 0,0,0 1,139,1 12,0,2 3,139,1 1,139,1 0,0,0 0,0,0 0,0,0 0,0,0
ADDLINE 0,0,0 0,0,0 0,0,0 12,0,2 0,0,0 1,112,1 1,112,1 1,112,1 5,112,1
ADDLINE 1,123,1 2,123,1 1,123,1 0,0,0 4,123,1 12,0,2 1,123,1 5,123,1 1,123,1
ADDLINE 1,134,1 4,134,1 1,134,1 0,0,0 1,134,1 0,0,0 12,0,2 0,0,0 1,134,1
ADDLINE 1,145,1 1,145,1 1,145,1 0,0,0 1,145,1 1,145,1 1,145,1 12,0,2 5,145,1
ADDLINE 1,116,1 4,116,1 1,116,1 0,0,0 3,116,1 1,116,1 2,116,1 12,0,2 1,116,1
ADDLINE 1,128,1 1,128,1 2,128,1 0,0,0 1,128,1 1,128,1 1,128,1 12,0,2 1,128,1
ADDLINE 0,0,0 0,0,0 1,139,1 0,0,0 1,139,1 1,139,1 3,139,1 12,0,2 1,139,1
ADDLINE 1,150,1 5,150,1 5,150,1 0,0,0 1,150,1 1,150,1 1,150,1 12,0,2 1,150,1
ADDLINE 1,121,1 2,121,1 4,121,1 0,0,0 0,0,0 12,0,2 2,121,1 0,0,0 1,121,1
ADDLINE 1,126,1 1,126,1 1,126,1 12,0,2 1,126,1 1,126,1 1,126,1 1,126,1 1,126,1
ADDLINE 2,144,1 0,0,0 2,144,1 1,144,1 5,144,1 0,0,0 12,0,2 0,0,0 0,0,0
ADDLINE 1,148,1 12,0,2 4,148,1 1,148,1 1,148,1 1,148,1 1,148,1 5,148,1 1,148,1
ADDLINE 1,125,1 0,0,0 1,125,1 1,125,1 1,125,1 12,0,2 1,125,1 1,125,1 1,125,1
1,85,1 1,85,1 1,85,1 1,85,1 1,85,1 0,0,0 1,85,1 12,0,2 1,85,1
1,84,1 20,84,1 4,84,1 0,0,0 12,0,2 0,0,0 2,84,1 8,0,2 1,84,1
1,83,1 0,0,0 1,83,1 1,83,1 5,83,1 2,83,1 6,83,1 12,0,2 1,83,1
1,82,1 0,0,0 0,0,0 0,0,0 0,0,0 0,0,0 0,0,0 12,0,2 3,82,1
1,81,1 0,0,0 1,81,1 4,81,1 1,81,1 2,81,1 1,81,1 12,0,2 1,81,1
0,0,0 12,0,2 1,80,1 1,80,1 1,80,1 1,80,1 3,80,1 1,80,1 1,80,1
0,0,0 0,0,0 0,0,0 0,0,0 0,0,0 0,0,0 0,0,0 0,0,0 0,0,0
0,0,0 0,0,0 0,0,0 0,0,0 0,0,0 0,0,0 0,0,0 0,0,0 0,0,0
0,0,0 0,0,0 0,0,0 0,0,0 0,0,0 0,0,0 0,0,0 0,0,0 0,0,0