MODE 0
BALL 80
STARS 0/5700/8200
ADDLINE 1,90,1 4,90,1 1,90,1 1,90,1 1,90,1 2,90,1 12,0,2 1,90,1 1,90,1
ADDLINE 12,0,2 0,0,0 0,0,0 1,96,1 0,0,0 0,0,0 0,0,0 0,0,0 0,0,0
ADDLINE 1,97,1 3,97,1 12,0,2 2,97,1 0,0,0 1,97,1 1,97,1 1,97,1 0,0,0
ADDLINE 0,0,0 12,0,2 0,0,0 1,107,1 0,0,0 1,107,1 1,107,1 1,107,1 0,0,0
ADDLINE 1,108,1 1,108,1 12,0,2 4,108,1 0,0,0 1,108,1 1,108,1 1,108,1 0,0,0
ADDLINE 2,118,1 1,118,1 12,0,2 3,118,1 0,0,0 0,0,0 0,0,0 3,118,1 0,0,0
ADDLINE 1,128,1 1,128,1 1,128,1 5,128,1 0,0,0 2,128,1 12,0,2 1,128,1 1,128,1
ADDLINE 0,0,0 0,0,0 0,0,0 1,139,1 0,0,0 3,139,1 12,0,2 1,139,1 1,139,1
ADDLINE 1,112,1 2,112,1 0,0,0 1,112,1 12,0,2 1,112,1 0,0,0 1,112,1 1,112,1
ADDLINE 3,123,1 0,0,0 2,123,1 1,123,1 0,0,0 12,0,2 0,0,0 0,0,0 1,123,1
ADDLINE 0,0,0 0,0,0 1,134,1 1,134,1 1,134,1 1,134,1 12,0,2 0,0,0 1,134,1
ADDLINE 0,0,0 0,0,0 1,145,1 5,145,1 12,0,2 0,0,0 0,0,0 1,145,1 1,145,1
ADDLINE 0,0,0 0,0,0 1,116,1 0,0,0 12,0,2 1,116,1 5,116,1 1,116,1 4,116,1
ADDLINE 0,0,0 12,0,2 5,128,1 1,128,1 1,128,1 1,128,1 1,128,1 1,128,1 1,128,1
ADDLINE 0,0,0 0,0,0 12,0,2 0,0,0 1,139,1 1,139,1 1,139,1 1,139,1 2,139,1
ADDLINE 0,0,0 12,0,2 0,0,0 0,0,0 1,150,1 2,150,1 1,150,1 1,150,1 1,150,1
ADDLINE 0,0,0 5,121,1 4,121,1 12,0,2 1,121,1 1,121,1 1,121,1 1,121,1 1,121,1
ADDLINE 0,0,0 0,0,0 12,0,2 0,0,0 1,132,1 1,132,1 1,132,1 2,132,1 1,132,1
ADDLINE 3,137,1 1,137,1 1,137,1 12,0,2 1,137,1 2,137,1 1,137,1 1,137,1 1,137,1
ADDLINE 1,148,1 5,148,1 1,148,1 12,0,2 1,148,1 1,148,1 1,148,1 1,148,1 3,148,1
ADDLINE 1,125,1 5,125,1 1,125,1 0,0,0 0,0,0 0,0,0 12,0,2 1,125,1 1,125,1
1,85,1 1,85,1 1,85,1 1,85,1 5,85,1 12,0,2 8,0,2 4,85,1 0,0,0
17,84,1 6,84,1 2,84,1 1,84,1 0,0,0 1,84,1 12,0,2 1,84,1 1,84,1
1,83,1 1,83,1 4,83,1 5,83,1 0,0,0 1,83,1 12,0,2 1,83,1 1,83,1
1,82,1 5,82,1 18,82,1 0,0,0 0,0,0 1,82,1 12,0,2 0,0,0 1,82,1
1,81,1 5,81,1 0,0,0 1,81,1 0,0,0 0,0,0 1,81,1 12,0,2 4,81,1
1,80,1 1,80,1 1,80,1 3,80,1 1,80,1 1,80,1 1,80,1 12,0,2 1,80,1
0,0,0 0,0,0 0,0,0 0,0,0 0,0,0 0,0,0 0,0,0 0,0,0 0,0,0
0,0,0 0,0,0 0,0,0 0,0,0 0,0,0 0,0,0 0,0,0 0,0,0 0,0,0
0,0,0 0,0,0 0,0,0 0,0,0 0,0,0 0,0,0 0,0,0 0,0,0 0,0,0