MODE 0
BALL 80
STARS 0/5700/8100
ADDLINE 1,95,1 17,95,1 1,95,1 12,0,2 0,0,0 0,0,0 0,0,0 0,0,0 0,0,0
ADDLINE 1,96,1 1,96,1 12,0,2 1,96,1 0,0,0 1,96,1 1,96,1 1,96,1 0,0,0
ADDLINE 2,97,1 4,97,1 0,0,0 1,97,1 1,97,1 20,97,1 12,0,2 0,0,0 0,0,0
ADDLINE 1,107,1 1,107,1 1,107,1 1,107,1 12,0,2 1,107,1 1,107,1 16,107,1 0,0,0
ADDLINE 4,108,1 1,108,1 1,108,1 12,0,2 1,108,1 1,108,1 17,108,1 1,108,1 0,0,0
ADDLINE 1,118,1 2,118,1 1,118,1 12,0,2 1,236,1 17,118,1 1,236,1 1,236,1 1,236,1
ADDLINE 0,0,0 1,256,1 12,0,2 1,256,1 1,256,1 1,256,1 1,256,1 1,256,1 19,128,1
ADDLINE 12,0,2 1,278,1 1,278,1 19,139,1 1,278,1 1,278,1 1,278,1 1,278,1 0,0,0
ADDLINE 12,0,2 2,112,1 1,224,1 1,224,1 0,0,0 1,112,1 1,112,1 1,112,1 0,0,0
ADDLINE 1,123,1 2,123,1 12,0,2 1,123,1 1,123,1 5,123,1 1,123,1 2,123,1 0,0,0
ADDLINE 3,134,1 1,134,1 12,0,2 1,134,1 0,0,0 1,134,1 5,134,1 1,134,1 0,0,0
ADDLINE 1,145,1 1,145,1 0,0,0 1,145,1 12,0,2 1,145,1 1,145,1 1,145,1 1,145,1
ADDLINE 0,0,0 0,0,0 0,0,0 5,116,1 0,0,0 0,0,0 0,0,0 12,0,2 0,0,0
ADDLINE 1,256,1 16,128,1 12,0,2 1,256,1 1,256,1 1,256,1 1,256,1 1,256,1 0,0,0
ADDLINE 1,139,1 1,139,1 12,0,2 1,139,1 2,139,1 1,139,1 1,139,1 1,139,1 0,0,0
ADDLINE 1,143,1 1,143,1 12,0,2 2,143,1 1,143,1 2,143,1 1,143,1 1,143,1 1,143,1
ADDLINE 12,0,2 0,0,0 0,0,0 3,121,1 1,121,1 1,121,1 1,121,1 1,121,1 0,0,0
ADDLINE 1,126,1 1,126,1 12,0,2 1,126,1 1,126,1 1,126,1 5,126,1 1,126,1 3,126,1
ADDLINE 3,144,1 4,144,1 1,144,1 1,144,1 1,144,1 0,0,0 12,0,2 0,0,0 1,144,1
ADDLINE 1,312,1 1,312,1 1,312,1 1,312,1 1,312,1 16,156,1 1,312,1 12,0,2 1,312,1
ADDLINE 1,125,1 1,125,1 1,125,1 2,125,1 1,125,1 0,0,0 1,125,1 12,0,2 1,125,1
1,85,1 11,0,2 1,85,1 12,0,2 0,0,0 1,85,1 4,85,1 8,0,2 1,85,1
16,80,1 12,0,2 1,80,1 1,80,1 1,80,1 1,80,1 1,80,1 0,0,0 1,80,1
1,83,1 0,0,0 5,83,1 10,0,2 12,0,2 0,0,0 0,0,0 0,0,0 17,83,1
1,78,1 2,78,1 0,0,0 12,0,2 1,78,1 1,78,1 1,78,1 1,78,1 1,78,1
1,81,1 12,0,2 2,81,1 0,0,0 0,0,0 0,0,0 5,81,1 1,81,1 1,81,1
1,77,1 1,77,1 2,77,1 1,77,1 1,77,1 2,77,1 12,0,2 1,77,1 1,77,1
0,0,0 0,0,0 0,0,0 0,0,0 0,0,0 0,0,0 0,0,0 0,0,0 0,0,0
0,0,0 0,0,0 0,0,0 0,0,0 0,0,0 0,0,0 0,0,0 0,0,0 0,0,0
0,0,0 0,0,0 0,0,0 0,0,0 0,0,0 0,0,0 0,0,0 0,0,0 0,0,0