MODE 0
BALL 80
STARS 0/5800/8200
ADDLINE 0,0,0 1,95,1 1,95,1 0,0,0 12,0,2 0,0,0 0,0,0 0,0,0 0,0,0
ADDLINE 0,0,0 0,0,0 0,0,0 0,0,0 12,0,2 1,96,1 1,96,1 1,96,1 0,0,0
ADDLINE 1,97,1 1,97,1 1,97,1 1,97,1 0,0,0 12,0,2 0,0,0 0,0,0 0,0,0
ADDLINE 0,0,0 1,107,1 1,107,1 1,107,1 0,0,0 0,0,0 0,0,0 12,0,2 0,0,0
ADDLINE 0,0,0 12,0,2 1,108,1 1,108,1 1,108,1 1,108,1 1,108,1 1,108,1 0,0,0
ADDLINE 12,0,2 0,0,0 1,118,1 1,118,1 1,118,1 1,118,1 1,118,1 1,118,1 0,0,0
ADDLINE 0,0,0 0,0,0 0,0,0 0,0,0 0,0,0 1,128,1 1,128,1 12,0,2 0,0,0
ADDLINE 1,139,1 1,139,1 1,139,1 1,139,1 0,0,0 12,0,2 1,139,1 0,0,0 0,0,0
ADDLINE 1,112,1 1,112,1 1,112,1 1,112,1 1,112,1 1,112,1 12,0,2 0,0,0 0,0,0
ADDLINE 1,117,1 1,117,1 1,117,1 1,117,1 1,117,1 1,117,1 12,0,2 1,117,1 1,117,1
ADDLINE 0,0,0 1,134,1 1,134,1 1,134,1 1,134,1 1,134,1 12,0,2 1,134,1 0,0,0
ADDLINE 0,0,0 1,145,1 1,145,1 1,145,1 1,145,1 1,145,1 12,0,2 1,145,1 1,145,1
ADDLINE 1,116,1 0,0,0 0,0,0 1,116,1 1,116,1 1,116,1 0,0,0 12,0,2 0,0,0
ADDLINE 1,128,1 1,128,1 1,128,1 1,128,1 0,0,0 1,128,1 12,0,2 1,128,1 1,128,1
ADDLINE 0,0,0 12,0,2 0,0,0 1,139,1 0,0,0 1,139,1 0,0,0 1,139,1 1,139,1
ADDLINE 1,143,1 1,143,1 1,143,1 1,143,1 12,0,2 1,143,1 1,143,1 1,143,1 1,143,1
ADDLINE 1,121,1 1,121,1 1,121,1 1,121,1 12,0,2 1,121,1 0,0,0 0,0,0 0,0,0
ADDLINE 1,126,1 1,126,1 1,126,1 1,126,1 12,0,2 1,126,1 1,126,1 1,126,1 1,126,1
ADDLINE 1,144,1 1,144,1 1,144,1 0,0,0 1,144,1 12,0,2 1,144,1 1,144,1 1,144,1
ADDLINE 1,156,1 1,156,1 1,156,1 0,0,0 1,156,1 12,0,2 1,156,1 1,156,1 1,156,1
ADDLINE 1,125,1 1,125,1 1,125,1 0,0,0 1,125,1 12,0,2 1,125,1 1,125,1 1,125,1
1,85,1 20,85,1 1,85,1 0,0,0 1,85,1 12,0,2 1,85,1 1,85,1 1,85,1
1,84,1 12,0,2 0,0,0 0,0,0 9,0,2 0,0,0 0,0,0 0,0,0 0,0,0
1,79,1 12,0,2 1,79,1 18,79,1 1,79,1 1,79,1 1,79,1 1,79,1 1,79,1
1,82,1 15,0,2 1,82,1 1,82,1 1,82,1 12,0,2 1,82,1 1,82,1 1,82,1
1,78,1 1,78,1 1,78,1 1,78,1 1,78,1 12,0,2 1,78,1 1,78,1 1,78,1
16,80,1 0,0,0 1,80,1 1,80,1 1,80,1 12,0,2 0,0,0 14,0,2 1,80,1
0,0,0 0,0,0 0,0,0 0,0,0 0,0,0 0,0,0 0,0,0 0,0,0 0,0,0
0,0,0 0,0,0 0,0,0 0,0,0 0,0,0 0,0,0 0,0,0 0,0,0 0,0,0
0,0,0 0,0,0 0,0,0 0,0,0 0,0,0 0,0,0 0,0,0 0,0,0 0,0,0