MODE 0
BALL 80
STARS 0/5900/8400
ADDLINE 0,0,0 0,0,0 0,0,0 0,0,0 12,0,2 0,0,0 1,95,1 0,0,0 1,95,1
ADDLINE 1,96,1 0,0,0 1,96,1 1,96,1 1,96,1 8,0,2 1,96,1 12,0,2 1,96,1
ADDLINE 1,97,1 0,0,0 1,97,1 1,97,1 1,97,1 12,0,2 1,97,1 0,0,0 0,0,0
ADDLINE 1,102,1 12,0,2 1,102,1 1,102,1 1,102,1 1,102,1 1,102,1 1,102,1 1,102,1
ADDLINE 1,108,1 0,0,0 0,0,0 0,0,0 12,0,2 0,0,0 0,0,0 0,0,0 0,0,0
ADDLINE 1,224,1 1,224,1 1,112,1 1,112,1 1,112,1 1,112,1 12,0,2 1,112,1 1,112,1
ADDLINE 10,0,2 1,256,1 1,256,1 1,256,1 1,256,1 1,256,1 12,0,2 1,256,1 1,256,1
ADDLINE 0,0,0 1,278,1 0,0,0 0,0,0 12,0,2 1,139,1 0,0,0 0,0,0 0,0,0
ADDLINE 0,0,0 1,112,1 1,112,1 1,112,1 12,0,2 1,112,1 0,0,0 1,112,1 0,0,0
ADDLINE 1,123,1 1,123,1 0,0,0 0,0,0 12,0,2 1,123,1 1,123,1 1,123,1 1,123,1
ADDLINE 1,127,1 12,0,2 1,127,1 1,127,1 1,127,1 1,127,1 1,127,1 1,127,1 1,127,1
ADDLINE 0,0,0 0,0,0 0,0,0 12,0,2 0,0,0 1,145,1 1,145,1 1,145,1 1,145,1
ADDLINE 1,116,1 1,116,1 1,116,1 1,116,1 0,0,0 0,0,0 12,0,2 0,0,0 0,0,0
ADDLINE 1,128,1 1,128,1 1,128,1 12,0,2 0,0,0 0,0,0 7,0,2 1,256,1 0,0,0
ADDLINE 1,139,1 1,139,1 1,139,1 12,0,2 1,139,1 1,278,1 1,278,1 0,0,0 0,0,0
ADDLINE 1,150,1 1,150,1 0,0,0 0,0,0 12,0,2 1,150,1 1,150,1 1,150,1 1,150,1
ADDLINE 1,230,1 12,0,2 1,115,1 1,115,1 1,115,1 1,115,1 1,115,1 1,115,1 1,115,1
ADDLINE 7,0,2 0,0,0 0,0,0 12,0,2 0,0,0 1,132,1 1,132,1 1,132,1 1,132,1
ADDLINE 1,288,1 1,288,1 1,288,1 1,288,1 1,288,1 8,0,2 0,0,0 12,0,2 0,0,0
ADDLINE 1,156,1 1,156,1 1,156,1 0,0,0 0,0,0 1,156,1 12,0,2 1,156,1 0,0,0
ADDLINE 1,125,1 1,125,1 1,125,1 0,0,0 1,250,1 1,250,1 12,0,2 1,125,1 0,0,0
0,0,0 1,85,1 1,85,1 0,0,0 0,0,0 12,0,2 1,85,1 1,85,1 1,85,1
0,0,0 0,0,0 1,84,1 1,84,1 8,0,2 12,0,2 1,84,1 1,84,1 1,84,1
1,83,1 0,0,0 1,83,1 1,83,1 12,0,2 1,83,1 1,83,1 6,83,1 1,83,1
1,82,1 8,0,2 12,0,2 1,82,1 0,0,0 1,82,1 19,82,1 1,82,1 1,82,1
1,81,1 11,0,2 0,0,0 1,81,1 12,0,2 1,81,1 1,81,1 1,81,1 1,81,1
1,80,1 8,0,2 12,0,2 16,80,1 1,80,1 1,80,1 1,80,1 1,80,1 1,80,1
0,0,0 0,0,0 0,0,0 0,0,0 0,0,0 0,0,0 0,0,0 0,0,0 0,0,0
0,0,0 0,0,0 0,0,0 0,0,0 0,0,0 0,0,0 0,0,0 0,0,0 0,0,0
0,0,0 0,0,0 0,0,0 0,0,0 0,0,0 0,0,0 0,0,0 0,0,0 0,0,0