MODE 0
BALL 80
STARS 0/5400/7800
ADDLINE 1,95,1 1,95,1 0,0,0 0,0,0 12,0,2 1,95,1 1,95,1 1,95,1 1,95,1
ADDLINE 1,91,1 1,91,1 1,91,1 1,91,1 12,0,2 1,91,1 1,91,1 1,91,1 1,91,1
ADDLINE 0,0,0 0,0,0 0,0,0 1,97,1 0,0,0 1,97,1 0,0,0 12,0,2 0,0,0
ADDLINE 1,107,1 1,107,1 0,0,0 1,107,1 12,0,2 1,107,1 0,0,0 1,107,1 1,107,1
ADDLINE 0,0,0 0,0,0 0,0,0 1,108,1 12,0,2 1,108,1 0,0,0 1,108,1 0,0,0
ADDLINE 12,0,2 1,118,1 1,118,1 1,118,1 0,0,0 1,118,1 0,0,0 1,118,1 0,0,0
ADDLINE 0,0,0 1,128,1 1,128,1 1,128,1 0,0,0 1,128,1 12,0,2 1,128,1 0,0,0
ADDLINE 1,139,1 1,139,1 1,139,1 1,139,1 12,0,2 1,139,1 0,0,0 1,139,1 0,0,0
ADDLINE 12,0,2 1,112,1 1,112,1 1,112,1 0,0,0 1,112,1 0,0,0 1,112,1 0,0,0
ADDLINE 1,117,1 1,117,1 1,117,1 1,117,1 12,0,2 1,117,1 1,117,1 1,117,1 1,117,1
ADDLINE 1,127,1 1,127,1 1,127,1 1,127,1 12,0,2 1,127,1 1,127,1 1,127,1 1,127,1
ADDLINE 0,0,0 12,0,2 0,0,0 0,0,0 0,0,0 1,145,1 1,145,1 1,145,1 1,145,1
ADDLINE 0,0,0 12,0,2 0,0,0 1,116,1 1,116,1 1,116,1 1,116,1 1,116,1 1,116,1
ADDLINE 1,128,1 1,128,1 0,0,0 0,0,0 12,0,2 0,0,0 1,128,1 1,128,1 1,128,1
ADDLINE 1,139,1 1,139,1 1,139,1 1,139,1 1,139,1 0,0,0 12,0,2 1,139,1 1,139,1
ADDLINE 1,150,1 0,0,0 0,0,0 0,0,0 0,0,0 0,0,0 12,0,2 1,150,1 1,150,1
ADDLINE 0,0,0 12,0,2 1,121,1 1,121,1 1,121,1 1,121,1 1,121,1 1,121,1 1,121,1
ADDLINE 0,0,0 0,0,0 0,0,0 0,0,0 12,0,2 0,0,0 1,132,1 1,132,1 1,132,1
ADDLINE 1,144,1 1,144,1 12,0,2 1,144,1 1,144,1 1,144,1 1,144,1 1,144,1 0,0,0
ADDLINE 1,156,1 1,156,1 0,0,0 12,0,2 1,156,1 1,156,1 1,156,1 0,0,0 0,0,0
ADDLINE 1,125,1 1,125,1 0,0,0 12,0,2 1,125,1 1,125,1 0,0,0 0,0,0 1,125,1
0,0,0 12,0,2 18,85,1 1,85,1 1,85,1 1,85,1 1,85,1 1,85,1 1,85,1
0,0,0 0,0,0 12,0,2 1,84,1 1,84,1 1,84,1 1,84,1 1,84,1 1,84,1
0,0,0 1,83,1 0,0,0 12,0,2 16,83,1 1,83,1 20,83,1 1,83,1 17,83,1
0,0,0 1,82,1 1,82,1 12,0,2 1,82,1 1,82,1 1,82,1 1,82,1 1,82,1
0,0,0 1,81,1 0,0,0 11,0,2 12,0,2 1,81,1 1,81,1 1,81,1 1,81,1
11,0,2 0,0,0 1,80,1 1,80,1 7,0,2 0,0,0 12,0,2 0,0,0 0,0,0
0,0,0 0,0,0 0,0,0 0,0,0 0,0,0 0,0,0 0,0,0 0,0,0 0,0,0
0,0,0 0,0,0 0,0,0 0,0,0 0,0,0 0,0,0 0,0,0 0,0,0 0,0,0
0,0,0 0,0,0 0,0,0 0,0,0 0,0,0 0,0,0 0,0,0 0,0,0 0,0,0