MODE 0
BALL 80
STARS 0/6200/8800
ADDLINE 12,0,2 0,0,0 0,0,0 0,0,0 0,0,0 1,95,1 0,0,0 1,95,1 0,0,0
ADDLINE 0,0,0 0,0,0 1,96,1 0,0,0 12,0,2 0,0,0 1,96,1 1,96,1 0,0,0
ADDLINE 0,0,0 12,0,2 1,97,1 1,97,1 0,0,0 1,97,1 1,97,1 1,97,1 0,0,0
ADDLINE 0,0,0 1,107,1 12,0,2 0,0,0 0,0,0 0,0,0 1,107,1 1,107,1 0,0,0
ADDLINE 1,108,1 1,108,1 1,108,1 1,108,1 1,108,1 1,108,1 16,108,1 12,0,2 0,0,0
ADDLINE 0,0,0 1,118,1 12,0,2 0,0,0 1,118,1 1,118,1 1,236,1 20,118,1 1,118,1
ADDLINE 0,0,0 1,128,1 1,128,1 12,0,2 1,128,1 1,128,1 1,256,1 1,256,1 0,0,0
ADDLINE 0,0,0 12,0,2 0,0,0 0,0,0 1,139,1 1,139,1 1,139,1 1,139,1 0,0,0
ADDLINE 12,0,2 1,112,1 1,112,1 1,112,1 1,112,1 1,112,1 0,0,0 1,112,1 0,0,0
ADDLINE 1,246,1 1,246,1 1,123,1 1,123,1 0,0,0 12,0,2 0,0,0 1,123,1 0,0,0
ADDLINE 17,134,1 1,268,1 1,134,1 1,134,1 12,0,2 1,134,1 1,134,1 1,134,1 1,134,1
ADDLINE 1,276,1 1,276,1 1,138,1 1,138,1 12,0,2 1,138,1 1,138,1 1,138,1 1,138,1
ADDLINE 1,232,1 1,232,1 1,232,1 1,232,1 12,0,2 1,232,1 16,116,1 1,232,1 1,232,1
ADDLINE 0,0,0 0,0,0 0,0,0 0,0,0 0,0,0 12,0,2 0,0,0 1,128,1 0,0,0
ADDLINE 1,139,1 1,139,1 1,139,1 1,139,1 1,139,1 1,139,1 12,0,2 1,278,1 0,0,0
ADDLINE 1,150,1 1,150,1 0,0,0 1,150,1 0,0,0 0,0,0 12,0,2 17,150,1 0,0,0
ADDLINE 1,121,1 1,121,1 0,0,0 1,121,1 1,121,1 1,121,1 12,0,2 1,242,1 1,121,1
ADDLINE 1,132,1 1,132,1 0,0,0 1,132,1 1,132,1 1,264,1 12,0,2 1,264,1 1,132,1
ADDLINE 1,288,1 0,0,0 1,288,1 1,288,1 1,288,1 1,288,1 19,144,1 12,0,2 1,288,1
ADDLINE 1,156,1 0,0,0 1,156,1 1,156,1 1,156,1 1,312,1 1,312,1 12,0,2 1,156,1
ADDLINE 1,119,1 1,119,1 1,119,1 1,119,1 1,119,1 1,119,1 1,119,1 12,0,2 1,119,1
1,85,1 1,85,1 1,85,1 1,85,1 1,85,1 0,0,0 1,85,1 12,0,2 20,85,1
0,0,0 12,0,2 15,0,2 0,0,0 0,0,0 0,0,0 1,84,1 1,84,1 1,84,1
1,83,1 1,83,1 1,83,1 6,83,1 1,83,1 0,0,0 1,83,1 12,0,2 1,83,1
1,82,1 1,82,1 1,82,1 1,82,1 1,82,1 22,0,2 1,82,1 12,0,2 1,82,1
1,78,1 1,78,1 1,78,1 1,78,1 1,78,1 12,0,2 1,78,1 1,78,1 1,78,1
14,0,2 1,80,1 12,0,2 1,80,1 1,80,1 1,80,1 16,80,1 1,80,1 1,80,1
0,0,0 0,0,0 0,0,0 0,0,0 0,0,0 0,0,0 0,0,0 0,0,0 0,0,0
0,0,0 0,0,0 0,0,0 0,0,0 0,0,0 0,0,0 0,0,0 0,0,0 0,0,0
0,0,0 0,0,0 0,0,0 0,0,0 0,0,0 0,0,0 0,0,0 0,0,0 0,0,0