MODE 0
BALL 80
STARS 0/5300/7600
ADDLINE 0,0,0 12,0,2 0,0,0 0,0,0 0,0,0 1,95,1 0,0,0 1,95,1 5,95,1
ADDLINE 3,91,1 2,91,1 1,91,1 1,91,1 12,0,2 1,91,1 1,91,1 1,91,1 1,91,1
ADDLINE 3,97,1 1,97,1 0,0,0 0,0,0 12,0,2 1,97,1 0,0,0 1,97,1 0,0,0
ADDLINE 2,107,1 2,107,1 0,0,0 1,107,1 1,107,1 1,107,1 12,0,2 1,107,1 0,0,0
ADDLINE 0,0,0 12,0,2 0,0,0 1,108,1 1,108,1 1,108,1 0,0,0 5,108,1 0,0,0
ADDLINE 0,0,0 1,118,1 0,0,0 4,118,1 1,118,1 1,118,1 12,0,2 1,118,1 0,0,0
ADDLINE 0,0,0 1,128,1 0,0,0 0,0,0 0,0,0 3,128,1 12,0,2 5,128,1 0,0,0
ADDLINE 0,0,0 1,139,1 1,139,1 1,139,1 1,139,1 2,139,1 12,0,2 1,139,1 1,139,1
ADDLINE 0,0,0 1,112,1 12,0,2 3,112,1 1,112,1 1,112,1 0,0,0 0,0,0 0,0,0
ADDLINE 4,123,1 0,0,0 0,0,0 12,0,2 1,123,1 1,123,1 1,123,1 1,123,1 1,123,1
ADDLINE 0,0,0 12,0,2 0,0,0 1,134,1 1,134,1 1,134,1 1,134,1 1,134,1 1,134,1
ADDLINE 0,0,0 0,0,0 12,0,2 1,145,1 3,145,1 1,145,1 2,145,1 2,145,1 1,145,1
ADDLINE 0,0,0 12,0,2 0,0,0 3,116,1 4,116,1 1,116,1 1,116,1 4,116,1 1,116,1
ADDLINE 1,128,1 0,0,0 12,0,2 1,128,1 1,128,1 1,128,1 1,128,1 1,128,1 0,0,0
ADDLINE 1,139,1 12,0,2 0,0,0 1,139,1 1,139,1 1,139,1 5,139,1 0,0,0 0,0,0
ADDLINE 0,0,0 0,0,0 0,0,0 3,150,1 1,150,1 12,0,2 0,0,0 0,0,0 1,150,1
ADDLINE 0,0,0 0,0,0 1,121,1 1,121,1 1,121,1 0,0,0 0,0,0 12,0,2 0,0,0
ADDLINE 1,132,1 12,0,2 1,132,1 1,132,1 5,132,1 1,132,1 1,132,1 2,132,1 0,0,0
ADDLINE 1,144,1 1,144,1 1,144,1 12,0,2 0,0,0 1,144,1 1,144,1 1,144,1 0,0,0
ADDLINE 1,156,1 1,156,1 4,156,1 1,156,1 12,0,2 0,0,0 1,156,1 3,156,1 0,0,0
ADDLINE 1,125,1 1,125,1 4,125,1 5,125,1 1,125,1 0,0,0 0,0,0 12,0,2 0,0,0
17,85,1 12,0,2 0,0,0 0,0,0 0,0,0 0,0,0 20,85,1 0,0,0 0,0,0
1,84,1 0,0,0 0,0,0 9,0,2 1,84,1 1,84,1 1,84,1 12,0,2 0,0,0
1,83,1 5,83,1 2,83,1 0,0,0 1,83,1 3,83,1 1,83,1 12,0,2 1,83,1
4,82,1 19,82,1 1,82,1 0,0,0 1,82,1 1,82,1 1,82,1 12,0,2 4,82,1
1,81,1 1,81,1 5,81,1 11,0,2 0,0,0 0,0,0 12,0,2 0,0,0 1,81,1
2,80,1 1,80,1 0,0,0 0,0,0 12,0,2 1,80,1 1,80,1 1,80,1 1,80,1
0,0,0 0,0,0 0,0,0 0,0,0 0,0,0 0,0,0 0,0,0 0,0,0 0,0,0
0,0,0 0,0,0 0,0,0 0,0,0 0,0,0 0,0,0 0,0,0 0,0,0 0,0,0
0,0,0 0,0,0 0,0,0 0,0,0 0,0,0 0,0,0 0,0,0 0,0,0 0,0,0