MODE 0
BALL 80
STARS 0/5700/8000
ADDLINE 12,0,2 0,0,0 1,95,1 1,95,1 1,95,1 3,95,1 4,95,1 0,0,0 0,0,0
ADDLINE 0,0,0 0,0,0 1,96,1 1,96,1 1,96,1 12,0,2 0,0,0 0,0,0 0,0,0
ADDLINE 0,0,0 0,0,0 0,0,0 5,97,1 1,97,1 12,0,2 0,0,0 1,97,1 1,97,1
ADDLINE 1,107,1 1,107,1 1,107,1 1,107,1 1,107,1 4,107,1 12,0,2 0,0,0 0,0,0
ADDLINE 1,108,1 1,108,1 0,0,0 12,0,2 0,0,0 0,0,0 0,0,0 0,0,0 0,0,0
ADDLINE 0,0,0 0,0,0 12,0,2 1,118,1 1,118,1 2,118,1 5,118,1 0,0,0 1,118,1
ADDLINE 4,128,1 1,128,1 1,128,1 0,0,0 1,128,1 12,0,2 1,128,1 1,128,1 2,128,1
ADDLINE 1,139,1 1,139,1 4,139,1 0,0,0 5,139,1 0,0,0 12,0,2 0,0,0 1,139,1
ADDLINE 1,112,1 1,112,1 1,112,1 0,0,0 0,0,0 12,0,2 0,0,0 0,0,0 1,112,1
ADDLINE 1,123,1 0,0,0 1,123,1 1,123,1 1,123,1 3,123,1 1,123,1 12,0,2 1,123,1
ADDLINE 1,127,1 1,127,1 1,127,1 1,127,1 1,127,1 1,127,1 2,127,1 12,0,2 1,127,1
ADDLINE 0,0,0 12,0,2 3,145,1 1,145,1 4,145,1 2,145,1 1,145,1 0,0,0 1,145,1
ADDLINE 5,111,1 12,0,2 1,111,1 4,111,1 1,111,1 1,111,1 1,111,1 1,111,1 1,111,1
ADDLINE 0,0,0 0,0,0 5,128,1 0,0,0 0,0,0 0,0,0 12,0,2 0,0,0 0,0,0
ADDLINE 1,139,1 0,0,0 1,139,1 1,139,1 1,139,1 12,0,2 2,139,1 0,0,0 1,139,1
ADDLINE 1,150,1 0,0,0 1,150,1 1,150,1 1,150,1 12,0,2 1,150,1 0,0,0 4,150,1
ADDLINE 1,121,1 0,0,0 1,121,1 4,121,1 5,121,1 3,121,1 1,121,1 12,0,2 1,121,1
ADDLINE 1,132,1 0,0,0 1,132,1 5,132,1 1,132,1 0,0,0 1,132,1 12,0,2 1,132,1
ADDLINE 5,137,1 5,137,1 1,137,1 1,137,1 12,0,2 1,137,1 1,137,1 1,137,1 1,137,1
ADDLINE 1,156,1 1,156,1 3,156,1 1,156,1 12,0,2 0,0,0 0,0,0 0,0,0 0,0,0
ADDLINE 3,119,1 2,119,1 1,119,1 1,119,1 12,0,2 1,119,1 1,119,1 1,119,1 1,119,1
0,0,0 0,0,0 0,0,0 0,0,0 12,0,2 0,0,0 1,85,1 1,85,1 5,85,1
1,80,1 1,80,1 4,80,1 12,0,2 6,80,1 1,80,1 1,80,1 1,80,1 1,80,1
12,0,2 17,83,1 2,83,1 0,0,0 1,83,1 0,0,0 0,0,0 0,0,0 10,0,2
1,78,1 1,78,1 3,78,1 1,78,1 1,78,1 12,0,2 0,0,0 0,0,0 0,0,0
1,81,1 12,0,2 1,81,1 1,81,1 0,0,0 0,0,0 1,81,1 4,81,1 0,0,0
3,77,1 20,77,1 5,77,1 1,77,1 4,77,1 12,0,2 1,77,1 1,77,1 1,77,1
0,0,0 0,0,0 0,0,0 0,0,0 0,0,0 0,0,0 0,0,0 0,0,0 0,0,0
0,0,0 0,0,0 0,0,0 0,0,0 0,0,0 0,0,0 0,0,0 0,0,0 0,0,0
0,0,0 0,0,0 0,0,0 0,0,0 0,0,0 0,0,0 0,0,0 0,0,0 0,0,0