MODE 0
BALL 80
STARS 0/5400/7800
ADDLINE 1,95,1 4,95,1 1,95,1 0,0,0 1,95,1 1,95,1 17,95,1 12,0,2 0,0,0
ADDLINE 1,96,1 1,96,1 5,96,1 0,0,0 1,96,1 1,96,1 1,96,1 12,0,2 1,96,1
ADDLINE 0,0,0 0,0,0 1,97,1 0,0,0 3,97,1 1,97,1 1,97,1 12,0,2 1,97,1
ADDLINE 1,107,1 10,0,2 1,107,1 1,107,1 1,107,1 1,107,1 1,107,1 12,0,2 1,107,1
ADDLINE 1,108,1 12,0,2 1,108,1 0,0,0 0,0,0 0,0,0 0,0,0 0,0,0 0,0,0
ADDLINE 1,118,1 0,0,0 1,118,1 1,118,1 3,118,1 12,0,2 5,118,1 1,118,1 1,118,1
ADDLINE 0,0,0 0,0,0 4,128,1 0,0,0 0,0,0 0,0,0 2,128,1 12,0,2 0,0,0
ADDLINE 3,139,1 1,139,1 1,139,1 0,0,0 1,139,1 1,139,1 1,139,1 12,0,2 1,139,1
ADDLINE 1,112,1 0,0,0 12,0,2 0,0,0 1,112,1 1,112,1 1,224,1 0,0,0 1,112,1
ADDLINE 1,246,1 1,246,1 12,0,2 1,246,1 1,246,1 1,246,1 1,246,1 19,123,1 1,246,1
ADDLINE 1,134,1 1,268,1 1,268,1 12,0,2 0,0,0 0,0,0 1,268,1 1,268,1 1,134,1
ADDLINE 1,290,1 1,290,1 19,145,1 1,290,1 12,0,2 0,0,0 8,0,2 1,290,1 1,290,1
ADDLINE 1,116,1 1,232,1 1,232,1 0,0,0 12,0,2 0,0,0 0,0,0 20,116,1 1,232,1
ADDLINE 1,256,1 1,256,1 1,256,1 1,256,1 1,256,1 11,0,2 12,0,2 1,256,1 19,128,1
ADDLINE 4,139,1 1,278,1 1,278,1 1,139,1 1,278,1 12,0,2 0,0,0 1,278,1 0,0,0
ADDLINE 5,150,1 7,0,2 0,0,0 12,0,2 0,0,0 0,0,0 0,0,0 0,0,0 0,0,0
ADDLINE 1,121,1 1,242,1 0,0,0 12,0,2 1,121,1 1,121,1 4,121,1 1,121,1 1,121,1
ADDLINE 1,264,1 1,264,1 19,132,1 1,264,1 12,0,2 1,264,1 1,264,1 1,264,1 1,264,1
ADDLINE 0,0,0 12,0,2 10,0,2 1,288,1 1,288,1 1,288,1 1,288,1 1,288,1 1,288,1
ADDLINE 0,0,0 0,0,0 12,0,2 0,0,0 0,0,0 0,0,0 1,156,1 1,156,1 5,156,1
ADDLINE 7,0,2 12,0,2 0,0,0 0,0,0 0,0,0 0,0,0 4,125,1 1,125,1 1,125,1
1,85,1 7,0,2 0,0,0 12,0,2 1,85,1 1,85,1 1,85,1 9,0,2 1,85,1
1,84,1 1,84,1 1,84,1 0,0,0 1,84,1 5,84,1 1,84,1 12,0,2 4,84,1
12,0,2 20,83,1 1,83,1 1,83,1 16,83,1 1,83,1 1,83,1 1,83,1 0,0,0
12,0,2 1,82,1 1,82,1 1,82,1 1,82,1 1,82,1 20,82,1 1,82,1 0,0,0
11,0,2 1,81,1 1,81,1 1,81,1 1,81,1 0,0,0 12,0,2 0,0,0 0,0,0
0,0,0 12,0,2 0,0,0 0,0,0 0,0,0 11,0,2 1,80,1 2,80,1 4,80,1
0,0,0 0,0,0 0,0,0 0,0,0 0,0,0 0,0,0 0,0,0 0,0,0 0,0,0
0,0,0 0,0,0 0,0,0 0,0,0 0,0,0 0,0,0 0,0,0 0,0,0 0,0,0
0,0,0 0,0,0 0,0,0 0,0,0 0,0,0 0,0,0 0,0,0 0,0,0 0,0,0