MODE 0
BALL 80
STARS 0/5900/8400
ADDLINE 3,95,1 0,0,0 1,95,1 0,0,0 0,0,0 12,0,2 0,0,0 4,95,1 1,95,1
ADDLINE 1,96,1 0,0,0 1,96,1 1,96,1 1,96,1 0,0,0 0,0,0 12,0,2 1,96,1
ADDLINE 4,97,1 0,0,0 1,97,1 12,0,2 1,97,1 1,97,1 1,97,1 5,97,1 1,97,1
ADDLINE 0,0,0 0,0,0 0,0,0 12,0,2 1,107,1 0,0,0 0,0,0 1,107,1 1,107,1
ADDLINE 0,0,0 2,108,1 1,108,1 1,108,1 1,108,1 4,108,1 1,108,1 12,0,2 5,108,1
ADDLINE 0,0,0 0,0,0 12,0,2 1,118,1 1,118,1 0,0,0 1,118,1 0,0,0 4,118,1
ADDLINE 0,0,0 1,128,1 0,0,0 0,0,0 2,128,1 0,0,0 0,0,0 12,0,2 1,128,1
ADDLINE 0,0,0 12,0,2 0,0,0 1,139,1 1,139,1 0,0,0 1,139,1 0,0,0 1,139,1
ADDLINE 5,112,1 0,0,0 4,112,1 1,112,1 0,0,0 12,0,2 1,112,1 0,0,0 1,112,1
ADDLINE 0,0,0 0,0,0 12,0,2 0,0,0 0,0,0 0,0,0 1,123,1 0,0,0 3,123,1
ADDLINE 1,134,1 2,134,1 1,134,1 4,134,1 1,134,1 0,0,0 1,134,1 12,0,2 1,134,1
ADDLINE 1,145,1 3,145,1 1,145,1 0,0,0 12,0,2 0,0,0 1,145,1 0,0,0 1,145,1
ADDLINE 1,111,1 1,111,1 1,111,1 2,111,1 4,111,1 1,111,1 1,111,1 12,0,2 1,111,1
ADDLINE 1,128,1 1,128,1 1,128,1 0,0,0 1,128,1 0,0,0 0,0,0 12,0,2 1,128,1
ADDLINE 1,139,1 1,139,1 2,139,1 0,0,0 3,139,1 1,139,1 1,139,1 12,0,2 3,139,1
ADDLINE 5,143,1 1,143,1 1,143,1 12,0,2 4,143,1 1,143,1 1,143,1 1,143,1 2,143,1
ADDLINE 0,0,0 0,0,0 1,121,1 0,0,0 0,0,0 0,0,0 1,121,1 12,0,2 1,121,1
ADDLINE 1,126,1 1,126,1 1,126,1 12,0,2 1,126,1 2,126,1 1,126,1 4,126,1 1,126,1
ADDLINE 0,0,0 1,144,1 0,0,0 12,0,2 0,0,0 0,0,0 0,0,0 0,0,0 0,0,0
ADDLINE 1,156,1 1,156,1 0,0,0 5,156,1 12,0,2 1,156,1 3,156,1 4,156,1 1,156,1
ADDLINE 1,125,1 1,125,1 0,0,0 1,125,1 12,0,2 1,125,1 0,0,0 0,0,0 0,0,0
1,81,1 1,81,1 1,81,1 12,0,2 19,81,1 1,81,1 3,81,1 1,81,1 1,81,1
16,84,1 0,0,0 17,84,1 10,0,2 12,0,2 0,0,0 5,84,1 1,84,1 1,84,1
4,79,1 12,0,2 5,79,1 3,79,1 1,79,1 1,79,1 1,79,1 1,79,1 1,79,1
2,82,1 0,0,0 0,0,0 0,0,0 7,0,2 0,0,0 12,0,2 9,0,2 1,82,1
1,78,1 6,78,1 1,78,1 0,0,0 0,0,0 12,0,2 0,0,0 0,0,0 1,78,1
1,80,1 16,80,1 1,80,1 1,80,1 0,0,0 0,0,0 1,80,1 12,0,2 1,80,1
0,0,0 0,0,0 0,0,0 0,0,0 0,0,0 0,0,0 0,0,0 0,0,0 0,0,0
0,0,0 0,0,0 0,0,0 0,0,0 0,0,0 0,0,0 0,0,0 0,0,0 0,0,0
0,0,0 0,0,0 0,0,0 0,0,0 0,0,0 0,0,0 0,0,0 0,0,0 0,0,0