MODE 0
BALL 80
STARS 0/4500/6200
ADDLINE 0,0,0 0,0,0 0,0,0 0,0,0 12,0,2 1,95,1 1,95,1 8,0,2 0,0,0
ADDLINE 0,0,0 0,0,0 12,0,2 8,0,2 0,0,0 0,0,0 0,0,0 1,96,1 1,96,1
ADDLINE 1,97,1 0,0,0 1,97,1 1,97,1 12,0,2 0,0,0 0,0,0 1,97,1 1,97,1
ADDLINE 1,107,1 8,0,2 0,0,0 12,0,2 1,107,1 1,107,1 0,0,0 0,0,0 7,0,2
ADDLINE 1,108,1 0,0,0 1,108,1 0,0,0 12,0,2 0,0,0 1,108,1 1,108,1 1,108,1
ADDLINE 1,118,1 0,0,0 0,0,0 0,0,0 0,0,0 0,0,0 0,0,0 12,0,2 1,118,1
ADDLINE 1,128,1 1,128,1 1,128,1 1,128,1 12,0,2 1,128,1 1,128,1 0,0,0 0,0,0
ADDLINE 1,139,1 1,139,1 1,139,1 1,139,1 12,0,2 1,139,1 1,139,1 1,139,1 0,0,0
ADDLINE 1,112,1 1,112,1 1,112,1 1,112,1 0,0,0 12,0,2 0,0,0 0,0,0 0,0,0
ADDLINE 0,0,0 1,246,1 0,0,0 1,246,1 8,0,2 0,0,0 12,0,2 1,246,1 0,0,0
ADDLINE 1,134,1 1,134,1 12,0,2 1,134,1 1,134,1 1,134,1 1,134,1 1,134,1 0,0,0
ADDLINE 1,145,1 1,145,1 0,0,0 0,0,0 12,0,2 0,0,0 0,0,0 0,0,0 0,0,0
ADDLINE 1,116,1 1,116,1 12,0,2 1,116,1 1,116,1 1,116,1 1,116,1 1,232,1 0,0,0
ADDLINE 1,256,1 1,256,1 12,0,2 1,256,1 1,256,1 1,256,1 1,256,1 1,256,1 10,0,2
ADDLINE 1,132,1 1,132,1 12,0,2 1,132,1 1,132,1 1,132,1 1,132,1 1,264,1 1,264,1
ADDLINE 0,0,0 12,0,2 0,0,0 1,150,1 1,150,1 1,150,1 1,150,1 1,150,1 0,0,0
ADDLINE 1,115,1 12,0,2 1,115,1 1,115,1 1,115,1 1,115,1 1,115,1 1,115,1 1,115,1
ADDLINE 1,132,1 0,0,0 0,0,0 0,0,0 0,0,0 1,132,1 1,132,1 12,0,2 0,0,0
ADDLINE 1,144,1 1,144,1 1,144,1 1,288,1 1,288,1 1,288,1 12,0,2 0,0,0 0,0,0
ADDLINE 1,312,1 1,312,1 1,156,1 1,312,1 7,0,2 1,312,1 1,156,1 12,0,2 1,156,1
ADDLINE 7,0,2 12,0,2 1,125,1 1,250,1 1,250,1 1,250,1 1,125,1 0,0,0 0,0,0
0,0,0 12,0,2 0,0,0 10,0,2 1,85,1 1,85,1 1,85,1 19,85,1 0,0,0
1,80,1 1,80,1 0,0,0 1,80,1 1,80,1 1,80,1 1,80,1 1,80,1 12,0,2
0,0,0 12,0,2 8,0,2 1,83,1 1,83,1 1,83,1 1,83,1 16,83,1 11,0,2
1,82,1 1,82,1 12,0,2 1,82,1 1,82,1 1,82,1 1,82,1 1,82,1 0,0,0
0,0,0 0,0,0 12,0,2 19,81,1 1,81,1 0,0,0 0,0,0 1,81,1 0,0,0
12,0,2 1,77,1 16,77,1 1,77,1 1,77,1 1,77,1 1,77,1 1,77,1 1,77,1
0,0,0 0,0,0 0,0,0 0,0,0 0,0,0 0,0,0 0,0,0 0,0,0 0,0,0
0,0,0 0,0,0 0,0,0 0,0,0 0,0,0 0,0,0 0,0,0 0,0,0 0,0,0
0,0,0 0,0,0 0,0,0 0,0,0 0,0,0 0,0,0 0,0,0 0,0,0 0,0,0