MODE 0
BALL 80
STARS 0/5700/8200
ADDLINE 1,95,1 1,95,1 1,95,1 0,0,0 0,0,0 0,0,0 0,0,0 12,0,2 0,0,0
ADDLINE 1,96,1 1,96,1 12,0,2 0,0,0 1,96,1 1,96,1 1,96,1 0,0,0 0,0,0
ADDLINE 1,97,1 0,0,0 0,0,0 12,0,2 0,0,0 0,0,0 0,0,0 1,97,1 1,97,1
ADDLINE 1,107,1 1,107,1 1,107,1 0,0,0 1,107,1 1,107,1 12,0,2 1,107,1 1,107,1
ADDLINE 1,108,1 0,0,0 0,0,0 0,0,0 1,108,1 1,108,1 12,0,2 0,0,0 1,108,1
ADDLINE 0,0,0 0,0,0 1,118,1 1,118,1 0,0,0 0,0,0 0,0,0 12,0,2 1,118,1
ADDLINE 0,0,0 1,128,1 1,128,1 1,128,1 0,0,0 12,0,2 1,128,1 1,128,1 1,128,1
ADDLINE 0,0,0 0,0,0 0,0,0 1,139,1 1,139,1 12,0,2 0,0,0 1,139,1 1,139,1
ADDLINE 1,112,1 1,112,1 0,0,0 0,0,0 12,0,2 0,0,0 0,0,0 1,112,1 1,112,1
ADDLINE 1,117,1 1,117,1 1,117,1 1,117,1 12,0,2 1,117,1 1,117,1 1,117,1 1,117,1
ADDLINE 0,0,0 0,0,0 0,0,0 1,134,1 12,0,2 1,134,1 0,0,0 0,0,0 0,0,0
ADDLINE 1,145,1 1,145,1 1,145,1 1,145,1 12,0,2 1,145,1 1,145,1 1,145,1 0,0,0
ADDLINE 1,116,1 1,116,1 0,0,0 0,0,0 0,0,0 1,116,1 12,0,2 0,0,0 0,0,0
ADDLINE 1,128,1 1,128,1 12,0,2 1,128,1 1,128,1 1,128,1 1,128,1 1,128,1 0,0,0
ADDLINE 1,139,1 1,139,1 12,0,2 1,139,1 1,139,1 1,139,1 1,139,1 1,139,1 0,0,0
ADDLINE 1,143,1 1,143,1 1,143,1 1,143,1 1,143,1 1,143,1 1,143,1 1,143,1 12,0,2
ADDLINE 0,0,0 0,0,0 12,0,2 1,121,1 1,121,1 1,121,1 1,121,1 1,121,1 0,0,0
ADDLINE 1,126,1 1,126,1 12,0,2 1,126,1 1,126,1 1,126,1 1,126,1 1,126,1 1,126,1
ADDLINE 0,0,0 1,144,1 1,144,1 1,144,1 0,0,0 1,144,1 12,0,2 1,144,1 0,0,0
ADDLINE 0,0,0 12,0,2 0,0,0 0,0,0 0,0,0 1,156,1 0,0,0 1,156,1 0,0,0
ADDLINE 1,119,1 1,119,1 1,119,1 1,119,1 1,119,1 1,119,1 12,0,2 1,119,1 1,119,1
8,0,2 1,85,1 1,85,1 1,85,1 1,85,1 1,85,1 12,0,2 1,85,1 1,85,1
0,0,0 17,84,1 12,0,2 1,84,1 1,84,1 9,0,2 0,0,0 0,0,0 8,0,2
12,0,2 1,83,1 1,83,1 1,83,1 1,83,1 1,83,1 1,83,1 1,83,1 0,0,0
0,0,0 1,82,1 0,0,0 12,0,2 22,0,2 1,82,1 1,82,1 1,82,1 8,0,2
1,81,1 1,81,1 1,81,1 1,81,1 12,0,2 1,81,1 1,81,1 1,81,1 0,0,0
1,80,1 1,80,1 1,80,1 1,80,1 12,0,2 1,80,1 1,80,1 1,80,1 8,0,2
0,0,0 0,0,0 0,0,0 0,0,0 0,0,0 0,0,0 0,0,0 0,0,0 0,0,0
0,0,0 0,0,0 0,0,0 0,0,0 0,0,0 0,0,0 0,0,0 0,0,0 0,0,0
0,0,0 0,0,0 0,0,0 0,0,0 0,0,0 0,0,0 0,0,0 0,0,0 0,0,0