MODE 0
BALL 80
STARS 0/5400/7700
ADDLINE 1,95,1 0,0,0 1,95,1 1,95,1 1,95,1 12,0,2 1,95,1 1,95,1 1,95,1
ADDLINE 0,0,0 0,0,0 1,96,1 1,96,1 1,96,1 12,0,2 1,96,1 0,0,0 0,0,0
ADDLINE 1,97,1 1,97,1 1,97,1 1,97,1 1,97,1 0,0,0 1,97,1 12,0,2 1,97,1
ADDLINE 0,0,0 0,0,0 12,0,2 0,0,0 0,0,0 0,0,0 0,0,0 0,0,0 1,107,1
ADDLINE 1,103,1 1,103,1 1,103,1 1,103,1 1,103,1 1,103,1 12,0,2 1,103,1 1,103,1
ADDLINE 1,118,1 0,0,0 0,0,0 0,0,0 0,0,0 0,0,0 0,0,0 12,0,2 1,118,1
ADDLINE 1,122,1 12,0,2 1,122,1 1,122,1 1,122,1 1,122,1 1,122,1 1,122,1 1,122,1
ADDLINE 1,139,1 0,0,0 0,0,0 0,0,0 1,139,1 0,0,0 0,0,0 12,0,2 0,0,0
ADDLINE 1,112,1 0,0,0 1,112,1 1,112,1 1,112,1 12,0,2 1,112,1 1,112,1 1,112,1
ADDLINE 1,246,1 1,246,1 1,246,1 1,246,1 16,123,1 12,0,2 1,246,1 1,246,1 1,246,1
ADDLINE 1,134,1 1,134,1 1,134,1 1,134,1 1,134,1 0,0,0 12,0,2 0,0,0 1,134,1
ADDLINE 1,145,1 1,145,1 1,145,1 1,145,1 1,145,1 0,0,0 0,0,0 12,0,2 1,290,1
ADDLINE 0,0,0 0,0,0 12,0,2 0,0,0 0,0,0 0,0,0 1,116,1 1,232,1 20,116,1
ADDLINE 0,0,0 12,0,2 16,128,1 1,256,1 1,256,1 1,256,1 1,256,1 1,256,1 1,256,1
ADDLINE 0,0,0 12,0,2 16,139,1 1,278,1 1,278,1 1,278,1 1,278,1 1,278,1 1,278,1
ADDLINE 0,0,0 12,0,2 0,0,0 0,0,0 0,0,0 0,0,0 0,0,0 20,150,1 1,150,1
ADDLINE 1,121,1 1,242,1 1,242,1 0,0,0 1,121,1 1,121,1 12,0,2 1,242,1 1,121,1
ADDLINE 1,132,1 17,132,1 1,264,1 0,0,0 12,0,2 0,0,0 1,132,1 1,132,1 1,132,1
ADDLINE 1,144,1 0,0,0 1,288,1 1,144,1 0,0,0 0,0,0 12,0,2 1,144,1 1,144,1
ADDLINE 1,156,1 0,0,0 0,0,0 12,0,2 1,156,1 1,156,1 0,0,0 0,0,0 1,156,1
ADDLINE 1,250,1 1,250,1 1,250,1 12,0,2 1,250,1 1,250,1 16,125,1 1,250,1 0,0,0
1,85,1 1,85,1 1,85,1 0,0,0 12,0,2 0,0,0 7,0,2 1,85,1 1,85,1
1,84,1 1,84,1 0,0,0 12,0,2 1,84,1 0,0,0 1,84,1 1,84,1 1,84,1
19,83,1 1,83,1 0,0,0 6,83,1 1,83,1 12,0,2 1,83,1 1,83,1 1,83,1
0,0,0 0,0,0 12,0,2 1,82,1 1,82,1 0,0,0 16,82,1 1,82,1 17,82,1
0,0,0 12,0,2 0,0,0 0,0,0 0,0,0 1,81,1 1,81,1 1,81,1 1,81,1
1,80,1 1,80,1 1,80,1 11,0,2 1,80,1 12,0,2 0,0,0 1,80,1 1,80,1
0,0,0 0,0,0 0,0,0 0,0,0 0,0,0 0,0,0 0,0,0 0,0,0 0,0,0
0,0,0 0,0,0 0,0,0 0,0,0 0,0,0 0,0,0 0,0,0 0,0,0 0,0,0
0,0,0 0,0,0 0,0,0 0,0,0 0,0,0 0,0,0 0,0,0 0,0,0 0,0,0