MODE 0
BALL 80
STARS 0/5300/7600
ADDLINE 1,95,1 0,0,0 1,95,1 12,0,2 1,95,1 0,0,0 0,0,0 0,0,0 0,0,0
ADDLINE 1,96,1 0,0,0 1,96,1 1,96,1 1,96,1 12,0,2 3,96,1 3,96,1 1,96,1
ADDLINE 5,97,1 0,0,0 1,97,1 0,0,0 12,0,2 0,0,0 2,97,1 1,97,1 1,97,1
ADDLINE 1,107,1 0,0,0 1,107,1 12,0,2 1,107,1 1,107,1 1,107,1 3,107,1 1,107,1
ADDLINE 1,108,1 0,0,0 0,0,0 12,0,2 1,108,1 0,0,0 0,0,0 0,0,0 0,0,0
ADDLINE 3,112,1 2,112,1 1,112,1 1,112,1 1,112,1 1,112,1 4,112,1 12,0,2 1,112,1
ADDLINE 0,0,0 0,0,0 0,0,0 0,0,0 0,0,0 0,0,0 0,0,0 12,0,2 1,128,1
ADDLINE 3,139,1 0,0,0 1,139,1 1,139,1 1,139,1 12,0,2 1,139,1 2,139,1 1,139,1
ADDLINE 1,112,1 0,0,0 1,112,1 1,112,1 4,112,1 0,0,0 1,112,1 12,0,2 0,0,0
ADDLINE 0,0,0 1,123,1 1,123,1 5,123,1 3,123,1 1,123,1 0,0,0 12,0,2 0,0,0
ADDLINE 0,0,0 4,134,1 12,0,2 1,134,1 1,134,1 1,134,1 1,134,1 5,134,1 4,134,1
ADDLINE 0,0,0 1,145,1 12,0,2 1,145,1 1,145,1 1,145,1 1,145,1 1,145,1 1,145,1
ADDLINE 0,0,0 1,116,1 0,0,0 12,0,2 0,0,0 1,116,1 1,116,1 4,116,1 1,116,1
ADDLINE 0,0,0 1,128,1 0,0,0 3,128,1 12,0,2 1,128,1 4,128,1 1,128,1 1,128,1
ADDLINE 1,139,1 0,0,0 0,0,0 1,139,1 0,0,0 12,0,2 0,0,0 1,139,1 2,139,1
ADDLINE 0,0,0 0,0,0 1,150,1 1,150,1 1,150,1 1,150,1 12,0,2 0,0,0 5,150,1
ADDLINE 0,0,0 12,0,2 1,121,1 1,121,1 1,121,1 1,121,1 1,121,1 0,0,0 0,0,0
ADDLINE 0,0,0 12,0,2 1,132,1 4,132,1 1,132,1 4,132,1 1,132,1 2,132,1 0,0,0
ADDLINE 0,0,0 3,144,1 4,144,1 0,0,0 0,0,0 0,0,0 12,0,2 1,144,1 1,144,1
ADDLINE 0,0,0 1,156,1 1,156,1 1,156,1 1,156,1 1,156,1 0,0,0 12,0,2 5,156,1
ADDLINE 0,0,0 0,0,0 0,0,0 1,125,1 0,0,0 0,0,0 0,0,0 12,0,2 1,125,1
3,85,1 12,0,2 1,85,1 1,85,1 4,85,1 1,85,1 17,85,1 1,85,1 0,0,0
0,0,0 12,0,2 1,84,1 1,84,1 0,0,0 0,0,0 0,0,0 0,0,0 0,0,0
0,0,0 1,83,1 10,0,2 12,0,2 0,0,0 1,83,1 2,83,1 4,83,1 1,83,1
8,0,2 12,0,2 0,0,0 3,82,1 18,82,1 0,0,0 1,82,1 6,82,1 1,82,1
0,0,0 1,81,1 1,81,1 1,81,1 0,0,0 12,0,2 1,81,1 1,81,1 5,81,1
11,0,2 5,80,1 4,80,1 8,0,2 12,0,2 1,80,1 1,80,1 1,80,1 1,80,1
0,0,0 0,0,0 0,0,0 0,0,0 0,0,0 0,0,0 0,0,0 0,0,0 0,0,0
0,0,0 0,0,0 0,0,0 0,0,0 0,0,0 0,0,0 0,0,0 0,0,0 0,0,0
0,0,0 0,0,0 0,0,0 0,0,0 0,0,0 0,0,0 0,0,0 0,0,0 0,0,0