MODE 0
BALL 80
STARS 0/5600/8000
ADDLINE 0,0,0 0,0,0 0,0,0 0,0,0 12,0,2 1,95,1 1,95,1 1,95,1 5,95,1
ADDLINE 0,0,0 0,0,0 1,96,1 1,96,1 0,0,0 0,0,0 12,0,2 0,0,0 1,96,1
ADDLINE 3,97,1 0,0,0 11,0,2 0,0,0 0,0,0 0,0,0 0,0,0 12,0,2 1,97,1
ADDLINE 5,107,1 1,107,1 1,107,1 1,107,1 1,107,1 1,107,1 12,0,2 2,107,1 0,0,0
ADDLINE 1,108,1 1,108,1 1,108,1 1,108,1 12,0,2 0,0,0 0,0,0 1,108,1 0,0,0
ADDLINE 1,236,1 1,236,1 1,236,1 1,236,1 0,0,0 0,0,0 12,0,2 8,0,2 0,0,0
ADDLINE 12,0,2 1,128,1 5,128,1 2,128,1 1,128,1 1,128,1 1,128,1 2,128,1 0,0,0
ADDLINE 0,0,0 0,0,0 0,0,0 0,0,0 8,0,2 0,0,0 12,0,2 1,278,1 0,0,0
ADDLINE 1,112,1 1,112,1 1,112,1 1,112,1 4,112,1 1,112,1 12,0,2 1,112,1 0,0,0
ADDLINE 0,0,0 0,0,0 11,0,2 0,0,0 1,123,1 0,0,0 0,0,0 12,0,2 0,0,0
ADDLINE 1,127,1 1,254,1 1,254,1 12,0,2 1,127,1 3,127,1 1,127,1 1,127,1 4,127,1
ADDLINE 1,138,1 1,138,1 4,138,1 12,0,2 1,138,1 1,138,1 2,138,1 1,138,1 1,138,1
ADDLINE 1,111,1 1,111,1 1,111,1 12,0,2 3,111,1 1,111,1 2,111,1 5,111,1 1,111,1
ADDLINE 1,128,1 0,0,0 12,0,2 0,0,0 1,128,1 0,0,0 0,0,0 0,0,0 0,0,0
ADDLINE 1,132,1 1,132,1 1,132,1 1,132,1 1,132,1 2,132,1 1,132,1 12,0,2 1,132,1
ADDLINE 1,150,1 0,0,0 1,300,1 1,150,1 1,150,1 1,150,1 5,150,1 12,0,2 1,150,1
ADDLINE 1,242,1 10,0,2 1,242,1 1,242,1 1,242,1 1,242,1 1,242,1 12,0,2 1,242,1
ADDLINE 1,132,1 0,0,0 0,0,0 0,0,0 0,0,0 0,0,0 2,132,1 12,0,2 0,0,0
ADDLINE 0,0,0 0,0,0 1,144,1 0,0,0 1,144,1 12,0,2 4,144,1 0,0,0 5,144,1
ADDLINE 1,156,1 1,156,1 2,156,1 0,0,0 1,156,1 1,156,1 1,156,1 12,0,2 1,156,1
ADDLINE 1,250,1 1,250,1 1,250,1 8,0,2 1,250,1 0,0,0 0,0,0 12,0,2 1,250,1
1,85,1 2,85,1 0,0,0 3,85,1 9,0,2 4,85,1 12,0,2 1,85,1 1,85,1
1,84,1 20,84,1 10,0,2 1,84,1 0,0,0 1,84,1 12,0,2 20,84,1 1,84,1
1,83,1 1,83,1 0,0,0 4,83,1 12,0,2 1,83,1 0,0,0 1,83,1 1,83,1
0,0,0 12,0,2 0,0,0 1,82,1 0,0,0 1,82,1 0,0,0 2,82,1 0,0,0
0,0,0 1,81,1 3,81,1 1,81,1 12,0,2 1,81,1 6,81,1 1,81,1 1,81,1
8,0,2 1,80,1 12,0,2 1,80,1 11,0,2 1,80,1 1,80,1 1,80,1 1,80,1
0,0,0 0,0,0 0,0,0 0,0,0 0,0,0 0,0,0 0,0,0 0,0,0 0,0,0
0,0,0 0,0,0 0,0,0 0,0,0 0,0,0 0,0,0 0,0,0 0,0,0 0,0,0
0,0,0 0,0,0 0,0,0 0,0,0 0,0,0 0,0,0 0,0,0 0,0,0 0,0,0