MODE 0
BALL 80
STARS 0/5400/7800
ADDLINE 5,95,1 1,95,1 0,0,0 1,95,1 1,95,1 12,0,2 1,95,1 1,95,1 0,0,0
ADDLINE 1,91,1 1,91,1 1,91,1 1,91,1 4,91,1 1,91,1 4,91,1 1,91,1 12,0,2
ADDLINE 0,0,0 0,0,0 0,0,0 0,0,0 0,0,0 12,0,2 0,0,0 2,97,1 0,0,0
ADDLINE 5,107,1 1,107,1 1,107,1 1,107,1 1,107,1 1,107,1 12,0,2 2,107,1 0,0,0
ADDLINE 0,0,0 0,0,0 0,0,0 0,0,0 0,0,0 3,108,1 12,0,2 5,108,1 0,0,0
ADDLINE 1,118,1 1,118,1 1,118,1 1,118,1 0,0,0 1,118,1 12,0,2 1,118,1 1,118,1
ADDLINE 4,128,1 1,128,1 12,0,2 0,0,0 0,0,0 3,128,1 0,0,0 1,128,1 0,0,0
ADDLINE 1,139,1 1,139,1 0,0,0 1,139,1 1,139,1 1,139,1 12,0,2 1,139,1 1,139,1
ADDLINE 1,112,1 2,112,1 0,0,0 1,112,1 0,0,0 0,0,0 12,0,2 3,112,1 0,0,0
ADDLINE 1,123,1 0,0,0 1,123,1 1,123,1 1,123,1 0,0,0 0,0,0 12,0,2 0,0,0
ADDLINE 12,0,2 0,0,0 1,134,1 4,134,1 1,134,1 1,134,1 1,134,1 1,134,1 0,0,0
ADDLINE 0,0,0 5,145,1 2,145,1 1,145,1 0,0,0 12,0,2 0,0,0 0,0,0 0,0,0
ADDLINE 0,0,0 5,116,1 1,116,1 0,0,0 12,0,2 1,116,1 1,116,1 1,116,1 1,116,1
ADDLINE 0,0,0 1,128,1 12,0,2 0,0,0 1,128,1 1,128,1 1,128,1 5,128,1 4,128,1
ADDLINE 0,0,0 12,0,2 4,139,1 1,139,1 1,139,1 1,139,1 1,139,1 3,139,1 1,139,1
ADDLINE 0,0,0 12,0,2 2,150,1 1,150,1 1,150,1 1,150,1 1,150,1 1,150,1 1,150,1
ADDLINE 0,0,0 0,0,0 0,0,0 12,0,2 1,121,1 1,121,1 1,121,1 4,121,1 1,121,1
ADDLINE 0,0,0 12,0,2 0,0,0 0,0,0 2,132,1 1,132,1 3,132,1 1,132,1 1,132,1
ADDLINE 1,137,1 1,137,1 2,137,1 1,137,1 3,137,1 4,137,1 4,137,1 12,0,2 1,137,1
ADDLINE 1,156,1 1,156,1 1,156,1 1,156,1 1,156,1 1,156,1 1,156,1 12,0,2 0,0,0
ADDLINE 1,125,1 1,125,1 12,0,2 0,0,0 0,0,0 0,0,0 0,0,0 0,0,0 0,0,0
1,81,1 1,81,1 1,81,1 6,81,1 12,0,2 18,81,1 1,81,1 1,81,1 2,81,1
2,80,1 1,80,1 5,80,1 1,80,1 12,0,2 3,80,1 1,80,1 1,80,1 1,80,1
3,83,1 1,83,1 1,83,1 20,83,1 0,0,0 12,0,2 0,0,0 10,0,2 11,0,2
1,78,1 19,78,1 3,78,1 5,78,1 8,0,2 1,78,1 2,78,1 1,78,1 12,0,2
1,81,1 1,81,1 1,81,1 0,0,0 11,0,2 0,0,0 0,0,0 12,0,2 0,0,0
0,0,0 0,0,0 12,0,2 0,0,0 0,0,0 0,0,0 0,0,0 0,0,0 0,0,0
0,0,0 0,0,0 0,0,0 0,0,0 0,0,0 0,0,0 0,0,0 0,0,0 0,0,0
0,0,0 0,0,0 0,0,0 0,0,0 0,0,0 0,0,0 0,0,0 0,0,0 0,0,0
0,0,0 0,0,0 0,0,0 0,0,0 0,0,0 0,0,0 0,0,0 0,0,0 0,0,0