MODE 0
BALL 80
STARS 0/6300/8900
ADDLINE 1,105,1 0,0,0 1,105,1 12,0,2 0,0,0 0,0,0 0,0,0 1,105,1 1,105,1
ADDLINE 0,0,0 0,0,0 1,106,1 12,0,2 1,106,1 1,106,1 1,106,1 1,106,1 1,106,1
ADDLINE 0,0,0 0,0,0 0,0,0 12,0,2 1,107,1 1,107,1 1,107,1 1,107,1 1,107,1
ADDLINE 1,118,1 1,118,1 0,0,0 12,0,2 0,0,0 0,0,0 0,0,0 1,118,1 1,118,1
ADDLINE 0,0,0 0,0,0 12,0,2 1,119,1 1,119,1 1,119,1 1,119,1 0,0,0 1,119,1
ADDLINE 0,0,0 12,0,2 0,0,0 1,130,1 1,130,1 0,0,0 0,0,0 0,0,0 1,130,1
ADDLINE 1,141,1 1,141,1 0,0,0 1,141,1 1,141,1 12,0,2 1,141,1 1,141,1 1,141,1
ADDLINE 1,153,1 1,153,1 0,0,0 0,0,0 1,153,1 12,0,2 0,0,0 0,0,0 0,0,0
ADDLINE 1,123,1 1,123,1 1,123,1 0,0,0 0,0,0 0,0,0 0,0,0 12,0,2 0,0,0
ADDLINE 0,0,0 1,135,1 1,135,1 1,135,1 1,135,1 1,135,1 0,0,0 12,0,2 0,0,0
ADDLINE 1,140,1 1,140,1 1,140,1 1,140,1 1,140,1 1,140,1 12,0,2 1,140,1 1,140,1
ADDLINE 0,0,0 1,159,1 1,159,1 1,159,1 1,159,1 1,159,1 12,0,2 1,159,1 0,0,0
ADDLINE 0,0,0 1,127,1 1,127,1 1,127,1 1,127,1 1,127,1 12,0,2 1,127,1 1,127,1
ADDLINE 0,0,0 12,0,2 1,140,1 0,0,0 0,0,0 1,140,1 0,0,0 1,140,1 0,0,0
ADDLINE 1,152,1 1,152,1 12,0,2 1,152,1 1,152,1 1,152,1 1,152,1 1,152,1 0,0,0
ADDLINE 12,0,2 1,164,1 0,0,0 1,164,1 1,164,1 1,164,1 1,164,1 1,164,1 0,0,0
ADDLINE 0,0,0 1,132,1 12,0,2 1,132,1 1,132,1 1,132,1 1,132,1 1,132,1 1,132,1
ADDLINE 0,0,0 1,144,1 0,0,0 1,144,1 0,0,0 12,0,2 0,0,0 0,0,0 0,0,0
ADDLINE 1,150,1 1,150,1 1,150,1 1,150,1 1,150,1 1,150,1 1,150,1 1,150,1 12,0,2
ADDLINE 12,0,2 1,170,1 0,0,0 1,170,1 1,170,1 1,170,1 1,170,1 1,170,1 0,0,0
ADDLINE 1,136,1 1,136,1 12,0,2 1,136,1 1,136,1 1,136,1 1,136,1 1,136,1 0,0,0
10,0,2 1,94,1 1,94,1 1,94,1 12,0,2 1,94,1 0,0,0 1,94,1 1,94,1
12,0,2 1,89,1 1,89,1 18,89,1 1,89,1 1,89,1 1,89,1 1,89,1 1,89,1
0,0,0 0,0,0 12,0,2 10,0,2 1,92,1 1,92,1 12,0,2 0,0,0 1,92,1
1,87,1 1,87,1 12,0,2 16,87,1 1,87,1 1,87,1 1,87,1 1,87,1 20,87,1
1,90,1 1,90,1 12,0,2 1,90,1 1,90,1 20,90,1 0,0,0 0,0,0 0,0,0
16,85,1 1,85,1 11,0,2 1,85,1 1,85,1 1,85,1 1,85,1 1,85,1 1,85,1
0,0,0 0,0,0 0,0,0 0,0,0 0,0,0 0,0,0 0,0,0 0,0,0 0,0,0
0,0,0 0,0,0 0,0,0 0,0,0 0,0,0 0,0,0 0,0,0 0,0,0 0,0,0
0,0,0 0,0,0 0,0,0 0,0,0 0,0,0 0,0,0 0,0,0 0,0,0 0,0,0