MODE 0
BALL 80
STARS 0/6100/8600
ADDLINE 1,105,1 0,0,0 0,0,0 12,0,2 1,105,1 0,0,0 1,105,1 1,105,1 1,105,1
ADDLINE 1,101,1 1,101,1 1,101,1 1,101,1 1,101,1 12,0,2 1,101,1 1,101,1 1,101,1
ADDLINE 1,107,1 12,0,2 1,107,1 1,107,1 1,107,1 0,0,0 1,107,1 0,0,0 0,0,0
ADDLINE 1,118,1 0,0,0 1,118,1 1,118,1 1,118,1 12,0,2 1,118,1 1,118,1 1,118,1
ADDLINE 1,119,1 0,0,0 0,0,0 12,0,2 0,0,0 0,0,0 0,0,0 0,0,0 0,0,0
ADDLINE 1,130,1 0,0,0 1,130,1 1,130,1 1,130,1 1,130,1 1,130,1 12,0,2 1,130,1
ADDLINE 1,141,1 0,0,0 1,141,1 12,0,2 0,0,0 0,0,0 1,141,1 0,0,0 1,141,1
ADDLINE 1,153,1 1,153,1 1,153,1 0,0,0 1,153,1 1,153,1 1,153,1 12,0,2 1,153,1
ADDLINE 0,0,0 0,0,0 0,0,0 0,0,0 12,0,2 0,0,0 1,123,1 0,0,0 1,123,1
ADDLINE 1,135,1 0,0,0 1,135,1 1,135,1 1,135,1 1,135,1 12,0,2 1,135,1 1,135,1
ADDLINE 0,0,0 0,0,0 0,0,0 0,0,0 0,0,0 12,0,2 0,0,0 1,147,1 1,147,1
ADDLINE 0,0,0 12,0,2 0,0,0 0,0,0 1,159,1 1,159,1 1,159,1 1,159,1 1,159,1
ADDLINE 0,0,0 12,0,2 1,127,1 0,0,0 1,127,1 1,127,1 1,127,1 1,127,1 1,127,1
ADDLINE 0,0,0 1,140,1 1,140,1 12,0,2 0,0,0 1,140,1 1,140,1 1,140,1 1,140,1
ADDLINE 0,0,0 12,0,2 1,152,1 0,0,0 0,0,0 1,152,1 1,152,1 1,152,1 1,152,1
ADDLINE 1,164,1 0,0,0 12,0,2 0,0,0 1,164,1 1,164,1 1,164,1 1,164,1 1,164,1
ADDLINE 0,0,0 12,0,2 0,0,0 0,0,0 1,132,1 1,132,1 1,132,1 1,132,1 1,132,1
ADDLINE 0,0,0 1,144,1 1,144,1 0,0,0 12,0,2 0,0,0 1,144,1 1,144,1 1,144,1
ADDLINE 1,157,1 1,157,1 0,0,0 0,0,0 12,0,2 0,0,0 0,0,0 1,157,1 1,157,1
ADDLINE 1,170,1 1,170,1 0,0,0 1,170,1 12,0,2 1,170,1 0,0,0 0,0,0 1,170,1
ADDLINE 1,136,1 1,136,1 0,0,0 1,136,1 0,0,0 1,136,1 12,0,2 1,136,1 1,136,1
1,94,1 1,94,1 6,94,1 1,94,1 16,94,1 10,0,2 0,0,0 12,0,2 0,0,0
1,93,1 1,93,1 1,93,1 1,93,1 1,93,1 12,0,2 1,93,1 1,93,1 0,0,0
1,92,1 1,92,1 1,92,1 1,92,1 12,0,2 0,0,0 0,0,0 1,92,1 0,0,0
1,91,1 20,91,1 1,91,1 0,0,0 12,0,2 19,91,1 1,91,1 0,0,0 0,0,0
1,90,1 1,90,1 0,0,0 8,0,2 1,90,1 1,90,1 1,90,1 12,0,2 1,90,1
1,89,1 1,89,1 0,0,0 1,89,1 1,89,1 16,89,1 1,89,1 12,0,2 1,89,1
0,0,0 0,0,0 0,0,0 0,0,0 0,0,0 0,0,0 0,0,0 0,0,0 0,0,0
0,0,0 0,0,0 0,0,0 0,0,0 0,0,0 0,0,0 0,0,0 0,0,0 0,0,0
0,0,0 0,0,0 0,0,0 0,0,0 0,0,0 0,0,0 0,0,0 0,0,0 0,0,0