MODE 0
BALL 80
STARS 0/8000/11500
ADDLINE 1,105,1 1,105,1 0,0,0 0,0,0 0,0,0 0,0,0 12,0,2 0,0,0 20,105,1
ADDLINE 1,106,1 1,106,1 0,0,0 12,0,2 1,106,1 1,106,1 1,106,1 1,106,1 1,106,1
ADDLINE 1,107,1 0,0,0 12,0,2 1,107,1 1,107,1 0,0,0 1,107,1 0,0,0 1,107,1
ADDLINE 1,118,1 0,0,0 0,0,0 12,0,2 1,118,1 0,0,0 0,0,0 0,0,0 1,118,1
ADDLINE 0,0,0 1,119,1 1,119,1 0,0,0 0,0,0 0,0,0 12,0,2 1,119,1 1,119,1
ADDLINE 0,0,0 0,0,0 12,0,2 0,0,0 1,260,1 8,0,2 1,260,1 1,260,1 1,260,1
ADDLINE 0,0,0 19,141,1 1,282,1 1,282,1 1,282,1 1,282,1 12,0,2 1,282,1 1,282,1
ADDLINE 0,0,0 1,306,1 1,306,1 1,306,1 1,306,1 1,306,1 12,0,2 1,306,1 19,153,1
ADDLINE 1,123,1 1,123,1 0,0,0 1,123,1 1,123,1 1,123,1 12,0,2 0,0,0 1,246,1
ADDLINE 1,128,1 1,128,1 1,128,1 1,128,1 1,128,1 12,0,2 1,128,1 1,128,1 1,128,1
ADDLINE 0,0,0 1,147,1 1,147,1 12,0,2 0,0,0 1,147,1 0,0,0 0,0,0 1,147,1
ADDLINE 1,151,1 1,151,1 1,151,1 12,0,2 1,302,1 1,302,1 1,151,1 1,151,1 1,151,1
ADDLINE 1,127,1 11,0,2 1,254,1 12,0,2 17,127,1 1,254,1 1,127,1 1,127,1 1,127,1
ADDLINE 1,140,1 0,0,0 1,280,1 12,0,2 1,280,1 1,280,1 1,140,1 1,140,1 1,140,1
ADDLINE 1,152,1 0,0,0 1,304,1 1,304,1 12,0,2 0,0,0 1,152,1 0,0,0 11,0,2
ADDLINE 1,164,1 1,328,1 20,164,1 1,328,1 1,328,1 0,0,0 1,328,1 12,0,2 1,328,1
ADDLINE 1,264,1 1,264,1 17,132,1 1,264,1 1,264,1 10,0,2 1,264,1 12,0,2 1,264,1
ADDLINE 1,144,1 1,288,1 1,288,1 0,0,0 1,288,1 0,0,0 1,288,1 12,0,2 1,144,1
ADDLINE 1,314,1 1,314,1 1,314,1 10,0,2 1,314,1 12,0,2 1,314,1 1,314,1 1,314,1
ADDLINE 1,162,1 1,162,1 1,324,1 1,324,1 1,324,1 12,0,2 1,162,1 1,162,1 1,162,1
ADDLINE 12,0,2 0,0,0 1,136,1 0,0,0 0,0,0 0,0,0 1,272,1 0,0,0 0,0,0
0,0,0 0,0,0 12,0,2 1,94,1 0,0,0 20,94,1 15,0,2 20,94,1 1,94,1
1,89,1 1,89,1 6,89,1 1,89,1 12,0,2 1,89,1 18,89,1 1,89,1 1,89,1
1,92,1 1,92,1 1,92,1 1,92,1 10,0,2 12,0,2 0,0,0 1,92,1 1,92,1
1,87,1 20,87,1 1,87,1 1,87,1 12,0,2 1,87,1 1,87,1 1,87,1 1,87,1
1,90,1 0,0,0 1,90,1 0,0,0 1,90,1 0,0,0 12,0,2 1,90,1 1,90,1
14,0,2 1,89,1 12,0,2 1,89,1 16,89,1 1,89,1 1,89,1 1,89,1 1,89,1
0,0,0 0,0,0 0,0,0 0,0,0 0,0,0 0,0,0 0,0,0 0,0,0 0,0,0
0,0,0 0,0,0 0,0,0 0,0,0 0,0,0 0,0,0 0,0,0 0,0,0 0,0,0
0,0,0 0,0,0 0,0,0 0,0,0 0,0,0 0,0,0 0,0,0 0,0,0 0,0,0