MODE 0
BALL 80
STARS 0/5700/8000
ADDLINE 1,105,1 1,105,1 0,0,0 0,0,0 12,0,2 1,105,1 0,0,0 1,105,1 1,105,1
ADDLINE 1,106,1 1,106,1 0,0,0 1,106,1 1,106,1 1,106,1 12,0,2 1,106,1 1,106,1
ADDLINE 0,0,0 1,107,1 0,0,0 1,107,1 0,0,0 12,0,2 0,0,0 0,0,0 0,0,0
ADDLINE 0,0,0 1,118,1 12,0,2 1,118,1 0,0,0 1,118,1 1,118,1 1,118,1 0,0,0
ADDLINE 0,0,0 0,0,0 12,0,2 1,119,1 0,0,0 1,119,1 1,119,1 1,119,1 0,0,0
ADDLINE 1,124,1 1,124,1 1,124,1 1,124,1 12,0,2 1,124,1 1,124,1 1,124,1 1,124,1
ADDLINE 0,0,0 0,0,0 0,0,0 1,141,1 12,0,2 1,141,1 1,141,1 1,141,1 0,0,0
ADDLINE 1,153,1 1,153,1 0,0,0 1,153,1 12,0,2 1,153,1 1,153,1 1,153,1 0,0,0
ADDLINE 1,123,1 1,123,1 0,0,0 1,123,1 0,0,0 0,0,0 12,0,2 0,0,0 0,0,0
ADDLINE 12,0,2 1,128,1 1,128,1 1,128,1 1,128,1 1,128,1 1,128,1 1,128,1 1,128,1
ADDLINE 0,0,0 0,0,0 0,0,0 12,0,2 1,147,1 1,147,1 1,147,1 1,147,1 1,147,1
ADDLINE 1,159,1 1,159,1 0,0,0 12,0,2 1,159,1 1,159,1 1,159,1 1,159,1 1,159,1
ADDLINE 1,127,1 1,127,1 0,0,0 12,0,2 0,0,0 0,0,0 0,0,0 0,0,0 0,0,0
ADDLINE 0,0,0 0,0,0 0,0,0 12,0,2 0,0,0 1,140,1 1,140,1 0,0,0 0,0,0
ADDLINE 12,0,2 1,145,1 1,145,1 1,145,1 1,145,1 1,145,1 1,145,1 1,145,1 1,145,1
ADDLINE 12,0,2 1,156,1 1,156,1 1,156,1 1,156,1 1,156,1 1,156,1 1,156,1 1,156,1
ADDLINE 0,0,0 0,0,0 12,0,2 0,0,0 1,132,1 1,132,1 1,132,1 1,132,1 1,132,1
ADDLINE 1,144,1 1,144,1 1,144,1 0,0,0 12,0,2 1,144,1 1,144,1 1,144,1 1,144,1
ADDLINE 0,0,0 1,157,1 1,157,1 1,157,1 0,0,0 12,0,2 0,0,0 0,0,0 1,157,1
ADDLINE 0,0,0 1,170,1 1,170,1 1,170,1 1,170,1 1,170,1 1,170,1 12,0,2 1,170,1
ADDLINE 0,0,0 1,136,1 1,136,1 1,136,1 1,136,1 1,136,1 1,136,1 12,0,2 0,0,0
1,94,1 0,0,0 1,94,1 1,94,1 1,94,1 12,0,2 0,0,0 1,94,1 1,94,1
1,93,1 20,93,1 1,93,1 17,93,1 1,93,1 0,0,0 8,0,2 12,0,2 0,0,0
1,92,1 1,92,1 1,92,1 1,92,1 1,92,1 0,0,0 12,0,2 0,0,0 0,0,0
20,91,1 0,0,0 22,0,2 12,0,2 1,91,1 1,91,1 1,91,1 1,91,1 8,0,2
1,90,1 1,90,1 1,90,1 0,0,0 12,0,2 0,0,0 0,0,0 0,0,0 0,0,0
0,0,0 0,0,0 1,89,1 0,0,0 12,0,2 0,0,0 8,0,2 0,0,0 1,89,1
0,0,0 0,0,0 0,0,0 0,0,0 0,0,0 0,0,0 0,0,0 0,0,0 0,0,0
0,0,0 0,0,0 0,0,0 0,0,0 0,0,0 0,0,0 0,0,0 0,0,0 0,0,0
0,0,0 0,0,0 0,0,0 0,0,0 0,0,0 0,0,0 0,0,0 0,0,0 0,0,0