MODE 0
BALL 80
STARS 0/5800/8200
ADDLINE 0,0,0 0,0,0 1,105,1 12,0,2 1,105,1 0,0,0 1,105,1 1,105,1 1,105,1
ADDLINE 1,106,1 0,0,0 12,0,2 0,0,0 1,106,1 0,0,0 1,106,1 1,106,1 1,106,1
ADDLINE 0,0,0 0,0,0 1,107,1 12,0,2 0,0,0 0,0,0 0,0,0 0,0,0 1,107,1
ADDLINE 1,118,1 0,0,0 0,0,0 0,0,0 1,118,1 1,118,1 1,118,1 12,0,2 0,0,0
ADDLINE 0,0,0 0,0,0 1,119,1 0,0,0 12,0,2 0,0,0 1,119,1 0,0,0 1,119,1
ADDLINE 0,0,0 0,0,0 1,130,1 12,0,2 1,130,1 0,0,0 0,0,0 0,0,0 0,0,0
ADDLINE 1,141,1 0,0,0 1,141,1 0,0,0 12,0,2 0,0,0 1,141,1 1,141,1 1,141,1
ADDLINE 1,153,1 0,0,0 12,0,2 1,153,1 1,153,1 1,153,1 1,153,1 1,153,1 1,153,1
ADDLINE 0,0,0 12,0,2 1,123,1 0,0,0 1,123,1 1,123,1 1,123,1 1,123,1 1,123,1
ADDLINE 1,128,1 1,128,1 12,0,2 1,128,1 1,128,1 1,128,1 1,128,1 1,128,1 1,128,1
ADDLINE 1,147,1 1,147,1 0,0,0 1,147,1 1,147,1 0,0,0 0,0,0 12,0,2 1,147,1
ADDLINE 1,151,1 12,0,2 1,151,1 1,151,1 1,151,1 1,151,1 1,151,1 1,151,1 1,151,1
ADDLINE 1,121,1 12,0,2 1,121,1 1,121,1 1,121,1 1,121,1 1,121,1 1,121,1 1,121,1
ADDLINE 1,140,1 0,0,0 1,140,1 0,0,0 1,140,1 0,0,0 0,0,0 12,0,2 0,0,0
ADDLINE 1,152,1 0,0,0 1,152,1 12,0,2 1,152,1 1,152,1 1,152,1 1,152,1 1,152,1
ADDLINE 1,164,1 0,0,0 0,0,0 12,0,2 1,164,1 1,164,1 1,164,1 1,164,1 1,164,1
ADDLINE 1,126,1 1,126,1 1,126,1 12,0,2 1,126,1 1,126,1 1,126,1 1,126,1 1,126,1
ADDLINE 0,0,0 0,0,0 1,144,1 0,0,0 0,0,0 12,0,2 0,0,0 0,0,0 0,0,0
ADDLINE 0,0,0 12,0,2 0,0,0 1,157,1 0,0,0 0,0,0 0,0,0 0,0,0 0,0,0
ADDLINE 1,170,1 1,170,1 0,0,0 1,170,1 12,0,2 1,170,1 1,170,1 1,170,1 1,170,1
ADDLINE 1,136,1 1,136,1 0,0,0 1,136,1 12,0,2 1,136,1 1,136,1 1,136,1 1,136,1
1,94,1 0,0,0 1,94,1 0,0,0 12,0,2 0,0,0 1,94,1 0,0,0 0,0,0
1,93,1 9,0,2 19,93,1 0,0,0 1,93,1 1,93,1 1,93,1 12,0,2 1,93,1
0,0,0 0,0,0 1,92,1 12,0,2 1,92,1 9,0,2 0,0,0 8,0,2 1,92,1
1,91,1 0,0,0 1,91,1 1,91,1 6,91,1 21,91,1 1,91,1 12,0,2 1,91,1
1,90,1 11,0,2 1,90,1 1,90,1 1,90,1 1,90,1 1,90,1 12,0,2 1,90,1
1,89,1 8,0,2 1,89,1 1,89,1 1,89,1 1,89,1 1,89,1 12,0,2 1,89,1
0,0,0 0,0,0 0,0,0 0,0,0 0,0,0 0,0,0 0,0,0 0,0,0 0,0,0
0,0,0 0,0,0 0,0,0 0,0,0 0,0,0 0,0,0 0,0,0 0,0,0 0,0,0
0,0,0 0,0,0 0,0,0 0,0,0 0,0,0 0,0,0 0,0,0 0,0,0 0,0,0