MODE 0
BALL 80
STARS 0/5600/8000
ADDLINE 1,105,1 7,0,2 12,0,2 1,105,1 0,0,0 3,105,1 1,105,1 1,105,1 0,0,0
ADDLINE 5,101,1 1,101,1 1,101,1 3,101,1 1,101,1 1,101,1 1,101,1 1,101,1 12,0,2
ADDLINE 1,107,1 2,107,1 0,0,0 12,0,2 0,0,0 1,107,1 0,0,0 0,0,0 0,0,0
ADDLINE 5,112,1 1,112,1 3,112,1 1,112,1 1,112,1 1,112,1 12,0,2 3,112,1 1,112,1
ADDLINE 0,0,0 12,0,2 0,0,0 0,0,0 0,0,0 0,0,0 0,0,0 1,119,1 0,0,0
ADDLINE 1,130,1 1,130,1 1,130,1 4,130,1 1,130,1 1,130,1 12,0,2 1,260,1 11,0,2
ADDLINE 12,0,2 0,0,0 0,0,0 1,141,1 0,0,0 0,0,0 0,0,0 1,282,1 0,0,0
ADDLINE 0,0,0 1,153,1 12,0,2 5,153,1 1,153,1 1,153,1 1,153,1 1,153,1 0,0,0
ADDLINE 0,0,0 4,123,1 0,0,0 0,0,0 0,0,0 12,0,2 0,0,0 0,0,0 0,0,0
ADDLINE 12,0,2 1,128,1 1,128,1 1,256,1 1,256,1 1,256,1 1,128,1 1,128,1 1,128,1
ADDLINE 0,0,0 0,0,0 0,0,0 0,0,0 7,0,2 0,0,0 0,0,0 12,0,2 1,147,1
ADDLINE 2,159,1 1,159,1 3,159,1 1,318,1 1,318,1 1,318,1 0,0,0 12,0,2 1,159,1
ADDLINE 1,127,1 5,127,1 1,127,1 1,127,1 1,127,1 1,127,1 12,0,2 0,0,0 0,0,0
ADDLINE 1,280,1 1,280,1 1,280,1 1,280,1 1,280,1 0,0,0 12,0,2 0,0,0 10,0,2
ADDLINE 3,152,1 1,152,1 1,152,1 0,0,0 12,0,2 0,0,0 1,152,1 1,304,1 1,304,1
ADDLINE 0,0,0 0,0,0 0,0,0 12,0,2 1,164,1 1,164,1 1,164,1 1,164,1 1,164,1
ADDLINE 8,0,2 12,0,2 1,264,1 1,264,1 1,264,1 1,264,1 1,264,1 1,264,1 1,264,1
ADDLINE 0,0,0 12,0,2 1,144,1 1,144,1 5,144,1 1,144,1 1,144,1 4,144,1 3,144,1
ADDLINE 1,150,1 1,150,1 12,0,2 1,150,1 5,150,1 5,150,1 1,150,1 4,150,1 1,150,1
ADDLINE 1,170,1 1,340,1 11,0,2 12,0,2 0,0,0 1,170,1 1,170,1 1,170,1 2,170,1
ADDLINE 1,136,1 1,272,1 1,272,1 1,272,1 0,0,0 12,0,2 0,0,0 0,0,0 1,136,1
0,0,0 12,0,2 0,0,0 1,94,1 3,94,1 1,94,1 1,94,1 1,94,1 1,94,1
0,0,0 4,93,1 0,0,0 10,0,2 12,0,2 1,93,1 1,93,1 4,93,1 1,93,1
0,0,0 8,0,2 1,92,1 1,92,1 12,0,2 1,92,1 5,92,1 18,92,1 1,92,1
1,91,1 0,0,0 0,0,0 12,0,2 11,0,2 19,91,1 2,91,1 5,91,1 1,91,1
0,0,0 12,0,2 0,0,0 0,0,0 0,0,0 0,0,0 0,0,0 1,90,1 1,90,1
0,0,0 12,0,2 1,89,1 16,89,1 1,89,1 1,89,1 0,0,0 1,89,1 4,89,1
0,0,0 0,0,0 0,0,0 0,0,0 0,0,0 0,0,0 0,0,0 0,0,0 0,0,0
0,0,0 0,0,0 0,0,0 0,0,0 0,0,0 0,0,0 0,0,0 0,0,0 0,0,0
0,0,0 0,0,0 0,0,0 0,0,0 0,0,0 0,0,0 0,0,0 0,0,0 0,0,0