MODE 0
BALL 80
STARS 0/5800/8200
ADDLINE 1,105,1 4,105,1 0,0,0 0,0,0 0,0,0 0,0,0 0,0,0 12,0,2 0,0,0
ADDLINE 1,106,1 1,106,1 0,0,0 2,106,1 1,106,1 0,0,0 1,106,1 12,0,2 0,0,0
ADDLINE 0,0,0 12,0,2 0,0,0 1,107,1 1,107,1 0,0,0 0,0,0 1,107,1 3,107,1
ADDLINE 1,118,1 1,118,1 0,0,0 0,0,0 0,0,0 12,0,2 1,118,1 3,118,1 1,118,1
ADDLINE 2,119,1 1,119,1 0,0,0 1,119,1 1,119,1 12,0,2 4,119,1 1,119,1 1,119,1
ADDLINE 3,130,1 12,0,2 0,0,0 0,0,0 1,130,1 0,0,0 0,0,0 0,0,0 0,0,0
ADDLINE 1,135,1 1,135,1 1,135,1 5,135,1 1,135,1 12,0,2 1,135,1 1,135,1 1,135,1
ADDLINE 2,153,1 0,0,0 0,0,0 12,0,2 0,0,0 0,0,0 1,153,1 1,153,1 1,153,1
ADDLINE 1,123,1 0,0,0 12,0,2 0,0,0 0,0,0 3,123,1 1,123,1 1,123,1 5,123,1
ADDLINE 1,128,1 1,128,1 3,128,1 3,128,1 1,128,1 1,128,1 1,128,1 1,128,1 12,0,2
ADDLINE 1,147,1 1,147,1 1,147,1 5,147,1 12,0,2 0,0,0 0,0,0 0,0,0 0,0,0
ADDLINE 1,159,1 1,159,1 5,159,1 1,159,1 12,0,2 4,159,1 1,159,1 1,159,1 0,0,0
ADDLINE 1,127,1 1,127,1 5,127,1 1,127,1 12,0,2 1,127,1 1,127,1 1,127,1 0,0,0
ADDLINE 3,133,1 1,133,1 1,133,1 1,133,1 12,0,2 5,133,1 1,133,1 1,133,1 1,133,1
ADDLINE 12,0,2 0,0,0 0,0,0 0,0,0 0,0,0 4,152,1 1,152,1 1,152,1 0,0,0
ADDLINE 2,164,1 1,164,1 12,0,2 3,164,1 0,0,0 1,164,1 1,164,1 1,164,1 0,0,0
ADDLINE 1,132,1 1,132,1 0,0,0 1,132,1 12,0,2 0,0,0 0,0,0 1,132,1 0,0,0
ADDLINE 1,144,1 1,144,1 0,0,0 5,144,1 12,0,2 1,144,1 1,144,1 1,144,1 3,144,1
ADDLINE 0,0,0 12,0,2 0,0,0 0,0,0 0,0,0 0,0,0 1,157,1 1,157,1 3,157,1
ADDLINE 1,162,1 1,162,1 1,162,1 1,162,1 3,162,1 12,0,2 4,162,1 1,162,1 1,162,1
ADDLINE 1,136,1 1,136,1 5,136,1 1,136,1 1,136,1 12,0,2 1,136,1 0,0,0 0,0,0
12,0,2 1,94,1 1,94,1 1,94,1 1,94,1 1,94,1 9,0,2 0,0,0 0,0,0
0,0,0 3,93,1 1,93,1 5,93,1 4,93,1 20,93,1 12,0,2 1,93,1 0,0,0
0,0,0 0,0,0 0,0,0 0,0,0 12,0,2 4,92,1 0,0,0 1,92,1 0,0,0
1,91,1 3,91,1 12,0,2 2,91,1 1,91,1 1,91,1 1,91,1 16,91,1 0,0,0
0,0,0 1,90,1 12,0,2 1,90,1 3,90,1 20,90,1 1,90,1 2,90,1 11,0,2
0,0,0 19,89,1 12,0,2 1,89,1 1,89,1 1,89,1 1,89,1 1,89,1 0,0,0
0,0,0 0,0,0 0,0,0 0,0,0 0,0,0 0,0,0 0,0,0 0,0,0 0,0,0
0,0,0 0,0,0 0,0,0 0,0,0 0,0,0 0,0,0 0,0,0 0,0,0 0,0,0
0,0,0 0,0,0 0,0,0 0,0,0 0,0,0 0,0,0 0,0,0 0,0,0 0,0,0