MODE 0
BALL 80
STARS 0/5800/8200
ADDLINE 1,105,1 1,105,1 3,105,1 1,105,1 5,105,1 0,0,0 1,105,1 12,0,2 4,105,1
ADDLINE 1,106,1 0,0,0 1,106,1 1,106,1 1,106,1 12,0,2 4,106,1 0,0,0 1,106,1
ADDLINE 3,107,1 0,0,0 1,107,1 1,107,1 1,107,1 12,0,2 1,107,1 0,0,0 1,107,1
ADDLINE 1,118,1 0,0,0 1,118,1 12,0,2 1,118,1 0,0,0 1,118,1 0,0,0 0,0,0
ADDLINE 3,119,1 0,0,0 1,119,1 0,0,0 1,119,1 12,0,2 1,119,1 0,0,0 5,119,1
ADDLINE 1,130,1 0,0,0 0,0,0 12,0,2 1,130,1 0,0,0 4,130,1 0,0,0 0,0,0
ADDLINE 5,141,1 0,0,0 2,141,1 1,141,1 1,141,1 0,0,0 1,141,1 12,0,2 1,141,1
ADDLINE 3,153,1 0,0,0 1,153,1 0,0,0 12,0,2 0,0,0 1,153,1 0,0,0 1,153,1
ADDLINE 1,123,1 0,0,0 1,123,1 1,123,1 1,123,1 1,123,1 1,123,1 12,0,2 5,123,1
ADDLINE 0,0,0 12,0,2 1,135,1 4,135,1 3,135,1 1,135,1 1,135,1 1,135,1 1,135,1
ADDLINE 0,0,0 0,0,0 12,0,2 1,147,1 1,147,1 1,147,1 1,147,1 3,147,1 1,147,1
ADDLINE 0,0,0 12,0,2 0,0,0 1,159,1 1,159,1 4,159,1 1,159,1 2,159,1 1,159,1
ADDLINE 0,0,0 12,0,2 5,127,1 1,127,1 1,127,1 1,127,1 3,127,1 1,127,1 1,127,1
ADDLINE 0,0,0 12,0,2 0,0,0 0,0,0 0,0,0 1,140,1 1,140,1 1,140,1 1,140,1
ADDLINE 1,152,1 1,152,1 0,0,0 0,0,0 0,0,0 0,0,0 12,0,2 2,152,1 3,152,1
ADDLINE 0,0,0 12,0,2 0,0,0 4,164,1 1,164,1 2,164,1 0,0,0 1,164,1 1,164,1
ADDLINE 0,0,0 0,0,0 0,0,0 0,0,0 5,132,1 0,0,0 12,0,2 1,132,1 1,132,1
ADDLINE 0,0,0 0,0,0 0,0,0 0,0,0 12,0,2 0,0,0 1,144,1 1,144,1 1,144,1
ADDLINE 1,150,1 1,150,1 2,150,1 1,150,1 3,150,1 1,150,1 12,0,2 1,150,1 5,150,1
ADDLINE 1,170,1 0,0,0 12,0,2 0,0,0 0,0,0 0,0,0 0,0,0 1,170,1 1,170,1
ADDLINE 3,136,1 0,0,0 0,0,0 12,0,2 1,136,1 1,136,1 1,136,1 1,136,1 1,136,1
0,0,0 0,0,0 12,0,2 0,0,0 0,0,0 0,0,0 0,0,0 2,94,1 1,94,1
1,93,1 6,93,1 1,93,1 1,93,1 10,0,2 12,0,2 0,0,0 0,0,0 1,93,1
1,92,1 1,92,1 5,92,1 0,0,0 12,0,2 4,92,1 1,92,1 0,0,0 6,92,1
1,91,1 3,91,1 20,91,1 0,0,0 19,91,1 5,91,1 12,0,2 1,91,1 1,91,1
2,90,1 3,90,1 0,0,0 0,0,0 8,0,2 0,0,0 12,0,2 1,90,1 1,90,1
1,85,1 12,0,2 1,85,1 1,85,1 11,0,2 16,85,1 1,85,1 5,85,1 1,85,1
0,0,0 0,0,0 0,0,0 0,0,0 0,0,0 0,0,0 0,0,0 0,0,0 0,0,0
0,0,0 0,0,0 0,0,0 0,0,0 0,0,0 0,0,0 0,0,0 0,0,0 0,0,0
0,0,0 0,0,0 0,0,0 0,0,0 0,0,0 0,0,0 0,0,0 0,0,0 0,0,0