MODE 0
BALL 80
STARS 0/6700/9600
ADDLINE 0,0,0 0,0,0 1,105,1 12,0,2 0,0,0 0,0,0 0,0,0 0,0,0 0,0,0
ADDLINE 0,0,0 0,0,0 12,0,2 1,106,1 1,106,1 1,106,1 5,106,1 3,106,1 1,106,1
ADDLINE 1,107,1 1,107,1 4,107,1 1,107,1 0,0,0 12,0,2 0,0,0 0,0,0 1,107,1
ADDLINE 1,118,1 0,0,0 0,0,0 12,0,2 1,118,1 0,0,0 0,0,0 0,0,0 0,0,0
ADDLINE 0,0,0 0,0,0 5,119,1 2,119,1 1,119,1 1,119,1 1,119,1 12,0,2 0,0,0
ADDLINE 1,130,1 12,0,2 1,130,1 3,130,1 1,130,1 5,130,1 1,130,1 1,130,1 0,0,0
ADDLINE 1,141,1 0,0,0 0,0,0 0,0,0 1,141,1 12,0,2 1,141,1 1,141,1 1,141,1
ADDLINE 0,0,0 1,306,1 1,306,1 1,306,1 0,0,0 12,0,2 2,153,1 4,153,1 1,153,1
ADDLINE 0,0,0 0,0,0 20,123,1 1,246,1 12,0,2 0,0,0 1,246,1 0,0,0 0,0,0
ADDLINE 0,0,0 1,270,1 12,0,2 1,270,1 1,270,1 20,135,1 1,270,1 0,0,0 0,0,0
ADDLINE 0,0,0 1,147,1 1,147,1 1,147,1 1,294,1 12,0,2 1,294,1 1,147,1 1,147,1
ADDLINE 0,0,0 12,0,2 1,159,1 2,159,1 1,159,1 0,0,0 3,159,1 4,159,1 1,159,1
ADDLINE 1,121,1 12,0,2 1,121,1 1,121,1 4,121,1 1,121,1 2,121,1 1,121,1 4,121,1
ADDLINE 1,140,1 0,0,0 1,140,1 1,140,1 1,140,1 12,0,2 2,140,1 1,140,1 1,140,1
ADDLINE 1,152,1 0,0,0 1,152,1 1,152,1 5,152,1 12,0,2 5,152,1 1,152,1 1,152,1
ADDLINE 1,164,1 0,0,0 0,0,0 12,0,2 0,0,0 1,328,1 1,328,1 1,328,1 1,164,1
ADDLINE 1,264,1 1,264,1 1,264,1 1,264,1 1,264,1 1,264,1 19,132,1 12,0,2 1,264,1
ADDLINE 1,144,1 0,0,0 5,144,1 1,144,1 4,144,1 1,288,1 12,0,2 0,0,0 1,144,1
ADDLINE 2,150,1 1,150,1 5,150,1 12,0,2 1,300,1 1,300,1 1,300,1 1,150,1 1,150,1
ADDLINE 1,340,1 1,340,1 1,340,1 12,0,2 1,340,1 19,170,1 1,340,1 1,340,1 1,340,1
ADDLINE 1,130,1 1,260,1 1,260,1 12,0,2 1,260,1 1,260,1 1,260,1 1,130,1 1,130,1
1,94,1 1,94,1 1,94,1 20,94,1 1,94,1 12,0,2 1,94,1 0,0,0 0,0,0
1,93,1 1,93,1 1,93,1 1,93,1 12,0,2 1,93,1 1,93,1 1,93,1 3,39,1
1,92,1 6,92,1 8,0,2 4,92,1 12,0,2 5,92,1 1,92,1 17,92,1 1,92,1
1,91,1 0,0,0 0,0,0 1,91,1 12,0,2 21,91,1 1,91,1 1,91,1 5,91,1
10,0,2 0,0,0 12,0,2 1,90,1 1,90,1 1,90,1 1,90,1 19,90,1 1,90,1
11,0,2 1,85,1 16,85,1 1,85,1 12,0,2 1,85,1 1,85,1 1,85,1 1,85,1
0,0,0 0,0,0 0,0,0 0,0,0 0,0,0 0,0,0 0,0,0 0,0,0 0,0,0
0,0,0 0,0,0 0,0,0 0,0,0 0,0,0 0,0,0 0,0,0 0,0,0 0,0,0
0,0,0 0,0,0 0,0,0 0,0,0 0,0,0 0,0,0 0,0,0 0,0,0 0,0,0