MODE 0
BALL 80
STARS 0/6000/8600
ADDLINE 1,106,1 1,106,1 1,106,1 0,0,0 1,106,1 12,0,2 0,0,0 0,0,0 1,106,1
ADDLINE 1,107,1 1,107,1 0,0,0 0,0,0 1,107,1 0,0,0 1,107,1 12,0,2 1,107,1
ADDLINE 1,108,1 1,108,1 0,0,0 1,108,1 12,0,2 0,0,0 0,0,0 0,0,0 0,0,0
ADDLINE 1,119,1 1,119,1 0,0,0 1,119,1 12,0,2 1,119,1 1,119,1 1,119,1 0,0,0
ADDLINE 0,0,0 12,0,2 0,0,0 0,0,0 0,0,0 1,120,1 1,120,1 0,0,0 1,120,1
ADDLINE 0,0,0 1,131,1 0,0,0 1,131,1 1,131,1 0,0,0 12,0,2 0,0,0 1,131,1
ADDLINE 0,0,0 0,0,0 0,0,0 1,142,1 1,142,1 12,0,2 0,0,0 1,142,1 1,142,1
ADDLINE 0,0,0 1,154,1 1,154,1 1,154,1 1,154,1 0,0,0 12,0,2 1,154,1 1,154,1
ADDLINE 0,0,0 12,0,2 0,0,0 0,0,0 0,0,0 0,0,0 1,124,1 1,124,1 1,124,1
ADDLINE 1,129,1 1,129,1 1,129,1 1,129,1 1,129,1 12,0,2 1,129,1 1,129,1 1,129,1
ADDLINE 1,141,1 1,141,1 1,141,1 1,141,1 1,141,1 12,0,2 1,141,1 1,141,1 1,141,1
ADDLINE 1,152,1 1,152,1 1,152,1 1,152,1 1,152,1 12,0,2 1,152,1 1,152,1 1,152,1
ADDLINE 1,122,1 1,122,1 1,122,1 1,122,1 1,122,1 12,0,2 1,122,1 1,122,1 1,122,1
ADDLINE 1,141,1 0,0,0 0,0,0 0,0,0 1,141,1 0,0,0 12,0,2 0,0,0 0,0,0
ADDLINE 1,153,1 0,0,0 1,153,1 12,0,2 1,153,1 1,153,1 1,153,1 1,153,1 1,153,1
ADDLINE 1,165,1 0,0,0 1,165,1 0,0,0 0,0,0 12,0,2 1,165,1 1,165,1 1,165,1
ADDLINE 1,133,1 0,0,0 1,133,1 1,133,1 1,133,1 12,0,2 1,133,1 1,133,1 1,133,1
ADDLINE 0,0,0 0,0,0 1,145,1 0,0,0 0,0,0 0,0,0 12,0,2 0,0,0 0,0,0
ADDLINE 0,0,0 12,0,2 0,0,0 0,0,0 1,158,1 1,158,1 1,158,1 1,158,1 1,158,1
ADDLINE 1,163,1 1,163,1 1,163,1 12,0,2 1,163,1 1,163,1 1,163,1 1,163,1 1,163,1
ADDLINE 1,137,1 1,137,1 1,137,1 0,0,0 12,0,2 1,137,1 1,137,1 1,137,1 1,137,1
1,91,1 1,91,1 1,91,1 1,91,1 12,0,2 1,91,1 1,91,1 1,91,1 1,91,1
1,91,1 6,94,1 1,94,1 1,94,1 8,0,2 6,94,1 12,0,2 0,0,0 0,0,0
1,89,1 1,89,1 1,89,1 18,89,1 12,0,2 1,89,1 1,89,1 1,89,1 1,89,1
0,0,0 12,0,2 0,0,0 0,0,0 8,0,2 1,92,1 1,92,1 6,92,1 1,92,1
1,87,1 1,87,1 1,87,1 1,87,1 12,0,2 1,87,1 1,87,1 1,87,1 1,87,1
0,0,0 12,0,2 0,0,0 1,90,1 11,0,2 1,90,1 0,0,0 0,0,0 0,0,0
0,0,0 0,0,0 0,0,0 0,0,0 0,0,0 0,0,0 0,0,0 0,0,0 0,0,0
0,0,0 0,0,0 0,0,0 0,0,0 0,0,0 0,0,0 0,0,0 0,0,0 0,0,0
0,0,0 0,0,0 0,0,0 0,0,0 0,0,0 0,0,0 0,0,0 0,0,0 0,0,0