MODE 0
BALL 80
STARS 0/5900/8200
ADDLINE 1,106,1 1,106,1 1,106,1 7,0,2 0,0,0 0,0,0 1,106,1 12,0,2 1,106,1
ADDLINE 1,102,1 1,102,1 1,102,1 1,102,1 12,0,2 1,102,1 1,102,1 1,102,1 1,102,1
ADDLINE 1,108,1 1,108,1 1,108,1 0,0,0 0,0,0 0,0,0 12,0,2 0,0,0 0,0,0
ADDLINE 1,113,1 1,113,1 1,113,1 12,0,2 1,113,1 1,113,1 1,113,1 1,113,1 1,113,1
ADDLINE 0,0,0 0,0,0 0,0,0 12,0,2 1,120,1 0,0,0 0,0,0 0,0,0 0,0,0
ADDLINE 1,131,1 11,0,2 1,262,1 1,131,1 1,131,1 12,0,2 1,131,1 1,131,1 1,131,1
ADDLINE 1,142,1 0,0,0 1,284,1 0,0,0 12,0,2 0,0,0 1,142,1 0,0,0 0,0,0
ADDLINE 1,154,1 0,0,0 1,308,1 11,0,2 1,308,1 1,154,1 1,154,1 12,0,2 1,154,1
ADDLINE 0,0,0 0,0,0 1,248,1 12,0,2 1,248,1 1,124,1 1,124,1 0,0,0 1,124,1
ADDLINE 11,0,2 1,272,1 1,136,1 1,136,1 1,136,1 12,0,2 1,136,1 1,136,1 1,136,1
ADDLINE 0,0,0 0,0,0 1,148,1 12,0,2 0,0,0 0,0,0 1,148,1 1,148,1 1,148,1
ADDLINE 1,160,1 0,0,0 0,0,0 1,160,1 1,160,1 12,0,2 1,320,1 1,320,1 1,160,1
ADDLINE 1,128,1 1,128,1 0,0,0 12,0,2 1,128,1 1,256,1 7,0,2 0,0,0 1,128,1
ADDLINE 1,141,1 1,141,1 1,141,1 1,282,1 11,0,2 1,282,1 1,282,1 12,0,2 1,141,1
ADDLINE 1,153,1 1,153,1 1,153,1 1,306,1 1,306,1 0,0,0 1,153,1 12,0,2 1,153,1
ADDLINE 1,165,1 1,165,1 1,165,1 1,165,1 1,165,1 0,0,0 1,165,1 12,0,2 1,165,1
ADDLINE 1,133,1 1,133,1 1,133,1 1,133,1 12,0,2 0,0,0 0,0,0 0,0,0 0,0,0
ADDLINE 1,145,1 1,145,1 1,145,1 1,290,1 11,0,2 1,290,1 1,145,1 12,0,2 0,0,0
ADDLINE 0,0,0 1,158,1 1,158,1 12,0,2 1,316,1 1,316,1 1,158,1 1,158,1 1,158,1
ADDLINE 0,0,0 1,171,1 1,171,1 12,0,2 0,0,0 0,0,0 0,0,0 1,171,1 1,171,1
ADDLINE 0,0,0 12,0,2 1,137,1 1,137,1 1,137,1 1,137,1 1,137,1 1,137,1 1,137,1
17,95,1 1,95,1 1,95,1 1,95,1 0,0,0 11,0,2 0,0,0 12,0,2 0,0,0
1,94,1 1,94,1 1,94,1 1,94,1 1,94,1 1,94,1 12,0,2 1,94,1 11,0,2
1,93,1 1,93,1 20,93,1 1,93,1 1,93,1 1,93,1 12,0,2 1,93,1 8,0,2
1,92,1 1,92,1 1,92,1 1,92,1 1,92,1 17,92,1 12,0,2 1,92,1 11,0,2
1,91,1 1,91,1 1,91,1 12,0,2 0,0,0 0,0,0 0,0,0 1,91,1 0,0,0
12,0,2 0,0,0 0,0,0 0,0,0 1,90,1 1,90,1 1,90,1 1,90,1 11,0,2
0,0,0 0,0,0 0,0,0 0,0,0 0,0,0 0,0,0 0,0,0 0,0,0 0,0,0
0,0,0 0,0,0 0,0,0 0,0,0 0,0,0 0,0,0 0,0,0 0,0,0 0,0,0
0,0,0 0,0,0 0,0,0 0,0,0 0,0,0 0,0,0 0,0,0 0,0,0 0,0,0