MODE 0
BALL 80
STARS 0/5800/8300
ADDLINE 0,0,0 12,0,2 0,0,0 0,0,0 1,106,1 1,106,1 0,0,0 1,106,1 1,106,1
ADDLINE 0,0,0 1,107,1 1,107,1 0,0,0 0,0,0 12,0,2 0,0,0 1,107,1 1,107,1
ADDLINE 0,0,0 12,0,2 0,0,0 1,108,1 0,0,0 1,108,1 1,108,1 1,108,1 1,108,1
ADDLINE 1,119,1 0,0,0 0,0,0 0,0,0 12,0,2 0,0,0 1,119,1 0,0,0 0,0,0
ADDLINE 1,120,1 1,120,1 0,0,0 1,120,1 1,120,1 1,120,1 1,120,1 12,0,2 0,0,0
ADDLINE 1,131,1 0,0,0 12,0,2 0,0,0 0,0,0 1,131,1 0,0,0 1,131,1 0,0,0
ADDLINE 1,142,1 0,0,0 1,142,1 1,142,1 12,0,2 1,142,1 1,142,1 1,142,1 1,142,1
ADDLINE 1,154,1 0,0,0 0,0,0 1,154,1 0,0,0 1,154,1 12,0,2 1,154,1 0,0,0
ADDLINE 1,124,1 1,124,1 1,124,1 1,124,1 0,0,0 1,124,1 12,0,2 1,124,1 0,0,0
ADDLINE 0,0,0 1,136,1 1,136,1 1,136,1 1,136,1 1,136,1 12,0,2 1,136,1 1,136,1
ADDLINE 0,0,0 1,148,1 1,148,1 1,148,1 1,148,1 1,148,1 12,0,2 1,148,1 1,148,1
ADDLINE 0,0,0 1,160,1 1,160,1 1,160,1 1,160,1 1,160,1 12,0,2 1,160,1 0,0,0
ADDLINE 1,122,1 1,122,1 1,122,1 1,122,1 1,122,1 1,122,1 12,0,2 1,122,1 1,122,1
ADDLINE 0,0,0 1,141,1 0,0,0 0,0,0 12,0,2 1,141,1 0,0,0 0,0,0 0,0,0
ADDLINE 1,146,1 1,146,1 1,146,1 1,146,1 1,146,1 1,146,1 12,0,2 1,146,1 1,146,1
ADDLINE 1,165,1 1,165,1 1,165,1 1,165,1 0,0,0 1,165,1 12,0,2 1,165,1 1,165,1
ADDLINE 1,133,1 1,133,1 1,133,1 1,133,1 0,0,0 1,133,1 12,0,2 1,133,1 1,133,1
ADDLINE 12,0,2 0,0,0 0,0,0 0,0,0 0,0,0 0,0,0 0,0,0 1,145,1 0,0,0
ADDLINE 1,158,1 0,0,0 1,158,1 12,0,2 1,158,1 1,158,1 1,158,1 1,158,1 1,158,1
ADDLINE 0,0,0 12,0,2 1,171,1 0,0,0 1,171,1 1,171,1 1,171,1 1,171,1 1,171,1
ADDLINE 1,131,1 1,131,1 1,131,1 12,0,2 1,131,1 1,131,1 1,131,1 1,131,1 1,131,1
1,95,1 1,95,1 0,0,0 7,0,2 12,0,2 1,95,1 1,95,1 1,95,1 1,95,1
8,0,2 12,0,2 0,0,0 1,94,1 9,0,2 1,94,1 18,94,1 1,94,1 0,0,0
0,0,0 1,93,1 1,93,1 1,93,1 12,0,2 1,93,1 1,93,1 1,93,1 8,0,2
8,0,2 12,0,2 1,92,1 1,92,1 1,92,1 1,92,1 6,92,1 0,0,0 0,0,0
0,0,0 1,91,1 1,91,1 1,91,1 12,0,2 1,91,1 1,91,1 1,91,1 0,0,0
11,0,2 1,90,1 1,90,1 1,90,1 8,0,2 1,90,1 12,0,2 0,0,0 0,0,0
0,0,0 0,0,0 0,0,0 0,0,0 0,0,0 0,0,0 0,0,0 0,0,0 0,0,0
0,0,0 0,0,0 0,0,0 0,0,0 0,0,0 0,0,0 0,0,0 0,0,0 0,0,0
0,0,0 0,0,0 0,0,0 0,0,0 0,0,0 0,0,0 0,0,0 0,0,0 0,0,0