MODE 0
BALL 80
STARS 0/6000/8600
ADDLINE 1,106,1 16,106,1 0,0,0 1,106,1 12,0,2 1,106,1 1,106,1 1,106,1 1,106,1
ADDLINE 1,107,1 1,107,1 0,0,0 12,0,2 1,107,1 0,0,0 1,107,1 0,0,0 1,107,1
ADDLINE 1,108,1 1,108,1 1,108,1 19,108,1 1,108,1 12,0,2 1,108,1 0,0,0 1,108,1
ADDLINE 0,0,0 0,0,0 1,119,1 1,119,1 12,0,2 1,119,1 0,0,0 0,0,0 1,119,1
ADDLINE 0,0,0 1,120,1 1,120,1 1,120,1 0,0,0 12,0,2 0,0,0 1,120,1 1,120,1
ADDLINE 12,0,2 1,262,1 1,262,1 16,131,1 1,262,1 1,262,1 1,262,1 1,262,1 1,262,1
ADDLINE 0,0,0 0,0,0 1,284,1 1,284,1 0,0,0 0,0,0 12,0,2 1,142,1 1,142,1
ADDLINE 1,154,1 1,308,1 20,154,1 1,308,1 0,0,0 1,154,1 0,0,0 12,0,2 1,154,1
ADDLINE 1,248,1 1,248,1 16,124,1 1,248,1 1,248,1 1,248,1 1,248,1 12,0,2 0,0,0
ADDLINE 1,272,1 1,272,1 1,272,1 0,0,0 1,272,1 1,272,1 19,136,1 12,0,2 1,272,1
ADDLINE 1,141,1 1,141,1 1,141,1 1,141,1 1,141,1 12,0,2 1,282,1 1,282,1 1,141,1
ADDLINE 1,320,1 1,320,1 1,160,1 0,0,0 1,160,1 12,0,2 1,160,1 1,160,1 1,160,1
ADDLINE 20,128,1 1,256,1 1,128,1 0,0,0 1,128,1 12,0,2 1,128,1 1,256,1 1,256,1
ADDLINE 1,282,1 0,0,0 1,141,1 0,0,0 0,0,0 0,0,0 12,0,2 1,282,1 17,141,1
ADDLINE 1,153,1 0,0,0 1,153,1 1,153,1 1,153,1 12,0,2 1,153,1 1,306,1 1,306,1
ADDLINE 1,165,1 0,0,0 1,165,1 1,165,1 1,165,1 12,0,2 1,165,1 0,0,0 0,0,0
ADDLINE 1,127,1 1,127,1 1,127,1 1,127,1 1,127,1 12,0,2 1,127,1 1,127,1 1,127,1
ADDLINE 0,0,0 0,0,0 1,145,1 0,0,0 12,0,2 0,0,0 0,0,0 0,0,0 1,145,1
ADDLINE 1,316,1 1,316,1 0,0,0 1,316,1 12,0,2 1,316,1 1,316,1 1,316,1 16,158,1
ADDLINE 1,171,1 1,171,1 0,0,0 1,171,1 0,0,0 1,171,1 12,0,2 1,171,1 1,171,1
ADDLINE 1,137,1 1,137,1 1,137,1 1,137,1 0,0,0 1,137,1 12,0,2 1,137,1 1,137,1
1,91,1 1,91,1 1,91,1 1,91,1 1,91,1 16,91,1 0,0,0 1,91,1 12,0,2
0,0,0 20,94,1 1,94,1 1,94,1 1,94,1 1,94,1 12,0,2 20,94,1 8,0,2
12,0,2 1,93,1 1,93,1 1,93,1 1,93,1 17,93,1 12,0,2 1,93,1 0,0,0
0,0,0 1,92,1 1,92,1 6,92,1 1,92,1 1,92,1 8,0,2 12,0,2 0,0,0
8,0,2 1,91,1 1,91,1 1,91,1 1,91,1 1,91,1 9,0,2 1,91,1 1,91,1
11,0,2 0,0,0 0,0,0 0,0,0 0,0,0 0,0,0 12,0,2 6,90,1 1,90,1
0,0,0 0,0,0 0,0,0 0,0,0 0,0,0 0,0,0 0,0,0 0,0,0 0,0,0
0,0,0 0,0,0 0,0,0 0,0,0 0,0,0 0,0,0 0,0,0 0,0,0 0,0,0
0,0,0 0,0,0 0,0,0 0,0,0 0,0,0 0,0,0 0,0,0 0,0,0 0,0,0