MODE 0
BALL 80
STARS 0/5400/7800
ADDLINE 1,106,1 1,106,1 0,0,0 4,106,1 3,106,1 1,106,1 12,0,2 1,106,1 1,106,1
ADDLINE 1,107,1 1,107,1 0,0,0 0,0,0 12,0,2 4,107,1 0,0,0 1,107,1 0,0,0
ADDLINE 1,108,1 1,108,1 0,0,0 1,108,1 2,108,1 1,108,1 12,0,2 1,108,1 0,0,0
ADDLINE 12,0,2 5,119,1 0,0,0 1,119,1 1,119,1 3,119,1 0,0,0 1,119,1 0,0,0
ADDLINE 1,120,1 4,120,1 1,120,1 1,120,1 1,120,1 1,120,1 12,0,2 1,120,1 0,0,0
ADDLINE 0,0,0 0,0,0 12,0,2 0,0,0 0,0,0 0,0,0 0,0,0 1,131,1 0,0,0
ADDLINE 12,0,2 1,136,1 1,136,1 1,136,1 1,136,1 5,136,1 1,136,1 1,136,1 5,136,1
ADDLINE 0,0,0 1,154,1 0,0,0 12,0,2 0,0,0 1,154,1 0,0,0 0,0,0 0,0,0
ADDLINE 0,0,0 4,124,1 12,0,2 1,124,1 1,124,1 1,124,1 3,124,1 1,124,1 0,0,0
ADDLINE 1,136,1 1,136,1 1,136,1 1,136,1 0,0,0 12,0,2 0,0,0 0,0,0 1,136,1
ADDLINE 1,148,1 1,148,1 3,148,1 1,148,1 0,0,0 1,148,1 1,148,1 12,0,2 5,148,1
ADDLINE 1,152,1 1,152,1 1,152,1 1,152,1 4,152,1 4,152,1 12,0,2 1,152,1 5,152,1
ADDLINE 1,128,1 5,128,1 1,128,1 0,0,0 0,0,0 0,0,0 12,0,2 1,128,1 1,128,1
ADDLINE 1,141,1 1,141,1 4,141,1 12,0,2 1,141,1 3,141,1 0,0,0 0,0,0 0,0,0
ADDLINE 1,153,1 1,153,1 1,153,1 12,0,2 3,153,1 1,153,1 1,153,1 1,153,1 0,0,0
ADDLINE 5,165,1 3,165,1 0,0,0 12,0,2 1,165,1 1,165,1 0,0,0 1,165,1 1,165,1
ADDLINE 3,133,1 2,133,1 0,0,0 0,0,0 0,0,0 0,0,0 12,0,2 1,133,1 1,133,1
ADDLINE 0,0,0 0,0,0 12,0,2 0,0,0 1,145,1 1,145,1 1,145,1 1,145,1 1,145,1
ADDLINE 1,158,1 3,158,1 1,158,1 1,158,1 1,158,1 0,0,0 12,0,2 3,158,1 5,158,1
ADDLINE 1,171,1 1,171,1 0,0,0 0,0,0 0,0,0 12,0,2 0,0,0 1,171,1 1,171,1
ADDLINE 4,137,1 1,137,1 0,0,0 0,0,0 12,0,2 0,0,0 0,0,0 1,137,1 1,137,1
1,95,1 1,95,1 0,0,0 8,0,2 12,0,2 1,95,1 1,95,1 1,95,1 1,95,1
0,0,0 0,0,0 19,94,1 12,0,2 1,94,1 1,94,1 2,94,1 4,94,1 5,94,1
0,0,0 12,0,2 0,0,0 0,0,0 1,93,1 1,93,1 1,93,1 1,93,1 4,93,1
0,0,0 1,92,1 2,92,1 12,0,2 9,0,2 0,0,0 0,0,0 0,0,0 0,0,0
0,0,0 0,0,0 22,0,2 12,0,2 0,0,0 11,0,2 1,91,1 0,0,0 0,0,0
1,90,1 1,90,1 1,90,1 1,90,1 1,90,1 8,0,2 0,0,0 12,0,2 1,90,1
0,0,0 0,0,0 0,0,0 0,0,0 0,0,0 0,0,0 0,0,0 0,0,0 0,0,0
0,0,0 0,0,0 0,0,0 0,0,0 0,0,0 0,0,0 0,0,0 0,0,0 0,0,0
0,0,0 0,0,0 0,0,0 0,0,0 0,0,0 0,0,0 0,0,0 0,0,0 0,0,0