MODE 0
BALL 80
STARS 0/6000/8600
ADDLINE 1,106,1 12,0,2 0,0,0 0,0,0 0,0,0 0,0,0 0,0,0 0,0,0 0,0,0
ADDLINE 1,107,1 12,0,2 1,107,1 1,107,1 0,0,0 0,0,0 0,0,0 5,107,1 0,0,0
ADDLINE 1,108,1 0,0,0 0,0,0 12,0,2 1,108,1 1,108,1 3,108,1 1,108,1 0,0,0
ADDLINE 3,119,1 1,119,1 12,0,2 1,119,1 1,119,1 1,119,1 0,0,0 1,119,1 0,0,0
ADDLINE 1,120,1 3,120,1 12,0,2 0,0,0 1,120,1 5,120,1 0,0,0 1,120,1 0,0,0
ADDLINE 1,131,1 2,131,1 1,131,1 0,0,0 0,0,0 12,0,2 0,0,0 0,0,0 0,0,0
ADDLINE 0,0,0 0,0,0 12,0,2 0,0,0 1,142,1 1,142,1 1,142,1 1,142,1 1,142,1
ADDLINE 0,0,0 1,154,1 1,154,1 1,154,1 1,154,1 1,154,1 3,154,1 12,0,2 1,154,1
ADDLINE 12,0,2 0,0,0 0,0,0 4,124,1 4,124,1 1,124,1 2,124,1 0,0,0 0,0,0
ADDLINE 1,129,1 3,129,1 1,129,1 1,129,1 1,129,1 1,129,1 12,0,2 1,129,1 1,129,1
ADDLINE 1,148,1 5,148,1 0,0,0 0,0,0 1,148,1 5,148,1 1,148,1 12,0,2 1,148,1
ADDLINE 1,152,1 1,152,1 12,0,2 3,152,1 1,152,1 1,152,1 4,152,1 4,152,1 1,152,1
ADDLINE 0,0,0 3,128,1 0,0,0 1,128,1 1,128,1 1,128,1 12,0,2 1,128,1 0,0,0
ADDLINE 5,141,1 2,141,1 0,0,0 1,141,1 1,141,1 1,141,1 12,0,2 1,141,1 1,141,1
ADDLINE 0,0,0 12,0,2 0,0,0 0,0,0 0,0,0 0,0,0 0,0,0 1,153,1 3,153,1
ADDLINE 0,0,0 1,165,1 1,165,1 1,165,1 1,165,1 1,165,1 12,0,2 1,165,1 1,165,1
ADDLINE 0,0,0 2,133,1 1,133,1 1,133,1 12,0,2 1,133,1 0,0,0 2,133,1 5,133,1
ADDLINE 1,145,1 1,145,1 1,145,1 5,145,1 0,0,0 1,145,1 12,0,2 1,145,1 4,145,1
ADDLINE 1,151,1 12,0,2 3,151,1 1,151,1 1,151,1 4,151,1 2,151,1 1,151,1 1,151,1
ADDLINE 1,171,1 0,0,0 12,0,2 1,171,1 1,171,1 2,171,1 0,0,0 0,0,0 0,0,0
ADDLINE 1,131,1 12,0,2 1,131,1 1,131,1 1,131,1 1,131,1 1,131,1 1,131,1 4,131,1
1,91,1 1,91,1 1,91,1 12,0,2 1,91,1 1,91,1 1,91,1 1,91,1 1,91,1
0,0,0 6,94,1 12,0,2 1,94,1 1,94,1 10,0,2 1,94,1 15,0,2 0,0,0
1,89,1 2,89,1 12,0,2 3,89,1 4,89,1 2,89,1 3,89,1 6,89,1 1,89,1
1,88,1 4,88,1 12,0,2 20,88,1 3,88,1 1,88,1 1,88,1 1,88,1 1,88,1
0,0,0 14,0,2 12,0,2 5,91,1 0,0,0 1,91,1 0,0,0 0,0,0 0,0,0
1,90,1 4,90,1 11,0,2 1,90,1 12,0,2 1,90,1 0,0,0 1,90,1 1,90,1
0,0,0 0,0,0 0,0,0 0,0,0 0,0,0 0,0,0 0,0,0 0,0,0 0,0,0
0,0,0 0,0,0 0,0,0 0,0,0 0,0,0 0,0,0 0,0,0 0,0,0 0,0,0
0,0,0 0,0,0 0,0,0 0,0,0 0,0,0 0,0,0 0,0,0 0,0,0 0,0,0