MODE 0
BALL 80
STARS 0/5600/8100
ADDLINE 1,106,1 1,106,1 1,106,1 1,106,1 1,106,1 11,0,2 1,106,1 12,0,2 1,106,1
ADDLINE 0,0,0 0,0,0 1,107,1 3,107,1 1,107,1 0,0,0 1,107,1 12,0,2 0,0,0
ADDLINE 1,108,1 0,0,0 1,108,1 1,108,1 1,108,1 12,0,2 4,108,1 0,0,0 5,108,1
ADDLINE 0,0,0 0,0,0 1,119,1 0,0,0 0,0,0 11,0,2 1,119,1 12,0,2 2,119,1
ADDLINE 1,114,1 1,114,1 1,114,1 1,114,1 1,114,1 1,114,1 1,114,1 12,0,2 3,114,1
ADDLINE 0,0,0 0,0,0 1,262,1 1,262,1 0,0,0 0,0,0 0,0,0 12,0,2 1,131,1
ADDLINE 1,142,1 1,284,1 17,142,1 1,284,1 1,142,1 1,142,1 1,142,1 12,0,2 1,142,1
ADDLINE 0,0,0 1,308,1 1,308,1 12,0,2 0,0,0 0,0,0 4,154,1 0,0,0 0,0,0
ADDLINE 3,118,1 4,118,1 2,118,1 1,118,1 1,118,1 12,0,2 1,118,1 1,118,1 1,118,1
ADDLINE 1,272,1 1,272,1 12,0,2 1,272,1 1,272,1 1,272,1 1,272,1 1,272,1 16,136,1
ADDLINE 1,148,1 1,148,1 0,0,0 0,0,0 12,0,2 0,0,0 0,0,0 5,148,1 1,148,1
ADDLINE 1,160,1 1,160,1 0,0,0 2,160,1 1,160,1 0,0,0 12,0,2 1,160,1 1,160,1
ADDLINE 1,256,1 1,256,1 0,0,0 12,0,2 1,256,1 1,256,1 1,256,1 16,128,1 1,256,1
ADDLINE 20,141,1 1,282,1 1,141,1 1,141,1 0,0,0 0,0,0 0,0,0 12,0,2 1,141,1
ADDLINE 1,292,1 1,292,1 4,146,1 1,146,1 3,146,1 1,146,1 1,146,1 12,0,2 1,146,1
ADDLINE 1,165,1 2,165,1 3,165,1 1,165,1 1,165,1 1,330,1 0,0,0 12,0,2 1,165,1
ADDLINE 1,266,1 0,0,0 12,0,2 0,0,0 0,0,0 0,0,0 10,0,2 1,266,1 1,266,1
ADDLINE 1,290,1 8,0,2 12,0,2 1,290,1 1,290,1 1,290,1 1,290,1 1,290,1 1,290,1
ADDLINE 7,0,2 1,316,1 2,158,1 1,158,1 1,158,1 1,158,1 12,0,2 5,158,1 1,158,1
ADDLINE 11,0,2 12,0,2 1,171,1 5,171,1 1,171,1 1,171,1 0,0,0 3,171,1 1,171,1
ADDLINE 1,274,1 0,0,0 1,274,1 1,274,1 0,0,0 12,0,2 0,0,0 1,137,1 1,137,1
1,95,1 1,95,1 1,95,1 1,95,1 1,95,1 15,0,2 0,0,0 12,0,2 10,0,2
1,94,1 5,94,1 1,94,1 1,94,1 11,0,2 12,0,2 1,94,1 0,0,0 1,94,1
0,0,0 0,0,0 0,0,0 10,0,2 12,0,2 1,93,1 0,0,0 0,0,0 1,93,1
0,0,0 0,0,0 0,0,0 1,92,1 20,92,1 12,0,2 0,0,0 1,92,1 4,92,1
1,91,1 1,91,1 1,91,1 0,0,0 1,91,1 12,0,2 1,91,1 19,91,1 1,91,1
0,0,0 12,0,2 1,90,1 14,0,2 1,90,1 1,90,1 16,90,1 1,90,1 1,90,1
0,0,0 0,0,0 0,0,0 0,0,0 0,0,0 0,0,0 0,0,0 0,0,0 0,0,0
0,0,0 0,0,0 0,0,0 0,0,0 0,0,0 0,0,0 0,0,0 0,0,0 0,0,0
0,0,0 0,0,0 0,0,0 0,0,0 0,0,0 0,0,0 0,0,0 0,0,0 0,0,0