MODE 0
BALL 80
STARS 0/6600/9400
ADDLINE 1,106,1 0,0,0 1,106,1 1,106,1 0,0,0 0,0,0 12,0,2 1,106,1 0,0,0
ADDLINE 4,107,1 12,0,2 3,107,1 1,107,1 0,0,0 1,107,1 1,107,1 0,0,0 0,0,0
ADDLINE 1,108,1 0,0,0 12,0,2 0,0,0 1,108,1 0,0,0 1,108,1 0,0,0 5,108,1
ADDLINE 1,119,1 0,0,0 1,119,1 12,0,2 1,119,1 1,119,1 2,119,1 0,0,0 1,119,1
ADDLINE 3,120,1 12,0,2 1,120,1 1,120,1 0,0,0 1,120,1 1,120,1 1,120,1 0,0,0
ADDLINE 0,0,0 0,0,0 5,131,1 0,0,0 0,0,0 1,131,1 12,0,2 3,131,1 0,0,0
ADDLINE 0,0,0 1,142,1 12,0,2 1,142,1 1,142,1 2,142,1 1,142,1 1,142,1 0,0,0
ADDLINE 0,0,0 1,154,1 0,0,0 1,154,1 1,154,1 1,154,1 12,0,2 0,0,0 0,0,0
ADDLINE 0,0,0 0,0,0 0,0,0 0,0,0 0,0,0 1,124,1 12,0,2 5,124,1 3,124,1
ADDLINE 1,136,1 3,136,1 1,136,1 0,0,0 1,136,1 12,0,2 1,136,1 1,136,1 1,136,1
ADDLINE 2,148,1 4,148,1 1,148,1 0,0,0 1,148,1 0,0,0 12,0,2 0,0,0 1,148,1
ADDLINE 4,160,1 1,160,1 2,160,1 0,0,0 1,160,1 1,160,1 1,160,1 12,0,2 1,160,1
ADDLINE 1,128,1 2,128,1 5,128,1 0,0,0 1,128,1 2,128,1 1,128,1 12,0,2 1,128,1
ADDLINE 1,141,1 1,141,1 1,141,1 0,0,0 1,141,1 1,141,1 1,141,1 12,0,2 5,141,1
ADDLINE 0,0,0 0,0,0 4,153,1 0,0,0 1,153,1 1,153,1 1,153,1 12,0,2 1,153,1
ADDLINE 1,165,1 1,165,1 1,165,1 0,0,0 1,165,1 1,165,1 1,165,1 12,0,2 1,165,1
ADDLINE 2,133,1 4,133,1 3,133,1 0,0,0 0,0,0 12,0,2 1,133,1 0,0,0 1,133,1
ADDLINE 4,138,1 1,138,1 1,138,1 12,0,2 1,138,1 1,138,1 1,138,1 2,138,1 1,138,1
ADDLINE 1,158,1 0,0,0 5,158,1 1,158,1 3,158,1 0,0,0 0,0,0 12,0,2 0,0,0
ADDLINE 2,163,1 12,0,2 1,163,1 1,163,1 3,163,1 1,163,1 1,163,1 1,163,1 1,163,1
ADDLINE 1,137,1 0,0,0 1,137,1 1,137,1 2,137,1 12,0,2 1,137,1 1,137,1 1,137,1
1,95,1 0,0,0 1,95,1 4,95,1 19,95,1 1,95,1 1,95,1 12,0,2 1,95,1
1,90,1 12,0,2 4,90,1 1,90,1 20,45,1 1,90,1 1,90,1 16,45,1 3,90,1
17,93,1 6,93,1 3,93,1 18,93,1 12,0,2 18,93,1 10,0,2 6,93,1 0,0,0
1,88,1 19,44,1 5,88,1 12,0,2 1,88,1 1,88,1 1,88,1 4,88,1 21,88,1
3,91,1 1,91,1 1,91,1 0,0,0 16,91,1 12,0,2 0,0,0 0,0,0 0,0,0
1,86,1 16,86,1 1,86,1 1,86,1 9,0,2 12,0,2 1,86,1 4,86,1 1,86,1
0,0,0 0,0,0 0,0,0 0,0,0 0,0,0 0,0,0 0,0,0 0,0,0 0,0,0
0,0,0 0,0,0 0,0,0 0,0,0 0,0,0 0,0,0 0,0,0 0,0,0 0,0,0
0,0,0 0,0,0 0,0,0 0,0,0 0,0,0 0,0,0 0,0,0 0,0,0 0,0,0