MODE 0
BALL 90
STARS 0/6700/9100
ADDLINE 1,106,1 1,106,1 1,106,1 0,0,0 12,0,2 1,106,1 1,106,1 0,0,0 0,0,0
ADDLINE 0,0,0 12,0,2 0,0,0 0,0,0 1,107,1 1,107,1 1,107,1 11,0,2 0,0,0
ADDLINE 0,0,0 1,108,1 1,108,1 12,0,2 0,0,0 1,108,1 1,108,1 0,0,0 1,108,1
ADDLINE 1,119,1 1,119,1 1,119,1 12,0,2 1,119,1 1,119,1 0,0,0 0,0,0 0,0,0
ADDLINE 1,120,1 0,0,0 0,0,0 0,0,0 1,120,1 1,120,1 12,0,2 1,120,1 0,0,0
ADDLINE 1,131,1 0,0,0 1,131,1 0,0,0 12,0,2 1,131,1 1,131,1 0,0,0 0,0,0
ADDLINE 1,142,1 0,0,0 1,142,1 1,142,1 1,142,1 1,142,1 12,0,2 1,142,1 1,142,1
ADDLINE 1,154,1 0,0,0 0,0,0 1,154,1 1,154,1 1,154,1 12,0,2 0,0,0 1,154,1
ADDLINE 1,124,1 1,124,1 0,0,0 1,124,1 1,124,1 1,124,1 1,124,1 12,0,2 0,0,0
ADDLINE 1,136,1 1,272,1 12,0,2 1,272,1 1,136,1 1,136,1 1,136,1 1,136,1 0,0,0
ADDLINE 1,148,1 1,296,1 7,0,2 1,296,1 12,0,2 1,148,1 1,148,1 1,148,1 0,0,0
ADDLINE 1,152,1 1,304,1 1,304,1 1,304,1 12,0,2 1,152,1 1,152,1 1,152,1 1,152,1
ADDLINE 0,0,0 0,0,0 8,0,2 1,256,1 0,0,0 12,0,2 0,0,0 0,0,0 0,0,0
ADDLINE 1,141,1 1,141,1 12,0,2 1,141,1 1,141,1 1,282,1 1,282,1 1,282,1 0,0,0
ADDLINE 1,153,1 1,153,1 12,0,2 1,153,1 1,153,1 1,306,1 7,0,2 1,306,1 0,0,0
ADDLINE 1,157,1 1,157,1 12,0,2 1,157,1 1,314,1 1,314,1 1,314,1 1,314,1 1,157,1
ADDLINE 0,0,0 12,0,2 0,0,0 1,133,1 1,266,1 7,0,2 1,266,1 1,133,1 0,0,0
ADDLINE 1,138,1 1,138,1 12,0,2 1,138,1 1,276,1 1,276,1 1,276,1 1,138,1 1,138,1
ADDLINE 1,316,1 1,316,1 1,316,1 1,316,1 1,316,1 0,0,0 12,0,2 8,0,2 1,316,1
ADDLINE 1,163,1 1,163,1 1,163,1 1,163,1 1,163,1 1,163,1 1,163,1 12,0,2 1,163,1
ADDLINE 1,137,1 1,137,1 1,137,1 1,137,1 1,137,1 0,0,0 1,137,1 12,0,2 1,137,1
ADDLINE 1,150,1 1,150,1 1,150,1 1,150,1 1,150,1 0,0,0 1,150,1 12,0,2 1,150,1
ADDLINE 0,0,0 12,0,2 1,326,1 0,0,0 0,0,0 0,0,0 1,326,1 8,0,2 1,326,1
ADDLINE 1,177,1 0,0,0 1,177,1 1,177,1 1,177,1 1,177,1 1,177,1 12,0,2 1,177,1
1,95,1 0,0,0 0,0,0 0,0,0 0,0,0 12,0,2 1,95,1 1,95,1 1,95,1
1,90,1 1,90,1 1,90,1 1,90,1 1,90,1 12,0,2 1,90,1 1,90,1 1,90,1
1,93,1 8,0,2 12,0,2 7,0,2 0,0,0 9,0,2 1,93,1 6,93,1 1,93,1
1,88,1 12,0,2 1,88,1 1,88,1 1,88,1 21,88,1 1,88,1 1,88,1 1,88,1
1,91,1 12,0,2 1,91,1 1,91,1 1,91,1 0,0,0 12,0,2 0,0,0 11,0,2
1,86,1 11,0,2 1,86,1 1,86,1 1,86,1 1,86,1 1,86,1 1,86,1 1,86,1
0,0,0 0,0,0 0,0,0 0,0,0 0,0,0 0,0,0 0,0,0 0,0,0 0,0,0
0,0,0 0,0,0 0,0,0 0,0,0 0,0,0 0,0,0 0,0,0 0,0,0 0,0,0
0,0,0 0,0,0 0,0,0 0,0,0 0,0,0 0,0,0 0,0,0 0,0,0 0,0,0