MODE 0
BALL 90
STARS 0/6200/8900
ADDLINE 1,106,1 0,0,0 1,106,1 0,0,0 0,0,0 0,0,0 1,106,1 12,0,2 1,106,1
ADDLINE 1,107,1 0,0,0 1,107,1 0,0,0 1,107,1 1,107,1 1,107,1 12,0,2 1,107,1
ADDLINE 0,0,0 0,0,0 1,108,1 0,0,0 12,0,2 0,0,0 1,108,1 0,0,0 1,108,1
ADDLINE 1,113,1 1,113,1 1,113,1 1,113,1 1,113,1 1,113,1 1,113,1 12,0,2 1,113,1
ADDLINE 1,120,1 0,0,0 0,0,0 0,0,0 0,0,0 0,0,0 0,0,0 12,0,2 0,0,0
ADDLINE 1,131,1 0,0,0 1,131,1 1,131,1 1,131,1 1,131,1 1,131,1 12,0,2 1,131,1
ADDLINE 12,0,2 0,0,0 1,142,1 1,142,1 1,142,1 1,142,1 1,142,1 0,0,0 0,0,0
ADDLINE 1,154,1 0,0,0 1,154,1 1,154,1 1,154,1 1,154,1 1,154,1 12,0,2 1,154,1
ADDLINE 1,124,1 0,0,0 0,0,0 12,0,2 1,124,1 0,0,0 0,0,0 0,0,0 1,124,1
ADDLINE 1,136,1 1,136,1 1,136,1 0,0,0 1,136,1 1,136,1 1,136,1 12,0,2 0,0,0
ADDLINE 1,148,1 0,0,0 0,0,0 0,0,0 1,148,1 12,0,2 1,148,1 1,148,1 1,148,1
ADDLINE 1,160,1 0,0,0 1,160,1 1,160,1 1,160,1 0,0,0 12,0,2 1,160,1 1,160,1
ADDLINE 1,128,1 0,0,0 12,0,2 1,128,1 1,128,1 1,128,1 0,0,0 1,128,1 1,128,1
ADDLINE 0,0,0 1,141,1 1,141,1 12,0,2 1,141,1 1,141,1 1,141,1 1,141,1 1,141,1
ADDLINE 0,0,0 1,153,1 0,0,0 12,0,2 1,153,1 1,153,1 1,153,1 1,153,1 1,153,1
ADDLINE 12,0,2 1,157,1 1,157,1 1,157,1 1,157,1 1,157,1 1,157,1 1,157,1 1,157,1
ADDLINE 0,0,0 12,0,2 0,0,0 0,0,0 0,0,0 0,0,0 1,133,1 1,133,1 1,133,1
ADDLINE 0,0,0 0,0,0 1,145,1 1,145,1 1,145,1 12,0,2 1,145,1 1,145,1 1,145,1
ADDLINE 1,158,1 0,0,0 12,0,2 1,158,1 1,158,1 1,158,1 1,158,1 1,158,1 1,158,1
ADDLINE 0,0,0 1,171,1 12,0,2 1,171,1 1,171,1 1,171,1 1,171,1 1,171,1 1,171,1
ADDLINE 0,0,0 0,0,0 12,0,2 0,0,0 1,137,1 1,137,1 1,137,1 1,137,1 1,137,1
ADDLINE 1,150,1 0,0,0 1,150,1 0,0,0 12,0,2 1,150,1 1,150,1 1,150,1 1,150,1
ADDLINE 1,163,1 0,0,0 0,0,0 1,163,1 0,0,0 12,0,2 1,163,1 1,163,1 1,163,1
ADDLINE 1,177,1 0,0,0 12,0,2 1,177,1 1,177,1 0,0,0 0,0,0 1,177,1 1,177,1
0,0,0 0,0,0 3,95,1 1,95,1 2,95,1 12,0,2 1,95,1 1,95,1 17,95,1
0,0,0 12,0,2 17,94,1 0,0,0 0,0,0 10,0,2 1,94,1 1,94,1 16,94,1
2,93,1 0,0,0 5,93,1 12,0,2 1,93,1 1,93,1 1,93,1 1,93,1 1,93,1
1,92,1 2,92,1 12,0,2 0,0,0 0,0,0 0,0,0 18,92,1 1,92,1 1,92,1
1,91,1 1,91,1 2,91,1 12,0,2 1,91,1 0,0,0 0,0,0 1,91,1 1,91,1
1,90,1 1,90,1 1,90,1 11,0,2 16,90,1 1,90,1 12,0,2 1,90,1 1,90,1
0,0,0 0,0,0 0,0,0 0,0,0 0,0,0 0,0,0 0,0,0 0,0,0 0,0,0
0,0,0 0,0,0 0,0,0 0,0,0 0,0,0 0,0,0 0,0,0 0,0,0 0,0,0
0,0,0 0,0,0 0,0,0 0,0,0 0,0,0 0,0,0 0,0,0 0,0,0 0,0,0