MODE 0
BALL 90
STARS 0/0/10255 35
ADDLINE 0,0,0 1,106,1 1,106,1 0,0,0 12,0,2 0,0,0 0,0,0 0,0,0 0,0,0
ADDLINE 0,0,0 1,107,1 1,107,1 0,0,0 1,107,1 12,0,2 1,107,1 0,0,0 1,107,1
ADDLINE 0,0,0 12,0,2 1,108,1 0,0,0 1,108,1 0,0,0 1,108,1 0,0,0 1,108,1
ADDLINE 1,119,1 1,119,1 1,119,1 1,119,1 0,0,0 0,0,0 12,0,2 0,0,0 1,119,1
ADDLINE 1,120,1 1,120,1 1,120,1 1,120,1 12,0,2 1,120,1 1,120,1 0,0,0 0,0,0
ADDLINE 1,131,1 12,0,2 0,0,0 0,0,0 0,0,0 0,0,0 0,0,0 0,0,0 0,0,0
ADDLINE 0,0,0 0,0,0 1,142,1 12,0,2 1,142,1 1,142,1 1,142,1 1,142,1 0,0,0
ADDLINE 0,0,0 1,154,1 0,0,0 12,0,2 1,154,1 1,154,1 1,154,1 1,154,1 0,0,0
ADDLINE 1,124,1 1,124,1 1,124,1 0,0,0 12,0,2 1,124,1 1,124,1 1,124,1 0,0,0
ADDLINE 1,129,1 1,129,1 1,129,1 1,129,1 1,129,1 1,129,1 12,0,2 1,129,1 1,129,1
ADDLINE 0,0,0 1,148,1 1,148,1 1,148,1 1,148,1 1,148,1 12,0,2 1,148,1 0,0,0
ADDLINE 0,0,0 1,160,1 1,160,1 1,160,1 1,160,1 1,160,1 12,0,2 1,160,1 1,160,1
ADDLINE 1,128,1 0,0,0 0,0,0 1,128,1 1,128,1 1,128,1 0,0,0 12,0,2 0,0,0
ADDLINE 1,141,1 1,141,1 1,141,1 1,141,1 0,0,0 1,141,1 12,0,2 1,141,1 1,141,1
ADDLINE 0,0,0 12,0,2 0,0,0 1,153,1 0,0,0 1,153,1 0,0,0 1,153,1 1,153,1
ADDLINE 1,157,1 1,157,1 1,157,1 1,157,1 12,0,2 1,157,1 1,157,1 1,157,1 1,157,1
ADDLINE 1,133,1 1,133,1 1,133,1 1,133,1 0,0,0 1,133,1 12,0,2 0,0,0 0,0,0
ADDLINE 1,138,1 1,138,1 1,138,1 1,138,1 12,0,2 1,138,1 1,138,1 1,138,1 1,138,1
ADDLINE 1,158,1 1,158,1 1,158,1 0,0,0 1,158,1 12,0,2 1,158,1 1,158,1 1,158,1
ADDLINE 1,171,1 1,171,1 1,171,1 0,0,0 1,171,1 12,0,2 1,171,1 1,171,1 1,171,1
ADDLINE 1,137,1 1,137,1 1,137,1 0,0,0 1,137,1 12,0,2 1,137,1 1,137,1 1,137,1
ADDLINE 1,150,1 1,150,1 1,150,1 0,0,0 1,150,1 0,0,0 0,0,0 12,0,2 1,150,1
ADDLINE 1,155,1 1,155,1 1,155,1 1,155,1 1,155,1 1,155,1 1,155,1 12,0,2 1,155,1
ADDLINE 1,177,1 12,0,2 0,0,0 0,0,0 0,0,0 0,0,0 1,177,1 0,0,0 0,0,0
1,95,1 1,95,1 1,95,1 1,95,1 1,95,1 9,0,2 1,95,1 12,0,2 1,95,1
1,94,1 0,0,0 12,0,2 0,0,0 1,94,1 0,0,0 1,94,1 0,0,0 0,0,0
1,93,1 0,0,0 1,93,1 6,93,1 1,93,1 12,0,2 1,93,1 1,93,1 1,93,1
0,0,0 0,0,0 1,92,1 1,92,1 1,92,1 12,0,2 1,92,1 1,92,1 20,92,1
1,87,1 20,87,1 1,87,1 1,87,1 1,87,1 12,0,2 1,87,1 1,87,1 1,87,1
1,90,1 8,0,2 1,90,1 1,90,1 1,90,1 12,0,2 1,90,1 1,90,1 1,90,1
0,0,0 0,0,0 0,0,0 0,0,0 0,0,0 0,0,0 0,0,0 0,0,0 0,0,0
0,0,0 0,0,0 0,0,0 0,0,0 0,0,0 0,0,0 0,0,0 0,0,0 0,0,0
0,0,0 0,0,0 0,0,0 0,0,0 0,0,0 0,0,0 0,0,0 0,0,0 0,0,0