MODE 0
BALL 90
STARS 0/6300/9100
ADDLINE 12,0,2 1,101,1 1,101,1 1,101,1 1,101,1 1,101,1 1,101,1 1,101,1 1,101,1
ADDLINE 0,0,0 12,0,2 0,0,0 0,0,0 0,0,0 0,0,0 0,0,0 1,107,1 1,107,1
ADDLINE 12,0,2 1,103,1 1,103,1 1,103,1 1,103,1 1,103,1 1,103,1 1,103,1 1,103,1
ADDLINE 12,0,2 20,119,1 0,0,0 0,0,0 0,0,0 0,0,0 0,0,0 0,0,0 0,0,0
ADDLINE 0,0,0 1,120,1 12,0,2 1,120,1 1,120,1 1,120,1 1,120,1 1,120,1 0,0,0
ADDLINE 0,0,0 1,131,1 12,0,2 1,131,1 1,131,1 1,262,1 1,262,1 1,262,1 0,0,0
ADDLINE 12,0,2 1,142,1 1,142,1 1,142,1 1,142,1 1,284,1 17,142,1 1,284,1 0,0,0
ADDLINE 0,0,0 12,0,2 0,0,0 0,0,0 0,0,0 0,0,0 1,308,1 1,308,1 0,0,0
ADDLINE 1,124,1 1,124,1 0,0,0 1,124,1 1,124,1 1,124,1 12,0,2 1,124,1 1,124,1
ADDLINE 0,0,0 1,136,1 1,136,1 1,136,1 1,136,1 1,136,1 1,136,1 12,0,2 1,136,1
ADDLINE 0,0,0 0,0,0 12,0,2 1,148,1 1,148,1 1,148,1 1,148,1 0,0,0 0,0,0
ADDLINE 0,0,0 1,160,1 0,0,0 1,160,1 1,160,1 0,0,0 12,0,2 1,320,1 0,0,0
ADDLINE 0,0,0 1,256,1 1,256,1 12,0,2 1,256,1 1,256,1 19,128,1 1,256,1 1,256,1
ADDLINE 0,0,0 1,282,1 1,282,1 1,282,1 1,282,1 12,0,2 1,282,1 19,141,1 1,282,1
ADDLINE 0,0,0 1,153,1 1,153,1 1,153,1 1,153,1 12,0,2 1,306,1 1,306,1 17,153,1
ADDLINE 0,0,0 1,165,1 1,165,1 1,165,1 1,165,1 12,0,2 1,165,1 1,330,1 1,330,1
ADDLINE 0,0,0 1,266,1 1,266,1 1,266,1 1,266,1 12,0,2 1,266,1 1,266,1 19,133,1
ADDLINE 1,290,1 0,0,0 12,0,2 1,290,1 1,290,1 1,290,1 16,145,1 1,290,1 1,290,1
ADDLINE 1,151,1 1,151,1 1,151,1 1,151,1 1,151,1 1,151,1 1,151,1 1,151,1 12,0,2
ADDLINE 1,163,1 1,326,1 1,326,1 1,326,1 1,163,1 1,163,1 1,163,1 1,163,1 12,0,2
ADDLINE 1,137,1 1,274,1 20,137,1 1,274,1 0,0,0 0,0,0 12,0,2 0,0,0 0,0,0
ADDLINE 1,300,1 1,300,1 19,150,1 1,300,1 0,0,0 1,300,1 12,0,2 1,300,1 1,300,1
ADDLINE 1,163,1 1,326,1 1,326,1 1,326,1 1,163,1 1,163,1 12,0,2 0,0,0 0,0,0
ADDLINE 1,168,1 1,168,1 1,168,1 1,168,1 1,168,1 1,168,1 1,168,1 1,168,1 12,0,2
1,95,1 1,95,1 1,95,1 16,95,1 1,95,1 1,95,1 1,95,1 12,0,2 0,0,0
1,94,1 1,94,1 1,94,1 17,94,1 1,94,1 10,0,2 12,0,2 0,0,0 0,0,0
1,93,1 1,93,1 0,0,0 12,0,2 1,93,1 1,93,1 1,93,1 1,93,1 0,0,0
1,92,1 1,92,1 1,92,1 1,92,1 1,92,1 19,46,1 1,92,1 12,0,2 0,0,0
12,0,2 22,0,2 1,91,1 1,91,1 1,91,1 1,91,1 0,0,0 1,91,1 0,0,0
12,0,2 1,90,1 1,90,1 1,90,1 1,90,1 16,90,1 0,0,0 0,0,0 0,0,0
0,0,0 0,0,0 0,0,0 0,0,0 0,0,0 0,0,0 0,0,0 0,0,0 0,0,0
0,0,0 0,0,0 0,0,0 0,0,0 0,0,0 0,0,0 0,0,0 0,0,0 0,0,0
0,0,0 0,0,0 0,0,0 0,0,0 0,0,0 0,0,0 0,0,0 0,0,0 0,0,0