MODE 0
BALL 90
STARS 0/6000/8700
ADDLINE 1,106,1 1,106,1 1,106,1 0,0,0 3,106,1 1,106,1 1,106,1 12,0,2 4,106,1
ADDLINE 12,0,2 0,0,0 0,0,0 0,0,0 2,107,1 3,107,1 1,107,1 0,0,0 0,0,0
ADDLINE 1,103,1 12,0,2 1,103,1 1,103,1 1,103,1 1,103,1 1,103,1 1,103,1 1,103,1
ADDLINE 1,119,1 12,0,2 1,119,1 0,0,0 0,0,0 0,0,0 0,0,0 0,0,0 0,0,0
ADDLINE 1,120,1 0,0,0 2,120,1 12,0,2 1,120,1 1,120,1 5,120,1 1,120,1 1,120,1
ADDLINE 1,131,1 0,0,0 1,131,1 0,0,0 4,131,1 12,0,2 0,0,0 0,0,0 1,131,1
ADDLINE 3,142,1 0,0,0 4,142,1 0,0,0 1,142,1 1,142,1 1,142,1 12,0,2 1,142,1
ADDLINE 0,0,0 12,0,2 1,154,1 0,0,0 1,154,1 1,154,1 1,154,1 0,0,0 5,154,1
ADDLINE 1,124,1 1,124,1 4,124,1 0,0,0 1,124,1 1,124,1 1,124,1 12,0,2 1,124,1
ADDLINE 1,136,1 1,136,1 2,136,1 2,136,1 1,136,1 1,136,1 1,136,1 12,0,2 0,0,0
ADDLINE 1,148,1 4,148,1 1,148,1 0,0,0 0,0,0 12,0,2 0,0,0 1,148,1 0,0,0
ADDLINE 1,160,1 3,160,1 0,0,0 1,160,1 1,160,1 12,0,2 0,0,0 0,0,0 0,0,0
ADDLINE 1,128,1 0,0,0 1,128,1 1,128,1 12,0,2 1,128,1 1,128,1 1,128,1 1,128,1
ADDLINE 0,0,0 1,141,1 1,141,1 12,0,2 2,141,1 1,141,1 1,141,1 5,141,1 1,141,1
ADDLINE 0,0,0 1,153,1 12,0,2 4,153,1 1,153,1 4,153,1 2,153,1 1,153,1 1,153,1
ADDLINE 0,0,0 1,165,1 12,0,2 2,165,1 5,165,1 1,165,1 1,165,1 1,165,1 1,165,1
ADDLINE 0,0,0 0,0,0 12,0,2 0,0,0 0,0,0 0,0,0 0,0,0 1,133,1 1,133,1
ADDLINE 4,145,1 1,145,1 0,0,0 0,0,0 0,0,0 0,0,0 12,0,2 1,145,1 1,145,1
ADDLINE 1,151,1 1,151,1 1,151,1 3,151,1 3,151,1 12,0,2 1,151,1 1,151,1 1,151,1
ADDLINE 1,171,1 2,171,1 0,0,0 12,0,2 0,0,0 0,0,0 1,171,1 1,171,1 1,171,1
ADDLINE 1,137,1 1,137,1 0,0,0 0,0,0 12,0,2 0,0,0 0,0,0 0,0,0 5,137,1
ADDLINE 1,143,1 1,143,1 1,143,1 1,143,1 3,143,1 1,143,1 4,143,1 12,0,2 1,143,1
ADDLINE 5,163,1 1,163,1 1,163,1 1,163,1 1,163,1 1,163,1 1,163,1 12,0,2 0,0,0
ADDLINE 3,168,1 1,168,1 1,168,1 5,168,1 4,168,1 1,168,1 1,168,1 1,168,1 12,0,2
0,0,0 12,0,2 0,0,0 1,95,1 2,95,1 0,0,0 5,95,1 1,95,1 1,95,1
10,0,2 0,0,0 0,0,0 7,0,2 18,94,1 12,0,2 0,0,0 5,94,1 1,94,1
1,93,1 2,93,1 1,93,1 1,93,1 1,93,1 0,0,0 12,0,2 8,0,2 5,93,1
1,92,1 2,92,1 1,92,1 3,92,1 1,92,1 6,92,1 4,92,1 2,92,1 12,0,2
1,91,1 20,91,1 1,91,1 1,91,1 1,91,1 5,91,1 12,0,2 4,91,1 3,91,1
1,90,1 2,90,1 1,90,1 0,0,0 0,0,0 0,0,0 12,0,2 0,0,0 1,90,1
0,0,0 0,0,0 0,0,0 0,0,0 0,0,0 0,0,0 0,0,0 0,0,0 0,0,0
0,0,0 0,0,0 0,0,0 0,0,0 0,0,0 0,0,0 0,0,0 0,0,0 0,0,0
0,0,0 0,0,0 0,0,0 0,0,0 0,0,0 0,0,0 0,0,0 0,0,0 0,0,0