MODE 0
BALL 90
STARS 0/6300/9200
ADDLINE 3,106,1 1,106,1 2,106,1 1,106,1 1,106,1 0,0,0 1,106,1 12,0,2 5,106,1
ADDLINE 1,102,1 1,102,1 1,102,1 1,102,1 1,102,1 12,0,2 1,102,1 1,102,1 1,102,1
ADDLINE 5,108,1 12,0,2 1,108,1 0,0,0 0,0,0 0,0,0 1,108,1 0,0,0 0,0,0
ADDLINE 5,119,1 0,0,0 1,119,1 1,119,1 1,119,1 0,0,0 3,119,1 12,0,2 1,119,1
ADDLINE 1,120,1 0,0,0 1,120,1 12,0,2 0,0,0 0,0,0 3,120,1 0,0,0 1,120,1
ADDLINE 1,131,1 0,0,0 1,131,1 12,0,2 1,131,1 1,131,1 4,131,1 0,0,0 1,131,1
ADDLINE 0,0,0 0,0,0 1,142,1 0,0,0 1,142,1 0,0,0 0,0,0 12,0,2 1,142,1
ADDLINE 1,154,1 0,0,0 1,154,1 12,0,2 1,154,1 3,154,1 2,154,1 1,154,1 5,154,1
ADDLINE 5,124,1 0,0,0 1,124,1 0,0,0 1,124,1 1,124,1 1,124,1 12,0,2 0,0,0
ADDLINE 1,136,1 1,136,1 1,136,1 0,0,0 0,0,0 0,0,0 0,0,0 12,0,2 2,136,1
ADDLINE 2,148,1 1,148,1 1,148,1 1,148,1 12,0,2 1,148,1 1,148,1 0,0,0 0,0,0
ADDLINE 1,160,1 1,160,1 4,160,1 1,160,1 12,0,2 1,160,1 5,160,1 1,160,1 0,0,0
ADDLINE 0,0,0 4,128,1 1,128,1 1,128,1 1,128,1 12,0,2 1,128,1 0,0,0 1,128,1
ADDLINE 0,0,0 12,0,2 1,141,1 1,141,1 1,141,1 0,0,0 0,0,0 0,0,0 4,141,1
ADDLINE 1,153,1 0,0,0 12,0,2 1,153,1 1,153,1 3,153,1 1,153,1 0,0,0 2,153,1
ADDLINE 1,165,1 2,165,1 0,0,0 1,165,1 1,165,1 1,165,1 1,165,1 12,0,2 0,0,0
ADDLINE 1,133,1 5,133,1 0,0,0 0,0,0 1,133,1 1,133,1 1,133,1 12,0,2 0,0,0
ADDLINE 1,145,1 4,145,1 2,145,1 0,0,0 1,145,1 1,145,1 1,145,1 12,0,2 1,145,1
ADDLINE 1,151,1 12,0,2 1,151,1 2,151,1 1,151,1 1,151,1 1,151,1 1,151,1 1,151,1
ADDLINE 4,171,1 0,0,0 0,0,0 0,0,0 12,0,2 3,171,1 1,171,1 4,171,1 1,171,1
ADDLINE 1,137,1 1,137,1 1,137,1 1,137,1 0,0,0 0,0,0 0,0,0 12,0,2 1,137,1
ADDLINE 4,150,1 0,0,0 0,0,0 12,0,2 0,0,0 0,0,0 0,0,0 0,0,0 3,150,1
ADDLINE 0,0,0 12,0,2 1,163,1 1,163,1 1,163,1 1,163,1 2,163,1 1,163,1 1,163,1
ADDLINE 0,0,0 0,0,0 0,0,0 12,0,2 1,177,1 1,177,1 1,177,1 1,177,1 3,177,1
0,0,0 0,0,0 1,95,1 12,0,2 0,0,0 0,0,0 15,0,2 1,95,1 5,95,1
0,0,0 0,0,0 12,0,2 0,0,0 5,94,1 1,94,1 1,94,1 6,94,1 1,94,1
12,0,2 1,89,1 3,89,1 1,89,1 1,89,1 1,89,1 4,89,1 1,89,1 1,89,1
0,0,0 0,0,0 12,0,2 1,92,1 1,92,1 1,92,1 4,92,1 3,92,1 1,92,1
2,91,1 3,91,1 0,0,0 0,0,0 14,0,2 12,0,2 20,91,1 1,91,1 1,91,1
1,86,1 1,86,1 1,86,1 1,86,1 1,86,1 12,0,2 2,86,1 1,86,1 1,86,1
0,0,0 0,0,0 0,0,0 0,0,0 0,0,0 0,0,0 0,0,0 0,0,0 0,0,0
0,0,0 0,0,0 0,0,0 0,0,0 0,0,0 0,0,0 0,0,0 0,0,0 0,0,0
0,0,0 0,0,0 0,0,0 0,0,0 0,0,0 0,0,0 0,0,0 0,0,0 0,0,0