MODE 0
BALL 90
STARS 0/6400/9100
ADDLINE 1,106,1 0,0,0 0,0,0 0,0,0 12,0,2 0,0,0 0,0,0 0,0,0 0,0,0
ADDLINE 0,0,0 1,107,1 1,107,1 5,107,1 12,0,2 3,107,1 0,0,0 1,107,1 0,0,0
ADDLINE 12,0,2 1,108,1 4,108,1 1,108,1 0,0,0 1,108,1 0,0,0 1,108,1 0,0,0
ADDLINE 0,0,0 2,119,1 1,119,1 1,119,1 1,119,1 1,119,1 4,119,1 12,0,2 1,119,1
ADDLINE 0,0,0 0,0,0 1,120,1 0,0,0 12,0,2 1,120,1 1,120,1 0,0,0 3,120,1
ADDLINE 1,131,1 12,0,2 0,0,0 2,131,1 1,131,1 0,0,0 1,131,1 0,0,0 0,0,0
ADDLINE 0,0,0 0,0,0 0,0,0 1,142,1 1,142,1 0,0,0 12,0,2 1,142,1 0,0,0
ADDLINE 0,0,0 5,154,1 2,154,1 1,154,1 1,154,1 12,0,2 0,0,0 1,154,1 0,0,0
ADDLINE 0,0,0 0,0,0 0,0,0 1,124,1 3,124,1 12,0,2 0,0,0 1,124,1 0,0,0
ADDLINE 4,136,1 0,0,0 1,136,1 1,136,1 1,136,1 5,136,1 1,136,1 12,0,2 1,136,1
ADDLINE 1,141,1 1,141,1 2,141,1 1,141,1 1,141,1 1,141,1 1,141,1 12,0,2 2,141,1
ADDLINE 0,0,0 0,0,0 1,160,1 1,160,1 4,160,1 1,160,1 1,160,1 12,0,2 1,160,1
ADDLINE 2,122,1 12,0,2 1,122,1 4,122,1 1,122,1 1,122,1 1,122,1 1,122,1 1,122,1
ADDLINE 0,0,0 0,0,0 1,141,1 12,0,2 0,0,0 0,0,0 0,0,0 0,0,0 0,0,0
ADDLINE 1,153,1 0,0,0 3,153,1 1,153,1 1,153,1 0,0,0 4,153,1 12,0,2 1,153,1
ADDLINE 1,165,1 0,0,0 1,165,1 1,165,1 1,165,1 0,0,0 1,165,1 12,0,2 4,165,1
ADDLINE 1,133,1 0,0,0 1,133,1 1,133,1 1,133,1 1,133,1 5,133,1 12,0,2 2,133,1
ADDLINE 1,145,1 0,0,0 2,145,1 1,145,1 1,145,1 0,0,0 1,145,1 12,0,2 5,145,1
ADDLINE 1,151,1 1,151,1 1,151,1 2,151,1 12,0,2 1,151,1 1,151,1 1,151,1 2,151,1
ADDLINE 1,171,1 1,171,1 3,171,1 1,171,1 12,0,2 0,0,0 0,0,0 0,0,0 0,0,0
ADDLINE 1,131,1 1,131,1 1,131,1 1,131,1 12,0,2 4,131,1 4,131,1 1,131,1 1,131,1
ADDLINE 1,143,1 1,143,1 4,143,1 1,143,1 12,0,2 1,143,1 1,143,1 3,143,1 1,143,1
ADDLINE 0,0,0 12,0,2 0,0,0 0,0,0 1,163,1 0,0,0 5,163,1 0,0,0 0,0,0
ADDLINE 1,168,1 1,168,1 1,168,1 1,168,1 1,168,1 12,0,2 1,168,1 3,168,1 1,168,1
1,91,1 1,91,1 1,91,1 1,91,1 2,91,1 1,91,1 5,91,1 12,0,2 1,91,1
2,94,1 1,94,1 6,94,1 3,94,1 0,0,0 1,94,1 12,0,2 0,0,0 8,0,2
17,93,1 1,93,1 3,93,1 1,93,1 12,0,2 1,93,1 0,0,0 0,0,0 0,0,0
1,92,1 1,92,1 1,92,1 18,92,1 12,0,2 0,0,0 0,0,0 3,92,1 0,0,0
1,87,1 4,87,1 1,87,1 5,87,1 12,0,2 4,87,1 1,87,1 1,87,1 1,87,1
0,0,0 0,0,0 0,0,0 0,0,0 12,0,2 1,90,1 1,90,1 2,90,1 1,90,1
0,0,0 0,0,0 0,0,0 0,0,0 0,0,0 0,0,0 0,0,0 0,0,0 0,0,0
0,0,0 0,0,0 0,0,0 0,0,0 0,0,0 0,0,0 0,0,0 0,0,0 0,0,0
0,0,0 0,0,0 0,0,0 0,0,0 0,0,0 0,0,0 0,0,0 0,0,0 0,0,0