MODE 0
BALL 90
STARS 0/6300/9200
ADDLINE 1,106,1 1,106,1 0,0,0 0,0,0 12,0,2 0,0,0 0,0,0 0,0,0 0,0,0
ADDLINE 1,107,1 1,107,1 0,0,0 1,107,1 0,0,0 12,0,2 0,0,0 1,107,1 0,0,0
ADDLINE 1,108,1 12,0,2 1,108,1 1,108,1 1,108,1 1,108,1 1,108,1 1,108,1 0,0,0
ADDLINE 1,119,1 12,0,2 0,0,0 0,0,0 0,0,0 0,0,0 0,0,0 1,119,1 0,0,0
ADDLINE 1,120,1 1,120,1 1,120,1 0,0,0 12,0,2 0,0,0 0,0,0 1,120,1 0,0,0
ADDLINE 1,131,1 1,131,1 12,0,2 0,0,0 1,131,1 1,131,1 1,131,1 0,0,0 0,0,0
ADDLINE 1,142,1 0,0,0 1,142,1 1,142,1 1,142,1 1,142,1 1,142,1 12,0,2 1,142,1
ADDLINE 0,0,0 0,0,0 1,154,1 1,154,1 1,154,1 0,0,0 0,0,0 12,0,2 1,154,1
ADDLINE 0,0,0 12,0,2 1,124,1 1,124,1 1,124,1 0,0,0 0,0,0 0,0,0 1,124,1
ADDLINE 0,0,0 12,0,2 0,0,0 0,0,0 0,0,0 0,0,0 1,136,1 0,0,0 1,136,1
ADDLINE 1,148,1 1,148,1 1,148,1 1,148,1 1,148,1 0,0,0 1,148,1 12,0,2 1,148,1
ADDLINE 1,160,1 1,160,1 1,160,1 0,0,0 0,0,0 0,0,0 1,160,1 12,0,2 1,160,1
ADDLINE 1,122,1 1,122,1 1,122,1 1,122,1 1,122,1 1,122,1 1,122,1 12,0,2 1,122,1
ADDLINE 1,141,1 1,141,1 1,141,1 0,0,0 1,141,1 12,0,2 0,0,0 0,0,0 1,141,1
ADDLINE 1,153,1 1,153,1 1,153,1 0,0,0 1,153,1 1,153,1 1,153,1 12,0,2 1,153,1
ADDLINE 1,157,1 1,157,1 1,157,1 12,0,2 1,157,1 1,157,1 1,157,1 1,157,1 1,157,1
ADDLINE 0,0,0 0,0,0 1,133,1 12,0,2 0,0,0 0,0,0 1,133,1 0,0,0 1,133,1
ADDLINE 1,138,1 1,138,1 1,138,1 12,0,2 1,138,1 1,138,1 1,138,1 1,138,1 1,138,1
ADDLINE 12,0,2 1,158,1 0,0,0 0,0,0 0,0,0 0,0,0 0,0,0 0,0,0 0,0,0
ADDLINE 1,171,1 1,171,1 0,0,0 1,171,1 12,0,2 1,171,1 1,171,1 1,171,1 1,171,1
ADDLINE 1,137,1 1,137,1 0,0,0 1,137,1 12,0,2 1,137,1 0,0,0 0,0,0 0,0,0
ADDLINE 1,143,1 1,143,1 12,0,2 1,143,1 1,143,1 1,143,1 1,143,1 1,143,1 1,143,1
ADDLINE 1,163,1 1,163,1 12,0,2 1,163,1 1,163,1 1,163,1 1,163,1 1,163,1 0,0,0
ADDLINE 1,177,1 1,177,1 12,0,2 1,177,1 1,177,1 1,177,1 1,177,1 1,177,1 0,0,0
1,95,1 0,0,0 0,0,0 0,0,0 1,95,1 12,0,2 1,95,1 4,95,1 3,95,1
1,94,1 0,0,0 1,94,1 1,94,1 4,94,1 12,0,2 4,94,1 3,94,1 1,94,1
10,0,2 0,0,0 20,93,1 4,93,1 0,0,0 12,0,2 3,93,1 1,93,1 1,93,1
0,0,0 1,88,1 1,88,1 12,0,2 3,88,1 12,0,2 19,88,1 1,88,1 1,88,1
1,91,1 1,91,1 1,91,1 9,0,2 1,91,1 0,0,0 0,0,0 12,0,2 0,0,0
1,86,1 1,86,1 1,86,1 0,0,0 1,86,1 1,86,1 16,86,1 1,86,1 1,86,1
0,0,0 0,0,0 0,0,0 0,0,0 0,0,0 0,0,0 0,0,0 0,0,0 0,0,0
0,0,0 0,0,0 0,0,0 0,0,0 0,0,0 0,0,0 0,0,0 0,0,0 0,0,0
0,0,0 0,0,0 0,0,0 0,0,0 0,0,0 0,0,0 0,0,0 0,0,0 0,0,0