MODE 0
BALL 90
STARS 0/6000/8600
ADDLINE 1,101,1 1,101,1 1,101,1 1,101,1 1,101,1 1,101,1 1,101,1 12,0,2 1,101,1
ADDLINE 0,0,0 0,0,0 0,0,0 0,0,0 1,107,1 0,0,0 1,107,1 12,0,2 1,107,1
ADDLINE 1,108,1 1,108,1 1,108,1 0,0,0 1,108,1 12,0,2 1,108,1 0,0,0 1,108,1
ADDLINE 1,119,1 1,119,1 1,119,1 0,0,0 1,119,1 0,0,0 12,0,2 0,0,0 1,119,1
ADDLINE 1,114,1 1,114,1 1,114,1 12,0,2 1,114,1 1,114,1 1,114,1 1,114,1 1,114,1
ADDLINE 0,0,0 0,0,0 1,131,1 0,0,0 12,0,2 0,0,0 0,0,0 0,0,0 0,0,0
ADDLINE 1,142,1 0,0,0 1,142,1 1,142,1 1,142,1 12,0,2 1,142,1 1,142,1 1,142,1
ADDLINE 1,154,1 0,0,0 1,154,1 1,154,1 1,154,1 0,0,0 1,154,1 12,0,2 0,0,0
ADDLINE 1,124,1 0,0,0 1,124,1 1,124,1 1,124,1 12,0,2 1,124,1 1,124,1 1,124,1
ADDLINE 1,129,1 12,0,2 1,129,1 1,129,1 1,129,1 1,129,1 1,129,1 1,129,1 1,129,1
ADDLINE 0,0,0 12,0,2 1,148,1 1,148,1 1,148,1 1,148,1 1,148,1 1,148,1 1,148,1
ADDLINE 0,0,0 0,0,0 0,0,0 0,0,0 12,0,2 0,0,0 0,0,0 1,160,1 1,160,1
ADDLINE 1,122,1 1,122,1 1,122,1 1,122,1 1,122,1 1,122,1 12,0,2 1,122,1 1,122,1
ADDLINE 0,0,0 0,0,0 0,0,0 0,0,0 0,0,0 0,0,0 12,0,2 1,141,1 1,141,1
ADDLINE 12,0,2 1,146,1 1,146,1 1,146,1 1,146,1 1,146,1 1,146,1 1,146,1 1,146,1
ADDLINE 0,0,0 0,0,0 12,0,2 1,165,1 1,165,1 1,165,1 1,165,1 1,165,1 1,165,1
ADDLINE 0,0,0 0,0,0 12,0,2 1,133,1 1,133,1 1,133,1 1,133,1 1,133,1 1,133,1
ADDLINE 0,0,0 12,0,2 0,0,0 1,145,1 1,145,1 1,145,1 1,145,1 1,145,1 1,145,1
ADDLINE 1,151,1 1,151,1 1,151,1 12,0,2 1,151,1 1,151,1 1,151,1 1,151,1 1,151,1
ADDLINE 0,0,0 0,0,0 0,0,0 12,0,2 1,171,1 1,171,1 1,171,1 1,171,1 1,171,1
ADDLINE 0,0,0 12,0,2 0,0,0 0,0,0 1,137,1 1,137,1 1,137,1 1,137,1 1,137,1
ADDLINE 1,150,1 1,150,1 1,150,1 0,0,0 0,0,0 0,0,0 12,0,2 1,150,1 1,150,1
ADDLINE 1,163,1 1,163,1 1,163,1 1,163,1 1,163,1 0,0,0 12,0,2 1,163,1 1,163,1
ADDLINE 1,177,1 0,0,0 0,0,0 12,0,2 0,0,0 0,0,0 1,177,1 1,177,1 1,177,1
1,95,1 1,95,1 0,0,0 1,95,1 1,95,1 10,0,2 12,0,2 0,0,0 0,0,0
1,94,1 1,94,1 12,0,2 1,94,1 1,94,1 1,94,1 1,94,1 0,0,0 0,0,0
1,93,1 0,0,0 0,0,0 1,93,1 1,93,1 1,93,1 1,93,1 12,0,2 0,0,0
0,0,0 12,0,2 6,92,1 1,92,1 1,92,1 1,92,1 1,92,1 1,92,1 11,0,2
0,0,0 1,91,1 1,91,1 1,91,1 1,91,1 6,91,1 1,91,1 12,0,2 0,0,0
12,0,2 0,0,0 1,90,1 1,90,1 1,90,1 1,90,1 1,90,1 0,0,0 0,0,0
0,0,0 0,0,0 0,0,0 0,0,0 0,0,0 0,0,0 0,0,0 0,0,0 0,0,0
0,0,0 0,0,0 0,0,0 0,0,0 0,0,0 0,0,0 0,0,0 0,0,0 0,0,0
0,0,0 0,0,0 0,0,0 0,0,0 0,0,0 0,0,0 0,0,0 0,0,0 0,0,0