MODE 0
BALL 90
STARS 0/6300/9100
ADDLINE 0,0,0 1,106,1 1,106,1 16,106,1 12,0,2 1,106,1 1,106,1 1,106,1 1,106,1
ADDLINE 0,0,0 1,107,1 1,107,1 1,107,1 0,0,0 12,0,2 1,107,1 1,107,1 1,107,1
ADDLINE 0,0,0 0,0,0 12,0,2 0,0,0 1,108,1 0,0,0 1,108,1 1,108,1 1,108,1
ADDLINE 0,0,0 1,119,1 1,119,1 16,119,1 1,119,1 12,0,2 1,119,1 1,119,1 1,119,1
ADDLINE 0,0,0 0,0,0 12,0,2 0,0,0 1,120,1 1,120,1 0,0,0 1,120,1 1,120,1
ADDLINE 1,131,1 1,131,1 1,131,1 0,0,0 12,0,2 0,0,0 0,0,0 0,0,0 0,0,0
ADDLINE 1,142,1 1,142,1 1,142,1 1,142,1 12,0,2 0,0,0 1,284,1 1,142,1 0,0,0
ADDLINE 1,308,1 1,308,1 12,0,2 1,308,1 1,308,1 19,154,1 1,308,1 1,308,1 0,0,0
ADDLINE 0,0,0 12,0,2 0,0,0 0,0,0 1,248,1 1,248,1 1,248,1 17,124,1 1,248,1
ADDLINE 0,0,0 1,272,1 0,0,0 1,272,1 12,0,2 0,0,0 1,272,1 1,272,1 10,0,2
ADDLINE 1,296,1 1,296,1 12,0,2 1,296,1 16,148,1 1,296,1 1,296,1 1,296,1 8,0,2
ADDLINE 1,160,1 20,160,1 0,0,0 0,0,0 0,0,0 0,0,0 12,0,2 0,0,0 0,0,0
ADDLINE 1,128,1 1,256,1 12,0,2 1,128,1 1,128,1 1,128,1 1,128,1 1,128,1 0,0,0
ADDLINE 1,141,1 1,141,1 12,0,2 1,141,1 1,282,1 1,282,1 1,282,1 1,141,1 0,0,0
ADDLINE 1,153,1 1,153,1 12,0,2 1,153,1 1,306,1 7,0,2 1,306,1 1,153,1 1,153,1
ADDLINE 0,0,0 0,0,0 12,0,2 1,165,1 1,330,1 1,330,1 1,330,1 1,165,1 0,0,0
ADDLINE 1,127,1 12,0,2 1,127,1 1,127,1 1,127,1 1,127,1 1,127,1 1,127,1 1,127,1
ADDLINE 1,145,1 0,0,0 1,290,1 1,290,1 0,0,0 1,145,1 1,145,1 12,0,2 0,0,0
ADDLINE 1,316,1 1,316,1 19,158,1 1,316,1 1,316,1 1,316,1 12,0,2 1,316,1 0,0,0
ADDLINE 1,163,1 1,326,1 1,326,1 1,326,1 1,326,1 1,326,1 1,163,1 12,0,2 1,326,1
ADDLINE 0,0,0 0,0,0 1,137,1 1,274,1 17,137,1 1,274,1 1,137,1 12,0,2 7,0,2
ADDLINE 1,150,1 11,0,2 1,300,1 1,300,1 1,300,1 1,300,1 1,150,1 12,0,2 1,300,1
ADDLINE 1,163,1 0,0,0 12,0,2 0,0,0 0,0,0 0,0,0 0,0,0 0,0,0 1,326,1
ADDLINE 1,177,1 1,177,1 1,177,1 12,0,2 1,177,1 1,177,1 1,177,1 1,354,1 20,177,1
1,95,1 1,95,1 7,0,2 1,95,1 1,95,1 1,95,1 1,95,1 12,0,2 1,95,1
0,0,0 0,0,0 0,0,0 0,0,0 0,0,0 0,0,0 12,0,2 0,0,0 0,0,0
1,89,1 12,0,2 1,89,1 1,89,1 20,89,1 1,89,1 19,89,1 1,89,1 1,89,1
1,92,1 0,0,0 10,0,2 12,0,2 1,92,1 1,92,1 1,92,1 1,92,1 7,0,2
0,0,0 12,0,2 1,87,1 1,87,1 1,87,1 1,87,1 1,87,1 1,87,1 1,87,1
8,0,2 12,0,2 5,90,1 0,0,0 1,90,1 1,90,1 1,90,1 1,90,1 1,90,1
0,0,0 0,0,0 0,0,0 0,0,0 0,0,0 0,0,0 0,0,0 0,0,0 0,0,0
0,0,0 0,0,0 0,0,0 0,0,0 0,0,0 0,0,0 0,0,0 0,0,0 0,0,0
0,0,0 0,0,0 0,0,0 0,0,0 0,0,0 0,0,0 0,0,0 0,0,0 0,0,0