MODE 0
BALL 90
STARS 0/6500/9400
ADDLINE 1,106,1 12,0,2 0,0,0 1,106,1 1,106,1 0,0,0 0,0,0 0,0,0 0,0,0
ADDLINE 1,107,1 0,0,0 0,0,0 12,0,2 0,0,0 1,107,1 1,107,1 1,107,1 0,0,0
ADDLINE 0,0,0 12,0,2 1,108,1 1,108,1 1,108,1 1,108,1 0,0,0 0,0,0 0,0,0
ADDLINE 0,0,0 1,119,1 12,0,2 0,0,0 1,119,1 1,119,1 1,119,1 1,119,1 0,0,0
ADDLINE 0,0,0 1,120,1 1,120,1 1,120,1 1,120,1 1,120,1 0,0,0 12,0,2 1,120,1
ADDLINE 0,0,0 1,131,1 0,0,0 12,0,2 1,131,1 1,131,1 1,131,1 0,0,0 1,131,1
ADDLINE 0,0,0 1,142,1 1,142,1 1,142,1 12,0,2 1,142,1 0,0,0 1,142,1 1,142,1
ADDLINE 0,0,0 0,0,0 0,0,0 1,154,1 12,0,2 1,154,1 0,0,0 1,154,1 1,154,1
ADDLINE 1,124,1 1,124,1 0,0,0 0,0,0 1,124,1 12,0,2 0,0,0 0,0,0 1,124,1
ADDLINE 1,129,1 1,129,1 1,129,1 1,129,1 12,0,2 1,129,1 1,129,1 1,129,1 1,129,1
ADDLINE 0,0,0 0,0,0 12,0,2 1,148,1 0,0,0 1,148,1 0,0,0 0,0,0 0,0,0
ADDLINE 1,160,1 1,160,1 1,160,1 1,160,1 12,0,2 1,160,1 1,160,1 1,160,1 0,0,0
ADDLINE 1,128,1 1,128,1 0,0,0 0,0,0 0,0,0 1,128,1 0,0,0 12,0,2 0,0,0
ADDLINE 1,141,1 1,141,1 12,0,2 1,141,1 1,141,1 1,141,1 1,141,1 1,141,1 0,0,0
ADDLINE 1,153,1 1,153,1 12,0,2 1,153,1 1,153,1 1,153,1 1,153,1 1,153,1 0,0,0
ADDLINE 1,157,1 1,157,1 1,157,1 1,157,1 1,157,1 1,157,1 1,157,1 1,157,1 12,0,2
ADDLINE 0,0,0 0,0,0 12,0,2 1,133,1 1,133,1 1,133,1 1,133,1 1,133,1 0,0,0
ADDLINE 1,138,1 1,138,1 12,0,2 1,138,1 1,138,1 1,138,1 1,138,1 1,138,1 1,138,1
ADDLINE 0,0,0 1,158,1 1,158,1 1,158,1 0,0,0 1,158,1 12,0,2 1,158,1 0,0,0
ADDLINE 12,0,2 0,0,0 0,0,0 0,0,0 0,0,0 1,171,1 0,0,0 1,171,1 0,0,0
ADDLINE 1,131,1 1,131,1 1,131,1 1,131,1 1,131,1 1,131,1 12,0,2 1,131,1 1,131,1
ADDLINE 1,150,1 0,0,0 1,150,1 1,150,1 0,0,0 0,0,0 0,0,0 12,0,2 0,0,0
ADDLINE 0,0,0 1,163,1 1,163,1 1,163,1 12,0,2 1,163,1 1,163,1 1,163,1 1,163,1
ADDLINE 0,0,0 1,177,1 1,177,1 1,177,1 12,0,2 1,177,1 1,177,1 1,177,1 1,177,1
15,0,2 1,91,1 1,91,1 1,91,1 1,91,1 12,0,2 1,91,1 1,91,1 1,91,1
1,90,1 1,90,1 1,90,1 1,90,1 1,90,1 12,0,2 1,90,1 1,90,1 1,90,1
1,93,1 1,93,1 1,93,1 1,93,1 1,93,1 0,0,0 12,0,2 0,0,0 7,0,2
1,88,1 1,88,1 6,88,1 1,88,1 17,88,1 12,0,2 1,88,1 1,88,1 1,88,1
0,0,0 12,0,2 14,0,2 0,0,0 0,0,0 0,0,0 0,0,0 0,0,0 1,91,1
1,86,1 12,0,2 1,86,1 1,86,1 1,86,1 1,86,1 1,86,1 1,86,1 1,86,1
0,0,0 0,0,0 0,0,0 0,0,0 0,0,0 0,0,0 0,0,0 0,0,0 0,0,0
0,0,0 0,0,0 0,0,0 0,0,0 0,0,0 0,0,0 0,0,0 0,0,0 0,0,0
0,0,0 0,0,0 0,0,0 0,0,0 0,0,0 0,0,0 0,0,0 0,0,0 0,0,0