MODE 0
BALL 90
STARS 0/6050/8650
ADDLINE 0,0,0 4,106,1 1,106,1 1,106,1 12,0,2 1,106,1 0,0,0 1,106,1 1,106,1
ADDLINE 0,0,0 1,107,1 0,0,0 0,0,0 0,0,0 1,107,1 12,0,2 5,107,1 5,107,1
ADDLINE 0,0,0 1,108,1 1,108,1 1,108,1 1,108,1 3,108,1 12,0,2 1,108,1 1,108,1
ADDLINE 1,119,1 10,0,2 0,0,0 1,119,1 1,119,1 1,119,1 12,0,2 1,119,1 0,0,0
ADDLINE 1,114,1 1,114,1 1,114,1 1,114,1 5,114,1 2,114,1 1,114,1 1,114,1 12,0,2
ADDLINE 12,0,2 1,131,1 0,0,0 0,0,0 0,0,0 0,0,0 0,0,0 1,131,1 0,0,0
ADDLINE 0,0,0 1,142,1 1,142,1 1,142,1 4,142,1 1,142,1 12,0,2 1,142,1 0,0,0
ADDLINE 8,0,2 0,0,0 0,0,0 0,0,0 12,0,2 0,0,0 0,0,0 1,308,1 0,0,0
ADDLINE 2,124,1 1,124,1 1,248,1 1,248,1 1,248,1 1,124,1 12,0,2 1,124,1 0,0,0
ADDLINE 1,136,1 1,136,1 1,272,1 7,0,2 1,272,1 1,136,1 12,0,2 0,0,0 0,0,0
ADDLINE 1,148,1 1,148,1 1,296,1 1,296,1 1,296,1 1,148,1 0,0,0 12,0,2 0,0,0
ADDLINE 1,160,1 2,160,1 3,160,1 1,320,1 11,0,2 0,0,0 12,0,2 0,0,0 0,0,0
ADDLINE 5,128,1 1,256,1 1,256,1 0,0,0 0,0,0 0,0,0 12,0,2 1,128,1 1,128,1
ADDLINE 1,282,1 1,282,1 10,0,2 0,0,0 1,282,1 1,282,1 12,0,2 1,282,1 1,282,1
ADDLINE 2,153,1 1,306,1 0,0,0 12,0,2 0,0,0 0,0,0 0,0,0 1,153,1 1,153,1
ADDLINE 1,330,1 1,330,1 1,330,1 1,330,1 0,0,0 8,0,2 12,0,2 1,330,1 1,330,1
ADDLINE 1,133,1 3,133,1 1,133,1 5,133,1 0,0,0 0,0,0 12,0,2 1,133,1 1,133,1
ADDLINE 1,145,1 1,145,1 1,290,1 11,0,2 12,0,2 0,0,0 0,0,0 0,0,0 1,145,1
ADDLINE 1,151,1 1,151,1 12,0,2 1,302,1 1,302,1 1,151,1 1,151,1 1,151,1 1,151,1
ADDLINE 0,0,0 0,0,0 12,0,2 5,171,1 1,171,1 2,171,1 1,171,1 2,171,1 1,171,1
ADDLINE 0,0,0 12,0,2 1,137,1 1,137,1 1,137,1 1,137,1 1,137,1 5,137,1 4,137,1
ADDLINE 0,0,0 12,0,2 1,150,1 1,150,1 1,150,1 1,150,1 1,150,1 2,150,1 3,150,1
ADDLINE 0,0,0 0,0,0 0,0,0 0,0,0 12,0,2 5,163,1 1,163,1 0,0,0 3,163,1
ADDLINE 1,177,1 1,177,1 0,0,0 1,177,1 1,177,1 12,0,2 1,177,1 1,177,1 0,0,0
1,95,1 4,95,1 0,0,0 8,0,2 12,0,2 0,0,0 1,95,1 1,95,1 17,95,1
4,94,1 0,0,0 3,94,1 0,0,0 1,94,1 7,0,2 0,0,0 12,0,2 1,94,1
1,93,1 7,0,2 1,93,1 0,0,0 1,93,1 1,93,1 1,93,1 12,0,2 1,93,1
1,92,1 1,92,1 1,92,1 0,0,0 12,0,2 0,0,0 0,0,0 0,0,0 1,92,1
1,91,1 1,91,1 11,0,2 12,0,2 5,91,1 6,91,1 4,91,1 0,0,0 2,91,1
1,90,1 1,90,1 0,0,0 1,90,1 1,90,1 1,90,1 4,90,1 12,0,2 1,90,1
0,0,0 0,0,0 0,0,0 0,0,0 0,0,0 0,0,0 0,0,0 0,0,0 0,0,0
0,0,0 0,0,0 0,0,0 0,0,0 0,0,0 0,0,0 0,0,0 0,0,0 0,0,0
0,0,0 0,0,0 0,0,0 0,0,0 0,0,0 0,0,0 0,0,0 0,0,0 0,0,0