MODE 0
BALL 90
STARS 0/6600/9500
ADDLINE 0,0,0 0,0,0 0,0,0 0,0,0 0,0,0 0,0,0 1,106,1 12,0,2 0,0,0
ADDLINE 5,107,1 1,107,1 0,0,0 3,107,1 1,107,1 0,0,0 12,0,2 1,107,1 1,107,1
ADDLINE 1,108,1 2,108,1 0,0,0 0,0,0 12,0,2 1,108,1 0,0,0 1,108,1 1,108,1
ADDLINE 1,119,1 2,119,1 12,0,2 0,0,0 0,0,0 0,0,0 0,0,0 0,0,0 0,0,0
ADDLINE 0,0,0 12,0,2 0,0,0 1,120,1 5,120,1 2,120,1 1,120,1 1,120,1 0,0,0
ADDLINE 12,0,2 1,131,1 1,131,1 4,131,1 1,131,1 1,131,1 1,131,1 1,131,1 0,0,0
ADDLINE 0,0,0 1,142,1 4,142,1 3,142,1 1,142,1 0,0,0 0,0,0 12,0,2 1,142,1
ADDLINE 0,0,0 0,0,0 12,0,2 1,154,1 1,154,1 1,154,1 2,154,1 0,0,0 1,154,1
ADDLINE 1,124,1 1,124,1 0,0,0 0,0,0 12,0,2 0,0,0 0,0,0 0,0,0 1,124,1
ADDLINE 1,136,1 1,136,1 1,136,1 1,136,1 1,136,1 0,0,0 1,136,1 12,0,2 1,136,1
ADDLINE 1,148,1 2,148,1 1,148,1 4,148,1 1,148,1 0,0,0 1,148,1 12,0,2 3,148,1
ADDLINE 1,160,1 0,0,0 0,0,0 0,0,0 0,0,0 2,160,1 1,160,1 12,0,2 0,0,0
ADDLINE 1,122,1 12,0,2 4,122,1 1,122,1 1,122,1 2,122,1 1,122,1 1,122,1 1,122,1
ADDLINE 0,0,0 12,0,2 0,0,0 0,0,0 0,0,0 0,0,0 1,141,1 1,141,1 1,141,1
ADDLINE 3,146,1 1,146,1 1,146,1 1,146,1 4,146,1 12,0,2 1,146,1 3,146,1 1,146,1
ADDLINE 1,165,1 5,165,1 4,165,1 4,165,1 1,165,1 0,0,0 12,0,2 0,0,0 1,165,1
ADDLINE 1,133,1 1,133,1 1,133,1 1,133,1 1,133,1 0,0,0 1,133,1 12,0,2 1,133,1
ADDLINE 1,145,1 1,145,1 3,145,1 1,145,1 1,145,1 0,0,0 3,145,1 12,0,2 1,145,1
ADDLINE 1,158,1 4,158,1 3,158,1 1,158,1 12,0,2 1,158,1 1,158,1 1,158,1 0,0,0
ADDLINE 1,163,1 1,163,1 1,163,1 1,163,1 2,163,1 1,163,1 1,163,1 1,163,1 12,0,2
ADDLINE 2,137,1 1,137,1 4,137,1 3,137,1 12,0,2 1,137,1 1,137,1 1,137,1 0,0,0
ADDLINE 3,143,1 1,143,1 1,143,1 1,143,1 12,0,2 1,143,1 1,143,1 3,143,1 5,143,1
ADDLINE 1,163,1 12,0,2 1,163,1 0,0,0 0,0,0 0,0,0 1,163,1 0,0,0 0,0,0
ADDLINE 1,168,1 1,168,1 5,168,1 1,168,1 1,168,1 12,0,2 4,168,1 1,168,1 1,168,1
12,0,2 1,95,1 9,0,2 1,95,1 3,95,1 1,95,1 1,95,1 1,95,1 0,0,0
16,90,1 2,90,1 1,90,1 16,90,1 1,90,1 6,90,1 1,90,1 17,90,1 12,0,2
1,93,1 3,93,1 0,0,0 0,0,0 4,93,1 12,0,2 0,0,0 0,0,0 3,93,1
1,88,1 5,88,1 12,0,2 4,88,1 3,88,1 1,88,1 1,88,1 4,88,1 1,88,1
1,91,1 2,91,1 4,91,1 3,91,1 12,0,2 5,91,1 2,91,1 1,91,1 4,91,1
17,86,1 1,86,1 12,0,2 1,86,1 1,86,1 1,86,1 1,86,1 16,86,1 1,86,1
0,0,0 0,0,0 0,0,0 0,0,0 0,0,0 0,0,0 0,0,0 0,0,0 0,0,0
0,0,0 0,0,0 0,0,0 0,0,0 0,0,0 0,0,0 0,0,0 0,0,0 0,0,0
0,0,0 0,0,0 0,0,0 0,0,0 0,0,0 0,0,0 0,0,0 0,0,0 0,0,0