MODE 0
BALL 90
STARS 0/6800/9300
ADDLINE 1,101,1 1,101,1 1,101,1 5,101,1 1,101,1 1,101,1 12,0,2 4,101,1 1,101,1
ADDLINE 0,0,0 0,0,0 0,0,0 0,0,0 12,0,2 1,107,1 0,0,0 1,107,1 1,107,1
ADDLINE 1,108,1 1,108,1 1,108,1 3,108,1 0,0,0 1,108,1 12,0,2 3,108,1 1,108,1
ADDLINE 0,0,0 0,0,0 0,0,0 5,119,1 12,0,2 1,119,1 0,0,0 0,0,0 0,0,0
ADDLINE 1,114,1 1,114,1 1,114,1 1,114,1 12,0,2 1,114,1 1,114,1 3,114,1 1,114,1
ADDLINE 5,131,1 1,131,1 1,131,1 1,131,1 0,0,0 2,131,1 0,0,0 12,0,2 0,0,0
ADDLINE 4,142,1 4,142,1 1,142,1 5,142,1 0,0,0 1,142,1 12,0,2 1,142,1 1,142,1
ADDLINE 0,0,0 0,0,0 0,0,0 0,0,0 12,0,2 1,154,1 0,0,0 0,0,0 0,0,0
ADDLINE 1,118,1 3,118,1 1,118,1 1,118,1 1,118,1 1,118,1 12,0,2 1,118,1 1,118,1
ADDLINE 1,129,1 4,129,1 1,129,1 12,0,2 1,129,1 1,129,1 1,129,1 1,129,1 5,129,1
ADDLINE 1,148,1 1,148,1 0,0,0 12,0,2 1,148,1 1,148,1 1,148,1 1,148,1 1,148,1
ADDLINE 0,0,0 0,0,0 12,0,2 1,160,1 1,160,1 4,160,1 2,160,1 1,160,1 2,160,1
ADDLINE 0,0,0 0,0,0 0,0,0 0,0,0 0,0,0 12,0,2 1,128,1 1,128,1 1,128,1
ADDLINE 1,141,1 0,0,0 0,0,0 0,0,0 12,0,2 0,0,0 1,141,1 2,141,1 3,141,1
ADDLINE 1,153,1 0,0,0 0,0,0 12,0,2 1,153,1 1,153,1 1,153,1 4,153,1 1,153,1
ADDLINE 3,165,1 1,165,1 2,165,1 0,0,0 0,0,0 12,0,2 0,0,0 1,165,1 3,165,1
ADDLINE 1,133,1 1,133,1 1,133,1 1,133,1 5,133,1 1,133,1 0,0,0 12,0,2 1,133,1
ADDLINE 1,145,1 1,145,1 1,145,1 1,145,1 1,145,1 5,145,1 0,0,0 12,0,2 1,145,1
ADDLINE 12,0,2 1,151,1 1,151,1 1,151,1 1,151,1 1,151,1 2,151,1 1,151,1 1,151,1
ADDLINE 12,0,2 3,163,1 1,163,1 1,163,1 1,163,1 1,163,1 1,163,1 1,163,1 4,163,1
ADDLINE 0,0,0 0,0,0 12,0,2 2,137,1 1,137,1 3,137,1 1,137,1 4,137,1 1,137,1
ADDLINE 0,0,0 12,0,2 0,0,0 3,150,1 1,150,1 1,150,1 1,150,1 1,150,1 1,150,1
ADDLINE 0,0,0 0,0,0 0,0,0 0,0,0 0,0,0 12,0,2 0,0,0 0,0,0 1,163,1
ADDLINE 1,177,1 0,0,0 0,0,0 12,0,2 0,0,0 0,0,0 0,0,0 0,0,0 5,177,1
0,0,0 12,0,2 0,0,0 1,95,1 0,0,0 0,0,0 1,95,1 1,95,1 1,95,1
1,94,1 1,94,1 0,0,0 15,0,2 12,0,2 2,94,1 1,94,1 3,94,1 1,94,1
0,0,0 12,0,2 1,93,1 5,93,1 6,93,1 5,93,1 6,93,1 1,93,1 1,93,1
1,88,1 4,88,1 1,88,1 1,88,1 12,0,2 1,88,1 4,88,1 1,88,1 1,88,1
0,0,0 14,0,2 12,0,2 1,91,1 0,0,0 1,91,1 1,91,1 5,91,1 2,91,1
0,0,0 1,90,1 1,90,1 1,90,1 1,90,1 12,0,2 1,90,1 1,90,1 2,90,1
0,0,0 0,0,0 0,0,0 0,0,0 0,0,0 0,0,0 0,0,0 0,0,0 0,0,0
0,0,0 0,0,0 0,0,0 0,0,0 0,0,0 0,0,0 0,0,0 0,0,0 0,0,0
0,0,0 0,0,0 0,0,0 0,0,0 0,0,0 0,0,0 0,0,0 0,0,0 0,0,0