MODE 0
BALL 90
STARS 0/8000/11500
ADDLINE 19,106,1 1,106,1 12,0,2 1,106,1 1,106,1 1,106,1 1,106,1 1,106,1 0,0,0
ADDLINE 12,0,2 1,107,1 1,107,1 1,107,1 1,107,1 16,107,1 1,107,1 1,107,1 0,0,0
ADDLINE 0,0,0 1,108,1 0,0,0 12,0,2 4,108,1 1,108,1 0,0,0 1,108,1 1,108,1
ADDLINE 0,0,0 1,119,1 1,119,1 16,119,1 1,119,1 1,119,1 12,0,2 1,119,1 1,119,1
ADDLINE 0,0,0 1,120,1 0,0,0 1,120,1 0,0,0 3,120,1 12,0,2 0,0,0 1,120,1
ADDLINE 4,131,1 0,0,0 12,0,2 0,0,0 0,0,0 1,131,1 1,131,1 0,0,0 0,0,0
ADDLINE 1,142,1 12,0,2 1,142,1 0,0,0 1,284,1 1,284,1 1,284,1 1,142,1 0,0,0
ADDLINE 1,154,1 12,0,2 0,0,0 4,154,1 1,308,1 20,154,1 1,308,1 0,0,0 0,0,0
ADDLINE 1,124,1 3,124,1 12,0,2 1,124,1 1,248,1 0,0,0 1,248,1 0,0,0 0,0,0
ADDLINE 0,0,0 0,0,0 0,0,0 12,0,2 1,136,1 0,0,0 0,0,0 0,0,0 0,0,0
ADDLINE 1,141,1 4,141,1 1,141,1 12,0,2 5,141,1 1,141,1 1,141,1 1,141,1 1,141,1
ADDLINE 1,152,1 1,152,1 1,152,1 12,0,2 1,152,1 5,152,1 1,152,1 1,152,1 3,152,1
ADDLINE 1,256,1 1,256,1 16,128,1 12,0,2 1,256,1 1,256,1 1,256,1 1,256,1 1,256,1
ADDLINE 1,141,1 0,0,0 0,0,0 12,0,2 1,141,1 0,0,0 0,0,0 0,0,0 0,0,0
ADDLINE 1,146,1 1,146,1 5,146,1 1,146,1 1,146,1 1,146,1 2,146,1 12,0,2 1,146,1
ADDLINE 2,165,1 0,0,0 1,165,1 1,165,1 1,165,1 1,165,1 1,165,1 12,0,2 5,165,1
ADDLINE 1,133,1 0,0,0 1,133,1 1,133,1 5,133,1 1,133,1 1,133,1 12,0,2 4,133,1
ADDLINE 1,290,1 1,290,1 1,290,1 1,290,1 1,290,1 1,290,1 16,145,1 12,0,2 0,0,0
ADDLINE 0,0,0 0,0,0 1,158,1 0,0,0 1,316,1 12,0,2 17,158,1 1,316,1 1,158,1
ADDLINE 1,171,1 1,171,1 4,171,1 1,342,1 17,171,1 1,342,1 1,342,1 12,0,2 1,171,1
ADDLINE 2,137,1 1,137,1 1,137,1 1,274,1 1,274,1 12,0,2 0,0,0 0,0,0 1,137,1
ADDLINE 1,150,1 5,150,1 1,150,1 0,0,0 1,150,1 12,0,2 1,150,1 2,150,1 3,150,1
ADDLINE 1,326,1 0,0,0 1,326,1 12,0,2 1,326,1 1,326,1 1,326,1 1,326,1 16,163,1
ADDLINE 1,177,1 0,0,0 1,177,1 1,177,1 1,177,1 12,0,2 1,177,1 1,177,1 5,177,1
1,95,1 1,95,1 12,0,2 20,95,1 1,95,1 1,95,1 0,0,0 2,95,1 0,0,0
10,0,2 5,94,1 0,0,0 12,0,2 6,94,1 1,94,1 0,0,0 0,0,0 0,0,0
3,89,1 2,89,1 5,89,1 1,89,1 12,0,2 1,89,1 1,89,1 1,89,1 5,89,1
0,0,0 0,0,0 2,92,1 5,92,1 12,0,2 20,92,1 0,0,0 12,0,2 0,0,0
1,87,1 4,87,1 1,87,1 2,87,1 12,0,2 1,87,1 5,87,1 1,87,1 1,87,1
1,86,1 1,86,1 3,86,1 1,86,1 11,0,2 1,86,1 4,86,1 1,86,1 1,86,1
0,0,0 0,0,0 0,0,0 0,0,0 0,0,0 0,0,0 0,0,0 0,0,0 0,0,0
0,0,0 0,0,0 0,0,0 0,0,0 0,0,0 0,0,0 0,0,0 0,0,0 0,0,0
0,0,0 0,0,0 0,0,0 0,0,0 0,0,0 0,0,0 0,0,0 0,0,0 0,0,0