MODE 0
BALL 90
STARS 0/6100/8700
ADDLINE 1,106,1 0,0,0 0,0,0 12,0,2 0,0,0 0,0,0 0,0,0 0,0,0 0,0,0
ADDLINE 1,107,1 12,0,2 1,107,1 1,107,1 1,107,1 1,107,1 1,107,1 1,107,1 0,0,0
ADDLINE 1,108,1 1,108,1 1,108,1 0,0,0 0,0,0 0,0,0 1,108,1 12,0,2 1,108,1
ADDLINE 1,119,1 1,119,1 1,119,1 1,119,1 1,119,1 0,0,0 1,119,1 12,0,2 0,0,0
ADDLINE 0,0,0 0,0,0 0,0,0 0,0,0 0,0,0 0,0,0 0,0,0 12,0,2 1,120,1
ADDLINE 0,0,0 12,0,2 1,131,1 1,131,1 1,131,1 1,131,1 0,0,0 1,131,1 1,131,1
ADDLINE 1,142,1 0,0,0 12,0,2 0,0,0 0,0,0 0,0,0 1,142,1 1,142,1 1,142,1
ADDLINE 0,0,0 1,154,1 1,154,1 1,154,1 1,154,1 12,0,2 1,154,1 1,154,1 1,154,1
ADDLINE 0,0,0 0,0,0 12,0,2 1,124,1 1,124,1 0,0,0 0,0,0 0,0,0 0,0,0
ADDLINE 1,136,1 1,136,1 1,136,1 12,0,2 1,136,1 1,136,1 1,136,1 0,0,0 0,0,0
ADDLINE 1,148,1 1,148,1 1,148,1 0,0,0 1,148,1 1,148,1 1,148,1 12,0,2 1,148,1
ADDLINE 0,0,0 0,0,0 1,160,1 12,0,2 1,160,1 1,160,1 1,160,1 0,0,0 1,160,1
ADDLINE 1,122,1 1,122,1 1,122,1 12,0,2 1,122,1 1,122,1 1,122,1 1,122,1 1,122,1
ADDLINE 1,141,1 0,0,0 0,0,0 0,0,0 0,0,0 0,0,0 0,0,0 12,0,2 0,0,0
ADDLINE 1,153,1 0,0,0 1,153,1 1,153,1 1,153,1 1,153,1 1,153,1 12,0,2 1,153,1
ADDLINE 1,165,1 0,0,0 1,165,1 1,165,1 1,165,1 1,165,1 1,165,1 12,0,2 1,165,1
ADDLINE 1,127,1 1,127,1 1,127,1 1,127,1 1,127,1 1,127,1 1,127,1 12,0,2 1,127,1
ADDLINE 1,145,1 0,0,0 1,145,1 1,145,1 1,145,1 1,145,1 1,145,1 12,0,2 1,145,1
ADDLINE 1,151,1 1,151,1 1,151,1 12,0,2 1,151,1 1,151,1 1,151,1 1,151,1 1,151,1
ADDLINE 1,171,1 1,171,1 1,171,1 0,0,0 12,0,2 0,0,0 0,0,0 0,0,0 1,171,1
ADDLINE 1,131,1 1,131,1 1,131,1 12,0,2 1,131,1 1,131,1 1,131,1 1,131,1 1,131,1
ADDLINE 1,150,1 0,0,0 12,0,2 0,0,0 1,150,1 0,0,0 1,150,1 1,150,1 1,150,1
ADDLINE 1,155,1 1,155,1 1,155,1 1,155,1 1,155,1 12,0,2 1,155,1 1,155,1 1,155,1
ADDLINE 1,177,1 0,0,0 0,0,0 0,0,0 0,0,0 12,0,2 0,0,0 0,0,0 0,0,0
1,95,1 1,95,1 6,95,1 0,0,0 0,0,0 12,0,2 0,0,0 0,0,0 10,0,2
1,90,1 1,90,1 1,90,1 1,90,1 1,90,1 1,90,1 12,0,2 1,90,1 1,90,1
1,93,1 6,93,1 0,0,0 1,93,1 1,93,1 6,93,1 0,0,0 12,0,2 1,93,1
1,88,1 1,88,1 1,88,1 1,88,1 16,88,1 4,88,1 3,88,1 12,0,2 1,88,1
0,0,0 0,0,0 1,91,1 0,0,0 1,91,1 12,0,2 0,0,0 11,0,2 0,0,0
1,90,1 1,90,1 1,90,1 0,0,0 1,90,1 12,0,2 1,90,1 1,90,1 1,90,1
0,0,0 0,0,0 0,0,0 0,0,0 0,0,0 0,0,0 0,0,0 0,0,0 0,0,0
0,0,0 0,0,0 0,0,0 0,0,0 0,0,0 0,0,0 0,0,0 0,0,0 0,0,0
0,0,0 0,0,0 0,0,0 0,0,0 0,0,0 0,0,0 0,0,0 0,0,0 0,0,0