MODE 0
BALL 90
STARS 0/6200/9000
ADDLINE 0,0,0 0,0,0 0,0,0 0,0,0 1,106,1 0,0,0 12,0,2 0,0,0 1,212,1
ADDLINE 1,107,1 1,107,1 1,107,1 0,0,0 1,107,1 0,0,0 1,107,1 12,0,2 1,107,1
ADDLINE 1,108,1 1,108,1 1,108,1 0,0,0 1,108,1 12,0,2 1,108,1 0,0,0 1,108,1
ADDLINE 1,119,1 1,119,1 1,119,1 0,0,0 1,119,1 12,0,2 1,119,1 0,0,0 1,119,1
ADDLINE 1,120,1 0,0,0 0,0,0 12,0,2 1,240,1 0,0,0 1,240,1 0,0,0 1,120,1
ADDLINE 1,262,1 0,0,0 1,262,1 12,0,2 1,262,1 10,0,2 1,262,1 1,262,1 1,262,1
ADDLINE 1,142,1 12,0,2 1,142,1 0,0,0 1,284,1 0,0,0 0,0,0 0,0,0 0,0,0
ADDLINE 1,308,1 1,308,1 1,308,1 8,0,2 1,308,1 1,308,1 1,308,1 12,0,2 1,308,1
ADDLINE 0,0,0 12,0,2 1,124,1 0,0,0 1,124,1 1,124,1 1,124,1 0,0,0 1,124,1
ADDLINE 12,0,2 1,258,1 1,129,1 1,129,1 1,129,1 1,129,1 1,129,1 1,129,1 1,129,1
ADDLINE 10,0,2 12,0,2 1,296,1 1,296,1 1,296,1 1,296,1 1,296,1 1,296,1 1,296,1
ADDLINE 0,0,0 12,0,2 1,160,1 1,160,1 1,160,1 1,160,1 1,160,1 1,160,1 1,160,1
ADDLINE 0,0,0 12,0,2 0,0,0 1,128,1 1,128,1 1,256,1 1,256,1 1,256,1 1,128,1
ADDLINE 1,141,1 1,141,1 0,0,0 0,0,0 0,0,0 0,0,0 7,0,2 12,0,2 0,0,0
ADDLINE 1,146,1 1,146,1 1,146,1 1,146,1 1,146,1 1,292,1 1,292,1 1,292,1 12,0,2
ADDLINE 1,165,1 1,165,1 1,165,1 1,165,1 1,165,1 1,165,1 1,165,1 12,0,2 0,0,0
ADDLINE 1,133,1 0,0,0 0,0,0 0,0,0 12,0,2 0,0,0 0,0,0 0,0,0 1,133,1
ADDLINE 1,145,1 0,0,0 0,0,0 12,0,2 0,0,0 0,0,0 1,145,1 1,145,1 1,145,1
ADDLINE 1,158,1 1,158,1 12,0,2 0,0,0 1,158,1 1,158,1 1,158,1 1,158,1 1,158,1
ADDLINE 0,0,0 12,0,2 8,0,2 1,342,1 1,342,1 1,342,1 1,342,1 1,342,1 1,342,1
ADDLINE 0,0,0 12,0,2 0,0,0 1,137,1 1,274,1 1,274,1 1,274,1 1,137,1 1,137,1
ADDLINE 0,0,0 12,0,2 1,150,1 1,150,1 1,300,1 7,0,2 1,300,1 1,150,1 1,150,1
ADDLINE 0,0,0 0,0,0 12,0,2 1,163,1 1,326,1 1,326,1 1,326,1 1,163,1 1,163,1
ADDLINE 0,0,0 0,0,0 0,0,0 12,0,2 1,177,1 1,177,1 1,177,1 1,177,1 1,177,1
1,95,1 1,95,1 1,95,1 0,0,0 12,0,2 1,95,1 1,95,1 1,95,1 10,0,2
1,94,1 6,94,1 1,94,1 12,0,2 20,2,1 1,94,1 20,94,1 1,94,1 8,0,2
1,93,1 1,93,1 1,93,1 1,2,1 1,93,1 20,93,1 12,0,2 20,93,1 0,0,0
1,2,1 1,2,1 1,2,1 1,2,1 1,92,1 0,0,0 12,0,2 1,92,1 1,92,1
1,2,1 1,91,1 1,91,1 1,91,1 1,91,1 12,0,2 1,91,1 1,91,1 1,91,1
1,2,1 10,0,2 1,90,1 1,90,1 1,90,1 1,90,1 12,0,2 1,90,1 1,90,1
0,0,0 0,0,0 0,0,0 0,0,0 0,0,0 0,0,0 0,0,0 0,0,0 0,0,0
0,0,0 0,0,0 0,0,0 0,0,0 0,0,0 0,0,0 0,0,0 0,0,0 0,0,0
0,0,0 0,0,0 0,0,0 0,0,0 0,0,0 0,0,0 0,0,0 0,0,0 0,0,0