MODE 0
BALL 90
STARS 0/6000/8500
ADDLINE 1,106,1 1,106,1 0,0,0 12,0,2 1,106,1 0,0,0 1,106,1 1,106,1 1,106,1
ADDLINE 1,107,1 1,107,1 0,0,0 0,0,0 1,107,1 0,0,0 12,0,2 0,0,0 1,107,1
ADDLINE 0,0,0 0,0,0 0,0,0 1,108,1 1,108,1 0,0,0 1,108,1 12,0,2 1,108,1
ADDLINE 0,0,0 1,119,1 1,119,1 1,119,1 1,119,1 0,0,0 1,119,1 12,0,2 1,119,1
ADDLINE 0,0,0 0,0,0 0,0,0 1,120,1 0,0,0 1,120,1 1,120,1 12,0,2 1,120,1
ADDLINE 1,131,1 1,131,1 1,131,1 0,0,0 12,0,2 0,0,0 1,131,1 0,0,0 1,131,1
ADDLINE 1,142,1 1,142,1 1,142,1 0,0,0 1,142,1 1,142,1 0,0,0 12,0,2 1,142,1
ADDLINE 0,0,0 0,0,0 0,0,0 0,0,0 12,0,2 0,0,0 0,0,0 1,154,1 1,154,1
ADDLINE 0,0,0 0,0,0 0,0,0 12,0,2 1,124,1 1,124,1 1,124,1 1,124,1 1,124,1
ADDLINE 0,0,0 1,136,1 1,136,1 1,136,1 1,136,1 1,136,1 12,0,2 0,0,0 0,0,0
ADDLINE 1,141,1 1,141,1 1,141,1 1,141,1 1,141,1 1,141,1 12,0,2 1,141,1 1,141,1
ADDLINE 12,0,2 1,160,1 1,160,1 1,160,1 1,160,1 1,160,1 0,0,0 1,160,1 0,0,0
ADDLINE 0,0,0 1,128,1 1,128,1 1,128,1 1,128,1 1,128,1 12,0,2 1,128,1 1,128,1
ADDLINE 12,0,2 0,0,0 1,141,1 0,0,0 0,0,0 1,141,1 0,0,0 1,141,1 0,0,0
ADDLINE 1,153,1 1,153,1 12,0,2 1,153,1 1,153,1 1,153,1 1,153,1 1,153,1 0,0,0
ADDLINE 0,0,0 1,165,1 12,0,2 1,165,1 1,165,1 1,165,1 1,165,1 1,165,1 0,0,0
ADDLINE 0,0,0 1,133,1 12,0,2 1,133,1 1,133,1 1,133,1 1,133,1 1,133,1 1,133,1
ADDLINE 0,0,0 1,145,1 0,0,0 1,145,1 0,0,0 12,0,2 0,0,0 0,0,0 0,0,0
ADDLINE 1,151,1 1,151,1 1,151,1 1,151,1 1,151,1 1,151,1 1,151,1 1,151,1 12,0,2
ADDLINE 0,0,0 1,171,1 12,0,2 1,171,1 1,171,1 1,171,1 1,171,1 1,171,1 0,0,0
ADDLINE 1,137,1 1,137,1 12,0,2 1,137,1 1,137,1 1,137,1 1,137,1 1,137,1 0,0,0
ADDLINE 0,0,0 1,150,1 0,0,0 1,150,1 0,0,0 1,150,1 12,0,2 1,150,1 0,0,0
ADDLINE 1,155,1 1,155,1 1,155,1 1,155,1 1,155,1 1,155,1 1,155,1 1,155,1 12,0,2
ADDLINE 1,177,1 0,0,0 0,0,0 12,0,2 0,0,0 1,177,1 0,0,0 1,177,1 1,177,1
9,0,2 0,0,0 0,0,0 0,0,0 0,0,0 0,0,0 1,95,1 12,0,2 1,2,1
0,0,0 1,94,1 1,94,1 1,94,1 1,94,1 1,94,1 12,0,2 1,94,1 1,2,1
12,0,2 1,93,1 6,93,1 1,93,1 1,93,1 6,93,1 0,0,0 1,93,1 0,0,0
1,92,1 1,92,1 1,92,1 1,92,1 1,92,1 1,92,1 12,0,2 17,92,1 0,0,0
0,0,0 1,91,1 0,0,0 12,0,2 0,0,0 0,0,0 11,0,2 1,91,1 0,0,0
1,90,1 1,90,1 11,0,2 1,90,1 1,90,1 1,90,1 12,0,2 1,90,1 0,0,0
0,0,0 0,0,0 0,0,0 0,0,0 0,0,0 0,0,0 0,0,0 0,0,0 0,0,0
0,0,0 0,0,0 0,0,0 0,0,0 0,0,0 0,0,0 0,0,0 0,0,0 0,0,0
0,0,0 0,0,0 0,0,0 0,0,0 0,0,0 0,0,0 0,0,0 0,0,0 0,0,0