MODE 0
BALL 90
STARS 0/6100/8600
ADDLINE 0,0,0 0,0,0 0,0,0 1,106,1 12,0,2 1,106,1 1,106,1 1,106,1 0,0,0
ADDLINE 1,107,1 1,107,1 1,107,1 1,107,1 12,0,2 1,107,1 1,107,1 1,107,1 0,0,0
ADDLINE 0,0,0 0,0,0 1,108,1 1,108,1 12,0,2 1,108,1 1,108,1 1,108,1 0,0,0
ADDLINE 12,0,2 1,113,1 1,113,1 1,113,1 1,113,1 1,113,1 1,113,1 1,113,1 1,113,1
ADDLINE 0,0,0 1,120,1 12,0,2 0,0,0 0,0,0 0,0,0 0,0,0 0,0,0 0,0,0
ADDLINE 0,0,0 1,131,1 12,0,2 1,131,1 1,131,1 1,131,1 1,131,1 1,131,1 1,131,1
ADDLINE 0,0,0 1,142,1 0,0,0 1,142,1 0,0,0 0,0,0 0,0,0 12,0,2 0,0,0
ADDLINE 0,0,0 1,154,1 0,0,0 1,154,1 12,0,2 1,154,1 1,154,1 1,154,1 1,154,1
ADDLINE 0,0,0 1,124,1 0,0,0 1,124,1 0,0,0 1,124,1 12,0,2 0,0,0 0,0,0
ADDLINE 12,0,2 1,129,1 1,129,1 1,129,1 1,129,1 1,129,1 1,129,1 1,129,1 1,129,1
ADDLINE 0,0,0 0,0,0 0,0,0 12,0,2 1,148,1 1,148,1 1,148,1 1,148,1 1,148,1
ADDLINE 1,160,1 1,160,1 1,160,1 0,0,0 0,0,0 12,0,2 0,0,0 0,0,0 1,160,1
ADDLINE 1,122,1 1,122,1 1,122,1 1,122,1 1,122,1 1,122,1 1,122,1 12,0,2 1,122,1
ADDLINE 1,141,1 1,141,1 1,141,1 0,0,0 0,0,0 0,0,0 12,0,2 0,0,0 1,141,1
ADDLINE 1,146,1 1,146,1 1,146,1 12,0,2 1,146,1 1,146,1 1,146,1 1,146,1 1,146,1
ADDLINE 1,165,1 1,165,1 1,165,1 0,0,0 12,0,2 1,165,1 1,165,1 1,165,1 1,165,1
ADDLINE 1,133,1 1,133,1 1,133,1 1,133,1 0,0,0 12,0,2 0,0,0 1,133,1 1,133,1
ADDLINE 0,0,0 12,0,2 0,0,0 0,0,0 0,0,0 0,0,0 0,0,0 1,145,1 1,145,1
ADDLINE 0,0,0 0,0,0 0,0,0 12,0,2 1,158,1 1,158,1 1,158,1 1,158,1 1,158,1
ADDLINE 0,0,0 0,0,0 1,171,1 0,0,0 0,0,0 12,0,2 0,0,0 1,171,1 1,171,1
ADDLINE 1,137,1 0,0,0 0,0,0 0,0,0 1,137,1 1,137,1 12,0,2 1,137,1 1,137,1
ADDLINE 1,150,1 1,150,1 1,150,1 0,0,0 1,150,1 1,150,1 1,150,1 12,0,2 0,0,0
ADDLINE 1,163,1 1,163,1 1,163,1 0,0,0 0,0,0 12,0,2 1,163,1 1,163,1 0,0,0
ADDLINE 1,168,1 1,168,1 1,168,1 1,168,1 1,168,1 1,168,1 1,168,1 1,168,1 12,0,2
0,0,0 0,0,0 1,95,1 1,95,1 1,95,1 1,95,1 1,95,1 12,0,2 0,0,0
12,0,2 0,0,0 1,94,1 1,94,1 1,94,1 1,94,1 1,94,1 0,0,0 0,0,0
0,0,0 0,0,0 1,93,1 1,93,1 1,93,1 9,0,2 0,0,0 12,0,2 1,93,1
11,0,2 1,92,1 1,92,1 1,92,1 20,92,1 0,0,0 12,0,2 0,0,0 0,0,0
12,0,2 1,91,1 1,91,1 1,91,1 1,91,1 1,91,1 1,91,1 1,91,1 11,0,2
12,0,2 1,90,1 1,90,1 1,90,1 1,90,1 1,90,1 1,90,1 1,90,1 0,0,0
0,0,0 0,0,0 0,0,0 0,0,0 0,0,0 0,0,0 0,0,0 0,0,0 0,0,0
0,0,0 0,0,0 0,0,0 0,0,0 0,0,0 0,0,0 0,0,0 0,0,0 0,0,0
0,0,0 0,0,0 0,0,0 0,0,0 0,0,0 0,0,0 0,0,0 0,0,0 0,0,0