MODE 0
BALL 90
STARS 0/7000/6475 35
ADDLINE 12,0,2 1,106,1 1,106,1 1,106,1 1,106,1 1,106,1 1,106,1 0,0,0 1,106,1
ADDLINE 0,0,0 0,0,0 0,0,0 12,0,2 0,0,0 0,0,0 0,0,0 1,107,1 17,107,1
ADDLINE 0,0,0 1,108,1 1,108,1 1,108,1 1,108,1 1,108,1 12,0,2 1,108,1 1,108,1
ADDLINE 0,0,0 1,119,1 0,0,0 12,0,2 1,119,1 1,119,1 1,119,1 1,119,1 1,119,1
ADDLINE 0,0,0 12,0,2 1,120,1 1,120,1 0,0,0 0,0,0 0,0,0 0,0,0 0,0,0
ADDLINE 0,0,0 1,131,1 1,131,1 1,131,1 12,0,2 1,131,1 1,131,1 1,131,1 0,0,0
ADDLINE 12,0,2 0,0,0 1,142,1 1,142,1 0,0,0 1,142,1 1,142,1 0,0,0 0,0,0
ADDLINE 0,0,0 1,154,1 1,154,1 1,154,1 1,154,1 1,154,1 1,154,1 12,0,2 0,0,0
ADDLINE 12,0,2 1,124,1 1,124,1 1,124,1 0,0,0 0,0,0 0,0,0 0,0,0 0,0,0
ADDLINE 1,129,1 1,129,1 1,129,1 1,129,1 1,129,1 12,0,2 1,129,1 1,129,1 1,129,1
ADDLINE 0,0,0 1,148,1 1,148,1 12,0,2 0,0,0 1,148,1 0,0,0 0,0,0 1,148,1
ADDLINE 1,152,1 1,152,1 1,152,1 12,0,2 1,152,1 1,152,1 1,152,1 1,152,1 1,152,1
ADDLINE 1,128,1 0,0,0 1,128,1 12,0,2 1,128,1 1,128,1 1,128,1 1,128,1 1,128,1
ADDLINE 1,141,1 0,0,0 1,141,1 12,0,2 1,141,1 1,282,1 1,282,1 1,282,1 1,141,1
ADDLINE 1,153,1 0,0,0 0,0,0 1,306,1 1,306,1 12,0,2 17,153,1 0,0,0 0,0,0
ADDLINE 1,165,1 1,165,1 1,330,1 17,165,1 1,330,1 1,330,1 1,330,1 12,0,2 1,165,1
ADDLINE 1,266,1 1,266,1 1,266,1 1,266,1 1,266,1 0,0,0 1,133,1 12,0,2 1,133,1
ADDLINE 17,145,1 1,290,1 1,145,1 0,0,0 1,145,1 12,0,2 1,145,1 0,0,0 1,145,1
ADDLINE 1,316,1 1,316,1 1,158,1 0,0,0 1,158,1 12,0,2 1,158,1 1,158,1 1,158,1
ADDLINE 1,163,1 1,163,1 1,163,1 1,163,1 1,163,1 12,0,2 1,163,1 1,163,1 1,163,1
ADDLINE 12,0,2 0,0,0 1,274,1 0,0,0 1,274,1 0,0,0 1,137,1 0,0,0 0,0,0
ADDLINE 1,150,1 0,0,0 1,300,1 20,150,1 1,300,1 12,0,2 1,150,1 1,150,1 1,150,1
ADDLINE 1,326,1 0,0,0 1,326,1 1,326,1 1,326,1 12,0,2 1,326,1 1,326,1 16,163,1
ADDLINE 1,354,1 12,0,2 1,354,1 1,354,1 16,177,1 1,354,1 1,354,1 1,354,1 1,354,1
1,95,1 1,95,1 12,0,2 1,95,1 1,95,1 1,95,1 1,95,1 1,95,1 0,0,0
1,94,1 1,94,1 12,0,2 1,94,1 20,94,1 1,94,1 1,94,1 1,94,1 1,94,1
1,93,1 1,93,1 15,0,2 12,0,2 1,93,1 16,93,1 1,93,1 1,93,1 1,93,1
1,92,1 1,92,1 1,92,1 1,92,1 19,92,1 1,92,1 1,92,1 1,92,1 12,0,2
1,91,1 1,91,1 1,91,1 17,91,1 1,91,1 1,91,1 0,0,0 12,0,2 0,0,0
1,90,1 1,90,1 14,0,2 1,90,1 1,90,1 1,90,1 12,0,2 19,90,1 1,90,1
0,0,0 0,0,0 0,0,0 0,0,0 0,0,0 0,0,0 0,0,0 0,0,0 0,0,0
0,0,0 0,0,0 0,0,0 0,0,0 0,0,0 0,0,0 0,0,0 0,0,0 0,0,0
0,0,0 0,0,0 0,0,0 0,0,0 0,0,0 0,0,0 0,0,0 0,0,0 0,0,0