MODE 0
BALL 90
STARS 0/6400/9000
ADDLINE 1,106,1 1,106,1 1,106,1 1,106,1 0,0,0 1,106,1 12,0,2 1,106,1 1,106,1
ADDLINE 0,0,0 0,0,0 0,0,0 12,0,2 0,0,0 2,107,1 0,0,0 1,107,1 1,107,1
ADDLINE 0,0,0 4,108,1 5,108,1 1,108,1 1,108,1 1,108,1 12,0,2 1,108,1 5,108,1
ADDLINE 0,0,0 12,0,2 0,0,0 0,0,0 0,0,0 1,119,1 0,0,0 3,119,1 1,119,1
ADDLINE 1,120,1 3,120,1 1,120,1 4,120,1 0,0,0 1,120,1 12,0,2 1,120,1 1,120,1
ADDLINE 0,0,0 1,131,1 1,131,1 5,131,1 12,0,2 1,131,1 0,0,0 0,0,0 0,0,0
ADDLINE 0,0,0 1,142,1 1,142,1 1,142,1 12,0,2 2,142,1 5,142,1 1,142,1 3,142,1
ADDLINE 0,0,0 3,154,1 0,0,0 0,0,0 0,0,0 1,154,1 12,0,2 0,0,0 0,0,0
ADDLINE 0,0,0 1,124,1 1,124,1 1,124,1 12,0,2 1,124,1 0,0,0 1,124,1 1,124,1
ADDLINE 0,0,0 12,0,2 0,0,0 0,0,0 1,136,1 5,136,1 1,136,1 4,136,1 1,136,1
ADDLINE 0,0,0 0,0,0 1,148,1 12,0,2 0,0,0 1,148,1 1,148,1 1,148,1 4,148,1
ADDLINE 1,160,1 12,0,2 0,0,0 1,160,1 3,160,1 1,160,1 1,160,1 1,160,1 0,0,0
ADDLINE 1,128,1 2,128,1 12,0,2 0,0,0 1,128,1 1,128,1 1,128,1 1,128,1 0,0,0
ADDLINE 1,141,1 1,141,1 12,0,2 0,0,0 1,141,1 3,141,1 1,141,1 0,0,0 0,0,0
ADDLINE 1,153,1 5,153,1 0,0,0 12,0,2 0,0,0 1,153,1 2,153,1 0,0,0 0,0,0
ADDLINE 1,165,1 1,165,1 2,165,1 5,165,1 12,0,2 0,0,0 0,0,0 0,0,0 0,0,0
ADDLINE 1,133,1 1,133,1 1,133,1 1,133,1 1,133,1 1,133,1 1,133,1 12,0,2 0,0,0
ADDLINE 1,145,1 1,145,1 1,145,1 4,145,1 1,145,1 5,145,1 1,145,1 12,0,2 0,0,0
ADDLINE 5,151,1 1,151,1 1,151,1 1,151,1 1,151,1 12,0,2 1,151,1 1,151,1 1,151,1
ADDLINE 1,171,1 1,171,1 1,171,1 1,171,1 0,0,0 12,0,2 1,171,1 4,171,1 1,171,1
ADDLINE 1,137,1 0,0,0 0,0,0 12,0,2 0,0,0 5,137,1 3,137,1 4,137,1 1,137,1
ADDLINE 1,150,1 0,0,0 12,0,2 1,150,1 1,150,1 1,150,1 1,150,1 3,150,1 1,150,1
ADDLINE 1,163,1 1,163,1 0,0,0 12,0,2 0,0,0 0,0,0 0,0,0 1,163,1 1,163,1
ADDLINE 1,168,1 1,168,1 5,168,1 1,168,1 4,168,1 3,168,1 12,0,2 1,168,1 5,168,1
1,95,1 3,95,1 1,95,1 1,96,1 1,95,1 12,0,2 0,0,0 1,95,1 8,0,2
5,94,1 6,94,1 4,94,1 1,94,1 1,94,1 1,94,1 12,0,2 2,94,1 0,0,0
1,93,1 1,93,1 1,93,1 5,93,1 12,0,2 0,0,0 1,93,1 1,93,1 8,0,2
1,92,1 1,92,1 1,92,1 0,0,0 3,92,1 12,0,2 0,0,0 1,92,1 12,0,2
3,87,1 20,87,1 1,87,1 19,8,1 1,87,1 1,87,1 2,87,1 5,87,1 0,0,0
1,90,1 1,90,1 3,90,1 0,0,0 0,0,0 0,0,0 12,0,2 0,0,0 0,0,0
0,0,0 0,0,0 0,0,0 0,0,0 0,0,0 0,0,0 0,0,0 0,0,0 0,0,0
0,0,0 0,0,0 0,0,0 0,0,0 0,0,0 0,0,0 0,0,0 0,0,0 0,0,0
0,0,0 0,0,0 0,0,0 0,0,0 0,0,0 0,0,0 0,0,0 0,0,0 0,0,0