MODE 0
BALL 90
STARS 0/6500/9200
ADDLINE 1,106,1 1,106,1 1,106,1 12,0,2 5,106,1 0,0,0 1,106,1 0,0,0 0,0,0
ADDLINE 1,107,1 0,0,0 0,0,0 0,0,0 3,107,1 12,0,2 1,107,1 0,0,0 0,0,0
ADDLINE 0,0,0 0,0,0 0,0,0 0,0,0 0,0,0 12,0,2 0,0,0 1,108,1 1,108,1
ADDLINE 0,0,0 1,119,1 5,119,1 12,0,2 1,119,1 1,119,1 1,119,1 1,119,1 3,119,1
ADDLINE 4,120,1 0,0,0 12,0,2 0,0,0 0,0,0 0,0,0 1,120,1 1,120,1 1,120,1
ADDLINE 0,0,0 0,0,0 1,131,1 4,131,1 1,131,1 12,0,2 0,0,0 1,131,1 1,131,1
ADDLINE 4,142,1 0,0,0 12,0,2 0,0,0 1,142,1 5,142,1 0,0,0 0,0,0 1,142,1
ADDLINE 1,154,1 1,154,1 1,154,1 0,0,0 12,0,2 0,0,0 1,154,1 0,0,0 0,0,0
ADDLINE 1,124,1 1,124,1 5,124,1 1,124,1 1,124,1 12,0,2 1,124,1 2,124,1 0,0,0
ADDLINE 1,129,1 1,129,1 12,0,2 1,129,1 2,129,1 1,129,1 1,129,1 1,129,1 1,129,1
ADDLINE 4,148,1 1,148,1 0,0,0 4,148,1 1,148,1 12,0,2 0,0,0 0,0,0 1,148,1
ADDLINE 1,152,1 12,0,2 1,152,1 1,152,1 3,152,1 1,152,1 1,152,1 2,152,1 1,152,1
ADDLINE 1,122,1 12,0,2 3,122,1 1,122,1 1,122,1 1,122,1 1,122,1 1,122,1 1,122,1
ADDLINE 5,141,1 0,0,0 4,141,1 12,0,2 3,141,1 0,0,0 0,0,0 0,0,0 0,0,0
ADDLINE 1,153,1 0,0,0 1,153,1 12,0,2 1,153,1 1,153,1 1,153,1 1,153,1 1,153,1
ADDLINE 1,165,1 0,0,0 0,0,0 12,0,2 1,165,1 1,165,1 1,165,1 1,165,1 3,165,1
ADDLINE 1,127,1 3,127,1 1,127,1 12,0,2 1,127,1 4,127,1 1,127,1 1,127,1 2,127,1
ADDLINE 0,0,0 12,0,2 1,145,1 0,0,0 0,0,0 0,0,0 0,0,0 0,0,0 0,0,0
ADDLINE 0,0,0 0,0,0 12,0,2 1,158,1 0,0,0 0,0,0 0,0,0 0,0,0 0,0,0
ADDLINE 1,171,1 1,171,1 0,0,0 4,171,1 12,0,2 2,171,1 1,171,1 1,171,1 1,171,1
ADDLINE 1,137,1 1,137,1 0,0,0 4,137,1 12,0,2 1,137,1 1,137,1 1,137,1 5,137,1
ADDLINE 5,150,1 4,150,1 0,0,0 1,150,1 12,0,2 2,150,1 1,150,1 1,150,1 1,150,1
ADDLINE 4,163,1 1,163,1 0,0,0 1,163,1 12,0,2 1,163,1 1,163,1 1,163,1 1,163,1
ADDLINE 1,168,1 1,168,1 12,0,2 1,168,1 1,168,1 2,168,1 1,168,1 5,168,1 1,168,1
0,0,0 12,0,2 9,0,2 2,95,1 1,95,1 4,95,1 11,0,2 0,0,0 0,0,0
0,0,0 0,0,0 1,90,1 6,90,1 2,90,1 1,90,1 12,0,2 1,90,1 1,90,1
0,0,0 0,0,0 0,0,0 1,93,1 17,93,1 1,93,1 12,0,2 1,93,1 1,93,1
1,88,1 2,88,1 3,88,1 1,88,1 1,88,1 16,88,1 12,0,2 1,88,1 5,88,1
1,91,1 1,91,1 11,0,2 12,0,2 8,0,2 0,0,0 11,0,2 0,0,0 1,91,1
3,86,1 1,86,1 12,0,2 1,86,1 1,86,1 1,86,1 1,86,1 2,86,1 1,86,1
0,0,0 0,0,0 0,0,0 0,0,0 0,0,0 0,0,0 0,0,0 0,0,0 0,0,0
0,0,0 0,0,0 0,0,0 0,0,0 0,0,0 0,0,0 0,0,0 0,0,0 0,0,0
0,0,0 0,0,0 0,0,0 0,0,0 0,0,0 0,0,0 0,0,0 0,0,0 0,0,0