MODE 0
BALL 90
STARS 0/6700/9500
ADDLINE 12,0,2 1,106,1 1,106,1 1,106,1 17,16,1 1,106,1 0,0,0 1,106,1 0,0,0
ADDLINE 0,0,0 19,107,1 1,107,1 1,107,1 1,107,1 1,107,1 12,0,2 1,107,1 1,107,1
ADDLINE 0,0,0 0,0,0 7,0,2 20,108,1 0,0,0 1,108,1 12,0,2 1,108,1 1,108,1
ADDLINE 8,0,2 1,119,1 1,119,1 1,119,1 12,0,2 1,119,1 1,119,1 1,119,1 20,119,1
ADDLINE 12,0,2 1,120,1 0,0,0 0,0,0 0,0,0 0,0,0 0,0,0 1,120,1 0,0,0
ADDLINE 0,0,0 1,131,1 12,0,2 1,131,1 1,131,1 1,131,1 2,131,1 1,131,1 3,131,1
ADDLINE 0,0,0 1,142,1 0,0,0 1,142,1 0,0,0 0,0,0 0,0,0 12,0,2 0,0,0
ADDLINE 0,0,0 1,308,1 12,0,2 1,154,1 3,154,1 1,154,1 1,154,1 1,154,1 4,154,1
ADDLINE 0,0,0 7,0,2 1,248,1 1,248,1 12,0,2 16,124,1 1,248,1 1,248,1 1,248,1
ADDLINE 1,129,1 1,258,1 1,258,1 1,129,1 5,129,1 1,129,1 12,0,2 1,129,1 1,129,1
ADDLINE 1,141,1 1,141,1 1,282,1 1,282,1 1,282,1 3,141,1 12,0,2 1,141,1 2,141,1
ADDLINE 1,320,1 1,320,1 0,0,0 10,0,2 12,0,2 0,0,0 0,0,0 1,320,1 1,320,1
ADDLINE 1,128,1 3,128,1 0,0,0 12,0,2 0,0,0 0,0,0 1,128,1 1,128,1 1,128,1
ADDLINE 1,141,1 1,141,1 1,141,1 1,141,1 1,141,1 0,0,0 12,0,2 0,0,0 0,0,0
ADDLINE 1,146,1 1,146,1 1,146,1 4,146,1 1,146,1 2,146,1 1,146,1 2,146,1 12,0,2
ADDLINE 4,165,1 1,165,1 1,165,1 1,165,1 0,0,0 0,0,0 12,0,2 0,0,0 0,0,0
ADDLINE 1,133,1 0,0,0 0,0,0 0,0,0 12,0,2 1,133,1 1,133,1 3,133,1 1,133,1
ADDLINE 1,290,1 12,0,2 1,290,1 16,145,1 1,290,1 1,290,1 1,290,1 1,290,1 1,290,1
ADDLINE 0,0,0 1,158,1 1,158,1 4,158,1 12,0,2 1,158,1 1,158,1 1,158,1 1,158,1
ADDLINE 0,0,0 1,171,1 2,171,1 3,171,1 12,0,2 0,0,0 2,171,1 1,171,1 1,171,1
ADDLINE 0,0,0 1,137,1 1,137,1 1,137,1 1,137,1 12,0,2 4,137,1 1,137,1 1,137,1
ADDLINE 11,0,2 0,0,0 2,150,1 1,150,1 12,0,2 0,0,0 1,150,1 1,150,1 1,150,1
ADDLINE 1,326,1 0,0,0 0,0,0 1,163,1 12,0,2 0,0,0 1,163,1 3,163,1 2,163,1
ADDLINE 0,0,0 12,0,2 0,0,0 1,177,1 1,177,1 1,177,1 5,177,1 1,177,1 1,177,1
1,95,1 1,95,1 1,95,1 1,95,1 12,0,2 0,0,0 0,0,0 0,0,0 0,0,0
1,94,1 1,94,1 1,94,1 1,94,1 12,0,2 19,94,1 1,94,1 5,94,1 11,0,2
1,93,1 6,93,1 17,93,1 1,93,1 1,93,1 1,93,1 8,0,2 12,0,2 2,93,1
1,92,1 1,92,1 1,92,1 1,92,1 0,0,0 1,92,1 0,0,0 15,0,2 1,92,1
1,91,1 5,91,1 1,91,1 1,91,1 12,0,2 1,91,1 12,0,2 17,91,1 2,91,1
1,90,1 1,90,1 14,0,2 12,0,2 10,0,2 1,90,1 1,90,1 1,90,1 1,90,1
0,0,0 0,0,0 0,0,0 0,0,0 0,0,0 0,0,0 0,0,0 0,0,0 0,0,0
0,0,0 0,0,0 0,0,0 0,0,0 0,0,0 0,0,0 0,0,0 0,0,0 0,0,0
0,0,0 0,0,0 0,0,0 0,0,0 0,0,0 0,0,0 0,0,0 0,0,0 0,0,0