MODE 0
BALL 90
STARS 0/6500/9200
ADDLINE 0,0,0 1,106,1 1,106,1 0,0,0 1,106,1 0,0,0 0,0,0 12,0,2 0,0,0
ADDLINE 0,0,0 0,0,0 12,0,2 0,0,0 1,107,1 0,0,0 1,107,1 4,107,1 3,107,1
ADDLINE 0,0,0 12,0,2 1,108,1 0,0,0 1,108,1 0,0,0 0,0,0 1,108,1 5,108,1
ADDLINE 1,119,1 0,0,0 1,119,1 0,0,0 0,0,0 12,0,2 0,0,0 1,119,1 5,119,1
ADDLINE 4,120,1 0,0,0 0,0,0 2,120,1 4,120,1 12,0,2 1,120,1 1,120,1 1,120,1
ADDLINE 0,0,0 1,131,1 0,0,0 0,0,0 1,131,1 0,0,0 12,0,2 1,131,1 1,131,1
ADDLINE 0,0,0 0,0,0 1,142,1 12,0,2 1,142,1 0,0,0 0,0,0 1,142,1 4,142,1
ADDLINE 1,154,1 0,0,0 1,154,1 0,0,0 0,0,0 12,0,2 1,154,1 1,154,1 3,154,1
ADDLINE 0,0,0 12,0,2 0,0,0 0,0,0 1,124,1 0,0,0 1,124,1 2,124,1 1,124,1
ADDLINE 5,129,1 2,129,1 3,129,1 1,129,1 1,129,1 1,129,1 1,129,1 1,129,1 12,0,2
ADDLINE 1,148,1 2,148,1 1,148,1 1,148,1 12,0,2 0,0,0 0,0,0 0,0,0 0,0,0
ADDLINE 1,160,1 1,160,1 1,160,1 1,160,1 12,0,2 1,160,1 5,160,1 1,160,1 0,0,0
ADDLINE 1,128,1 1,128,1 1,128,1 1,128,1 12,0,2 4,128,1 1,128,1 1,128,1 0,0,0
ADDLINE 1,134,1 5,134,1 1,134,1 1,134,1 12,0,2 1,134,1 1,134,1 3,134,1 1,134,1
ADDLINE 0,0,0 0,0,0 0,0,0 12,0,2 0,0,0 3,153,1 1,153,1 1,153,1 0,0,0
ADDLINE 2,165,1 1,165,1 0,0,0 3,165,1 12,0,2 1,165,1 1,165,1 1,165,1 0,0,0
ADDLINE 4,133,1 2,133,1 0,0,0 1,133,1 12,0,2 0,0,0 0,0,0 1,133,1 0,0,0
ADDLINE 1,145,1 1,145,1 0,0,0 1,145,1 12,0,2 1,145,1 1,145,1 1,145,1 1,145,1
ADDLINE 0,0,0 12,0,2 0,0,0 0,0,0 0,0,0 0,0,0 1,158,1 1,158,1 3,158,1
ADDLINE 1,163,1 2,163,1 2,163,1 1,163,1 1,163,1 12,0,2 1,163,1 1,163,1 1,163,1
ADDLINE 1,137,1 1,137,1 1,137,1 5,137,1 1,137,1 12,0,2 1,137,1 0,0,0 0,0,0
ADDLINE 1,143,1 5,143,1 1,143,1 1,143,1 1,143,1 12,0,2 4,143,1 1,143,1 3,143,1
ADDLINE 0,0,0 0,0,0 1,163,1 0,0,0 0,0,0 12,0,2 5,163,1 1,163,1 1,163,1
ADDLINE 1,168,1 3,168,1 1,168,1 1,168,1 1,168,1 12,0,2 1,168,1 1,168,1 1,168,1
12,0,2 6,95,1 1,95,1 1,95,1 2,95,1 1,95,1 5,95,1 4,95,1 0,0,0
12,0,2 2,94,1 0,0,0 0,0,0 0,0,0 0,0,0 0,0,0 0,0,0 0,0,0
1,89,1 1,89,1 12,0,2 1,89,1 1,89,1 1,89,1 6,89,1 1,89,1 1,89,1
1,92,1 1,92,1 0,0,0 12,0,2 0,0,0 1,92,1 1,92,1 3,92,1 1,92,1
1,87,1 1,87,1 12,0,2 1,87,1 2,87,1 19,87,1 4,87,1 1,87,1 6,87,1
0,0,0 12,0,2 11,0,2 1,90,1 0,0,0 3,90,1 1,90,1 1,90,1 2,90,1
0,0,0 0,0,0 0,0,0 0,0,0 0,0,0 0,0,0 0,0,0 0,0,0 0,0,0
0,0,0 0,0,0 0,0,0 0,0,0 0,0,0 0,0,0 0,0,0 0,0,0 0,0,0
0,0,0 0,0,0 0,0,0 0,0,0 0,0,0 0,0,0 0,0,0 0,0,0 0,0,0