MODE 0
BALL 90
STARS 0/5900/8500
ADDLINE 0,0,0 12,0,2 0,0,0 1,106,1 0,0,0 0,0,0 1,106,1 0,0,0 0,0,0
ADDLINE 12,0,2 1,107,1 0,0,0 1,107,1 0,0,0 0,0,0 1,107,1 0,0,0 0,0,0
ADDLINE 0,0,0 1,108,1 1,108,1 0,0,0 12,0,2 0,0,0 1,108,1 0,0,0 1,108,1
ADDLINE 0,0,0 1,119,1 1,119,1 1,119,1 1,119,1 0,0,0 0,0,0 12,0,2 1,119,1
ADDLINE 0,0,0 1,120,1 1,120,1 1,120,1 0,0,0 12,0,2 1,120,1 1,120,1 1,120,1
ADDLINE 0,0,0 12,0,2 1,131,1 1,131,1 0,0,0 1,131,1 1,131,1 0,0,0 1,131,1
ADDLINE 1,142,1 1,142,1 0,0,0 1,142,1 1,142,1 12,0,2 0,0,0 0,0,0 1,142,1
ADDLINE 1,154,1 1,154,1 12,0,2 0,0,0 1,154,1 1,154,1 1,154,1 1,154,1 0,0,0
ADDLINE 1,124,1 1,124,1 1,124,1 12,0,2 0,0,0 0,0,0 0,0,0 0,0,0 0,0,0
ADDLINE 1,129,1 1,129,1 1,129,1 1,129,1 1,129,1 12,0,2 1,129,1 1,129,1 1,129,1
ADDLINE 1,141,1 1,141,1 1,141,1 1,141,1 1,141,1 12,0,2 1,141,1 1,141,1 1,141,1
ADDLINE 1,152,1 1,152,1 1,152,1 1,152,1 1,152,1 12,0,2 1,152,1 1,152,1 1,152,1
ADDLINE 1,122,1 1,122,1 1,122,1 1,122,1 1,122,1 12,0,2 1,122,1 1,122,1 1,122,1
ADDLINE 1,141,1 12,0,2 0,0,0 0,0,0 1,141,1 0,0,0 0,0,0 0,0,0 0,0,0
ADDLINE 1,153,1 0,0,0 1,153,1 12,0,2 1,153,1 1,153,1 1,153,1 1,153,1 1,153,1
ADDLINE 1,165,1 0,0,0 1,165,1 12,0,2 0,0,0 0,0,0 1,165,1 1,165,1 1,165,1
ADDLINE 1,133,1 0,0,0 1,133,1 1,133,1 1,133,1 12,0,2 1,133,1 1,133,1 1,133,1
ADDLINE 0,0,0 0,0,0 1,145,1 12,0,2 0,0,0 0,0,0 0,0,0 0,0,0 0,0,0
ADDLINE 0,0,0 12,0,2 0,0,0 0,0,0 1,158,1 1,158,1 1,158,1 1,158,1 1,158,1
ADDLINE 1,163,1 1,163,1 1,163,1 12,0,2 1,163,1 1,163,1 1,163,1 1,163,1 1,163,1
ADDLINE 1,137,1 1,137,1 1,137,1 0,0,0 12,0,2 1,137,1 1,137,1 1,137,1 1,137,1
ADDLINE 1,143,1 1,143,1 1,143,1 1,143,1 12,0,2 1,143,1 1,143,1 1,143,1 1,143,1
ADDLINE 0,0,0 1,163,1 12,0,2 1,163,1 0,0,0 1,163,1 0,0,0 0,0,0 1,163,1
ADDLINE 1,168,1 1,168,1 1,168,1 12,0,2 1,168,1 1,168,1 1,168,1 1,168,1 1,168,1
1,95,1 1,95,1 1,95,1 1,95,1 1,95,1 8,0,2 1,95,1 12,0,2 1,95,1
1,94,1 1,94,1 1,94,1 1,94,1 1,94,1 0,0,0 1,94,1 12,0,2 0,0,0
1,93,1 1,93,1 16,93,1 1,93,1 1,93,1 10,0,2 1,93,1 12,0,2 1,93,1
0,0,0 0,0,0 0,0,0 12,0,2 0,0,0 0,0,0 1,92,1 0,0,0 0,0,0
21,87,1 1,87,1 6,87,1 1,87,1 1,87,1 12,0,2 1,87,1 1,87,1 1,87,1
1,90,1 0,0,0 0,0,0 0,0,0 0,0,0 0,0,0 12,0,2 0,0,0 0,0,0
0,0,0 0,0,0 0,0,0 0,0,0 0,0,0 0,0,0 0,0,0 0,0,0 0,0,0
0,0,0 0,0,0 0,0,0 0,0,0 0,0,0 0,0,0 0,0,0 0,0,0 0,0,0
0,0,0 0,0,0 0,0,0 0,0,0 0,0,0 0,0,0 0,0,0 0,0,0 0,0,0