MODE 0
BALL 90
STARS 0/9000/12400
ADDLINE 1,106,1 19,106,1 1,106,1 1,106,1 1,106,1 1,106,1 12,0,2 1,106,1 1,106,1
ADDLINE 17,107,1 1,107,1 0,0,0 0,0,0 12,0,2 0,0,0 0,0,0 0,0,0 1,107,1
ADDLINE 1,108,1 0,0,0 1,108,1 1,108,1 1,108,1 1,108,1 1,108,1 12,0,2 1,108,1
ADDLINE 1,119,1 1,119,1 17,119,1 12,0,2 0,0,0 0,0,0 1,119,1 0,0,0 1,119,1
ADDLINE 1,120,1 1,120,1 1,120,1 12,0,2 1,120,1 1,120,1 1,120,1 0,0,0 1,120,1
ADDLINE 1,131,1 0,0,0 1,262,1 1,262,1 1,131,1 12,0,2 0,0,0 0,0,0 1,131,1
ADDLINE 1,284,1 1,284,1 19,142,1 1,284,1 1,284,1 1,284,1 1,284,1 12,0,2 1,284,1
ADDLINE 1,308,1 1,308,1 1,308,1 1,308,1 16,154,1 1,308,1 1,308,1 12,0,2 0,0,0
ADDLINE 1,124,1 1,124,1 1,124,1 0,0,0 1,124,1 1,124,1 1,124,1 12,0,2 1,124,1
ADDLINE 0,0,0 1,136,1 1,136,1 1,272,1 1,272,1 1,272,1 12,0,2 1,136,1 1,136,1
ADDLINE 0,0,0 12,0,2 1,296,1 1,296,1 19,148,1 1,296,1 1,296,1 1,296,1 1,296,1
ADDLINE 1,320,1 0,0,0 12,0,2 1,320,1 19,160,1 1,320,1 1,320,1 1,320,1 1,320,1
ADDLINE 0,0,0 0,0,0 12,0,2 1,256,1 1,256,1 0,0,0 1,128,1 1,128,1 1,128,1
ADDLINE 0,0,0 0,0,0 12,0,2 0,0,0 0,0,0 1,141,1 1,141,1 1,141,1 1,141,1
ADDLINE 1,153,1 0,0,0 12,0,2 1,153,1 0,0,0 1,153,1 1,153,1 1,153,1 1,153,1
ADDLINE 0,0,0 12,0,2 0,0,0 1,165,1 1,165,1 1,165,1 1,165,1 1,165,1 1,165,1
ADDLINE 0,0,0 1,133,1 12,0,2 1,133,1 1,133,1 1,133,1 1,133,1 1,133,1 1,133,1
ADDLINE 0,0,0 12,0,2 0,0,0 1,145,1 1,145,1 1,145,1 1,145,1 1,145,1 1,145,1
ADDLINE 1,151,1 1,302,1 1,302,1 1,151,1 12,0,2 1,151,1 1,151,1 1,151,1 1,151,1
ADDLINE 1,171,1 17,171,1 1,342,1 1,171,1 0,0,0 12,0,2 1,171,1 1,171,1 1,171,1
ADDLINE 1,137,1 1,274,1 0,0,0 0,0,0 12,0,2 0,0,0 1,137,1 1,137,1 1,137,1
ADDLINE 1,150,1 0,0,0 12,0,2 1,150,1 1,150,1 1,150,1 1,150,1 1,150,1 1,150,1
ADDLINE 1,326,1 0,0,0 1,326,1 12,0,2 1,326,1 1,326,1 1,326,1 1,326,1 16,163,1
ADDLINE 1,354,1 1,354,1 1,177,1 1,177,1 0,0,0 0,0,0 12,0,2 0,0,0 1,177,1
16,95,1 1,95,1 1,95,1 8,0,2 1,95,1 1,95,1 12,0,2 1,95,1 1,95,1
1,94,1 1,94,1 15,0,2 12,0,2 1,94,1 1,94,1 1,94,1 1,94,1 1,94,1
1,89,1 1,89,1 1,89,1 1,89,1 1,89,1 1,89,1 12,0,2 1,89,1 1,89,1
1,92,1 1,92,1 1,92,1 0,0,0 6,92,1 1,92,1 12,0,2 6,92,1 1,92,1
0,0,0 14,0,2 12,0,2 0,0,0 1,91,1 0,0,0 1,91,1 1,91,1 1,91,1
0,0,0 1,90,1 1,90,1 12,0,2 1,90,1 1,90,1 1,90,1 1,90,1 1,90,1
0,0,0 0,0,0 0,0,0 0,0,0 0,0,0 0,0,0 0,0,0 0,0,0 0,0,0
0,0,0 0,0,0 0,0,0 0,0,0 0,0,0 0,0,0 0,0,0 0,0,0 0,0,0
0,0,0 0,0,0 0,0,0 0,0,0 0,0,0 0,0,0 0,0,0 0,0,0 0,0,0