MODE 0
BALL 90
STARS 0/6300/8900
ADDLINE 1,106,1 1,106,1 0,0,0 0,0,0 0,0,0 0,0,0 12,0,2 0,0,0 0,0,0
ADDLINE 1,107,1 1,107,1 0,0,0 0,0,0 0,0,0 12,0,2 1,107,1 1,107,1 0,0,0
ADDLINE 1,108,1 1,108,1 1,108,1 1,108,1 1,108,1 12,0,2 1,108,1 1,108,1 0,0,0
ADDLINE 1,119,1 1,119,1 1,119,1 0,0,0 0,0,0 0,0,0 12,0,2 0,0,0 0,0,0
ADDLINE 0,0,0 12,0,2 0,0,0 0,0,0 1,120,1 1,120,1 0,0,0 0,0,0 1,120,1
ADDLINE 1,131,1 0,0,0 12,0,2 0,0,0 0,0,0 1,131,1 1,131,1 1,131,1 1,131,1
ADDLINE 1,142,1 1,142,1 0,0,0 1,142,1 1,142,1 1,142,1 12,0,2 1,142,1 1,142,1
ADDLINE 1,154,1 1,154,1 0,0,0 12,0,2 1,154,1 0,0,0 0,0,0 1,154,1 1,154,1
ADDLINE 0,0,0 0,0,0 0,0,0 12,0,2 0,0,0 0,0,0 1,124,1 1,124,1 1,124,1
ADDLINE 0,0,0 1,136,1 1,136,1 1,136,1 1,136,1 1,136,1 12,0,2 1,136,1 1,136,1
ADDLINE 0,0,0 1,148,1 1,148,1 1,148,1 1,148,1 1,148,1 12,0,2 1,148,1 1,148,1
ADDLINE 12,0,2 1,160,1 1,160,1 1,160,1 1,160,1 1,160,1 0,0,0 1,160,1 0,0,0
ADDLINE 1,122,1 1,122,1 1,122,1 1,122,1 1,122,1 1,122,1 12,0,2 1,122,1 1,122,1
ADDLINE 12,0,2 1,141,1 0,0,0 0,0,0 0,0,0 1,141,1 0,0,0 0,0,0 0,0,0
ADDLINE 1,146,1 1,146,1 1,146,1 1,146,1 1,146,1 1,146,1 12,0,2 1,146,1 1,146,1
ADDLINE 1,165,1 1,165,1 1,165,1 1,165,1 0,0,0 1,165,1 12,0,2 1,165,1 1,165,1
ADDLINE 1,133,1 1,133,1 1,133,1 1,133,1 0,0,0 1,133,1 12,0,2 1,133,1 1,133,1
ADDLINE 0,0,0 12,0,2 0,0,0 0,0,0 0,0,0 0,0,0 0,0,0 1,145,1 0,0,0
ADDLINE 1,158,1 0,0,0 1,158,1 12,0,2 1,158,1 1,158,1 1,158,1 1,158,1 1,158,1
ADDLINE 0,0,0 0,0,0 1,171,1 12,0,2 1,171,1 1,171,1 1,171,1 1,171,1 1,171,1
ADDLINE 1,131,1 1,131,1 1,131,1 12,0,2 1,131,1 1,131,1 1,131,1 1,131,1 1,131,1
ADDLINE 0,0,0 12,0,2 0,0,0 0,0,0 1,150,1 1,150,1 1,150,1 1,150,1 1,150,1
ADDLINE 1,155,1 1,155,1 1,155,1 12,0,2 1,155,1 1,155,1 1,155,1 1,155,1 1,155,1
ADDLINE 1,177,1 0,0,0 1,177,1 0,0,0 12,0,2 0,0,0 0,0,0 0,0,0 1,177,1
0,0,0 12,0,2 0,0,0 1,95,1 0,0,0 1,95,1 1,95,1 1,95,1 1,95,1
0,0,0 1,94,1 0,0,0 1,94,1 12,0,2 5,94,1 1,94,1 6,94,1 1,94,1
0,0,0 1,93,1 12,0,2 1,93,1 0,0,0 2,93,1 5,93,1 1,93,1 1,93,1
1,88,1 1,88,1 1,88,1 1,88,1 12,0,2 19,88,1 2,88,1 5,88,1 1,88,1
12,0,2 0,0,0 0,0,0 0,0,0 0,0,0 9,0,2 0,0,0 2,91,1 0,0,0
1,86,1 1,86,1 1,86,1 1,86,1 1,86,1 1,86,1 1,86,1 1,86,1 12,0,2
0,0,0 0,0,0 0,0,0 0,0,0 0,0,0 0,0,0 0,0,0 0,0,0 0,0,0
0,0,0 0,0,0 0,0,0 0,0,0 0,0,0 0,0,0 0,0,0 0,0,0 0,0,0
0,0,0 0,0,0 0,0,0 0,0,0 0,0,0 0,0,0 0,0,0 0,0,0 0,0,0