MODE 0
BALL 90
STARS 0/6000/8500
ADDLINE 2,101,1 1,101,1 1,101,1 1,101,1 1,101,1 1,101,1 12,0,2 1,101,1 1,101,1
ADDLINE 0,0,0 0,0,0 0,0,0 1,107,1 0,0,0 0,0,0 0,0,0 12,0,2 0,0,0
ADDLINE 5,108,1 1,108,1 12,0,2 4,108,1 0,0,0 2,108,1 1,108,1 1,108,1 0,0,0
ADDLINE 0,0,0 0,0,0 0,0,0 3,119,1 12,0,2 1,119,1 1,119,1 1,119,1 0,0,0
ADDLINE 1,120,1 2,120,1 0,0,0 1,120,1 12,0,2 1,120,1 5,120,1 1,120,1 0,0,0
ADDLINE 3,131,1 1,131,1 0,0,0 1,131,1 0,0,0 12,0,2 0,0,0 1,131,1 0,0,0
ADDLINE 1,142,1 1,142,1 1,142,1 5,142,1 0,0,0 1,142,1 12,0,2 1,142,1 1,142,1
ADDLINE 0,0,0 0,0,0 12,0,2 1,154,1 0,0,0 1,154,1 0,0,0 1,154,1 4,154,1
ADDLINE 1,124,1 1,124,1 0,0,0 1,124,1 0,0,0 2,124,1 12,0,2 5,124,1 1,124,1
ADDLINE 0,0,0 0,0,0 1,136,1 0,0,0 0,0,0 0,0,0 0,0,0 12,0,2 0,0,0
ADDLINE 0,0,0 1,148,1 12,0,2 1,148,1 4,148,1 1,148,1 3,148,1 1,148,1 4,148,1
ADDLINE 0,0,0 1,160,1 12,0,2 5,160,1 1,160,1 1,160,1 1,160,1 1,160,1 1,160,1
ADDLINE 1,128,1 3,128,1 1,128,1 0,0,0 0,0,0 12,0,2 1,128,1 1,128,1 1,128,1
ADDLINE 0,0,0 12,0,2 0,0,0 0,0,0 1,141,1 5,141,1 3,141,1 1,141,1 1,141,1
ADDLINE 0,0,0 1,153,1 1,153,1 12,0,2 1,153,1 1,153,1 1,153,1 4,153,1 1,153,1
ADDLINE 1,165,1 0,0,0 1,165,1 1,165,1 2,165,1 3,165,1 12,0,2 0,0,0 1,165,1
ADDLINE 0,0,0 12,0,2 1,133,1 1,133,1 1,133,1 5,133,1 0,0,0 0,0,0 1,133,1
ADDLINE 0,0,0 0,0,0 1,145,1 2,145,1 1,145,1 0,0,0 12,0,2 1,145,1 1,145,1
ADDLINE 1,158,1 3,158,1 1,158,1 0,0,0 12,0,2 1,158,1 1,158,1 1,158,1 1,158,1
ADDLINE 1,171,1 0,0,0 0,0,0 0,0,0 12,0,2 1,171,1 5,171,1 1,171,1 1,171,1
ADDLINE 1,137,1 0,0,0 0,0,0 1,137,1 1,137,1 12,0,2 1,137,1 4,137,1 5,137,1
ADDLINE 1,150,1 1,150,1 0,0,0 0,0,0 5,150,1 12,0,2 0,0,0 0,0,0 1,150,1
ADDLINE 2,163,1 1,163,1 1,163,1 12,0,2 5,163,1 1,163,1 4,163,1 0,0,0 0,0,0
ADDLINE 1,177,1 1,177,1 1,177,1 12,0,2 0,0,0 0,0,0 1,177,1 1,177,1 0,0,0
0,0,0 0,0,0 12,0,2 0,0,0 8,0,2 0,0,0 0,0,0 1,95,1 1,95,1
12,0,2 2,90,1 1,90,1 1,90,1 20,90,1 2,90,1 5,90,1 1,90,1 1,90,1
0,0,0 1,93,1 0,0,0 12,0,2 5,93,1 1,93,1 2,93,1 5,93,1 2,93,1
0,0,0 11,0,2 0,0,0 12,0,2 3,92,1 1,92,1 1,92,1 2,92,1 5,92,1
1,91,1 2,91,1 0,0,0 1,91,1 0,0,0 12,0,2 6,91,1 1,91,1 2,91,1
0,0,0 0,0,0 12,0,2 5,90,1 4,90,1 1,90,1 1,90,1 1,90,1 1,90,1
0,0,0 0,0,0 0,0,0 0,0,0 0,0,0 0,0,0 0,0,0 0,0,0 0,0,0
0,0,0 0,0,0 0,0,0 0,0,0 0,0,0 0,0,0 0,0,0 0,0,0 0,0,0
0,0,0 0,0,0 0,0,0 0,0,0 0,0,0 0,0,0 0,0,0 0,0,0 0,0,0