MODE 0
BALL 90
STARS 0/6500/9300
ADDLINE 0,0,0 0,0,0 0,0,0 0,0,0 0,0,0 0,0,0 12,0,2 0,0,0 1,106,1
ADDLINE 0,0,0 2,107,1 12,0,2 1,107,1 5,107,1 1,107,1 1,107,1 0,0,0 1,107,1
ADDLINE 11,0,2 1,108,1 0,0,0 0,0,0 12,0,2 0,0,0 1,108,1 0,0,0 0,0,0
ADDLINE 0,0,0 1,119,1 0,0,0 1,119,1 1,119,1 0,0,0 1,119,1 12,0,2 0,0,0
ADDLINE 0,0,0 12,0,2 0,0,0 0,0,0 0,0,0 3,120,1 1,120,1 1,120,1 2,120,1
ADDLINE 1,131,1 1,262,1 11,0,2 1,262,1 1,131,1 1,131,1 4,131,1 12,0,2 0,0,0
ADDLINE 1,142,1 1,284,1 11,0,2 12,0,2 0,0,0 1,142,1 0,0,0 1,142,1 1,142,1
ADDLINE 4,154,1 1,308,1 0,0,0 1,308,1 12,0,2 1,154,1 3,154,1 1,154,1 1,154,1
ADDLINE 1,248,1 1,248,1 0,0,0 8,0,2 0,0,0 0,0,0 12,0,2 1,248,1 1,248,1
ADDLINE 1,136,1 1,136,1 1,136,1 0,0,0 4,136,1 12,0,2 1,136,1 0,0,0 2,136,1
ADDLINE 1,141,1 1,141,1 1,282,1 1,282,1 1,282,1 12,0,2 1,141,1 3,141,1 1,141,1
ADDLINE 1,160,1 1,160,1 1,320,1 7,0,2 1,320,1 12,0,2 3,160,1 1,160,1 1,160,1
ADDLINE 1,128,1 1,128,1 1,256,1 0,0,0 1,256,1 12,0,2 1,256,1 3,128,1 1,128,1
ADDLINE 0,0,0 0,0,0 1,282,1 12,0,2 0,0,0 10,0,2 0,0,0 1,282,1 1,282,1
ADDLINE 1,153,1 0,0,0 1,153,1 1,153,1 1,306,1 12,0,2 1,306,1 1,153,1 4,153,1
ADDLINE 1,330,1 0,0,0 1,330,1 1,330,1 1,330,1 12,0,2 1,330,1 8,0,2 0,0,0
ADDLINE 1,127,1 1,127,1 1,127,1 1,127,1 1,127,1 12,0,2 1,127,1 5,127,1 1,127,1
ADDLINE 0,0,0 0,0,0 2,145,1 12,0,2 0,0,0 0,0,0 0,0,0 0,0,0 1,145,1
ADDLINE 1,158,1 5,158,1 0,0,0 1,158,1 12,0,2 1,316,1 0,0,0 1,316,1 1,158,1
ADDLINE 1,342,1 1,342,1 0,0,0 1,342,1 12,0,2 1,342,1 10,0,2 1,342,1 1,342,1
ADDLINE 1,137,1 1,137,1 4,137,1 1,137,1 0,0,0 1,274,1 12,0,2 1,274,1 1,137,1
ADDLINE 0,0,0 0,0,0 12,0,2 0,0,0 0,0,0 1,150,1 0,0,0 2,150,1 5,150,1
ADDLINE 1,155,1 1,310,1 1,310,1 1,310,1 1,155,1 1,155,1 12,0,2 1,155,1 1,155,1
ADDLINE 1,354,1 1,354,1 10,0,2 0,0,0 0,0,0 1,354,1 12,0,2 0,0,0 0,0,0
1,95,1 12,0,2 0,0,0 0,0,0 0,0,0 0,0,0 12,0,2 0,0,0 1,95,1
1,94,1 8,0,2 1,94,1 1,94,1 4,94,1 3,94,1 1,94,1 12,0,2 5,94,1
1,93,1 8,0,2 1,93,1 4,93,1 3,93,1 1,93,1 1,93,1 12,0,2 1,93,1
1,92,1 11,0,2 4,92,1 3,92,1 6,92,1 1,92,1 2,92,1 12,0,2 1,92,1
3,91,1 4,0,1 3,91,1 1,91,1 1,91,1 1,91,1 20,91,1 11,0,2 0,0,0
12,0,2 3,0,1 1,86,1 1,86,1 1,86,1 1,86,1 4,86,1 1,86,1 1,86,1
0,0,0 0,0,0 0,0,0 0,0,0 0,0,0 0,0,0 0,0,0 0,0,0 0,0,0
0,0,0 0,0,0 0,0,0 0,0,0 0,0,0 0,0,0 0,0,0 0,0,0 0,0,0
0,0,0 0,0,0 0,0,0 0,0,0 0,0,0 0,0,0 0,0,0 0,0,0 0,0,0