MODE 0
BALL 90
STARS 0/6000/8700
ADDLINE 0,0,0 1,106,1 0,0,0 0,0,0 0,0,0 0,0,0 12,0,2 1,106,1 0,0,0
ADDLINE 12,0,2 1,107,1 4,107,1 1,107,1 1,107,1 1,107,1 3,107,1 1,107,1 0,0,0
ADDLINE 12,0,2 1,108,1 0,0,0 0,0,0 0,0,0 0,0,0 0,0,0 0,0,0 0,0,0
ADDLINE 0,0,0 1,119,1 12,0,2 1,119,1 1,119,1 2,119,1 1,119,1 1,119,1 1,119,1
ADDLINE 0,0,0 12,0,2 0,0,0 1,120,1 1,120,1 1,120,1 0,0,0 0,0,0 0,0,0
ADDLINE 1,125,1 1,125,1 1,125,1 1,125,1 5,125,1 4,125,1 12,0,2 5,125,1 1,125,1
ADDLINE 0,0,0 0,0,0 0,0,0 1,142,1 5,142,1 1,142,1 12,0,2 1,142,1 2,142,1
ADDLINE 0,0,0 1,154,1 0,0,0 1,154,1 1,154,1 1,154,1 12,0,2 4,154,1 1,154,1
ADDLINE 0,0,0 1,124,1 0,0,0 12,0,2 0,0,0 0,0,0 0,0,0 4,124,1 1,124,1
ADDLINE 12,0,2 0,0,0 1,136,1 1,136,1 1,136,1 0,0,0 0,0,0 0,0,0 0,0,0
ADDLINE 12,0,2 1,148,1 1,148,1 1,148,1 4,148,1 1,148,1 2,148,1 1,148,1 0,0,0
ADDLINE 12,0,2 1,160,1 1,160,1 3,160,1 1,160,1 3,160,1 1,160,1 1,160,1 0,0,0
ADDLINE 12,0,2 0,0,0 3,128,1 1,128,1 1,128,1 1,128,1 1,128,1 1,128,1 0,0,0
ADDLINE 2,141,1 0,0,0 0,0,0 1,141,1 1,141,1 0,0,0 0,0,0 12,0,2 0,0,0
ADDLINE 0,0,0 0,0,0 12,0,2 0,0,0 0,0,0 0,0,0 1,153,1 1,153,1 5,153,1
ADDLINE 0,0,0 1,165,1 1,165,1 1,165,1 1,165,1 12,0,2 1,165,1 1,165,1 1,165,1
ADDLINE 0,0,0 1,133,1 4,133,1 1,133,1 2,133,1 12,0,2 1,133,1 1,133,1 1,133,1
ADDLINE 0,0,0 0,0,0 2,145,1 1,145,1 1,145,1 12,0,2 5,145,1 5,145,1 1,145,1
ADDLINE 0,0,0 0,0,0 12,0,2 1,158,1 1,158,1 4,158,1 5,158,1 1,158,1 1,158,1
ADDLINE 0,0,0 1,171,1 12,0,2 0,0,0 0,0,0 1,171,1 5,171,1 1,171,1 1,171,1
ADDLINE 12,0,2 1,131,1 1,131,1 4,131,1 1,131,1 1,131,1 3,131,1 1,131,1 1,131,1
ADDLINE 0,0,0 1,150,1 0,0,0 0,0,0 0,0,0 12,0,2 1,150,1 1,150,1 3,150,1
ADDLINE 0,0,0 0,0,0 0,0,0 1,163,1 3,163,1 12,0,2 1,163,1 5,163,1 1,163,1
ADDLINE 0,0,0 1,177,1 4,177,1 1,177,1 1,177,1 0,0,0 0,0,0 12,0,2 1,177,1
3,95,1 1,95,1 1,95,1 1,95,1 3,95,1 2,95,1 12,0,2 1,95,1 0,0,0
9,0,2 0,0,0 0,0,0 0,0,0 12,0,2 0,0,0 0,0,0 1,94,1 7,0,2
0,0,0 12,0,2 1,93,1 1,93,1 4,93,1 3,93,1 1,93,1 1,93,1 1,93,1
1,92,1 0,0,0 0,0,0 12,0,2 0,0,0 8,0,2 1,92,1 6,92,1 1,92,1
1,91,1 1,91,1 0,0,0 12,0,2 0,0,0 3,91,1 4,91,1 17,91,1 1,91,1
0,0,0 0,0,0 12,0,2 1,90,1 1,90,1 2,90,1 1,90,1 4,90,1 1,90,1
0,0,0 0,0,0 0,0,0 0,0,0 0,0,0 0,0,0 0,0,0 0,0,0 0,0,0
0,0,0 0,0,0 0,0,0 0,0,0 0,0,0 0,0,0 0,0,0 0,0,0 0,0,0
0,0,0 0,0,0 0,0,0 0,0,0 0,0,0 0,0,0 0,0,0 0,0,0 0,0,0