MODE 0
BALL 90
STARS 0/7500/10200
ADDLINE 17,106,1 1,106,1 1,106,1 1,106,1 12,0,2 1,106,1 1,106,1 1,106,1 1,106,1
ADDLINE 1,102,1 1,102,1 1,102,1 1,102,1 12,0,2 1,102,1 1,102,1 1,102,1 1,102,1
ADDLINE 1,103,1 1,103,1 1,103,1 1,103,1 12,0,2 1,103,1 1,103,1 1,103,1 1,103,1
ADDLINE 1,113,1 1,113,1 1,113,1 1,113,1 12,0,2 1,113,1 1,113,1 1,113,1 1,113,1
ADDLINE 12,0,2 1,120,1 1,120,1 0,0,0 0,0,0 0,0,0 0,0,0 7,0,2 0,0,0
ADDLINE 1,131,1 20,131,1 1,262,1 1,131,1 1,131,1 1,131,1 12,0,2 1,262,1 1,131,1
ADDLINE 0,0,0 1,284,1 0,0,0 1,142,1 0,0,0 1,142,1 12,0,2 1,142,1 1,142,1
ADDLINE 1,154,1 1,154,1 1,154,1 1,154,1 0,0,0 1,154,1 12,0,2 1,308,1 1,308,1
ADDLINE 1,124,1 1,124,1 1,124,1 1,124,1 0,0,0 1,124,1 12,0,2 1,248,1 20,124,1
ADDLINE 0,0,0 0,0,0 1,136,1 12,0,2 0,0,0 0,0,0 0,0,0 1,272,1 1,272,1
ADDLINE 12,0,2 1,296,1 1,296,1 1,296,1 1,296,1 1,296,1 1,296,1 19,148,1 1,296,1
ADDLINE 11,0,2 1,320,1 1,160,1 1,160,1 1,160,1 0,0,0 12,0,2 1,320,1 1,160,1
ADDLINE 0,0,0 1,256,1 1,128,1 1,128,1 1,128,1 12,0,2 1,128,1 1,128,1 1,128,1
ADDLINE 0,0,0 0,0,0 1,141,1 12,0,2 1,141,1 0,0,0 1,141,1 1,141,1 1,141,1
ADDLINE 1,153,1 0,0,0 1,306,1 1,306,1 1,153,1 12,0,2 0,0,0 0,0,0 0,0,0
ADDLINE 1,330,1 1,330,1 17,165,1 12,0,2 0,0,0 0,0,0 1,165,1 1,165,1 1,165,1
ADDLINE 20,133,1 1,266,1 1,266,1 1,266,1 1,133,1 12,0,2 1,133,1 1,133,1 1,133,1
ADDLINE 1,290,1 0,0,0 1,290,1 1,290,1 0,0,0 12,0,2 1,290,1 1,290,1 8,0,2
ADDLINE 1,151,1 1,151,1 1,151,1 1,151,1 1,151,1 12,0,2 1,151,1 1,151,1 1,151,1
ADDLINE 1,171,1 0,0,0 0,0,0 0,0,0 0,0,0 12,0,2 1,171,1 1,171,1 1,171,1
ADDLINE 1,137,1 0,0,0 12,0,2 0,0,0 0,0,0 1,274,1 1,274,1 1,137,1 1,137,1
ADDLINE 8,0,2 0,0,0 0,0,0 12,0,2 1,300,1 20,150,1 1,300,1 1,300,1 1,300,1
ADDLINE 11,0,2 0,0,0 12,0,2 0,0,0 1,326,1 1,326,1 1,326,1 1,163,1 1,163,1
ADDLINE 1,354,1 0,0,0 11,0,2 0,0,0 12,0,2 1,177,1 1,177,1 1,177,1 1,177,1
1,95,1 1,95,1 1,95,1 12,0,2 1,95,1 1,95,1 1,95,1 1,95,1 16,95,1
1,94,1 1,94,1 1,94,1 11,0,2 12,0,2 0,0,0 6,94,1 7,0,2 1,94,1
1,93,1 1,93,1 1,93,1 10,0,2 1,93,1 21,93,1 1,93,1 12,0,2 1,93,1
0,0,0 1,92,1 17,92,1 1,92,1 1,92,1 1,92,1 1,92,1 12,0,2 1,92,1
1,91,1 1,91,1 1,91,1 12,0,2 1,91,1 1,91,1 1,91,1 20,91,1 1,91,1
1,90,1 1,90,1 1,90,1 11,0,2 1,90,1 1,90,1 1,90,1 12,0,2 1,90,1
0,0,0 0,0,0 0,0,0 0,0,0 0,0,0 0,0,0 0,0,0 0,0,0 0,0,0
0,0,0 0,0,0 0,0,0 0,0,0 0,0,0 0,0,0 0,0,0 0,0,0 0,0,0
0,0,0 0,0,0 0,0,0 0,0,0 0,0,0 0,0,0 0,0,0 0,0,0 0,0,0