MODE 0
BALL 90
STARS 0/8500/12000
ADDLINE 1,101,1 1,101,1 3,101,1 5,101,1 1,101,1 12,0,2 1,101,1 1,101,1 1,101,1
ADDLINE 1,102,1 1,102,1 1,102,1 1,102,1 3,102,1 12,0,2 1,102,1 2,102,1 1,102,1
ADDLINE 11,0,2 0,0,0 12,0,2 0,0,0 0,0,0 0,0,0 1,108,1 1,108,1 5,108,1
ADDLINE 0,0,0 0,0,0 12,0,2 4,119,1 1,119,1 1,119,1 3,119,1 1,119,1 1,119,1
ADDLINE 1,114,1 1,114,1 12,0,2 1,114,1 1,114,1 1,114,1 2,114,1 1,114,1 1,114,1
ADDLINE 1,131,1 1,262,1 7,0,2 0,0,0 0,0,0 0,0,0 0,0,0 12,0,2 0,0,0
ADDLINE 3,136,1 1,272,1 1,272,1 1,272,1 1,136,1 1,136,1 2,136,1 1,136,1 12,0,2
ADDLINE 1,154,1 1,154,1 1,154,1 3,154,1 1,154,1 1,154,1 12,0,2 0,0,0 0,0,0
ADDLINE 1,124,1 1,124,1 5,124,1 1,124,1 1,124,1 1,124,1 12,0,2 0,0,0 0,0,0
ADDLINE 1,129,1 1,129,1 5,129,1 1,129,1 1,129,1 12,0,2 1,129,1 1,129,1 1,129,1
ADDLINE 1,148,1 1,148,1 5,148,1 1,148,1 1,148,1 12,0,2 0,0,0 0,0,0 0,0,0
ADDLINE 3,152,1 1,304,1 1,304,1 1,304,1 2,152,1 12,0,2 1,152,1 1,152,1 1,152,1
ADDLINE 0,0,0 0,0,0 10,0,2 0,0,0 1,256,1 12,0,2 1,256,1 1,256,1 1,256,1
ADDLINE 12,0,2 1,268,1 1,268,1 1,268,1 1,134,1 1,134,1 1,134,1 1,134,1 4,134,1
ADDLINE 12,0,2 0,0,0 0,0,0 0,0,0 5,153,1 0,0,0 0,0,0 0,0,0 0,0,0
ADDLINE 1,330,1 1,330,1 1,330,1 8,0,2 1,330,1 12,0,2 1,330,1 1,330,1 1,330,1
ADDLINE 1,266,1 1,266,1 1,266,1 8,0,2 1,266,1 12,0,2 0,0,0 0,0,0 0,0,0
ADDLINE 1,138,1 1,138,1 1,138,1 12,0,2 1,138,1 5,138,1 1,138,1 1,138,1 3,138,1
ADDLINE 2,158,1 0,0,0 1,158,1 5,158,1 1,158,1 1,158,1 1,158,1 12,0,2 2,158,1
ADDLINE 1,171,1 0,0,0 1,171,1 4,171,1 1,171,1 1,171,1 1,171,1 12,0,2 1,171,1
ADDLINE 1,131,1 1,131,1 5,131,1 1,131,1 1,131,1 4,131,1 1,131,1 12,0,2 1,131,1
ADDLINE 5,150,1 12,0,2 1,150,1 1,150,1 1,150,1 1,150,1 1,150,1 0,0,0 0,0,0
ADDLINE 1,155,1 12,0,2 1,155,1 1,155,1 1,155,1 1,155,1 3,155,1 2,155,1 1,155,1
ADDLINE 1,177,1 0,0,0 0,0,0 0,0,0 1,177,1 12,0,2 0,0,0 0,0,0 5,177,1
5,95,1 1,95,1 1,95,1 12,0,2 1,190,1 1,95,1 1,95,1 15,0,2 8,0,2
4,94,1 3,94,1 1,94,1 12,0,2 1,188,1 1,94,1 4,94,1 1,94,1 0,0,0
1,93,1 1,93,1 0,0,0 12,0,2 1,186,1 1,93,1 1,93,1 0,0,0 8,0,2
5,92,1 2,92,1 14,0,2 11,0,2 0,0,0 0,0,0 0,0,0 12,0,2 1,92,1
1,91,1 1,91,1 1,91,1 0,0,0 10,0,2 12,0,2 1,91,1 1,91,1 1,91,1
1,90,1 1,90,1 1,90,1 0,0,0 0,0,0 12,0,2 1,90,1 1,90,1 1,90,1
0,0,0 0,0,0 0,0,0 0,0,0 0,0,0 0,0,0 0,0,0 0,0,0 0,0,0
0,0,0 0,0,0 0,0,0 0,0,0 0,0,0 0,0,0 0,0,0 0,0,0 0,0,0
0,0,0 0,0,0 0,0,0 0,0,0 0,0,0 0,0,0 0,0,0 0,0,0 0,0,0