MODE 0
BALL 90
STARS 0/6700/9500
ADDLINE 1,106,1 1,106,1 1,106,1 0,0,0 1,106,1 12,0,2 1,106,1 5,106,1 1,106,1
ADDLINE 1,102,1 1,102,1 4,102,1 12,0,2 1,102,1 1,102,1 1,102,1 3,102,1 1,102,1
ADDLINE 5,108,1 0,0,0 0,0,0 0,0,0 12,0,2 0,0,0 0,0,0 0,0,0 1,108,1
ADDLINE 3,113,1 1,113,1 1,113,1 1,113,1 1,113,1 12,0,2 2,113,1 1,113,1 1,113,1
ADDLINE 1,120,1 1,120,1 1,120,1 1,120,1 1,120,1 0,0,0 0,0,0 12,0,2 5,120,1
ADDLINE 3,125,1 2,125,1 1,125,1 1,125,1 1,125,1 5,125,1 1,125,1 12,0,2 1,125,1
ADDLINE 1,142,1 1,142,1 1,142,1 2,142,1 1,142,1 12,0,2 1,142,1 0,0,0 0,0,0
ADDLINE 1,147,1 1,147,1 4,147,1 1,147,1 1,147,1 12,0,2 1,147,1 1,147,1 1,147,1
ADDLINE 0,0,0 0,0,0 0,0,0 0,0,0 0,0,0 12,0,2 5,124,1 2,124,1 1,124,1
ADDLINE 1,136,1 3,136,1 1,136,1 0,0,0 0,0,0 0,0,0 12,0,2 0,0,0 1,136,1
ADDLINE 0,0,0 0,0,0 0,0,0 0,0,0 1,148,1 12,0,2 0,0,0 0,0,0 4,148,1
ADDLINE 0,0,0 2,160,1 1,160,1 1,160,1 12,0,2 0,0,0 1,160,1 1,160,1 1,160,1
ADDLINE 0,0,0 0,0,0 12,0,2 0,0,0 0,0,0 0,0,0 1,128,1 1,128,1 3,128,1
ADDLINE 1,141,1 0,0,0 2,141,1 12,0,2 1,141,1 1,141,1 2,141,1 1,141,1 1,141,1
ADDLINE 1,153,1 0,0,0 1,153,1 12,0,2 5,153,1 1,153,1 1,153,1 1,153,1 1,153,1
ADDLINE 4,165,1 0,0,0 0,0,0 12,0,2 0,0,0 0,0,0 1,165,1 1,165,1 1,165,1
ADDLINE 1,133,1 1,133,1 0,0,0 0,0,0 0,0,0 0,0,0 12,0,2 1,133,1 4,133,1
ADDLINE 1,145,1 1,145,1 5,145,1 0,0,0 1,145,1 1,145,1 12,0,2 1,145,1 2,145,1
ADDLINE 1,158,1 1,158,1 3,158,1 4,158,1 1,158,1 1,158,1 1,158,1 12,0,2 0,0,0
ADDLINE 1,171,1 1,171,1 1,171,1 1,171,1 1,171,1 1,171,1 4,171,1 12,0,2 0,0,0
ADDLINE 1,137,1 1,137,1 2,137,1 1,137,1 3,137,1 1,137,1 1,137,1 12,0,2 0,0,0
ADDLINE 1,150,1 1,150,1 1,150,1 1,150,1 5,150,1 0,0,0 0,0,0 12,0,2 0,0,0
ADDLINE 1,163,1 1,163,1 1,163,1 1,163,1 12,0,2 0,0,0 0,0,0 0,0,0 0,0,0
ADDLINE 2,177,1 1,177,1 5,177,1 3,177,1 0,0,0 12,0,2 0,0,0 1,177,1 1,177,1
1,91,1 1,91,1 12,0,2 1,91,1 1,91,1 1,91,1 1,91,1 4,91,1 5,91,1
0,0,0 12,0,2 0,0,0 1,94,1 1,94,1 1,94,1 4,94,1 1,94,1 9,0,2
1,89,1 1,89,1 12,0,2 6,89,1 1,89,1 2,89,1 6,89,1 2,89,1 1,89,1
1,92,1 3,92,1 12,0,2 1,92,1 1,92,1 2,92,1 1,92,1 2,92,1 0,0,0
5,91,1 1,91,1 12,0,2 1,91,1 1,91,1 1,91,1 1,91,1 1,91,1 0,0,0
0,0,0 12,0,2 11,0,2 1,90,1 0,0,0 0,0,0 0,0,0 0,0,0 0,0,0
0,0,0 0,0,0 0,0,0 0,0,0 0,0,0 0,0,0 0,0,0 0,0,0 0,0,0
0,0,0 0,0,0 0,0,0 0,0,0 0,0,0 0,0,0 0,0,0 0,0,0 0,0,0
0,0,0 0,0,0 0,0,0 0,0,0 0,0,0 0,0,0 0,0,0 0,0,0 0,0,0