MODE 0
BALL 90
STARS 0/6400/8900
ADDLINE 0,0,0 12,0,2 5,106,1 0,0,0 2,106,1 1,106,1 1,106,1 1,106,1 1,106,1
ADDLINE 0,0,0 0,0,0 0,0,0 12,0,2 1,107,1 1,107,1 1,107,1 1,107,1 1,107,1
ADDLINE 0,0,0 12,0,2 1,108,1 1,108,1 1,108,1 5,108,1 1,108,1 1,108,1 3,108,1
ADDLINE 0,0,0 12,0,2 0,0,0 1,119,1 1,119,1 1,119,1 1,119,1 2,119,1 1,119,1
ADDLINE 0,0,0 1,120,1 0,0,0 12,0,2 1,120,1 1,120,1 1,120,1 1,120,1 2,120,1
ADDLINE 0,0,0 0,0,0 0,0,0 0,0,0 12,0,2 0,0,0 0,0,0 5,131,1 3,131,1
ADDLINE 1,142,1 1,142,1 1,142,1 3,142,1 2,142,1 1,142,1 12,0,2 1,142,1 0,0,0
ADDLINE 1,154,1 1,154,1 1,154,1 1,154,1 1,154,1 0,0,0 12,0,2 1,154,1 0,0,0
ADDLINE 1,124,1 5,124,1 1,124,1 5,124,1 1,124,1 0,0,0 12,0,2 0,0,0 0,0,0
ADDLINE 0,0,0 5,136,1 1,136,1 1,136,1 12,0,2 1,136,1 0,0,0 2,136,1 0,0,0
ADDLINE 0,0,0 1,148,1 1,148,1 1,148,1 1,148,1 4,148,1 12,0,2 1,148,1 2,148,1
ADDLINE 0,0,0 1,160,1 1,160,1 1,160,1 0,0,0 0,0,0 0,0,0 12,0,2 0,0,0
ADDLINE 12,0,2 1,122,1 1,122,1 1,122,1 1,122,1 1,122,1 1,122,1 1,122,1 1,122,1
ADDLINE 0,0,0 0,0,0 0,0,0 0,0,0 0,0,0 1,141,1 0,0,0 12,0,2 0,0,0
ADDLINE 0,0,0 1,153,1 12,0,2 3,153,1 5,153,1 3,153,1 1,153,1 2,153,1 0,0,0
ADDLINE 0,0,0 1,165,1 12,0,2 4,165,1 1,165,1 3,165,1 1,165,1 1,165,1 0,0,0
ADDLINE 1,133,1 1,133,1 12,0,2 1,133,1 1,133,1 1,133,1 2,133,1 1,133,1 0,0,0
ADDLINE 0,0,0 0,0,0 1,145,1 1,145,1 4,145,1 0,0,0 1,145,1 12,0,2 0,0,0
ADDLINE 0,0,0 12,0,2 0,0,0 0,0,0 0,0,0 0,0,0 1,158,1 1,158,1 1,158,1
ADDLINE 5,163,1 3,163,1 2,163,1 12,0,2 1,163,1 1,163,1 1,163,1 1,163,1 1,163,1
ADDLINE 5,137,1 1,137,1 1,137,1 0,0,0 1,137,1 0,0,0 12,0,2 0,0,0 0,0,0
ADDLINE 4,143,1 1,143,1 4,143,1 12,0,2 2,143,1 1,143,1 1,143,1 1,143,1 1,143,1
ADDLINE 1,155,1 1,155,1 1,155,1 12,0,2 1,155,1 1,155,1 3,155,1 1,155,1 3,155,1
ADDLINE 1,168,1 2,168,1 1,168,1 12,0,2 1,168,1 1,168,1 1,168,1 1,168,1 1,168,1
1,95,1 6,95,1 1,95,1 3,95,1 8,0,2 12,0,2 0,0,0 1,95,1 1,95,1
1,94,1 1,94,1 1,94,1 0,0,0 12,0,2 0,0,0 0,0,0 1,94,1 1,94,1
0,0,0 0,0,0 0,0,0 0,0,0 0,0,0 12,0,2 6,93,1 3,93,1 2,93,1
0,0,0 1,92,1 0,0,0 12,0,2 8,0,2 19,92,1 1,92,1 1,92,1 1,92,1
0,0,0 0,0,0 12,0,2 1,91,1 1,91,1 1,91,1 2,91,1 1,91,1 2,91,1
8,0,2 0,0,0 12,0,2 0,0,0 1,90,1 1,90,1 3,90,1 4,90,1 1,90,1
0,0,0 0,0,0 0,0,0 0,0,0 0,0,0 0,0,0 0,0,0 0,0,0 0,0,0
0,0,0 0,0,0 0,0,0 0,0,0 0,0,0 0,0,0 0,0,0 0,0,0 0,0,0
0,0,0 0,0,0 0,0,0 0,0,0 0,0,0 0,0,0 0,0,0 0,0,0 0,0,0