MODE 0
BALL 90
STARS 0/8700/12500
ADDLINE 1,106,1 1,106,1 20,106,1 1,106,1 1,106,1 1,106,1 5,106,1 12,0,2 0,0,0
ADDLINE 1,107,1 1,107,1 1,107,1 19,107,1 1,107,1 1,107,1 1,107,1 1,107,1 12,0,2
ADDLINE 3,108,1 1,108,1 1,108,1 1,108,1 0,0,0 0,0,0 1,108,1 12,0,2 0,0,0
ADDLINE 1,113,1 1,113,1 1,113,1 12,0,2 4,113,1 1,113,1 1,113,1 3,113,1 5,113,1
ADDLINE 0,0,0 12,0,2 1,120,1 0,0,0 1,120,1 1,120,1 1,120,1 1,120,1 3,120,1
ADDLINE 4,125,1 1,125,1 5,125,1 12,0,2 1,125,1 1,125,1 1,125,1 1,125,1 1,125,1
ADDLINE 1,142,1 3,142,1 1,142,1 12,0,2 0,0,0 0,0,0 0,0,0 0,0,0 0,0,0
ADDLINE 1,147,1 1,147,1 5,147,1 12,0,2 1,147,1 1,147,1 1,147,1 2,147,1 1,147,1
ADDLINE 1,248,1 1,248,1 16,124,1 12,0,2 1,248,1 1,248,1 1,248,1 1,248,1 0,0,0
ADDLINE 1,272,1 1,272,1 12,0,2 1,272,1 1,272,1 1,272,1 1,272,1 16,136,1 1,272,1
ADDLINE 20,148,1 1,296,1 0,0,0 12,0,2 0,0,0 0,0,0 0,0,0 0,0,0 0,0,0
ADDLINE 1,304,1 1,304,1 1,152,1 1,152,1 3,152,1 4,152,1 1,152,1 1,152,1 12,0,2
ADDLINE 1,128,1 1,128,1 1,128,1 1,128,1 1,128,1 2,128,1 4,128,1 12,0,2 0,0,0
ADDLINE 1,141,1 0,0,0 0,0,0 0,0,0 0,0,0 0,0,0 12,0,2 0,0,0 5,141,1
ADDLINE 0,0,0 12,0,2 5,153,1 1,153,1 1,153,1 1,153,1 1,306,1 1,306,1 1,153,1
ADDLINE 0,0,0 0,0,0 0,0,0 12,0,2 0,0,0 0,0,0 0,0,0 20,165,1 1,165,1
ADDLINE 1,133,1 1,133,1 1,133,1 1,133,1 1,133,1 0,0,0 12,0,2 20,133,1 1,133,1
ADDLINE 2,138,1 4,138,1 1,138,1 1,138,1 1,138,1 12,0,2 1,276,1 1,276,1 5,138,1
ADDLINE 1,158,1 0,0,0 1,158,1 1,158,1 1,158,1 2,158,1 1,158,1 12,0,2 1,316,1
ADDLINE 0,0,0 1,342,1 1,342,1 1,342,1 1,342,1 12,0,2 1,342,1 1,342,1 19,171,1
ADDLINE 0,0,0 1,137,1 0,0,0 12,0,2 0,0,0 0,0,0 3,137,1 1,274,1 1,274,1
ADDLINE 0,0,0 1,150,1 5,150,1 1,150,1 12,0,2 1,150,1 1,150,1 1,150,1 4,150,1
ADDLINE 0,0,0 1,163,1 1,163,1 3,163,1 12,0,2 5,163,1 1,163,1 3,163,1 1,163,1
ADDLINE 0,0,0 1,177,1 1,177,1 1,177,1 12,0,2 1,177,1 1,177,1 1,354,1 1,354,1
1,95,1 0,0,0 15,0,2 12,0,2 3,95,1 5,95,1 1,95,1 1,95,1 1,95,1
17,94,1 1,94,1 5,94,1 12,0,2 0,0,0 0,0,0 1,94,1 1,94,1 1,94,1
1,89,1 1,89,1 1,89,1 1,89,1 1,89,1 12,0,2 1,89,1 1,89,1 4,89,1
17,92,1 0,0,0 0,0,0 12,0,2 0,0,0 0,0,0 1,92,1 0,0,0 0,0,0
1,87,1 1,87,1 1,87,1 1,87,1 2,87,1 14,0,2 1,87,1 12,0,2 1,87,1
1,90,1 1,90,1 20,90,1 0,0,0 1,90,1 0,0,0 0,0,0 12,0,2 5,90,1
0,0,0 0,0,0 0,0,0 0,0,0 0,0,0 0,0,0 0,0,0 0,0,0 0,0,0
0,0,0 0,0,0 0,0,0 0,0,0 0,0,0 0,0,0 0,0,0 0,0,0 0,0,0
0,0,0 0,0,0 0,0,0 0,0,0 0,0,0 0,0,0 0,0,0 0,0,0 0,0,0