MODE 0
BALL 90
STARS 0/6200/8600
ADDLINE 8,0,2 0,0,0 1,106,1 1,106,1 1,106,1 1,106,1 1,106,1 12,0,2 1,106,1
ADDLINE 0,0,0 0,0,0 1,107,1 1,107,1 1,107,1 1,107,1 1,107,1 12,0,2 0,0,0
ADDLINE 0,0,0 12,0,2 0,0,0 1,108,1 7,0,2 1,108,1 1,108,1 0,0,0 0,0,0
ADDLINE 1,119,1 1,119,1 0,0,0 1,119,1 1,119,1 1,119,1 1,119,1 12,0,2 1,119,1
ADDLINE 1,120,1 1,120,1 0,0,0 1,120,1 1,120,1 0,0,0 0,0,0 12,0,2 1,120,1
ADDLINE 1,131,1 1,131,1 1,131,1 1,131,1 1,131,1 0,0,0 12,0,2 0,0,0 1,131,1
ADDLINE 1,142,1 1,142,1 1,142,1 1,142,1 1,142,1 0,0,0 0,0,0 12,0,2 0,0,0
ADDLINE 1,154,1 1,154,1 1,154,1 1,154,1 1,154,1 1,154,1 0,0,0 12,0,2 0,0,0
ADDLINE 1,124,1 1,124,1 1,124,1 1,124,1 1,124,1 1,124,1 12,0,2 0,0,0 0,0,0
ADDLINE 0,0,0 12,0,2 1,272,1 0,0,0 1,136,1 1,136,1 1,136,1 1,136,1 1,136,1
ADDLINE 1,148,1 7,0,2 1,296,1 12,0,2 1,148,1 1,148,1 1,148,1 1,148,1 1,148,1
ADDLINE 0,0,0 12,0,2 1,320,1 0,0,0 0,0,0 8,0,2 0,0,0 0,0,0 0,0,0
ADDLINE 1,122,1 1,122,1 1,122,1 1,122,1 1,122,1 1,122,1 1,122,1 12,0,2 1,122,1
ADDLINE 1,141,1 1,141,1 1,141,1 1,141,1 1,141,1 12,0,2 1,141,1 0,0,0 0,0,0
ADDLINE 1,146,1 1,146,1 1,146,1 1,146,1 1,146,1 12,0,2 1,146,1 1,292,1 1,292,1
ADDLINE 1,330,1 0,0,0 0,0,0 0,0,0 1,330,1 0,0,0 0,0,0 12,0,2 10,0,2
ADDLINE 1,127,1 1,254,1 1,254,1 1,127,1 1,127,1 12,0,2 1,127,1 1,254,1 1,254,1
ADDLINE 1,290,1 10,0,2 0,0,0 12,0,2 0,0,0 0,0,0 1,290,1 1,290,1 1,290,1
ADDLINE 1,158,1 1,316,1 1,316,1 0,0,0 0,0,0 0,0,0 12,0,2 0,0,0 1,158,1
ADDLINE 1,163,1 1,163,1 1,163,1 12,0,2 1,163,1 1,163,1 1,163,1 1,163,1 1,163,1
ADDLINE 1,131,1 1,131,1 1,131,1 12,0,2 1,131,1 1,131,1 1,131,1 1,131,1 1,131,1
ADDLINE 1,143,1 1,143,1 1,143,1 12,0,2 1,143,1 1,143,1 1,143,1 1,143,1 1,143,1
ADDLINE 0,0,0 0,0,0 0,0,0 0,0,0 1,163,1 0,0,0 0,0,0 12,0,2 0,0,0
ADDLINE 1,168,1 12,0,2 1,168,1 1,168,1 1,168,1 1,168,1 1,168,1 1,168,1 1,168,1
8,0,2 0,0,0 0,0,0 0,0,0 0,0,0 0,0,0 12,0,2 1,95,1 1,95,1
0,0,0 1,94,1 12,0,2 0,0,0 0,0,0 1,94,1 0,0,0 1,94,1 1,94,1
8,0,2 12,0,2 1,93,1 1,93,1 1,93,1 1,93,1 0,0,0 20,93,1 1,93,1
0,0,0 0,0,0 1,92,1 1,92,1 0,0,0 0,0,0 12,0,2 1,92,1 1,92,1
8,0,2 0,0,0 1,91,1 1,91,1 12,0,2 16,91,1 1,91,1 1,91,1 1,91,1
0,0,0 1,90,1 12,0,2 0,0,0 16,90,1 1,90,1 1,90,1 1,90,1 1,90,1
0,0,0 0,0,0 0,0,0 0,0,0 0,0,0 0,0,0 0,0,0 0,0,0 0,0,0
0,0,0 0,0,0 0,0,0 0,0,0 0,0,0 0,0,0 0,0,0 0,0,0 0,0,0
0,0,0 0,0,0 0,0,0 0,0,0 0,0,0 0,0,0 0,0,0 0,0,0 0,0,0