MODE 0
BALL 90
STARS 0/6800/9700
ADDLINE 0,0,0 1,106,1 1,106,1 1,106,1 1,106,1 1,106,1 12,0,2 1,106,1 1,106,1
ADDLINE 0,0,0 1,107,1 1,107,1 1,107,1 1,107,1 1,107,1 12,0,2 1,107,1 1,107,1
ADDLINE 0,0,0 1,108,1 1,108,1 1,108,1 1,108,1 1,108,1 12,0,2 1,108,1 1,108,1
ADDLINE 0,0,0 1,119,1 0,0,0 1,119,1 12,0,2 0,0,0 0,0,0 1,119,1 1,119,1
ADDLINE 1,114,1 1,114,1 1,114,1 1,114,1 1,114,1 1,114,1 12,0,2 1,114,1 1,114,1
ADDLINE 1,131,1 1,131,1 0,0,0 1,131,1 1,131,1 1,131,1 12,0,2 0,0,0 0,0,0
ADDLINE 1,142,1 1,142,1 0,0,0 1,142,1 1,142,1 1,142,1 12,0,2 1,142,1 1,142,1
ADDLINE 1,154,1 1,154,1 0,0,0 1,154,1 1,154,1 1,154,1 12,0,2 1,154,1 0,0,0
ADDLINE 1,124,1 1,124,1 0,0,0 1,124,1 1,124,1 1,124,1 12,0,2 1,124,1 1,124,1
ADDLINE 1,136,1 1,136,1 0,0,0 1,136,1 0,0,0 12,0,2 0,0,0 0,0,0 0,0,0
ADDLINE 1,148,1 1,148,1 0,0,0 1,148,1 12,0,2 1,148,1 1,148,1 1,148,1 1,148,1
ADDLINE 0,0,0 12,0,2 1,160,1 1,160,1 1,160,1 0,0,0 1,160,1 1,160,1 1,160,1
ADDLINE 0,0,0 1,128,1 1,128,1 1,128,1 12,0,2 0,0,0 1,128,1 1,128,1 1,128,1
ADDLINE 0,0,0 1,141,1 1,141,1 12,0,2 1,141,1 1,141,1 1,141,1 1,141,1 1,141,1
ADDLINE 0,0,0 0,0,0 1,153,1 12,0,2 1,153,1 1,153,1 1,153,1 1,153,1 1,153,1
ADDLINE 1,165,1 1,165,1 0,0,0 0,0,0 0,0,0 12,0,2 0,0,0 0,0,0 1,165,1
ADDLINE 0,0,0 12,0,2 0,0,0 1,133,1 1,133,1 1,133,1 1,133,1 0,0,0 1,133,1
ADDLINE 0,0,0 1,145,1 0,0,0 1,145,1 1,145,1 1,145,1 1,145,1 12,0,2 0,0,0
ADDLINE 1,151,1 1,151,1 1,151,1 12,0,2 1,151,1 1,151,1 1,151,1 1,151,1 1,151,1
ADDLINE 1,171,1 1,171,1 1,171,1 0,0,0 0,0,0 12,0,2 0,0,0 1,171,1 1,171,1
ADDLINE 1,137,1 1,137,1 1,137,1 1,137,1 0,0,0 12,0,2 0,0,0 1,137,1 1,137,1
ADDLINE 0,0,0 0,0,0 0,0,0 0,0,0 12,0,2 1,150,1 1,150,1 1,150,1 1,150,1
ADDLINE 0,0,0 0,0,0 12,0,2 1,163,1 1,163,1 1,163,1 1,163,1 1,163,1 1,163,1
ADDLINE 0,0,0 12,0,2 0,0,0 1,177,1 1,177,1 1,177,1 1,177,1 1,177,1 1,177,1
1,95,1 9,0,2 1,95,1 1,95,1 1,95,1 15,0,2 1,95,1 12,0,2 1,95,1
1,94,1 12,0,2 1,94,1 1,94,1 1,94,1 1,94,1 20,94,1 12,0,2 1,94,1
1,89,1 12,0,2 1,89,1 1,89,1 1,89,1 1,89,1 1,89,1 1,89,1 1,89,1
1,92,1 12,0,2 1,92,1 1,92,1 1,92,1 1,92,1 6,92,1 0,0,0 0,0,0
1,87,1 11,0,2 1,87,1 1,87,1 1,87,1 1,87,1 1,87,1 1,87,1 1,87,1
1,90,1 14,0,2 0,0,0 12,0,2 0,0,0 0,0,0 0,0,0 0,0,0 0,0,0
0,0,0 0,0,0 0,0,0 0,0,0 0,0,0 0,0,0 0,0,0 0,0,0 0,0,0
0,0,0 0,0,0 0,0,0 0,0,0 0,0,0 0,0,0 0,0,0 0,0,0 0,0,0
0,0,0 0,0,0 0,0,0 0,0,0 0,0,0 0,0,0 0,0,0 0,0,0 0,0,0