MODE 0
BALL 90
STARS 0/8600/12200
ADDLINE 1,101,1 1,101,1 12,0,2 1,101,1 1,101,1 1,101,1 1,101,1 1,101,1 1,101,1
ADDLINE 1,102,1 1,102,1 12,0,2 1,102,1 1,102,1 1,102,1 1,102,1 1,102,1 1,102,1
ADDLINE 1,108,1 1,108,1 0,0,0 12,0,2 1,108,1 1,108,1 1,108,1 1,108,1 1,108,1
ADDLINE 1,119,1 0,0,0 12,0,2 0,0,0 1,119,1 1,119,1 1,119,1 1,119,1 1,119,1
ADDLINE 1,120,1 0,0,0 0,0,0 12,0,2 0,0,0 1,120,1 1,120,1 1,120,1 1,120,1
ADDLINE 0,0,0 12,0,2 0,0,0 0,0,0 0,0,0 1,131,1 1,131,1 1,131,1 1,131,1
ADDLINE 12,0,2 1,136,1 1,136,1 1,136,1 1,136,1 1,136,1 1,136,1 1,136,1 1,136,1
ADDLINE 0,0,0 0,0,0 0,0,0 0,0,0 0,0,0 12,0,2 0,0,0 0,0,0 1,154,1
ADDLINE 1,124,1 1,124,1 1,124,1 1,124,1 1,124,1 1,124,1 0,0,0 12,0,2 1,124,1
ADDLINE 1,136,1 0,0,0 1,136,1 1,136,1 1,136,1 0,0,0 1,136,1 12,0,2 1,136,1
ADDLINE 1,148,1 0,0,0 1,148,1 1,148,1 1,148,1 0,0,0 1,148,1 12,0,2 0,0,0
ADDLINE 1,160,1 0,0,0 1,160,1 1,160,1 1,160,1 12,0,2 1,160,1 0,0,0 1,160,1
ADDLINE 1,128,1 0,0,0 1,128,1 1,128,1 1,128,1 0,0,0 1,128,1 12,0,2 1,128,1
ADDLINE 1,141,1 0,0,0 1,141,1 1,141,1 1,141,1 12,0,2 1,141,1 0,0,0 1,141,1
ADDLINE 0,0,0 12,0,2 0,0,0 0,0,0 0,0,0 0,0,0 1,153,1 0,0,0 1,153,1
ADDLINE 1,157,1 1,157,1 1,157,1 1,157,1 1,157,1 1,157,1 1,157,1 12,0,2 1,157,1
ADDLINE 1,133,1 1,133,1 0,0,0 12,0,2 1,133,1 0,0,0 0,0,0 1,133,1 1,133,1
ADDLINE 1,138,1 1,138,1 1,138,1 12,0,2 1,138,1 1,138,1 1,138,1 1,138,1 1,138,1
ADDLINE 1,158,1 0,0,0 1,158,1 1,158,1 1,158,1 12,0,2 1,158,1 1,158,1 1,158,1
ADDLINE 1,171,1 0,0,0 12,0,2 0,0,0 1,171,1 0,0,0 1,171,1 1,171,1 1,171,1
ADDLINE 1,131,1 1,131,1 1,131,1 12,0,2 1,131,1 1,131,1 1,131,1 1,131,1 1,131,1
ADDLINE 1,150,1 1,150,1 1,150,1 0,0,0 1,150,1 0,0,0 0,0,0 12,0,2 1,150,1
ADDLINE 1,155,1 1,155,1 1,155,1 12,0,2 1,155,1 1,155,1 1,155,1 1,155,1 1,155,1
ADDLINE 0,0,0 1,177,1 0,0,0 1,177,1 1,177,1 0,0,0 12,0,2 1,177,1 0,0,0
1,95,1 1,95,1 0,0,0 0,0,0 0,0,0 12,0,2 1,95,1 1,95,1 1,95,1
1,94,1 1,94,1 0,0,0 0,0,0 0,0,0 12,0,2 1,94,1 1,94,1 1,94,1
1,93,1 6,93,1 1,93,1 0,0,0 8,0,2 0,0,0 12,0,2 6,93,1 1,93,1
1,92,1 1,92,1 1,92,1 1,92,1 0,0,0 0,0,0 12,0,2 1,92,1 1,92,1
1,91,1 1,91,1 1,91,1 19,91,1 7,0,2 1,91,1 12,0,2 1,91,1 1,91,1
1,90,1 1,90,1 20,90,1 0,0,0 12,0,2 1,90,1 0,0,0 1,90,1 1,90,1
0,0,0 0,0,0 0,0,0 0,0,0 0,0,0 0,0,0 0,0,0 0,0,0 0,0,0
0,0,0 0,0,0 0,0,0 0,0,0 0,0,0 0,0,0 0,0,0 0,0,0 0,0,0
0,0,0 0,0,0 0,0,0 0,0,0 0,0,0 0,0,0 0,0,0 0,0,0 0,0,0