MODE 0
BALL 90
STARS 0/8500/12500
ADDLINE 1,106,1 1,106,1 1,106,1 12,0,2 17,106,1 1,106,1 1,106,1 1,106,1 1,106,1
ADDLINE 1,102,1 1,102,1 1,102,1 12,0,2 1,102,1 1,102,1 1,102,1 1,102,1 1,102,1
ADDLINE 1,108,1 1,108,1 1,108,1 12,0,2 1,108,1 1,108,1 17,108,1 1,108,1 1,108,1
ADDLINE 1,119,1 0,0,0 12,0,2 1,119,1 1,119,1 1,119,1 1,119,1 1,119,1 16,119,1
ADDLINE 1,114,1 1,114,1 1,114,1 12,0,2 1,114,1 1,114,1 1,114,1 1,114,1 1,114,1
ADDLINE 1,262,1 0,0,0 1,262,1 1,262,1 12,0,2 1,262,1 1,262,1 1,262,1 19,131,1
ADDLINE 1,142,1 12,0,2 1,284,1 17,142,1 1,284,1 1,142,1 1,142,1 1,284,1 1,284,1
ADDLINE 0,0,0 0,0,0 1,308,1 1,308,1 1,308,1 12,0,2 0,0,0 0,0,0 0,0,0
ADDLINE 1,124,1 0,0,0 1,124,1 1,124,1 1,124,1 12,0,2 1,124,1 1,124,1 1,124,1
ADDLINE 0,0,0 1,272,1 12,0,2 1,272,1 1,272,1 1,272,1 16,136,1 1,272,1 1,272,1
ADDLINE 12,0,2 1,148,1 1,148,1 1,148,1 1,148,1 0,0,0 0,0,0 0,0,0 0,0,0
ADDLINE 0,0,0 12,0,2 0,0,0 1,160,1 1,160,1 1,160,1 1,160,1 1,160,1 0,0,0
ADDLINE 0,0,0 1,128,1 1,128,1 1,128,1 1,128,1 0,0,0 0,0,0 12,0,2 0,0,0
ADDLINE 0,0,0 1,141,1 1,141,1 1,141,1 0,0,0 12,0,2 1,141,1 1,282,1 1,282,1
ADDLINE 0,0,0 12,0,2 1,306,1 1,306,1 1,306,1 1,306,1 1,306,1 1,306,1 19,153,1
ADDLINE 1,165,1 1,165,1 1,165,1 0,0,0 1,165,1 12,0,2 1,165,1 1,330,1 1,330,1
ADDLINE 1,133,1 1,133,1 0,0,0 12,0,2 1,133,1 0,0,0 1,133,1 1,133,1 1,133,1
ADDLINE 1,290,1 1,290,1 0,0,0 1,290,1 1,290,1 12,0,2 16,145,1 1,290,1 1,290,1
ADDLINE 1,151,1 1,151,1 1,151,1 1,151,1 1,151,1 12,0,2 1,151,1 1,151,1 1,151,1
ADDLINE 1,171,1 1,171,1 1,171,1 1,171,1 1,171,1 0,0,0 12,0,2 0,0,0 1,171,1
ADDLINE 1,131,1 1,131,1 1,131,1 1,131,1 1,131,1 1,131,1 1,131,1 12,0,2 1,131,1
ADDLINE 1,143,1 1,143,1 1,143,1 1,143,1 1,286,1 1,286,1 1,286,1 12,0,2 1,143,1
ADDLINE 1,163,1 1,163,1 1,163,1 1,163,1 1,326,1 17,163,1 1,326,1 12,0,2 0,0,0
ADDLINE 1,177,1 1,177,1 1,177,1 1,177,1 1,354,1 12,0,2 0,0,0 0,0,0 0,0,0
1,95,1 1,95,1 1,95,1 9,0,2 1,95,1 1,95,1 1,95,1 12,0,2 1,95,1
0,0,0 1,94,1 1,94,1 0,0,0 0,0,0 12,0,2 1,94,1 0,0,0 0,0,0
1,93,1 1,93,1 1,93,1 0,0,0 1,93,1 12,0,2 19,93,1 1,93,1 1,93,1
0,0,0 0,0,0 1,92,1 10,0,2 1,92,1 12,0,2 1,92,1 6,92,1 1,92,1
21,91,1 1,91,1 1,91,1 0,0,0 1,91,1 12,0,2 1,91,1 1,91,1 1,91,1
1,90,1 0,0,0 0,0,0 0,0,0 1,90,1 12,0,2 1,90,1 1,90,1 1,90,1
0,0,0 0,0,0 0,0,0 0,0,0 0,0,0 0,0,0 0,0,0 0,0,0 0,0,0
0,0,0 0,0,0 0,0,0 0,0,0 0,0,0 0,0,0 0,0,0 0,0,0 0,0,0
0,0,0 0,0,0 0,0,0 0,0,0 0,0,0 0,0,0 0,0,0 0,0,0 0,0,0