MODE 0
BALL 90
STARS 0/8400/12000
ADDLINE 1,106,1 0,0,0 1,106,1 0,0,0 12,0,2 1,106,1 1,106,1 1,106,1 1,106,1
ADDLINE 1,107,1 0,0,0 12,0,2 1,107,1 0,0,0 0,0,0 1,107,1 5,107,1 3,107,1
ADDLINE 1,108,1 1,108,1 0,0,0 1,108,1 1,108,1 12,0,2 1,108,1 3,108,1 2,108,1
ADDLINE 1,119,1 0,0,0 0,0,0 1,119,1 2,119,1 12,0,2 1,119,1 1,119,1 1,119,1
ADDLINE 0,0,0 0,0,0 1,120,1 0,0,0 5,120,1 12,0,2 1,120,1 4,120,1 1,120,1
ADDLINE 0,0,0 5,131,1 1,131,1 12,0,2 0,0,0 1,131,1 1,131,1 1,131,1 1,131,1
ADDLINE 0,0,0 0,0,0 12,0,2 1,142,1 0,0,0 1,142,1 1,142,1 4,142,1 1,142,1
ADDLINE 0,0,0 2,154,1 12,0,2 3,154,1 1,154,1 1,154,1 1,154,1 1,154,1 4,154,1
ADDLINE 0,0,0 1,124,1 12,0,2 0,0,0 1,124,1 1,124,1 1,124,1 1,124,1 1,124,1
ADDLINE 1,136,1 0,0,0 2,136,1 1,136,1 1,136,1 1,136,1 1,136,1 12,0,2 4,136,1
ADDLINE 2,148,1 0,0,0 1,148,1 0,0,0 0,0,0 12,0,2 0,0,0 0,0,0 3,148,1
ADDLINE 1,160,1 0,0,0 1,160,1 12,0,2 1,160,1 1,160,1 1,160,1 1,160,1 1,160,1
ADDLINE 1,128,1 0,0,0 0,0,0 12,0,2 1,128,1 1,128,1 1,128,1 1,128,1 1,128,1
ADDLINE 1,134,1 12,0,2 1,134,1 1,134,1 3,134,1 5,134,1 1,134,1 2,134,1 1,134,1
ADDLINE 1,153,1 0,0,0 2,153,1 0,0,0 0,0,0 0,0,0 12,0,2 0,0,0 0,0,0
ADDLINE 5,157,1 4,157,1 3,157,1 12,0,2 1,157,1 1,157,1 1,157,1 1,157,1 1,157,1
ADDLINE 1,133,1 0,0,0 0,0,0 12,0,2 1,133,1 0,0,0 3,133,1 1,133,1 1,133,1
ADDLINE 1,138,1 1,138,1 1,138,1 1,138,1 1,138,1 12,0,2 5,138,1 1,138,1 1,138,1
ADDLINE 1,158,1 0,0,0 1,158,1 1,158,1 1,158,1 1,158,1 1,158,1 12,0,2 3,158,1
ADDLINE 5,171,1 0,0,0 5,171,1 1,171,1 1,171,1 2,171,1 1,171,1 12,0,2 1,171,1
ADDLINE 1,137,1 12,0,2 1,137,1 0,0,0 0,0,0 0,0,0 0,0,0 0,0,0 0,0,0
ADDLINE 1,143,1 1,143,1 1,143,1 1,143,1 4,143,1 3,143,1 3,143,1 12,0,2 1,143,1
ADDLINE 1,163,1 4,163,1 1,163,1 1,163,1 1,163,1 0,0,0 0,0,0 12,0,2 0,0,0
ADDLINE 1,168,1 1,168,1 2,168,1 1,168,1 1,168,1 12,0,2 1,168,1 1,168,1 1,168,1
4,95,1 0,0,0 12,0,2 9,0,2 1,95,1 1,95,1 0,0,0 0,0,0 1,95,1
6,94,1 0,0,0 0,0,0 0,0,0 12,0,2 0,0,0 2,94,1 5,94,1 0,0,0
1,93,1 2,93,1 5,93,1 1,93,1 2,93,1 16,93,1 12,0,2 0,0,0 0,0,0
1,92,1 4,92,1 6,92,1 1,92,1 1,92,1 4,92,1 0,0,0 12,0,2 1,92,1
1,91,1 20,91,1 4,91,1 3,91,1 0,0,0 0,0,0 12,0,2 0,0,0 1,91,1
1,90,1 1,90,1 1,90,1 1,90,1 0,0,0 12,0,2 1,90,1 1,90,1 1,90,1
0,0,0 0,0,0 0,0,0 0,0,0 0,0,0 0,0,0 0,0,0 0,0,0 0,0,0
0,0,0 0,0,0 0,0,0 0,0,0 0,0,0 0,0,0 0,0,0 0,0,0 0,0,0
0,0,0 0,0,0 0,0,0 0,0,0 0,0,0 0,0,0 0,0,0 0,0,0 0,0,0