MODE 0
BALL 90
STARS 0/6500/9300
ADDLINE 0,0,0 0,0,0 5,106,1 0,0,0 1,106,1 1,106,1 0,0,0 12,0,2 0,0,0
ADDLINE 4,102,1 1,102,1 4,102,1 1,102,1 1,102,1 1,102,1 1,102,1 12,0,2 1,102,1
ADDLINE 1,108,1 1,108,1 1,108,1 0,0,0 0,0,0 1,108,1 0,0,0 12,0,2 3,108,1
ADDLINE 1,119,1 0,0,0 1,119,1 12,0,2 3,119,1 2,119,1 3,119,1 1,119,1 1,119,1
ADDLINE 1,120,1 0,0,0 1,120,1 12,0,2 1,120,1 1,120,1 1,120,1 1,120,1 2,120,1
ADDLINE 5,125,1 1,125,1 1,125,1 12,0,2 5,125,1 1,125,1 1,125,1 1,125,1 1,125,1
ADDLINE 0,0,0 0,0,0 0,0,0 12,0,2 1,142,1 1,142,1 1,142,1 1,142,1 1,142,1
ADDLINE 1,147,1 1,147,1 1,147,1 12,0,2 3,147,1 2,147,1 1,147,1 1,147,1 4,147,1
ADDLINE 1,124,1 0,0,0 4,124,1 12,0,2 1,124,1 0,0,0 0,0,0 0,0,0 1,124,1
ADDLINE 0,0,0 0,0,0 12,0,2 5,136,1 4,136,1 1,136,1 1,136,1 1,136,1 1,136,1
ADDLINE 0,0,0 12,0,2 1,148,1 2,148,1 1,148,1 1,148,1 1,148,1 5,148,1 1,148,1
ADDLINE 1,160,1 0,0,0 0,0,0 12,0,2 0,0,0 0,0,0 0,0,0 1,160,1 1,160,1
ADDLINE 0,0,0 0,0,0 1,128,1 0,0,0 0,0,0 1,128,1 12,0,2 1,128,1 1,128,1
ADDLINE 0,0,0 3,141,1 0,0,0 2,141,1 12,0,2 0,0,0 0,0,0 5,141,1 1,141,1
ADDLINE 0,0,0 0,0,0 0,0,0 12,0,2 0,0,0 1,153,1 0,0,0 1,153,1 1,153,1
ADDLINE 1,165,1 1,165,1 1,165,1 1,165,1 0,0,0 0,0,0 12,0,2 1,165,1 5,165,1
ADDLINE 1,133,1 1,133,1 4,133,1 1,133,1 0,0,0 1,133,1 12,0,2 2,133,1 2,133,1
ADDLINE 1,145,1 0,0,0 1,145,1 1,145,1 0,0,0 0,0,0 12,0,2 1,145,1 1,145,1
ADDLINE 12,0,2 1,151,1 1,151,1 1,151,1 1,151,1 1,151,1 1,151,1 3,151,1 1,151,1
ADDLINE 0,0,0 12,0,2 0,0,0 1,171,1 1,171,1 1,171,1 1,171,1 1,171,1 3,171,1
ADDLINE 0,0,0 12,0,2 0,0,0 5,137,1 1,137,1 1,137,1 2,137,1 1,137,1 2,137,1
ADDLINE 0,0,0 0,0,0 0,0,0 12,0,2 0,0,0 2,150,1 1,150,1 5,150,1 1,150,1
ADDLINE 1,163,1 1,163,1 1,163,1 1,163,1 0,0,0 12,0,2 0,0,0 1,163,1 5,163,1
ADDLINE 1,177,1 1,177,1 1,177,1 4,177,1 1,177,1 1,177,1 0,0,0 12,0,2 0,0,0
1,95,1 0,0,0 1,95,1 1,95,1 5,95,1 1,95,1 1,95,1 12,0,2 1,95,1
0,0,0 12,0,2 1,94,1 0,0,0 1,94,1 3,94,1 1,94,1 0,0,0 7,0,2
1,93,1 10,0,2 1,93,1 12,0,2 20,93,1 3,93,1 2,93,1 0,0,0 1,93,1
1,92,1 0,0,0 1,92,1 0,0,0 7,0,2 0,0,0 12,0,2 0,0,0 1,92,1
4,91,1 0,0,0 1,91,1 5,91,1 1,91,1 5,91,1 3,91,1 12,0,2 1,91,1
0,0,0 12,0,2 1,90,1 20,90,1 1,90,1 1,90,1 1,90,1 0,0,0 1,90,1
0,0,0 0,0,0 0,0,0 0,0,0 0,0,0 0,0,0 0,0,0 0,0,0 0,0,0
0,0,0 0,0,0 0,0,0 0,0,0 0,0,0 0,0,0 0,0,0 0,0,0 0,0,0
0,0,0 0,0,0 0,0,0 0,0,0 0,0,0 0,0,0 0,0,0 0,0,0 0,0,0