MODE 0
BALL 90
STARS 0/8600/12300
ADDLINE 1,101,1 1,101,1 12,0,2 1,101,1 1,101,1 1,101,1 1,101,1 5,101,1 1,101,1
ADDLINE 19,107,1 1,107,1 0,0,0 1,107,1 12,0,2 1,107,1 1,107,1 1,107,1 1,107,1
ADDLINE 20,108,1 1,108,1 4,108,1 1,108,1 0,0,0 12,0,2 1,108,1 1,108,1 1,108,1
ADDLINE 1,119,1 0,0,0 0,0,0 0,0,0 12,0,2 1,119,1 1,119,1 1,119,1 1,119,1
ADDLINE 1,120,1 0,0,0 1,120,1 12,0,2 1,120,1 8,0,2 1,120,1 19,120,1 1,120,1
ADDLINE 1,131,1 1,262,1 1,262,1 3,131,1 0,0,0 12,0,2 1,262,1 1,262,1 1,131,1
ADDLINE 4,142,1 20,142,1 1,284,1 1,142,1 0,0,0 0,0,0 0,0,0 12,0,2 0,0,0
ADDLINE 1,154,1 1,308,1 1,308,1 1,154,1 1,308,1 1,308,1 1,308,1 12,0,2 0,0,0
ADDLINE 1,124,1 1,124,1 3,124,1 1,124,1 1,248,1 17,124,1 1,248,1 12,0,2 0,0,0
ADDLINE 5,136,1 1,136,1 2,136,1 0,0,0 1,272,1 1,272,1 1,272,1 12,0,2 1,136,1
ADDLINE 1,148,1 1,296,1 1,296,1 0,0,0 1,296,1 1,296,1 1,296,1 12,0,2 1,148,1
ADDLINE 1,160,1 1,320,1 17,160,1 1,320,1 1,320,1 7,0,2 0,0,0 12,0,2 1,160,1
ADDLINE 1,122,1 1,244,1 1,244,1 1,244,1 1,244,1 1,244,1 1,244,1 12,0,2 1,122,1
ADDLINE 0,0,0 0,0,0 0,0,0 12,0,2 1,282,1 1,282,1 1,141,1 0,0,0 4,141,1
ADDLINE 1,153,1 1,153,1 2,153,1 0,0,0 20,153,1 1,306,1 1,153,1 12,0,2 1,153,1
ADDLINE 1,165,1 0,0,0 3,165,1 1,330,1 1,330,1 12,0,2 0,0,0 0,0,0 1,165,1
ADDLINE 1,127,1 12,0,2 1,127,1 1,127,1 1,127,1 5,127,1 2,127,1 1,127,1 1,127,1
ADDLINE 1,145,1 0,0,0 1,145,1 5,145,1 12,0,2 0,0,0 0,0,0 0,0,0 0,0,0
ADDLINE 1,151,1 1,151,1 3,151,1 1,151,1 1,151,1 12,0,2 1,151,1 5,151,1 1,151,1
ADDLINE 1,171,1 1,171,1 1,171,1 1,171,1 1,171,1 12,0,2 2,171,1 0,0,0 0,0,0
ADDLINE 2,131,1 1,131,1 1,131,1 1,131,1 3,131,1 12,0,2 1,131,1 5,131,1 1,131,1
ADDLINE 0,0,0 0,0,0 1,300,1 1,300,1 1,150,1 0,0,0 12,0,2 0,0,0 0,0,0
ADDLINE 1,163,1 1,326,1 20,163,1 1,326,1 1,326,1 11,0,2 1,326,1 12,0,2 5,163,1
ADDLINE 1,177,1 1,354,1 20,177,1 1,354,1 1,354,1 0,0,0 1,354,1 12,0,2 1,177,1
0,0,0 0,0,0 12,0,2 11,0,2 1,95,1 1,95,1 3,95,1 1,95,1 7,0,2
0,0,0 1,94,1 4,94,1 12,0,2 20,94,1 2,94,1 1,94,1 1,94,1 1,94,1
10,0,2 12,0,2 2,93,1 15,0,2 1,93,1 1,93,1 6,93,1 1,93,1 1,93,1
11,0,2 12,0,2 0,0,0 0,0,0 1,92,1 1,92,1 1,92,1 1,92,1 1,92,1
0,0,0 12,0,2 1,91,1 1,91,1 1,91,1 19,91,1 1,91,1 1,91,1 1,91,1
0,0,0 0,0,0 2,90,1 14,0,2 12,0,2 1,90,1 1,90,1 1,90,1 1,90,1
0,0,0 0,0,0 0,0,0 0,0,0 0,0,0 0,0,0 0,0,0 0,0,0 0,0,0
0,0,0 0,0,0 0,0,0 0,0,0 0,0,0 0,0,0 0,0,0 0,0,0 0,0,0
0,0,0 0,0,0 0,0,0 0,0,0 0,0,0 0,0,0 0,0,0 0,0,0 0,0,0