MODE 0
BALL 90
STARS 0/0/9500
ADDLINE 1,101,1 1,101,1 1,101,1 1,101,1 1,101,1 12,0,2 1,101,1 1,101,1 1,101,1
ADDLINE 1,102,1 1,102,1 1,102,1 1,102,1 1,102,1 12,0,2 1,102,1 1,102,1 1,102,1
ADDLINE 1,103,1 1,103,1 1,103,1 1,103,1 1,103,1 12,0,2 1,103,1 1,103,1 1,103,1
ADDLINE 0,0,0 12,0,2 1,119,1 0,0,0 0,0,0 0,0,0 1,119,1 1,119,1 1,119,1
ADDLINE 1,120,1 11,0,2 1,120,1 1,120,1 1,120,1 12,0,2 1,120,1 1,120,1 1,120,1
ADDLINE 1,131,1 0,0,0 1,262,1 12,0,2 1,131,1 0,0,0 0,0,0 0,0,0 1,131,1
ADDLINE 1,142,1 1,142,1 1,142,1 0,0,0 1,142,1 12,0,2 1,142,1 1,142,1 1,142,1
ADDLINE 1,154,1 1,154,1 1,154,1 0,0,0 12,0,2 0,0,0 1,154,1 1,154,1 1,154,1
ADDLINE 1,118,1 1,118,1 1,118,1 12,0,2 1,118,1 1,118,1 1,118,1 1,118,1 1,118,1
ADDLINE 1,136,1 1,272,1 1,272,1 1,272,1 0,0,0 0,0,0 12,0,2 0,0,0 0,0,0
ADDLINE 1,145,1 1,145,1 10,0,2 0,0,0 12,0,2 0,0,0 0,0,0 1,145,1 1,145,1
ADDLINE 10,0,2 0,0,0 12,0,2 1,320,1 1,320,1 1,320,1 0,0,0 1,160,1 1,160,1
ADDLINE 0,0,0 12,0,2 1,128,1 1,128,1 1,128,1 1,128,1 0,0,0 0,0,0 1,128,1
ADDLINE 0,0,0 0,0,0 1,141,1 1,141,1 1,141,1 1,141,1 1,141,1 12,0,2 1,141,1
ADDLINE 0,0,0 0,0,0 1,153,1 1,153,1 12,0,2 1,153,1 1,153,1 1,153,1 1,153,1
ADDLINE 1,160,1 0,0,0 12,0,2 0,0,0 0,0,0 8,0,2 1,160,1 1,160,1 1,160,1
ADDLINE 1,133,1 11,0,2 1,266,1 1,133,1 1,133,1 12,0,2 1,133,1 1,133,1 1,133,1
ADDLINE 1,145,1 0,0,0 0,0,0 0,0,0 0,0,0 12,0,2 1,145,1 1,145,1 1,145,1
ADDLINE 8,0,2 12,0,2 0,0,0 1,150,1 1,150,1 1,150,1 1,150,1 1,150,1 1,150,1
ADDLINE 0,0,0 1,171,1 12,0,2 1,171,1 1,171,1 1,171,1 1,171,1 1,171,1 1,171,1
ADDLINE 0,0,0 1,137,1 12,0,2 1,137,1 1,137,1 1,137,1 1,137,1 1,137,1 1,137,1
ADDLINE 0,0,0 1,150,1 12,0,2 1,150,1 1,150,1 1,150,1 1,150,1 1,150,1 1,150,1
ADDLINE 0,0,0 12,0,2 8,0,2 1,150,1 1,150,1 1,150,1 1,150,1 1,150,1 1,150,1
ADDLINE 1,177,1 1,177,1 0,0,0 12,0,2 0,0,0 0,0,0 11,0,2 1,354,1 1,177,1
0,0,0 0,0,0 12,0,2 0,0,0 0,0,0 0,0,0 5,95,1 1,95,1 1,95,1
1,90,1 6,90,1 1,90,1 1,90,1 1,90,1 12,0,2 2,90,1 5,90,1 1,90,1
1,93,1 1,93,1 1,90,1 1,90,1 1,90,1 0,0,0 1,93,1 12,0,2 0,0,0
1,88,1 1,88,1 1,88,1 20,88,1 1,88,1 12,0,2 4,88,1 3,88,1 1,88,1
0,0,0 0,0,0 0,0,0 12,0,2 4,88,1 0,0,0 3,91,1 0,0,0 0,0,0
1,86,1 1,86,1 1,86,1 1,86,1 12,0,2 1,86,1 1,86,1 1,86,1 1,86,1
0,0,0 0,0,0 0,0,0 0,0,0 0,0,0 0,0,0 0,0,0 0,0,0 0,0,0
0,0,0 0,0,0 0,0,0 0,0,0 0,0,0 0,0,0 0,0,0 0,0,0 0,0,0
0,0,0 0,0,0 0,0,0 0,0,0 0,0,0 0,0,0 0,0,0 0,0,0 0,0,0