MODE 0
BALL 90
STARS 0/0/12200
ADDLINE 1,101,1 1,101,1 1,101,1 1,101,1 12,0,2 1,101,1 1,101,1 1,101,1 1,101,1
ADDLINE 1,102,1 1,102,1 1,102,1 1,102,1 12,0,2 1,102,1 1,102,1 1,102,1 1,102,1
ADDLINE 1,108,1 1,108,1 1,108,1 0,0,0 12,0,2 1,108,1 1,108,1 1,108,1 1,108,1
ADDLINE 1,119,1 1,119,1 1,119,1 12,0,2 0,0,0 0,0,0 0,0,0 0,0,0 0,0,0
ADDLINE 1,120,1 1,120,1 12,0,2 0,0,0 0,0,0 0,0,0 0,0,0 0,0,0 0,0,0
ADDLINE 1,131,1 1,131,1 0,0,0 12,0,2 1,131,1 1,131,1 1,131,1 1,131,1 1,131,1
ADDLINE 0,0,0 0,0,0 0,0,0 12,0,2 1,142,1 1,142,1 1,142,1 1,142,1 1,142,1
ADDLINE 12,0,2 1,147,1 1,147,1 1,147,1 1,147,1 1,147,1 1,147,1 1,147,1 1,147,1
ADDLINE 0,0,0 12,0,2 0,0,0 0,0,0 1,124,1 1,124,1 1,124,1 1,124,1 1,124,1
ADDLINE 0,0,0 12,0,2 0,0,0 0,0,0 1,136,1 0,0,0 1,136,1 0,0,0 0,0,0
ADDLINE 1,141,1 1,141,1 1,141,1 1,141,1 1,141,1 12,0,2 1,141,1 1,141,1 1,141,1
ADDLINE 1,160,1 0,0,0 0,0,0 0,0,0 0,0,0 12,0,2 1,160,1 1,160,1 1,160,1
ADDLINE 1,122,1 12,0,2 1,122,1 1,122,1 1,122,1 1,122,1 1,122,1 1,122,1 1,122,1
ADDLINE 1,141,1 0,0,0 1,141,1 1,141,1 1,141,1 0,0,0 12,0,2 0,0,0 0,0,0
ADDLINE 1,153,1 0,0,0 1,153,1 1,153,1 1,153,1 12,0,2 1,153,1 1,153,1 1,153,1
ADDLINE 1,165,1 12,0,2 1,165,1 1,165,1 1,165,1 0,0,0 1,165,1 0,0,0 0,0,0
ADDLINE 1,133,1 0,0,0 1,133,1 1,133,1 1,133,1 12,0,2 1,133,1 1,133,1 1,133,1
ADDLINE 1,145,1 0,0,0 0,0,0 12,0,2 0,0,0 0,0,0 1,145,1 1,145,1 1,145,1
ADDLINE 1,158,1 0,0,0 1,158,1 1,158,1 1,158,1 1,158,1 1,158,1 12,0,2 1,158,1
ADDLINE 1,171,1 0,0,0 1,171,1 1,171,1 1,171,1 1,171,1 1,171,1 12,0,2 1,171,1
ADDLINE 1,131,1 1,131,1 1,131,1 1,131,1 1,131,1 1,131,1 1,131,1 12,0,2 1,131,1
ADDLINE 1,150,1 12,0,2 1,150,1 1,150,1 1,150,1 1,150,1 1,150,1 0,0,0 0,0,0
ADDLINE 1,155,1 12,0,2 1,155,1 1,155,1 1,155,1 1,155,1 1,155,1 1,155,1 1,155,1
ADDLINE 1,177,1 0,0,0 0,0,0 12,0,2 1,177,1 0,0,0 0,0,0 0,0,0 1,177,1
0,0,0 4,95,1 12,0,2 3,95,1 1,95,1 1,95,1 1,95,1 1,95,1 1,95,1
4,94,1 3,94,1 12,0,2 17,94,1 1,94,1 1,94,1 1,94,1 1,94,1 1,94,1
0,0,0 12,0,2 1,93,1 1,93,1 0,0,0 0,0,0 1,93,1 1,93,1 1,93,1
0,0,0 12,0,2 1,92,1 1,92,1 0,0,0 1,92,1 1,92,1 1,92,1 1,92,1
0,0,0 1,91,1 1,91,1 1,91,1 12,0,2 0,0,0 11,0,2 0,0,0 1,91,1
0,0,0 1,90,1 1,90,1 1,90,1 1,90,1 1,90,1 1,90,1 12,0,2 1,90,1
0,0,0 0,0,0 0,0,0 0,0,0 0,0,0 0,0,0 0,0,0 0,0,0 0,0,0
0,0,0 0,0,0 0,0,0 0,0,0 0,0,0 0,0,0 0,0,0 0,0,0 0,0,0
0,0,0 0,0,0 0,0,0 0,0,0 0,0,0 0,0,0 0,0,0 0,0,0 0,0,0