MODE 0
BALL 90
STARS 0/0/12400
ADDLINE 1,101,1 1,101,1 1,101,1 1,101,1 1,101,1 1,101,1 1,101,1 12,0,2 1,101,1
ADDLINE 1,107,1 1,107,1 1,107,1 1,107,1 1,107,1 1,107,1 1,107,1 12,0,2 0,0,0
ADDLINE 1,108,1 1,108,1 1,108,1 1,108,1 0,0,0 0,0,0 0,0,0 12,0,2 0,0,0
ADDLINE 0,0,0 0,0,0 0,0,0 12,0,2 0,0,0 1,119,1 1,119,1 1,119,1 17,119,1
ADDLINE 0,0,0 12,0,2 0,0,0 0,0,0 1,120,1 1,120,1 1,120,1 1,120,1 1,120,1
ADDLINE 1,125,1 1,125,1 1,125,1 12,0,2 1,125,1 1,125,1 1,125,1 1,125,1 1,125,1
ADDLINE 1,136,1 1,136,1 1,136,1 12,0,2 1,136,1 1,136,1 1,136,1 1,136,1 1,136,1
ADDLINE 1,154,1 1,154,1 1,154,1 0,0,0 12,0,2 0,0,0 0,0,0 1,154,1 1,154,1
ADDLINE 16,124,1 1,100,1 1,50,1 1,50,1 1,50,1 1,50,1 12,0,2 1,150,1 0,0,0
ADDLINE 0,0,0 1,136,1 1,136,1 1,136,1 12,0,2 1,136,1 1,30,1 16,136,1 1,136,1
ADDLINE 0,0,0 1,148,1 1,148,1 1,15,1 12,0,2 1,148,1 0,0,0 1,148,1 1,148,1
ADDLINE 1,120,1 1,120,1 1,120,1 16,160,1 1,120,1 1,120,1 1,120,1 12,0,2 0,0,0
ADDLINE 1,128,1 1,128,1 12,0,2 1,128,1 1,128,1 1,128,1 1,128,1 1,128,1 0,0,0
ADDLINE 12,0,2 0,0,0 0,0,0 1,141,1 1,141,1 1,141,1 1,141,1 1,141,1 0,0,0
ADDLINE 1,153,1 1,306,1 12,0,2 1,153,1 1,153,1 1,153,1 1,153,1 1,153,1 0,0,0
ADDLINE 0,0,0 20,165,1 0,0,0 12,0,2 0,0,0 0,0,0 0,0,0 1,165,1 0,0,0
ADDLINE 1,127,1 1,127,1 1,127,1 1,127,1 12,0,2 1,127,1 1,127,1 1,127,1 1,127,1
ADDLINE 1,138,1 1,138,1 1,138,1 1,138,1 12,0,2 1,138,1 1,138,1 1,138,1 1,138,1
ADDLINE 0,0,0 0,0,0 12,0,2 0,0,0 0,0,0 0,0,0 1,158,1 1,158,1 1,158,1
ADDLINE 1,163,1 1,163,1 1,163,1 12,0,2 1,163,1 1,163,1 1,163,1 1,163,1 1,163,1
ADDLINE 1,137,1 1,137,1 1,137,1 0,0,0 1,137,1 0,0,0 12,0,2 0,0,0 0,0,0
ADDLINE 1,143,1 1,143,1 1,143,1 12,0,2 1,143,1 1,143,1 1,143,1 1,143,1 1,143,1
ADDLINE 1,155,1 1,155,1 1,155,1 12,0,2 1,155,1 1,155,1 1,155,1 1,155,1 1,155,1
ADDLINE 1,177,1 1,177,1 1,177,1 12,0,2 1,177,1 1,177,1 1,177,1 17,40,1 1,177,1
1,95,1 1,95,1 1,95,1 1,95,1 0,0,0 12,0,2 0,0,0 0,0,0 1,95,1
1,94,1 1,94,1 6,94,1 0,0,0 0,0,0 1,94,1 12,0,2 1,94,1 1,94,1
1,93,1 1,93,1 4,93,1 0,0,0 3,93,1 1,93,1 12,0,2 1,93,1 1,93,1
1,93,1 4,93,1 0,0,0 0,0,0 2,93,1 19,92,1 12,0,2 1,92,1 1,92,1
1,91,1 2,91,1 0,0,0 0,0,0 3,91,1 1,1,1 1,91,1 12,0,2 1,91,1
1,90,1 1,90,1 1,90,1 0,0,0 0,0,0 0,0,0 0,0,0 12,0,2 1,90,1
0,0,0 0,0,0 0,0,0 0,0,0 0,0,0 0,0,0 0,0,0 0,0,0 0,0,0
0,0,0 0,0,0 0,0,0 0,0,0 0,0,0 0,0,0 0,0,0 0,0,0 0,0,0
0,0,0 0,0,0 0,0,0 0,0,0 0,0,0 0,0,0 0,0,0 0,0,0 0,0,0