MODE 0
BALL 90
STARS 0/0/9100
ADDLINE 3,101,1 12,0,2 1,101,1 1,101,1 4,101,1 1,101,1 1,101,1 3,101,1 1,101,1
ADDLINE 1,102,1 12,0,2 1,102,1 5,102,1 1,102,1 1,102,1 1,102,1 1,102,1 1,102,1
ADDLINE 1,108,1 0,0,0 12,0,2 4,108,1 1,108,1 1,108,1 5,108,1 1,108,1 1,108,1
ADDLINE 1,119,1 3,119,1 0,0,0 0,0,0 12,0,2 0,0,0 3,119,1 1,119,1 1,119,1
ADDLINE 1,120,1 1,120,1 4,120,1 0,0,0 0,0,0 12,0,2 1,120,1 1,120,1 5,120,1
ADDLINE 1,131,1 1,131,1 1,131,1 0,0,0 0,0,0 12,0,2 0,0,0 0,0,0 0,0,0
ADDLINE 1,142,1 1,142,1 1,142,1 0,0,0 0,0,0 0,0,0 12,0,2 0,0,0 0,0,0
ADDLINE 1,147,1 1,147,1 3,147,1 12,0,2 1,147,1 3,147,1 1,147,1 1,147,1 2,147,1
ADDLINE 1,124,1 1,124,1 4,124,1 0,0,0 12,0,2 0,0,0 0,0,0 0,0,0 1,124,1
ADDLINE 4,136,1 12,0,2 1,136,1 1,136,1 1,136,1 0,0,0 0,0,0 0,0,0 0,0,0
ADDLINE 1,148,1 0,0,0 1,148,1 1,148,1 1,148,1 12,0,2 1,148,1 2,148,1 4,148,1
ADDLINE 0,0,0 0,0,0 0,0,0 0,0,0 1,160,1 12,0,2 1,160,1 1,160,1 5,160,1
ADDLINE 2,122,1 1,122,1 1,122,1 1,122,1 1,122,1 12,0,2 1,122,1 4,122,1 1,122,1
ADDLINE 0,0,0 0,0,0 12,0,2 0,0,0 1,141,1 0,0,0 1,141,1 2,141,1 1,141,1
ADDLINE 1,146,1 5,146,1 5,146,1 1,146,1 1,146,1 12,0,2 1,146,1 1,146,1 1,146,1
ADDLINE 0,0,0 12,0,2 1,165,1 0,0,0 1,165,1 0,0,0 1,165,1 0,0,0 0,0,0
ADDLINE 1,133,1 5,133,1 1,133,1 0,0,0 1,133,1 12,0,2 1,133,1 0,0,0 1,133,1
ADDLINE 2,145,1 1,145,1 3,145,1 0,0,0 12,0,2 0,0,0 1,145,1 0,0,0 2,145,1
ADDLINE 1,158,1 0,0,0 1,158,1 12,0,2 1,158,1 0,0,0 5,158,1 1,158,1 1,158,1
ADDLINE 1,171,1 0,0,0 1,171,1 12,0,2 3,171,1 0,0,0 0,0,0 0,0,0 1,171,1
ADDLINE 3,131,1 12,0,2 1,131,1 1,131,1 1,131,1 2,131,1 1,131,1 1,131,1 1,131,1
ADDLINE 1,150,1 0,0,0 0,0,0 0,0,0 0,0,0 1,150,1 12,0,2 1,150,1 1,150,1
ADDLINE 4,155,1 1,155,1 2,155,1 12,0,2 3,155,1 1,155,1 1,155,1 1,155,1 1,155,1
ADDLINE 0,0,0 0,0,0 2,177,1 12,0,2 1,177,1 1,177,1 1,177,1 1,177,1 1,177,1
10,0,2 0,0,0 12,0,2 0,0,0 0,0,0 4,95,1 1,95,1 1,95,1 1,95,1
2,90,1 12,0,2 5,90,1 1,90,1 1,90,1 1,90,1 1,90,1 5,90,1 1,90,1
1,93,1 2,93,1 0,0,0 0,0,0 12,0,2 1,93,1 1,93,1 5,93,1 1,93,1
2,92,1 1,92,1 1,92,1 0,0,0 21,92,1 4,92,1 1,92,1 12,0,2 0,0,0
1,91,1 1,91,1 17,91,1 0,0,0 0,0,0 12,0,2 0,0,0 1,91,1 0,0,0
2,90,1 1,90,1 5,90,1 1,90,1 12,0,2 0,0,0 0,0,0 0,0,0 0,0,0
0,0,0 0,0,0 0,0,0 0,0,0 0,0,0 0,0,0 0,0,0 0,0,0 0,0,0
0,0,0 0,0,0 0,0,0 0,0,0 0,0,0 0,0,0 0,0,0 0,0,0 0,0,0
0,0,0 0,0,0 0,0,0 0,0,0 0,0,0 0,0,0 0,0,0 0,0,0 0,0,0