MODE 0
BALL 90
STARS 0/0/10000
ADDLINE 0,0,0 0,0,0 0,0,0 0,0,0 0,0,0 12,0,2 1,106,1 0,0,0 0,0,0
ADDLINE 1,102,1 1,102,1 1,102,1 5,102,1 1,102,1 12,0,2 1,102,1 1,102,1 1,102,1
ADDLINE 1,103,1 1,103,1 1,103,1 1,103,1 2,103,1 12,0,2 2,103,1 4,103,1 1,103,1
ADDLINE 2,113,1 1,113,1 1,113,1 1,113,1 1,113,1 12,0,2 1,113,1 1,113,1 1,113,1
ADDLINE 1,114,1 3,114,1 1,114,1 4,114,1 1,114,1 12,0,2 4,114,1 1,114,1 1,114,1
ADDLINE 1,125,1 2,125,1 3,125,1 1,125,1 1,125,1 12,0,2 1,125,1 1,125,1 1,125,1
ADDLINE 0,0,0 12,0,2 0,0,0 0,0,0 4,142,1 0,0,0 3,142,1 0,0,0 1,142,1
ADDLINE 1,154,1 1,154,1 2,154,1 1,154,1 1,154,1 0,0,0 1,154,1 12,0,2 1,154,1
ADDLINE 1,124,1 0,0,0 12,0,2 0,0,0 1,124,1 0,0,0 1,124,1 0,0,0 1,50,1
ADDLINE 0,0,0 12,0,2 1,40,1 1,35,1 1,30,1 1,25,1 1,20,1 1,15,1 10,0,2
ADDLINE 5,148,1 12,0,2 0,0,0 2,148,1 1,148,1 1,148,1 1,200,1 7,0,2 0,0,0
ADDLINE 1,160,1 1,160,1 1,160,1 1,160,1 11,0,2 0,0,0 0,0,0 12,0,2 1,160,1
ADDLINE 5,128,1 1,128,1 1,128,1 1,200,1 0,0,0 1,200,1 12,0,2 1,128,1 1,128,1
ADDLINE 1,141,1 1,141,1 4,141,1 1,141,1 0,0,0 3,141,1 12,0,2 1,141,1 1,141,1
ADDLINE 1,153,1 0,0,0 0,0,0 0,0,0 0,0,0 12,0,2 0,0,0 0,0,0 4,153,1
ADDLINE 1,165,1 0,0,0 12,0,2 0,0,0 0,0,0 1,165,1 1,165,1 0,0,0 1,165,1
ADDLINE 1,133,1 3,133,1 1,133,1 1,133,1 0,0,0 12,0,2 1,266,1 11,0,2 1,133,1
ADDLINE 2,145,1 1,145,1 0,0,0 12,0,2 5,145,1 3,145,1 0,0,0 0,0,0 1,145,1
ADDLINE 1,151,1 12,0,2 1,151,1 1,151,1 4,151,1 3,151,1 1,151,1 1,151,1 1,151,1
ADDLINE 1,171,1 0,0,0 0,0,0 12,0,2 0,0,0 1,171,1 1,171,1 1,171,1 1,171,1
ADDLINE 0,0,0 0,0,0 0,0,0 12,0,2 0,0,0 2,137,1 1,137,1 4,137,1 1,137,1
ADDLINE 0,0,0 0,0,0 0,0,0 12,0,2 0,0,0 0,0,0 4,150,1 2,150,1 1,150,1
ADDLINE 1,160,1 1,160,1 1,160,1 1,160,1 8,0,2 12,0,2 1,160,1 1,160,1 1,160,1
ADDLINE 1,177,1 1,177,1 1,177,1 1,177,1 0,0,0 12,0,2 0,0,0 0,0,0 0,0,0
1,91,1 4,91,1 1,91,1 12,0,2 1,91,1 1,91,1 1,91,1 1,91,1 1,91,1
0,0,0 0,0,0 1,60,1 12,0,2 0,0,0 0,0,0 1,60,1 0,0,0 1,90,1
1,89,1 2,89,1 1,89,1 12,0,2 1,89,1 10,0,2 1,89,1 5,89,1 1,89,1
2,92,1 1,92,1 1,92,1 11,0,2 1,92,1 3,92,1 1,92,1 12,0,2 3,92,1
1,91,1 6,91,1 1,91,1 0,0,0 6,91,1 0,0,0 8,0,2 12,0,2 3,91,1
4,86,1 1,86,1 1,86,1 4,86,1 2,86,1 1,86,1 3,86,1 12,0,2 1,86,1
0,0,0 0,0,0 0,0,0 0,0,0 0,0,0 0,0,0 0,0,0 0,0,0 0,0,0
0,0,0 0,0,0 0,0,0 0,0,0 0,0,0 0,0,0 0,0,0 0,0,0 0,0,0
0,0,0 0,0,0 0,0,0 0,0,0 0,0,0 0,0,0 0,0,0 0,0,0 0,0,0