MODE 0
BALL 90
STARS 0/0/12400
ADDLINE 1,101,1 1,101,1 1,101,1 1,101,1 1,101,1 1,101,1 12,0,2 4,101,1 1,101,1
ADDLINE 1,107,1 1,107,1 1,107,1 2,107,1 1,107,1 1,107,1 0,0,0 12,0,2 1,107,1
ADDLINE 5,108,1 5,108,1 1,108,1 2,108,1 1,108,1 1,108,1 0,0,0 12,0,2 4,108,1
ADDLINE 1,119,1 2,119,1 1,119,1 1,119,1 3,119,1 1,119,1 0,0,0 12,0,2 4,119,1
ADDLINE 1,120,1 1,120,1 3,120,1 0,0,0 12,0,2 0,0,0 0,0,0 0,0,0 1,120,1
ADDLINE 1,131,1 1,131,1 1,131,1 0,0,0 12,0,2 0,0,0 0,0,0 1,131,1 1,131,1
ADDLINE 0,0,0 0,0,0 0,0,0 0,0,0 12,0,2 0,0,0 0,0,0 1,142,1 1,142,1
ADDLINE 12,0,2 1,147,1 1,147,1 1,147,1 1,147,1 1,147,1 1,147,1 1,147,1 1,147,1
ADDLINE 0,0,0 12,0,2 0,0,0 1,124,1 1,124,1 2,124,1 2,124,1 3,124,1 5,124,1
ADDLINE 1,136,1 1,136,1 1,136,1 0,0,0 1,136,1 12,0,2 1,136,1 1,136,1 1,136,1
ADDLINE 0,0,0 0,0,0 0,0,0 0,0,0 1,148,1 12,0,2 2,148,1 0,0,0 5,148,1
ADDLINE 2,160,1 1,160,1 4,160,1 0,0,0 1,160,1 1,160,1 1,160,1 12,0,2 1,160,1
ADDLINE 1,128,1 1,128,1 1,128,1 0,0,0 0,0,0 12,0,2 0,0,0 0,0,0 1,128,1
ADDLINE 5,134,1 1,134,1 2,134,1 3,134,1 1,134,1 1,134,1 12,0,2 1,134,1 1,134,1
ADDLINE 0,0,0 0,0,0 0,0,0 1,153,1 0,0,0 0,0,0 12,0,2 0,0,0 0,0,0
ADDLINE 1,165,1 1,165,1 1,165,1 1,165,1 1,165,1 0,0,0 1,165,1 12,0,2 2,165,1
ADDLINE 4,133,1 1,133,1 1,133,1 4,133,1 1,133,1 0,0,0 1,133,1 12,0,2 2,133,1
ADDLINE 1,145,1 1,145,1 3,145,1 1,145,1 1,145,1 0,0,0 1,145,1 12,0,2 1,145,1
ADDLINE 1,158,1 1,158,1 1,158,1 0,0,0 12,0,2 0,0,0 0,0,0 0,0,0 4,158,1
ADDLINE 1,163,1 4,163,1 1,163,1 12,0,2 2,163,1 1,163,1 1,163,1 1,163,1 3,163,1
ADDLINE 1,131,1 3,131,1 1,131,1 12,0,2 1,131,1 1,131,1 1,131,1 1,131,1 1,131,1
ADDLINE 1,143,1 1,143,1 1,143,1 12,0,2 1,143,1 1,143,1 1,143,1 3,143,1 1,143,1
ADDLINE 0,0,0 0,0,0 0,0,0 12,0,2 1,163,1 0,0,0 0,0,0 0,0,0 0,0,0
ADDLINE 1,168,1 12,0,2 1,168,1 1,168,1 5,168,1 1,168,1 2,168,1 3,168,1 1,168,1
2,95,1 11,0,2 5,95,1 0,0,0 1,95,1 1,95,1 12,0,2 0,0,0 1,95,1
1,94,1 2,94,1 0,0,0 12,0,2 5,188,1 12,0,2 0,0,0 18,94,1 1,94,1
5,93,1 1,93,1 5,93,1 0,0,0 12,0,2 0,0,0 6,93,1 1,93,1 1,93,1
4,92,1 6,92,1 1,92,1 4,184,1 3,184,1 12,0,2 4,92,1 1,92,1 6,92,1
1,91,1 1,91,1 0,0,0 12,0,2 1,10,1 22,0,2 1,91,1 1,91,1 1,91,1
1,90,1 1,90,1 1,90,1 2,180,1 5,180,1 1,90,1 1,90,1 1,90,1 1,90,1
0,0,0 0,0,0 0,0,0 0,0,0 0,0,0 0,0,0 0,0,0 0,0,0 0,0,0
0,0,0 0,0,0 0,0,0 0,0,0 0,0,0 0,0,0 0,0,0 0,0,0 0,0,0
0,0,0 0,0,0 0,0,0 0,0,0 0,0,0 0,0,0 0,0,0 0,0,0 0,0,0