MODE 0
BALL 90
STARS 0/0/9300
ADDLINE 0,0,0 1,106,1 1,106,1 1,106,1 3,106,1 1,106,1 12,0,2 1,106,1 1,106,1
ADDLINE 0,0,0 4,107,1 1,107,1 1,107,1 1,107,1 1,107,1 12,0,2 5,107,1 1,107,1
ADDLINE 0,0,0 4,108,1 1,108,1 1,108,1 1,108,1 5,108,1 12,0,2 1,108,1 1,108,1
ADDLINE 0,0,0 1,119,1 0,0,0 1,119,1 0,0,0 12,0,2 0,0,0 4,119,1 1,119,1
ADDLINE 1,114,1 5,114,1 1,114,1 4,114,1 1,114,1 1,114,1 12,0,2 3,114,1 1,114,1
ADDLINE 1,131,1 1,131,1 0,0,0 1,131,1 1,131,1 1,131,1 12,0,2 0,0,0 0,0,0
ADDLINE 1,142,1 1,142,1 0,0,0 1,142,1 1,142,1 3,142,1 12,0,2 1,142,1 2,142,1
ADDLINE 1,154,1 1,154,1 0,0,0 1,154,1 1,154,1 3,154,1 12,0,2 1,154,1 0,0,0
ADDLINE 1,124,1 1,124,1 0,0,0 2,124,1 1,124,1 1,124,1 12,0,2 5,124,1 1,124,1
ADDLINE 0,0,0 0,0,0 0,0,0 0,0,0 12,0,2 4,136,1 1,136,1 1,136,1 3,136,1
ADDLINE 0,0,0 2,148,1 1,148,1 1,148,1 12,0,2 1,148,1 1,148,1 1,148,1 2,148,1
ADDLINE 0,0,0 1,160,1 1,160,1 1,160,1 12,0,2 1,160,1 1,160,1 1,160,1 1,160,1
ADDLINE 2,128,1 0,0,0 1,128,1 1,128,1 12,0,2 0,0,0 0,0,0 1,128,1 1,128,1
ADDLINE 4,141,1 0,0,0 0,0,0 1,141,1 0,0,0 0,0,0 0,0,0 12,0,2 5,141,1
ADDLINE 1,153,1 2,153,1 12,0,2 1,153,1 1,153,1 1,153,1 1,153,1 0,0,0 0,0,0
ADDLINE 4,165,1 1,165,1 4,165,1 0,0,0 12,0,2 5,165,1 1,165,1 1,165,1 1,165,1
ADDLINE 1,133,1 0,0,0 0,0,0 12,0,2 0,0,0 0,0,0 1,133,1 1,133,1 1,133,1
ADDLINE 1,145,1 0,0,0 0,0,0 12,0,2 1,145,1 0,0,0 0,0,0 2,145,1 1,145,1
ADDLINE 12,0,2 5,151,1 1,151,1 1,151,1 1,151,1 1,151,1 1,151,1 1,151,1 1,151,1
ADDLINE 0,0,0 0,0,0 0,0,0 0,0,0 0,0,0 12,0,2 0,0,0 3,171,1 3,171,1
ADDLINE 1,131,1 1,131,1 2,131,1 1,131,1 1,131,1 1,131,1 12,0,2 1,131,1 1,131,1
ADDLINE 1,150,1 1,150,1 1,150,1 1,150,1 0,0,0 0,0,0 12,0,2 1,150,1 1,150,1
ADDLINE 1,163,1 5,163,1 1,163,1 2,163,1 0,0,0 12,0,2 1,163,1 3,163,1 2,163,1
ADDLINE 1,177,1 1,177,1 1,177,1 3,177,1 0,0,0 12,0,2 1,177,1 1,177,1 1,177,1
5,95,1 12,0,2 0,0,0 0,0,0 1,95,1 1,95,1 2,95,1 1,95,1 10,0,2
3,90,1 12,0,2 1,90,1 1,90,1 1,90,1 1,90,1 1,90,1 1,90,1 1,90,1
0,0,0 12,0,2 0,0,0 0,0,0 1,93,1 1,93,1 5,93,1 1,93,1 1,93,1
1,92,1 2,92,1 16,88,1 12,0,2 5,92,1 1,92,1 1,92,1 1,92,1 1,92,1
2,91,1 0,0,0 0,0,0 0,0,0 0,0,0 12,0,2 0,0,0 0,0,0 0,0,0
1,90,1 0,0,0 1,90,1 1,90,1 1,90,1 1,90,1 2,90,1 12,0,2 5,90,1
0,0,0 0,0,0 0,0,0 0,0,0 0,0,0 0,0,0 0,0,0 0,0,0 0,0,0
0,0,0 0,0,0 0,0,0 0,0,0 0,0,0 0,0,0 0,0,0 0,0,0 0,0,0
0,0,0 0,0,0 0,0,0 0,0,0 0,0,0 0,0,0 0,0,0 0,0,0 0,0,0