MODE 0
BALL 90
STARS 0/0/9800
ADDLINE 1,101,1 1,101,1 1,101,1 12,0,2 1,101,1 1,101,1 1,101,1 1,101,1 1,101,1
ADDLINE 1,102,1 1,102,1 1,102,1 12,0,2 1,102,1 1,102,1 1,102,1 1,102,1 1,102,1
ADDLINE 1,103,1 1,103,1 1,103,1 12,0,2 1,103,1 1,103,1 1,103,1 1,103,1 1,103,1
ADDLINE 1,119,1 0,0,0 12,0,2 0,0,0 1,119,1 1,119,1 1,119,1 1,119,1 1,119,1
ADDLINE 1,114,1 1,114,1 1,114,1 12,0,2 1,114,1 1,114,1 1,114,1 1,114,1 1,114,1
ADDLINE 1,131,1 0,0,0 0,0,0 12,0,2 0,0,0 0,0,0 0,0,0 0,0,0 1,131,1
ADDLINE 1,136,1 12,0,2 1,136,1 1,136,1 1,136,1 1,136,1 1,136,1 1,136,1 1,136,1
ADDLINE 0,0,0 12,0,2 1,154,1 1,154,1 1,154,1 0,0,0 0,0,0 0,0,0 0,0,0
ADDLINE 1,124,1 0,0,0 1,124,1 1,124,1 1,124,1 12,0,2 1,124,1 1,124,1 1,124,1
ADDLINE 0,0,0 0,0,0 0,0,0 1,136,1 1,136,1 1,136,1 12,0,2 1,136,1 1,136,1
ADDLINE 0,0,0 1,148,1 0,0,0 1,148,1 1,148,1 1,148,1 12,0,2 1,148,1 1,148,1
ADDLINE 0,0,0 0,0,0 0,0,0 0,0,0 12,0,2 0,0,0 0,0,0 1,160,1 1,160,1
ADDLINE 1,128,1 1,128,1 0,0,0 1,128,1 1,128,1 1,128,1 12,0,2 1,128,1 1,128,1
ADDLINE 1,141,1 1,141,1 0,0,0 1,141,1 0,0,0 1,141,1 12,0,2 1,141,1 1,141,1
ADDLINE 1,153,1 0,0,0 12,0,2 1,153,1 0,0,0 0,0,0 1,153,1 1,153,1 1,153,1
ADDLINE 1,165,1 0,0,0 1,165,1 1,165,1 0,0,0 12,0,2 1,165,1 1,165,1 1,165,1
ADDLINE 1,133,1 0,0,0 0,0,0 1,133,1 12,0,2 1,133,1 1,133,1 1,133,1 1,133,1
ADDLINE 1,145,1 1,145,1 0,0,0 12,0,2 0,0,0 1,145,1 1,145,1 1,145,1 1,145,1
ADDLINE 12,0,2 1,151,1 1,151,1 1,151,1 1,151,1 1,151,1 1,151,1 1,151,1 1,151,1
ADDLINE 0,0,0 12,0,2 0,0,0 0,0,0 0,0,0 0,0,0 0,0,0 0,0,0 1,171,1
ADDLINE 1,137,1 1,137,1 1,137,1 0,0,0 0,0,0 12,0,2 0,0,0 0,0,0 1,137,1
ADDLINE 1,150,1 1,150,1 1,150,1 0,0,0 12,0,2 1,150,1 1,150,1 1,150,1 1,150,1
ADDLINE 1,163,1 1,163,1 1,163,1 1,163,1 0,0,0 12,0,2 1,163,1 1,163,1 1,163,1
ADDLINE 1,168,1 1,168,1 1,168,1 1,168,1 1,168,1 12,0,2 1,168,1 1,168,1 1,168,1
1,95,1 12,0,2 0,0,0 0,0,0 0,0,0 1,95,1 1,95,1 12,0,2 0,0,0
1,90,1 12,0,2 1,90,1 1,90,1 6,90,1 1,90,1 1,90,1 1,90,1 1,90,1
0,0,0 0,0,0 12,0,2 1,93,1 1,93,1 1,93,1 1,93,1 1,93,1 0,0,0
1,88,1 1,88,1 12,0,2 1,88,1 1,88,1 1,88,1 1,88,1 1,88,1 1,88,1
1,91,1 1,91,1 12,0,2 16,91,1 1,91,1 1,91,1 1,91,1 20,91,1 0,0,0
1,90,1 1,90,1 11,0,2 1,90,1 1,90,1 1,90,1 1,90,1 1,90,1 0,0,0
0,0,0 0,0,0 0,0,0 0,0,0 0,0,0 0,0,0 0,0,0 0,0,0 0,0,0
0,0,0 0,0,0 0,0,0 0,0,0 0,0,0 0,0,0 0,0,0 0,0,0 0,0,0
0,0,0 0,0,0 0,0,0 0,0,0 0,0,0 0,0,0 0,0,0 0,0,0 0,0,0