MODE 0
BALL 90
STARS 0/0/13000
ADDLINE 1,80,1 1,80,1 16,80,1 12,0,2 1,80,1 1,80,1 1,80,1 1,80,1 0,0,0
ADDLINE 1,107,1 1,107,1 1,107,1 1,107,1 1,107,1 1,107,1 1,107,1 12,0,2 16,107,1
ADDLINE 1,108,1 1,108,1 1,108,1 0,0,0 0,0,0 1,108,1 0,0,0 12,0,2 1,108,1
ADDLINE 1,118,1 11,0,2 1,118,1 12,0,2 1,118,1 1,118,1 1,118,1 1,118,1 1,118,1
ADDLINE 1,140,1 1,140,1 1,140,1 12,0,2 20,140,1 1,140,1 1,140,1 1,140,1 1,140,1
ADDLINE 19,131,1 1,262,1 1,262,1 12,0,2 1,262,1 1,262,1 1,262,1 1,262,1 1,262,1
ADDLINE 1,284,1 0,0,0 12,0,2 0,0,0 1,142,1 1,142,1 1,142,1 1,284,1 20,142,1
ADDLINE 1,147,1 1,147,1 1,147,1 12,0,2 1,147,1 1,147,1 1,147,1 1,294,1 1,294,1
ADDLINE 1,124,1 0,0,0 1,124,1 12,0,2 1,124,1 0,0,0 0,0,0 0,0,0 1,124,1
ADDLINE 1,136,1 1,136,1 1,136,1 1,136,1 0,0,0 0,0,0 12,0,2 0,0,0 0,0,0
ADDLINE 1,200,1 1,200,1 1,190,1 1,196,1 0,0,0 1,196,1 12,0,2 0,0,0 8,0,2
ADDLINE 1,160,1 0,0,0 12,0,2 0,0,0 1,160,1 0,0,0 1,160,1 1,160,1 1,160,1
ADDLINE 1,128,1 0,0,0 0,0,0 12,0,2 0,0,0 0,0,0 1,128,1 1,128,1 1,128,1
ADDLINE 0,0,0 12,0,2 1,141,1 1,141,1 1,141,1 1,141,1 1,141,1 0,0,0 1,141,1
ADDLINE 1,153,1 1,153,1 0,0,0 1,153,1 1,153,1 1,130,1 1,130,1 12,0,2 1,153,1
ADDLINE 1,200,1 1,200,1 1,130,1 12,0,2 1,130,1 1,130,1 19,165,1 1,130,1 0,0,0
ADDLINE 1,133,1 1,200,1 1,200,1 1,133,1 1,133,1 1,200,1 12,0,2 1,200,1 0,0,0
ADDLINE 1,90,1 19,145,1 1,90,1 1,90,1 1,90,1 1,90,1 1,90,1 12,0,2 0,0,0
ADDLINE 1,102,1 12,0,2 1,102,1 1,151,1 1,151,1 1,151,1 1,151,1 1,151,1 1,151,1
ADDLINE 10,0,2 12,0,2 1,142,1 1,142,1 1,142,1 1,142,1 1,142,1 1,142,1 1,142,1
ADDLINE 0,0,0 0,0,0 0,0,0 12,0,2 0,0,0 0,0,0 0,0,0 1,137,1 1,137,1
ADDLINE 1,150,1 1,150,1 1,150,1 1,150,1 1,150,1 1,150,1 0,0,0 12,0,2 8,0,2
ADDLINE 1,155,1 1,200,1 1,180,1 1,180,1 1,155,1 1,155,1 1,155,1 1,155,1 12,0,2
ADDLINE 1,200,1 1,200,1 7,0,2 1,200,1 1,200,1 1,200,1 1,200,1 12,0,2 8,0,2
0,0,0 1,20,1 1,95,1 0,0,0 12,0,2 1,95,1 1,95,1 1,20,1 1,95,1
0,0,0 1,94,1 1,20,1 1,94,1 12,0,2 1,94,1 1,20,1 1,94,1 1,20,1
10,0,2 1,80,1 1,80,1 1,20,1 12,0,2 1,80,1 1,80,1 1,82,1 1,80,1
0,0,0 7,0,2 1,92,1 1,92,1 12,0,2 1,92,1 21,92,1 1,92,1 1,92,1
0,0,0 1,91,1 1,91,1 1,91,1 12,0,2 1,20,1 1,91,1 1,91,1 1,91,1
0,0,0 1,90,1 1,90,1 16,90,1 1,90,1 12,0,2 1,20,1 7,0,2 0,0,0
0,0,0 0,0,0 0,0,0 0,0,0 0,0,0 0,0,0 0,0,0 0,0,0 0,0,0
0,0,0 0,0,0 0,0,0 0,0,0 0,0,0 0,0,0 0,0,0 0,0,0 0,0,0
0,0,0 0,0,0 0,0,0 0,0,0 0,0,0 0,0,0 0,0,0 0,0,0 0,0,0