MODE 0
BALL 90
STARS 0/0/9000
ADDLINE 1,101,1 1,101,1 12,0,2 1,101,1 1,101,1 1,101,1 1,101,1 1,101,1 1,101,1
ADDLINE 1,107,1 1,107,1 0,0,0 12,0,2 1,107,1 1,107,1 1,107,1 1,107,1 1,107,1
ADDLINE 0,0,0 0,0,0 0,0,0 12,0,2 1,108,1 1,108,1 1,108,1 1,108,1 1,108,1
ADDLINE 0,0,0 0,0,0 0,0,0 12,0,2 1,119,1 1,119,1 1,119,1 1,119,1 1,119,1
ADDLINE 1,120,1 0,0,0 12,0,2 0,0,0 1,120,1 1,120,1 1,120,1 1,120,1 1,120,1
ADDLINE 0,0,0 12,0,2 1,131,1 1,131,1 1,131,1 1,131,1 1,131,1 1,131,1 1,131,1
ADDLINE 0,0,0 0,0,0 0,0,0 0,0,0 0,0,0 12,0,2 1,142,1 1,142,1 1,142,1
ADDLINE 1,154,1 1,154,1 1,154,1 1,154,1 1,154,1 0,0,0 0,0,0 12,0,2 1,154,1
ADDLINE 1,118,1 1,118,1 1,118,1 1,118,1 1,118,1 1,118,1 1,118,1 12,0,2 1,118,1
ADDLINE 1,136,1 0,0,0 1,136,1 1,136,1 1,136,1 1,136,1 1,136,1 12,0,2 1,136,1
ADDLINE 0,0,0 0,0,0 1,148,1 0,0,0 12,0,2 0,0,0 0,0,0 0,0,0 0,0,0
ADDLINE 1,152,1 1,152,1 1,152,1 12,0,2 1,152,1 1,152,1 1,152,1 1,152,1 1,152,1
ADDLINE 1,128,1 1,128,1 1,128,1 0,0,0 1,128,1 0,0,0 0,0,0 12,0,2 0,0,0
ADDLINE 1,134,1 1,134,1 1,134,1 12,0,2 1,134,1 1,134,1 1,134,1 1,134,1 1,134,1
ADDLINE 1,153,1 1,153,1 1,153,1 12,0,2 0,0,0 0,0,0 0,0,0 0,0,0 0,0,0
ADDLINE 1,157,1 1,157,1 1,157,1 12,0,2 1,157,1 1,157,1 1,157,1 1,157,1 1,157,1
ADDLINE 0,0,0 0,0,0 1,133,1 12,0,2 1,133,1 1,133,1 1,133,1 0,0,0 1,133,1
ADDLINE 1,145,1 1,145,1 1,145,1 0,0,0 1,145,1 1,145,1 1,145,1 12,0,2 1,145,1
ADDLINE 1,151,1 1,151,1 1,151,1 1,151,1 1,151,1 12,0,2 1,151,1 1,151,1 1,151,1
ADDLINE 1,171,1 1,171,1 1,171,1 1,171,1 1,171,1 0,0,0 1,171,1 12,0,2 0,0,0
ADDLINE 1,131,1 1,131,1 1,131,1 1,131,1 1,131,1 12,0,2 1,131,1 1,131,1 1,131,1
ADDLINE 0,0,0 0,0,0 0,0,0 0,0,0 1,150,1 0,0,0 0,0,0 12,0,2 0,0,0
ADDLINE 1,163,1 1,163,1 1,163,1 1,163,1 1,163,1 0,0,0 1,163,1 12,0,2 1,163,1
ADDLINE 1,177,1 1,177,1 1,177,1 1,177,1 1,177,1 0,0,0 1,177,1 12,0,2 1,177,1
1,95,1 12,0,2 1,95,1 1,95,1 1,95,1 1,95,1 1,95,1 1,95,1 0,0,0
0,0,0 0,0,0 1,15,1 1,94,1 1,94,1 0,0,0 0,0,0 12,0,2 0,0,0
0,0,0 12,0,2 0,0,0 1,15,1 17,93,1 0,0,0 0,0,0 0,0,0 1,93,1
1,92,1 0,0,0 12,0,2 1,92,1 1,15,1 1,92,1 1,92,1 15,0,2 0,0,0
1,91,1 12,0,2 0,0,0 1,91,1 1,91,1 1,15,1 1,91,1 1,91,1 0,0,0
0,0,0 12,0,2 14,0,2 1,90,1 1,90,1 1,90,1 1,15,1 1,90,1 1,90,1
0,0,0 0,0,0 0,0,0 0,0,0 0,0,0 0,0,0 0,0,0 0,0,0 0,0,0
0,0,0 0,0,0 0,0,0 0,0,0 0,0,0 0,0,0 0,0,0 0,0,0 0,0,0
0,0,0 0,0,0 0,0,0 0,0,0 0,0,0 0,0,0 0,0,0 0,0,0 0,0,0