MODE 0
BALL 90
STARS 0/0/9800
ADDLINE 1,101,1 1,101,1 1,101,1 1,101,1 12,0,2 1,101,1 1,101,1 1,101,1 1,101,1
ADDLINE 1,102,1 1,102,1 1,102,1 1,102,1 12,0,2 1,102,1 1,102,1 1,102,1 1,102,1
ADDLINE 1,103,1 1,103,1 1,103,1 1,103,1 12,0,2 1,103,1 1,103,1 1,103,1 1,103,1
ADDLINE 1,113,1 1,113,1 1,113,1 1,113,1 12,0,2 1,113,1 1,113,1 1,113,1 1,113,1
ADDLINE 0,0,0 1,120,1 0,0,0 12,0,2 0,0,0 0,0,0 0,0,0 0,0,0 0,0,0
ADDLINE 1,125,1 1,125,1 1,125,1 1,125,1 1,125,1 1,125,1 12,0,2 1,125,1 1,125,1
ADDLINE 0,0,0 0,0,0 0,0,0 1,142,1 12,0,2 1,142,1 0,0,0 1,142,1 1,142,1
ADDLINE 1,154,1 1,154,1 1,154,1 1,154,1 0,0,0 1,154,1 12,0,2 1,154,1 1,154,1
ADDLINE 1,124,1 1,124,1 1,124,1 1,124,1 0,0,0 1,124,1 12,0,2 1,124,1 1,124,1
ADDLINE 0,0,0 1,136,1 1,136,1 1,136,1 1,136,1 12,0,2 0,0,0 0,0,0 0,0,0
ADDLINE 0,0,0 1,148,1 1,148,1 1,148,1 1,148,1 12,0,2 1,148,1 1,148,1 0,0,0
ADDLINE 0,0,0 1,160,1 1,160,1 1,160,1 1,160,1 0,0,0 0,0,0 12,0,2 0,0,0
ADDLINE 0,0,0 12,0,2 1,128,1 1,128,1 1,128,1 0,0,0 1,128,1 1,128,1 1,128,1
ADDLINE 1,141,1 0,0,0 12,0,2 0,0,0 0,0,0 0,0,0 0,0,0 1,141,1 1,141,1
ADDLINE 1,153,1 1,153,1 0,0,0 1,153,1 1,153,1 1,153,1 12,0,2 1,153,1 1,153,1
ADDLINE 1,165,1 1,165,1 0,0,0 0,0,0 12,0,2 1,165,1 1,165,1 0,0,0 0,0,0
ADDLINE 1,133,1 1,133,1 1,133,1 1,133,1 1,133,1 12,0,2 0,0,0 1,133,1 0,0,0
ADDLINE 0,0,0 1,145,1 1,145,1 1,145,1 1,145,1 1,145,1 1,145,1 12,0,2 0,0,0
ADDLINE 1,151,1 12,0,2 1,151,1 1,151,1 1,151,1 1,151,1 1,151,1 1,151,1 1,151,1
ADDLINE 1,163,1 12,0,2 1,163,1 1,163,1 1,163,1 1,163,1 1,163,1 1,163,1 1,163,1
ADDLINE 1,137,1 0,0,0 0,0,0 0,0,0 12,0,2 1,137,1 1,137,1 1,137,1 1,137,1
ADDLINE 1,150,1 0,0,0 12,0,2 0,0,0 0,0,0 1,150,1 1,150,1 1,150,1 1,150,1
ADDLINE 1,163,1 0,0,0 0,0,0 0,0,0 12,0,2 0,0,0 0,0,0 1,163,1 1,163,1
ADDLINE 1,168,1 1,168,1 1,168,1 1,168,1 1,168,1 1,168,1 12,0,2 1,168,1 1,168,1
1,91,1 1,91,1 12,0,2 1,91,1 1,91,1 1,91,1 1,91,1 1,91,1 1,91,1
0,0,0 12,0,2 0,0,0 1,94,1 1,94,1 1,94,1 1,94,1 1,94,1 0,0,0
1,89,1 1,89,1 0,0,0 1,89,1 1,89,1 1,89,1 1,89,1 1,89,1 12,0,2
1,92,1 1,92,1 12,0,2 6,92,1 1,92,1 1,92,1 1,92,1 1,92,1 0,0,0
1,91,1 1,91,1 12,0,2 1,91,1 1,91,1 1,91,1 1,91,1 1,91,1 11,0,2
1,90,1 1,90,1 0,0,0 0,0,0 0,0,0 1,90,1 12,0,2 0,0,0 0,0,0
0,0,0 0,0,0 0,0,0 0,0,0 0,0,0 0,0,0 0,0,0 0,0,0 0,0,0
0,0,0 0,0,0 0,0,0 0,0,0 0,0,0 0,0,0 0,0,0 0,0,0 0,0,0
0,0,0 0,0,0 0,0,0 0,0,0 0,0,0 0,0,0 0,0,0 0,0,0 0,0,0