MODE 0
BALL 90
STARS 0/0/12000
ADDLINE 1,101,1 1,101,1 1,101,1 1,101,1 1,101,1 12,0,2 1,101,1 1,101,1 1,101,1
ADDLINE 1,107,1 1,107,1 0,0,0 0,0,0 0,0,0 12,0,2 5,107,1 2,107,1 1,107,1
ADDLINE 1,108,1 5,108,1 0,0,0 12,0,2 1,108,1 1,108,1 3,108,1 1,108,1 1,108,1
ADDLINE 1,119,1 5,119,1 3,119,1 0,0,0 0,0,0 0,0,0 12,0,2 0,0,0 0,0,0
ADDLINE 1,120,1 1,120,1 1,120,1 1,120,1 1,120,1 0,0,0 12,0,2 0,0,0 0,0,0
ADDLINE 1,262,1 1,262,1 1,262,1 1,262,1 1,262,1 8,0,2 12,0,2 1,262,1 1,262,1
ADDLINE 1,136,1 4,136,1 1,136,1 1,136,1 1,136,1 1,136,1 12,0,2 1,136,1 1,136,1
ADDLINE 1,154,1 1,154,1 1,154,1 0,0,0 0,0,0 12,0,2 0,0,0 3,154,1 1,154,1
ADDLINE 1,124,1 1,248,1 1,248,1 0,0,0 12,0,2 1,124,1 4,124,1 1,124,1 2,124,1
ADDLINE 1,272,1 10,0,2 1,272,1 1,272,1 1,272,1 0,0,0 1,272,1 12,0,2 1,272,1
ADDLINE 1,148,1 12,0,2 1,296,1 1,148,1 2,148,1 0,0,0 0,0,0 0,0,0 0,0,0
ADDLINE 1,160,1 0,0,0 1,160,1 3,160,1 1,160,1 12,0,2 1,160,1 1,160,1 1,160,1
ADDLINE 0,0,0 0,0,0 2,128,1 1,128,1 5,128,1 12,0,2 1,128,1 1,128,1 1,128,1
ADDLINE 1,134,1 12,0,2 1,268,1 5,134,1 1,134,1 3,134,1 1,134,1 1,134,1 1,134,1
ADDLINE 1,153,1 7,0,2 0,0,0 12,0,2 0,0,0 0,0,0 1,153,1 0,0,0 0,0,0
ADDLINE 1,330,1 10,0,2 1,330,1 1,330,1 1,330,1 1,330,1 1,330,1 12,0,2 1,330,1
ADDLINE 1,133,1 12,0,2 1,266,1 0,0,0 1,133,1 1,133,1 3,133,1 0,0,0 0,0,0
ADDLINE 4,145,1 0,0,0 1,145,1 12,0,2 1,145,1 5,145,1 1,145,1 1,145,1 1,145,1
ADDLINE 12,0,2 0,0,0 0,0,0 1,158,1 0,0,0 1,158,1 0,0,0 0,0,0 0,0,0
ADDLINE 7,0,2 1,342,1 1,171,1 1,171,1 12,0,2 3,171,1 1,171,1 1,171,1 5,171,1
ADDLINE 0,0,0 1,274,1 0,0,0 12,0,2 11,0,2 1,274,1 1,137,1 4,137,1 1,137,1
ADDLINE 5,143,1 2,143,1 1,143,1 1,286,1 12,0,2 1,286,1 1,143,1 1,143,1 1,143,1
ADDLINE 1,155,1 1,155,1 1,155,1 1,155,1 12,0,2 4,155,1 4,155,1 1,155,1 1,155,1
ADDLINE 1,168,1 1,168,1 1,168,1 1,168,1 12,0,2 1,168,1 1,168,1 5,168,1 2,168,1
0,0,0 10,0,2 0,0,0 1,90,1 12,0,2 1,90,1 1,90,1 1,90,1 1,90,1
1,94,1 0,0,0 12,0,2 0,0,0 9,0,2 2,94,1 1,94,1 1,94,1 1,94,1
1,93,1 0,0,0 12,0,2 3,93,1 1,93,1 1,93,1 4,93,1 5,93,1 1,93,1
0,0,0 2,92,1 0,0,0 12,0,2 1,92,1 2,92,1 4,92,1 5,92,1 1,92,1
0,0,0 4,91,1 0,0,0 12,0,2 16,91,1 5,91,1 1,91,1 1,91,1 1,91,1
1,90,1 0,0,0 12,0,2 1,90,1 1,90,1 1,90,1 1,90,1 1,90,1 1,90,1
0,0,0 0,0,0 0,0,0 0,0,0 0,0,0 0,0,0 0,0,0 0,0,0 0,0,0
0,0,0 0,0,0 0,0,0 0,0,0 0,0,0 0,0,0 0,0,0 0,0,0 0,0,0
0,0,0 0,0,0 0,0,0 0,0,0 0,0,0 0,0,0 0,0,0 0,0,0 0,0,0