MODE 0
BALL 90
STARS 0/0/8900
ADDLINE 1,101,1 1,101,1 1,101,1 1,101,1 1,101,1 12,0,2 5,101,1 1,101,1 1,101,1
ADDLINE 1,102,1 2,102,1 4,102,1 2,102,1 5,102,1 12,0,2 1,102,1 1,102,1 1,102,1
ADDLINE 1,103,1 1,103,1 1,103,1 4,103,1 1,103,1 12,0,2 1,103,1 1,103,1 1,103,1
ADDLINE 0,0,0 0,0,0 1,119,1 12,0,2 0,0,0 0,0,0 1,119,1 1,119,1 1,119,1
ADDLINE 1,120,1 0,0,0 2,120,1 1,120,1 5,120,1 12,0,2 1,120,1 1,120,1 4,120,1
ADDLINE 1,131,1 0,0,0 1,131,1 0,0,0 5,131,1 0,0,0 12,0,2 0,0,0 1,131,1
ADDLINE 1,142,1 3,142,1 1,142,1 0,0,0 1,142,1 12,0,2 1,142,1 1,142,1 4,142,1
ADDLINE 1,154,1 1,154,1 1,154,1 0,0,0 12,0,2 0,0,0 1,154,1 3,154,1 2,154,1
ADDLINE 1,118,1 1,118,1 1,118,1 12,0,2 1,118,1 1,118,1 4,118,1 1,118,1 1,118,1
ADDLINE 0,0,0 0,0,0 12,0,2 0,0,0 0,0,0 0,0,0 3,136,1 1,136,1 5,136,1
ADDLINE 0,0,0 4,148,1 1,148,1 1,148,1 1,148,1 12,0,2 1,148,1 1,148,1 1,148,1
ADDLINE 0,0,0 0,0,0 12,0,2 0,0,0 0,0,0 1,160,1 1,160,1 4,160,1 1,160,1
ADDLINE 1,128,1 0,0,0 4,128,1 1,128,1 0,0,0 0,0,0 0,0,0 12,0,2 0,0,0
ADDLINE 1,141,1 12,0,2 0,0,0 1,141,1 5,141,1 1,141,1 3,141,1 1,141,1 0,0,0
ADDLINE 1,153,1 1,153,1 12,0,2 1,153,1 1,153,1 3,153,1 1,153,1 0,0,0 0,0,0
ADDLINE 1,165,1 1,165,1 12,0,2 1,165,1 1,165,1 1,165,1 1,165,1 0,0,0 0,0,0
ADDLINE 5,133,1 1,133,1 12,0,2 0,0,0 1,133,1 1,133,1 1,133,1 2,133,1 0,0,0
ADDLINE 5,145,1 3,145,1 1,145,1 0,0,0 12,0,2 1,145,1 1,145,1 0,0,0 0,0,0
ADDLINE 1,151,1 5,151,1 12,0,2 1,151,1 1,151,1 3,151,1 1,151,1 1,151,1 5,151,1
ADDLINE 3,171,1 2,171,1 0,0,0 12,0,2 1,171,1 2,171,1 1,171,1 1,171,1 1,171,1
ADDLINE 1,137,1 1,137,1 1,137,1 0,0,0 12,0,2 1,137,1 1,137,1 1,137,1 1,137,1
ADDLINE 1,150,1 2,150,1 3,150,1 1,150,1 0,0,0 12,0,2 1,150,1 1,150,1 1,150,1
ADDLINE 0,0,0 0,0,0 0,0,0 12,0,2 0,0,0 0,0,0 5,163,1 1,163,1 1,163,1
ADDLINE 0,0,0 12,0,2 1,177,1 1,177,1 1,177,1 1,177,1 1,177,1 5,177,1 1,177,1
12,0,2 1,95,1 1,95,1 2,95,1 0,0,0 1,95,1 0,0,0 0,0,0 0,0,0
8,0,2 1,94,1 1,94,1 1,94,1 12,0,2 1,94,1 1,94,1 3,94,1 4,94,1
0,0,0 0,0,0 0,0,0 1,93,1 12,0,2 0,0,0 0,0,0 0,0,0 0,0,0
4,88,1 5,88,1 2,88,1 0,0,0 0,0,0 12,0,2 1,88,1 1,88,1 1,88,1
1,91,1 0,0,0 20,91,1 4,91,1 0,0,0 12,0,2 1,91,1 10,0,2 0,0,0
1,86,1 5,86,1 1,86,1 0,0,0 12,0,2 3,86,1 1,86,1 1,86,1 1,86,1
0,0,0 0,0,0 0,0,0 0,0,0 0,0,0 0,0,0 0,0,0 0,0,0 0,0,0
0,0,0 0,0,0 0,0,0 0,0,0 0,0,0 0,0,0 0,0,0 0,0,0 0,0,0
0,0,0 0,0,0 0,0,0 0,0,0 0,0,0 0,0,0 0,0,0 0,0,0 0,0,0