MODE 0
BALL 90
STARS 0/0/9100
ADDLINE 5,106,1 3,106,1 1,106,1 0,0,0 1,106,1 3,106,1 4,106,1 12,0,2 1,106,1
ADDLINE 1,107,1 1,107,1 1,107,1 12,0,2 0,0,0 1,107,1 1,107,1 0,0,0 0,0,0
ADDLINE 1,108,1 1,108,1 1,108,1 1,108,1 12,0,2 0,0,0 1,108,1 1,108,1 0,0,0
ADDLINE 1,119,1 1,119,1 1,119,1 1,119,1 5,119,1 0,0,0 0,0,0 12,0,2 0,0,0
ADDLINE 0,0,0 1,120,1 1,120,1 1,120,1 1,120,1 1,120,1 5,120,1 12,0,2 0,0,0
ADDLINE 12,0,2 0,0,0 1,131,1 3,131,1 1,131,1 4,131,1 1,131,1 1,131,1 0,0,0
ADDLINE 0,0,0 0,0,0 1,142,1 1,142,1 1,142,1 1,142,1 1,142,1 12,0,2 0,0,0
ADDLINE 0,0,0 0,0,0 1,154,1 2,154,1 1,154,1 1,154,1 1,154,1 12,0,2 0,0,0
ADDLINE 1,124,1 0,0,0 12,0,2 5,124,1 4,124,1 5,124,1 1,124,1 0,0,0 0,0,0
ADDLINE 0,0,0 2,136,1 0,0,0 12,0,2 0,0,0 0,0,0 0,0,0 5,136,1 0,0,0
ADDLINE 0,0,0 1,148,1 1,148,1 1,148,1 0,0,0 1,148,1 12,0,2 1,148,1 1,148,1
ADDLINE 0,0,0 3,160,1 1,160,1 1,160,1 12,0,2 1,160,1 0,0,0 1,160,1 2,160,1
ADDLINE 0,0,0 1,128,1 1,128,1 4,128,1 2,128,1 3,128,1 12,0,2 2,128,1 1,128,1
ADDLINE 0,0,0 1,141,1 1,141,1 1,141,1 0,0,0 1,141,1 12,0,2 1,141,1 1,141,1
ADDLINE 0,0,0 1,153,1 1,153,1 1,153,1 0,0,0 1,153,1 12,0,2 4,153,1 1,153,1
ADDLINE 0,0,0 0,0,0 0,0,0 0,0,0 0,0,0 1,165,1 0,0,0 12,0,2 0,0,0
ADDLINE 1,133,1 1,133,1 12,0,2 4,133,1 1,133,1 1,133,1 1,133,1 1,133,1 0,0,0
ADDLINE 12,0,2 0,0,0 0,0,0 1,145,1 5,145,1 1,145,1 1,145,1 2,145,1 0,0,0
ADDLINE 1,158,1 0,0,0 1,158,1 1,158,1 1,158,1 1,158,1 2,158,1 12,0,2 5,158,1
ADDLINE 1,171,1 0,0,0 2,171,1 1,171,1 1,171,1 3,171,1 1,171,1 12,0,2 1,171,1
ADDLINE 1,131,1 1,131,1 5,131,1 1,131,1 1,131,1 3,131,1 1,131,1 12,0,2 1,131,1
ADDLINE 1,150,1 12,0,2 2,150,1 1,150,1 5,150,1 1,150,1 1,150,1 0,0,0 0,0,0
ADDLINE 1,155,1 12,0,2 1,155,1 1,155,1 2,155,1 1,155,1 1,155,1 1,155,1 1,155,1
ADDLINE 1,177,1 0,0,0 0,0,0 0,0,0 1,177,1 0,0,0 12,0,2 0,0,0 3,177,1
5,95,1 2,95,1 1,95,1 0,0,0 12,0,2 3,95,1 1,95,1 1,95,1 1,95,1
1,94,1 6,94,1 0,0,0 12,0,2 1,94,1 1,94,1 2,94,1 1,94,1 1,94,1
1,93,1 1,93,1 0,0,0 0,0,0 0,0,0 0,0,0 12,0,2 0,0,0 0,0,0
1,92,1 1,92,1 1,92,1 20,92,1 2,92,1 12,0,2 0,0,0 0,0,0 0,0,0
1,91,1 1,91,1 1,91,1 1,91,1 8,0,2 0,0,0 12,0,2 1,91,1 1,91,1
2,90,1 1,90,1 2,90,1 0,0,0 3,90,1 12,0,2 0,0,0 1,90,1 1,90,1
0,0,0 0,0,0 0,0,0 0,0,0 0,0,0 0,0,0 0,0,0 0,0,0 0,0,0
0,0,0 0,0,0 0,0,0 0,0,0 0,0,0 0,0,0 0,0,0 0,0,0 0,0,0
0,0,0 0,0,0 0,0,0 0,0,0 0,0,0 0,0,0 0,0,0 0,0,0 0,0,0