MODE 0
BALL 90
STARS 0/0/13500
ADDLINE 1,106,1 3,106,1 4,106,1 0,0,0 2,106,1 12,0,2 1,106,1 1,106,1 1,106,1
ADDLINE 1,102,1 1,102,1 1,102,1 12,0,2 1,102,1 1,102,1 1,102,1 1,102,1 1,102,1
ADDLINE 20,108,1 0,0,0 0,0,0 0,0,0 0,0,0 0,0,0 12,0,2 0,0,0 1,108,1
ADDLINE 16,119,1 1,119,1 1,119,1 1,119,1 1,119,1 12,0,2 1,119,1 1,119,1 1,119,1
ADDLINE 1,120,1 1,120,1 4,120,1 5,120,1 1,120,1 0,0,0 0,0,0 12,0,2 1,120,1
ADDLINE 1,200,1 1,200,1 1,125,1 1,125,1 1,125,1 3,125,1 1,125,1 12,0,2 1,125,1
ADDLINE 19,142,1 1,284,1 1,284,1 1,284,1 1,284,1 12,0,2 1,284,1 1,284,1 0,0,0
ADDLINE 1,294,1 1,294,1 1,147,1 1,147,1 1,147,1 12,0,2 2,147,1 1,147,1 1,147,1
ADDLINE 0,0,0 0,0,0 0,0,0 12,0,2 0,0,0 0,0,0 1,124,1 1,124,1 3,124,1
ADDLINE 0,0,0 0,0,0 0,0,0 12,0,2 0,0,0 0,0,0 1,136,1 1,136,1 1,136,1
ADDLINE 0,0,0 12,0,2 0,0,0 0,0,0 0,0,0 0,0,0 1,148,1 1,148,1 1,148,1
ADDLINE 1,160,1 1,160,1 4,160,1 5,160,1 1,160,1 0,0,0 12,0,2 1,320,1 3,160,1
ADDLINE 0,0,0 12,0,2 0,0,0 0,0,0 0,0,0 0,0,0 0,0,0 17,128,1 1,128,1
ADDLINE 0,0,0 1,141,1 3,141,1 12,0,2 1,141,1 5,141,1 1,282,1 1,282,1 1,141,1
ADDLINE 0,0,0 0,0,0 1,153,1 12,0,2 2,153,1 1,153,1 1,153,1 1,153,1 1,153,1
ADDLINE 0,0,0 1,165,1 1,165,1 12,0,2 0,0,0 0,0,0 1,165,1 1,165,1 1,165,1
ADDLINE 0,0,0 1,266,1 1,266,1 1,266,1 12,0,2 1,266,1 16,133,1 1,266,1 1,266,1
ADDLINE 4,145,1 20,145,1 1,290,1 12,0,2 0,0,0 1,145,1 1,145,1 2,145,1 1,145,1
ADDLINE 1,151,1 1,302,1 1,302,1 5,151,1 1,151,1 12,0,2 1,151,1 1,151,1 3,151,1
ADDLINE 1,171,1 0,0,0 0,0,0 0,0,0 12,0,2 0,0,0 2,171,1 1,171,1 3,171,1
ADDLINE 1,137,1 0,0,0 12,0,2 0,0,0 0,0,0 0,0,0 1,137,1 1,137,1 1,137,1
ADDLINE 3,143,1 1,143,1 5,143,1 1,143,1 1,143,1 12,0,2 4,143,1 1,143,1 1,143,1
ADDLINE 1,163,1 1,326,1 1,326,1 1,326,1 0,0,0 12,0,2 1,163,1 1,163,1 1,163,1
ADDLINE 1,177,1 1,354,1 17,177,1 1,354,1 12,0,2 1,177,1 1,177,1 4,177,1 1,177,1
1,95,1 1,95,1 1,95,1 1,95,1 1,95,1 1,10,1 19,95,1 12,0,2 1,95,1
1,94,1 1,94,1 1,94,1 3,94,1 1,94,1 0,0,0 1,94,1 12,0,2 1,94,1
4,93,1 1,93,1 1,93,1 1,93,1 1,93,1 4,93,1 12,0,2 11,0,2 3,93,1
1,92,1 1,92,1 1,92,1 19,92,1 1,92,1 12,0,2 1,92,1 1,92,1 1,92,1
0,0,0 12,0,2 22,0,2 1,91,1 1,91,1 0,0,0 2,91,1 1,91,1 1,91,1
1,86,1 12,0,2 4,86,1 5,96,1 1,86,1 0,0,0 1,96,1 1,86,1 1,86,1
0,0,0 0,0,0 0,0,0 0,0,0 0,0,0 0,0,0 0,0,0 0,0,0 0,0,0
0,0,0 0,0,0 0,0,0 0,0,0 0,0,0 0,0,0 0,0,0 0,0,0 0,0,0
0,0,0 0,0,0 0,0,0 0,0,0 0,0,0 0,0,0 0,0,0 0,0,0 0,0,0