MODE 0
BALL 90
STARS 0/0/9800
ADDLINE 1,106,1 1,106,1 1,106,1 0,0,0 1,106,1 1,106,1 1,106,1 12,0,2 0,0,0
ADDLINE 1,102,1 1,102,1 1,102,1 1,102,1 1,102,1 1,102,1 1,102,1 1,102,1 12,0,2
ADDLINE 1,108,1 1,108,1 1,108,1 0,0,0 12,0,2 0,0,0 1,108,1 0,0,0 0,0,0
ADDLINE 1,113,1 1,113,1 1,113,1 12,0,2 1,113,1 1,113,1 1,113,1 1,113,1 1,113,1
ADDLINE 0,0,0 12,0,2 1,120,1 0,0,0 1,120,1 1,120,1 1,120,1 1,120,1 1,120,1
ADDLINE 1,125,1 1,125,1 1,125,1 12,0,2 1,125,1 1,125,1 1,125,1 1,125,1 1,125,1
ADDLINE 1,142,1 1,142,1 1,142,1 0,0,0 0,0,0 12,0,2 0,0,0 0,0,0 0,0,0
ADDLINE 1,147,1 1,147,1 1,147,1 12,0,2 1,147,1 1,147,1 1,147,1 1,147,1 1,147,1
ADDLINE 1,124,1 1,124,1 1,124,1 12,0,2 1,124,1 0,0,0 0,0,0 0,0,0 0,0,0
ADDLINE 1,136,1 1,136,1 1,136,1 0,0,0 0,0,0 0,0,0 12,0,2 0,0,0 1,136,1
ADDLINE 0,0,0 0,0,0 0,0,0 12,0,2 1,148,1 1,148,1 1,148,1 0,0,0 1,148,1
ADDLINE 0,0,0 1,160,1 0,0,0 1,160,1 12,0,2 0,0,0 0,0,0 0,0,0 1,160,1
ADDLINE 0,0,0 1,128,1 12,0,2 1,128,1 1,128,1 0,0,0 1,128,1 1,128,1 1,128,1
ADDLINE 0,0,0 0,0,0 0,0,0 12,0,2 0,0,0 0,0,0 1,141,1 1,141,1 1,141,1
ADDLINE 0,0,0 12,0,2 1,153,1 1,153,1 1,153,1 1,153,1 1,153,1 1,153,1 1,153,1
ADDLINE 0,0,0 12,0,2 1,165,1 1,165,1 1,165,1 1,165,1 1,165,1 1,165,1 1,165,1
ADDLINE 0,0,0 0,0,0 1,133,1 1,133,1 1,133,1 1,133,1 0,0,0 12,0,2 1,133,1
ADDLINE 1,145,1 0,0,0 1,145,1 1,145,1 1,145,1 1,145,1 12,0,2 0,0,0 1,145,1
ADDLINE 1,158,1 1,158,1 1,158,1 1,158,1 1,158,1 12,0,2 1,158,1 1,158,1 0,0,0
ADDLINE 1,171,1 1,171,1 1,171,1 1,171,1 1,171,1 0,0,0 1,171,1 12,0,2 0,0,0
ADDLINE 1,137,1 1,137,1 0,0,0 1,137,1 1,137,1 12,0,2 1,137,1 1,137,1 1,137,1
ADDLINE 1,150,1 0,0,0 0,0,0 0,0,0 12,0,2 0,0,0 1,150,1 1,150,1 1,150,1
ADDLINE 0,0,0 0,0,0 0,0,0 0,0,0 12,0,2 1,163,1 1,163,1 1,163,1 1,163,1
ADDLINE 0,0,0 0,0,0 1,177,1 1,177,1 12,0,2 1,177,1 1,177,1 1,177,1 1,177,1
1,95,1 0,0,0 1,95,1 1,95,1 1,90,1 12,0,2 0,0,0 0,0,0 15,0,2
1,90,1 12,0,2 1,90,1 1,90,1 1,90,1 1,90,1 1,90,1 1,90,1 1,90,1
1,93,1 0,0,0 1,93,1 1,93,1 1,93,1 12,0,2 1,93,1 1,93,1 1,93,1
1,92,1 0,0,0 1,92,1 1,92,1 19,92,1 12,0,2 1,92,1 1,92,1 1,92,1
1,91,1 0,0,0 12,0,2 14,0,2 0,0,0 0,0,0 1,91,1 1,91,1 1,91,1
1,90,1 1,90,1 1,90,1 0,0,0 1,90,1 12,0,2 1,90,1 1,90,1 1,90,1
0,0,0 0,0,0 0,0,0 0,0,0 0,0,0 0,0,0 0,0,0 0,0,0 0,0,0
0,0,0 0,0,0 0,0,0 0,0,0 0,0,0 0,0,0 0,0,0 0,0,0 0,0,0
0,0,0 0,0,0 0,0,0 0,0,0 0,0,0 0,0,0 0,0,0 0,0,0 0,0,0