MODE 0
BALL 90
STARS 0/0/9300
ADDLINE 0,0,0 0,0,0 12,0,2 1,106,1 1,106,1 1,106,1 1,106,1 1,106,1 1,106,1
ADDLINE 0,0,0 8,0,2 0,0,0 12,0,2 1,100,1 1,100,1 1,100,1 1,100,1 1,100,1
ADDLINE 0,0,0 12,0,2 0,0,0 0,0,0 1,108,1 1,108,1 1,108,1 1,108,1 1,108,1
ADDLINE 0,0,0 0,0,0 0,0,0 12,0,2 0,0,0 1,119,1 1,119,1 1,119,1 1,119,1
ADDLINE 8,0,2 1,120,1 1,120,1 1,120,1 12,0,2 0,0,0 1,120,1 1,120,1 1,120,1
ADDLINE 0,0,0 1,131,1 1,131,1 1,131,1 1,131,1 12,0,2 1,131,1 1,131,1 1,131,1
ADDLINE 0,0,0 1,142,1 1,142,1 1,142,1 1,142,1 0,0,0 12,0,2 1,142,1 1,142,1
ADDLINE 0,0,0 8,0,2 1,308,1 1,308,1 1,308,1 12,0,2 1,308,1 1,308,1 1,308,1
ADDLINE 1,124,1 0,0,0 7,0,2 0,0,0 0,0,0 12,0,2 1,248,1 1,248,1 1,124,1
ADDLINE 12,0,2 1,272,1 1,272,1 1,272,1 0,0,0 1,272,1 7,0,2 0,0,0 0,0,0
ADDLINE 1,141,1 1,282,1 1,282,1 1,141,1 12,0,2 1,282,1 1,282,1 1,282,1 1,141,1
ADDLINE 0,0,0 7,0,2 1,320,1 1,160,1 0,0,0 1,160,1 12,0,2 0,0,0 0,0,0
ADDLINE 1,122,1 1,244,1 1,244,1 1,122,1 12,0,2 1,122,1 1,122,1 1,122,1 1,122,1
ADDLINE 1,141,1 1,141,1 0,0,0 12,0,2 0,0,0 0,0,0 0,0,0 0,0,0 0,0,0
ADDLINE 1,153,1 1,153,1 0,0,0 1,153,1 1,153,1 1,153,1 12,0,2 1,153,1 1,153,1
ADDLINE 1,165,1 1,165,1 0,0,0 1,165,1 1,165,1 1,165,1 12,0,2 1,165,1 1,165,1
ADDLINE 1,127,1 1,127,1 1,127,1 1,127,1 1,127,1 1,127,1 12,0,2 1,127,1 1,127,1
ADDLINE 12,0,2 0,0,0 0,0,0 1,145,1 1,290,1 1,290,1 0,0,0 0,0,0 0,0,0
ADDLINE 1,158,1 0,0,0 1,158,1 12,0,2 1,316,1 7,0,2 1,316,1 1,158,1 1,158,1
ADDLINE 1,171,1 0,0,0 1,171,1 12,0,2 1,342,1 0,0,0 0,0,0 11,0,2 1,171,1
ADDLINE 1,131,1 12,0,2 1,131,1 1,131,1 1,131,1 1,131,1 1,262,1 1,262,1 1,131,1
ADDLINE 1,300,1 0,0,0 8,0,2 12,0,2 0,0,0 1,300,1 0,0,0 1,300,1 1,300,1
ADDLINE 1,310,1 1,310,1 1,155,1 12,0,2 1,155,1 1,155,1 1,155,1 1,155,1 1,155,1
ADDLINE 10,0,2 12,0,2 1,354,1 0,0,0 1,354,1 1,354,1 1,354,1 1,354,1 1,354,1
1,95,1 1,95,1 0,0,0 0,0,0 0,0,0 12,0,2 1,95,1 1,95,1 1,95,1
0,0,0 0,0,0 0,0,0 1,94,1 12,0,2 0,0,0 1,94,1 1,94,1 1,94,1
0,0,0 1,28,1 1,28,1 1,28,1 12,0,2 8,0,2 0,0,0 1,28,1 1,28,1
0,0,0 1,92,1 1,92,1 1,92,1 1,92,1 12,0,2 0,0,0 20,92,1 1,93,1
1,91,1 1,91,1 1,91,1 0,0,0 12,0,2 0,0,0 1,91,1 1,91,1 1,91,1
0,0,0 1,90,1 1,90,1 0,0,0 12,0,2 1,90,1 1,90,1 1,90,1 1,90,1
0,0,0 0,0,0 0,0,0 0,0,0 0,0,0 0,0,0 0,0,0 0,0,0 0,0,0
0,0,0 0,0,0 0,0,0 0,0,0 0,0,0 0,0,0 0,0,0 0,0,0 0,0,0
0,0,0 0,0,0 0,0,0 0,0,0 0,0,0 0,0,0 0,0,0 0,0,0 0,0,0