MODE 0
BALL 90
STARS 0/0/9300
ADDLINE 1,101,1 1,101,1 1,101,1 1,101,1 12,0,2 1,101,1 1,101,1 1,101,1 1,101,1
ADDLINE 1,107,1 1,107,1 1,107,1 1,107,1 0,0,0 0,0,0 12,0,2 1,107,1 1,107,1
ADDLINE 1,108,1 1,108,1 1,108,1 1,108,1 1,108,1 1,108,1 0,0,0 12,0,2 1,108,1
ADDLINE 1,119,1 1,119,1 1,119,1 1,119,1 0,0,0 12,0,2 0,0,0 0,0,0 1,119,1
ADDLINE 1,120,1 0,0,0 0,0,0 0,0,0 12,0,2 1,120,1 1,120,1 1,120,1 1,120,1
ADDLINE 1,131,1 0,0,0 0,0,0 0,0,0 0,0,0 12,0,2 1,131,1 1,131,1 1,131,1
ADDLINE 1,136,1 1,136,1 1,136,1 1,136,1 1,136,1 12,0,2 1,136,1 1,136,1 1,136,1
ADDLINE 1,154,1 1,154,1 1,154,1 1,154,1 1,154,1 0,0,0 12,0,2 0,0,0 0,0,0
ADDLINE 1,124,1 1,124,1 1,124,1 1,124,1 1,124,1 1,124,1 1,124,1 12,0,2 0,0,0
ADDLINE 0,0,0 0,0,0 0,0,0 0,0,0 12,0,2 1,136,1 1,136,1 1,136,1 0,0,0
ADDLINE 12,0,2 1,141,1 1,141,1 1,141,1 1,141,1 1,141,1 1,141,1 1,141,1 1,141,1
ADDLINE 0,0,0 1,160,1 1,160,1 1,160,1 0,0,0 0,0,0 12,0,2 1,160,1 0,0,0
ADDLINE 0,0,0 1,128,1 1,128,1 1,128,1 0,0,0 1,128,1 12,0,2 1,128,1 1,128,1
ADDLINE 0,0,0 1,141,1 1,141,1 1,141,1 12,0,2 1,141,1 0,0,0 1,141,1 1,141,1
ADDLINE 1,153,1 1,153,1 1,153,1 1,153,1 0,0,0 1,153,1 12,0,2 1,153,1 1,153,1
ADDLINE 0,0,0 12,0,2 0,0,0 0,0,0 0,0,0 1,165,1 0,0,0 0,0,0 0,0,0
ADDLINE 1,127,1 1,127,1 1,127,1 1,127,1 1,127,1 1,127,1 1,127,1 1,127,1 12,0,2
ADDLINE 1,145,1 1,145,1 1,145,1 1,145,1 0,0,0 12,0,2 0,0,0 1,145,1 0,0,0
ADDLINE 1,158,1 1,158,1 1,158,1 0,0,0 0,0,0 12,0,2 0,0,0 0,0,0 1,158,1
ADDLINE 1,163,1 1,163,1 1,163,1 12,0,2 1,163,1 1,163,1 1,163,1 1,163,1 1,163,1
ADDLINE 1,131,1 1,131,1 1,131,1 12,0,2 1,131,1 1,131,1 1,131,1 1,131,1 1,131,1
ADDLINE 1,143,1 1,143,1 1,143,1 12,0,2 1,143,1 1,143,1 1,143,1 1,143,1 1,143,1
ADDLINE 0,0,0 0,0,0 0,0,0 0,0,0 1,163,1 12,0,2 0,0,0 0,0,0 0,0,0
ADDLINE 1,168,1 12,0,2 1,168,1 1,168,1 1,168,1 1,168,1 1,168,1 1,168,1 1,168,1
1,95,1 0,0,0 12,0,2 0,0,0 0,0,0 1,95,1 1,95,1 1,95,1 1,95,1
1,94,1 1,94,1 1,94,1 0,0,0 12,0,2 1,94,1 1,94,1 1,94,1 1,94,1
1,93,1 1,93,1 0,0,0 0,0,0 0,0,0 12,0,2 1,93,1 1,93,1 1,93,1
1,92,1 0,0,0 0,0,0 10,0,2 0,0,0 12,0,2 20,92,1 1,92,1 1,92,1
1,91,1 0,0,0 0,0,0 12,0,2 0,0,0 1,91,1 0,0,0 1,91,1 1,91,1
1,90,1 1,90,1 1,90,1 11,0,2 1,90,1 1,90,1 12,0,2 1,90,1 1,90,1
0,0,0 0,0,0 0,0,0 0,0,0 0,0,0 0,0,0 0,0,0 0,0,0 0,0,0
0,0,0 0,0,0 0,0,0 0,0,0 0,0,0 0,0,0 0,0,0 0,0,0 0,0,0
0,0,0 0,0,0 0,0,0 0,0,0 0,0,0 0,0,0 0,0,0 0,0,0 0,0,0