MODE 0
BALL 90
STARS 0/0/12600
ADDLINE 0,0,0 1,106,1 1,106,1 1,106,1 1,106,1 1,106,1 12,0,2 1,106,1 1,106,1
ADDLINE 0,0,0 1,107,1 1,107,1 1,107,1 1,107,1 1,107,1 12,0,2 1,107,1 19,107,1
ADDLINE 0,0,0 1,108,1 1,108,1 17,108,1 1,108,1 1,108,1 12,0,2 1,108,1 1,108,1
ADDLINE 0,0,0 1,119,1 12,0,2 1,119,1 0,0,0 0,0,0 0,0,0 1,119,1 1,119,1
ADDLINE 1,114,1 1,114,1 1,114,1 1,114,1 1,114,1 1,114,1 12,0,2 1,114,1 1,114,1
ADDLINE 1,131,1 1,131,1 12,0,2 1,131,1 1,200,1 5,200,1 0,0,0 0,0,0 0,0,0
ADDLINE 1,142,1 1,142,1 0,0,0 1,142,1 1,284,1 17,142,1 12,0,2 1,142,1 1,142,1
ADDLINE 1,154,1 1,154,1 0,0,0 1,154,1 1,308,1 1,308,1 12,0,2 1,154,1 0,0,0
ADDLINE 1,124,1 1,124,1 0,0,0 1,124,1 1,124,1 1,124,1 12,0,2 1,124,1 1,124,1
ADDLINE 1,272,1 1,272,1 0,0,0 1,136,1 1,136,1 1,136,1 12,0,2 1,136,1 1,136,1
ADDLINE 17,148,1 1,296,1 0,0,0 1,148,1 1,148,1 1,148,1 12,0,2 0,0,0 1,148,1
ADDLINE 1,320,1 1,320,1 0,0,0 1,160,1 1,160,1 1,160,1 1,160,1 12,0,2 1,160,1
ADDLINE 1,128,1 1,128,1 12,0,2 1,128,1 1,128,1 1,128,1 1,128,1 0,0,0 0,0,0
ADDLINE 16,141,1 1,282,1 1,282,1 1,282,1 1,282,1 12,0,2 1,282,1 1,282,1 0,0,0
ADDLINE 1,153,1 20,153,1 1,306,1 0,0,0 0,0,0 12,0,2 0,0,0 1,153,1 1,153,1
ADDLINE 0,0,0 1,330,1 12,0,2 0,0,0 1,165,1 1,165,1 0,0,0 1,165,1 1,165,1
ADDLINE 0,0,0 1,133,1 1,133,1 1,266,1 1,266,1 1,266,1 0,0,0 12,0,2 0,0,0
ADDLINE 12,0,2 1,145,1 1,145,1 1,290,1 17,145,1 1,290,1 1,145,1 1,145,1 0,0,0
ADDLINE 1,151,1 1,151,1 1,151,1 1,302,1 1,302,1 12,0,2 1,151,1 1,151,1 1,151,1
ADDLINE 1,342,1 1,342,1 1,342,1 1,342,1 19,171,1 12,0,2 1,342,1 1,342,1 1,342,1
ADDLINE 0,0,0 0,0,0 0,0,0 0,0,0 1,274,1 12,0,2 1,137,1 1,137,1 1,137,1
ADDLINE 0,0,0 0,0,0 12,0,2 1,150,1 1,150,1 1,150,1 1,150,1 1,150,1 1,150,1
ADDLINE 1,155,1 1,155,1 12,0,2 1,155,1 1,155,1 1,155,1 1,155,1 1,155,1 1,155,1
ADDLINE 1,177,1 1,177,1 0,0,0 0,0,0 12,0,2 0,0,0 0,0,0 0,0,0 0,0,0
1,95,1 20,95,1 1,95,1 1,95,1 1,95,1 1,95,1 0,0,0 0,0,0 0,0,0
1,90,1 0,0,0 1,90,1 1,90,1 1,90,1 1,90,1 1,90,1 15,0,2 1,90,1
1,89,1 0,0,0 1,89,1 12,0,2 18,89,1 1,89,1 1,89,1 1,89,1 1,89,1
1,92,1 0,0,0 0,0,0 0,0,0 14,0,2 12,0,2 0,0,0 0,0,0 0,0,0
1,87,1 1,87,1 1,87,1 0,0,0 1,87,1 12,0,2 1,87,1 1,87,1 1,87,1
1,90,1 0,0,0 0,0,0 12,0,2 1,90,1 0,0,0 1,90,1 1,90,1 1,90,1
0,0,0 0,0,0 0,0,0 0,0,0 0,0,0 0,0,0 0,0,0 0,0,0 0,0,0
0,0,0 0,0,0 0,0,0 0,0,0 0,0,0 0,0,0 0,0,0 0,0,0 0,0,0
0,0,0 0,0,0 0,0,0 0,0,0 0,0,0 0,0,0 0,0,0 0,0,0 0,0,0