MODE 0
BALL 103
STARS 0/0/6965 35
ADDLINE 4,101,1 1,101,1 12,0,2 1,101,1 1,101,1 1,101,1 5,101,1 1,101,1 1,101,1
ADDLINE 4,102,1 1,102,1 12,0,2 5,102,1 1,102,1 1,102,1 1,102,1 2,102,1 1,102,1
ADDLINE 1,103,1 1,103,1 12,0,2 1,103,1 2,103,1 1,103,1 1,103,1 1,103,1 1,103,1
ADDLINE 1,119,1 1,119,1 0,0,0 12,0,2 1,119,1 1,119,1 1,119,1 1,119,1 1,119,1
ADDLINE 0,0,0 0,0,0 0,0,0 12,0,2 3,120,1 1,120,1 2,120,1 5,120,1 1,120,1
ADDLINE 0,0,0 0,0,0 0,0,0 0,0,0 0,0,0 0,0,0 12,0,2 0,0,0 1,131,1
ADDLINE 1,142,1 1,142,1 1,142,1 3,142,1 1,142,1 1,142,1 1,142,1 12,0,2 0,0,0
ADDLINE 1,154,1 1,154,1 1,154,1 1,154,1 12,0,2 0,0,0 0,0,0 0,0,0 0,0,0
ADDLINE 1,124,1 4,124,1 1,124,1 0,0,0 12,0,2 2,124,1 1,124,1 4,124,1 1,124,1
ADDLINE 1,136,1 1,136,1 3,136,1 1,136,1 12,0,2 1,136,1 1,136,1 1,136,1 0,0,0
ADDLINE 1,148,1 5,148,1 1,148,1 1,148,1 0,0,0 12,0,2 0,0,0 1,148,1 0,0,0
ADDLINE 1,152,1 3,152,1 1,152,1 1,152,1 2,152,1 1,152,1 2,152,1 1,152,1 12,0,2
ADDLINE 1,122,1 1,122,1 1,122,1 1,122,1 1,122,1 1,122,1 2,122,1 1,122,1 12,0,2
ADDLINE 0,0,0 0,0,0 0,0,0 0,0,0 1,141,1 0,0,0 12,0,2 0,0,0 0,0,0
ADDLINE 1,146,1 3,146,1 1,146,1 12,0,2 5,146,1 1,146,1 1,146,1 3,146,1 1,146,1
ADDLINE 0,0,0 0,0,0 1,165,1 0,0,0 12,0,2 0,0,0 0,0,0 0,0,0 1,165,1
ADDLINE 5,127,1 1,127,1 1,127,1 2,127,1 1,127,1 3,127,1 1,127,1 12,0,2 1,127,1
ADDLINE 0,0,0 0,0,0 0,0,0 0,0,0 0,0,0 0,0,0 1,145,1 12,0,2 1,145,1
ADDLINE 1,158,1 0,0,0 1,158,1 4,158,1 1,158,1 12,0,2 1,158,1 1,158,1 5,158,1
ADDLINE 1,171,1 0,0,0 12,0,2 0,0,0 2,171,1 0,0,0 1,171,1 1,171,1 1,171,1
ADDLINE 1,131,1 1,131,1 4,131,1 12,0,2 1,131,1 1,131,1 1,131,1 5,131,1 1,131,1
ADDLINE 1,150,1 1,150,1 1,150,1 0,0,0 1,150,1 12,0,2 0,0,0 0,0,0 1,150,1
ADDLINE 1,155,1 1,155,1 3,155,1 12,0,2 2,155,1 1,155,1 5,155,1 1,155,1 5,155,1
ADDLINE 0,0,0 1,177,1 0,0,0 1,177,1 1,177,1 12,0,2 0,0,0 1,177,1 0,0,0
ADDLINE 1,142,1 0,0,0 5,142,1 12,0,2 1,142,1 1,142,1 1,142,1 1,142,1 1,142,1
ADDLINE 1,155,1 0,0,0 1,155,1 12,0,2 2,155,1 4,155,1 1,155,1 1,155,1 1,155,1
ADDLINE 1,160,1 12,0,2 1,160,1 1,160,1 1,160,1 4,160,1 5,160,1 2,160,1 1,160,1
1,95,1 2,95,1 5,95,1 0,0,0 0,0,0 12,0,2 1,95,1 1,95,1 3,95,1
1,94,1 1,94,1 2,94,1 5,94,1 1,94,1 12,0,2 1,94,1 1,94,1 1,94,1
3,93,1 1,93,1 0,0,0 2,93,1 5,93,1 0,0,0 1,93,1 1,93,1 5,93,1
0,0,0 0,0,0 12,0,2 19,92,1 12,0,2 5,92,1 1,92,1 1,92,1 4,92,1
0,0,0 0,0,0 1,91,1 3,91,1 2,91,1 0,0,0 12,0,2 1,91,1 1,91,1
1,90,1 0,0,0 1,90,1 1,90,1 4,90,1 0,0,0 0,0,0 12,0,2 4,90,1
0,0,0 0,0,0 0,0,0 0,0,0 0,0,0 0,0,0 0,0,0 0,0,0 0,0,0
0,0,0 0,0,0 0,0,0 0,0,0 0,0,0 0,0,0 0,0,0 0,0,0 0,0,0
0,0,0 0,0,0 0,0,0 0,0,0 0,0,0 0,0,0 0,0,0 0,0,0 0,0,0