MODE 0
BALL 103
STARS 0/0/10200
ADDLINE 1,101,1 1,101,1 1,101,1 12,0,2 1,101,1 1,101,1 1,101,1 1,101,1 1,101,1
ADDLINE 1,102,1 1,102,1 5,102,1 12,0,2 1,102,1 1,102,1 3,102,1 1,102,1 1,102,1
ADDLINE 1,103,1 1,103,1 5,103,1 12,0,2 3,103,1 4,103,1 1,103,1 4,103,1 1,103,1
ADDLINE 1,119,1 0,0,0 12,0,2 0,0,0 1,119,1 1,119,1 1,119,1 1,119,1 1,119,1
ADDLINE 1,114,1 1,114,1 1,114,1 12,0,2 1,114,1 5,114,1 3,114,1 1,114,1 2,114,1
ADDLINE 5,131,1 0,0,0 0,0,0 0,0,0 0,0,0 0,0,0 0,0,0 12,0,2 1,131,1
ADDLINE 5,136,1 12,0,2 1,136,1 1,136,1 1,136,1 1,136,1 1,136,1 1,136,1 1,136,1
ADDLINE 0,0,0 0,0,0 1,154,1 2,154,1 1,154,1 12,0,2 0,0,0 0,0,0 0,0,0
ADDLINE 3,124,1 0,0,0 1,124,1 1,124,1 1,124,1 12,0,2 1,124,1 1,124,1 5,124,1
ADDLINE 1,136,1 1,136,1 0,0,0 1,136,1 1,136,1 1,136,1 0,0,0 12,0,2 1,136,1
ADDLINE 0,0,0 0,0,0 0,0,0 1,148,1 1,148,1 1,148,1 0,0,0 12,0,2 4,148,1
ADDLINE 0,0,0 3,160,1 1,160,1 12,0,2 1,160,1 1,160,1 2,160,1 1,160,1 3,160,1
ADDLINE 0,0,0 12,0,2 1,128,1 0,0,0 0,0,0 0,0,0 1,128,1 1,128,1 1,128,1
ADDLINE 1,141,1 1,141,1 0,0,0 12,0,2 1,141,1 1,141,1 1,141,1 0,0,0 4,141,1
ADDLINE 5,153,1 1,153,1 5,153,1 0,0,0 2,153,1 1,153,1 0,0,0 12,0,2 1,153,1
ADDLINE 1,165,1 5,165,1 2,165,1 0,0,0 0,0,0 0,0,0 12,0,2 1,165,1 1,165,1
ADDLINE 1,133,1 1,133,1 1,133,1 1,133,1 0,0,0 1,133,1 0,0,0 12,0,2 0,0,0
ADDLINE 1,145,1 3,145,1 1,145,1 1,145,1 0,0,0 12,0,2 3,145,1 1,145,1 0,0,0
ADDLINE 0,0,0 0,0,0 1,158,1 12,0,2 2,158,1 1,158,1 5,158,1 1,158,1 1,158,1
ADDLINE 0,0,0 0,0,0 0,0,0 12,0,2 1,171,1 1,171,1 1,171,1 4,171,1 5,171,1
ADDLINE 0,0,0 12,0,2 1,137,1 1,137,1 1,137,1 1,137,1 1,137,1 1,137,1 1,137,1
ADDLINE 0,0,0 0,0,0 12,0,2 1,150,1 1,150,1 2,150,1 1,150,1 1,150,1 3,150,1
ADDLINE 0,0,0 4,163,1 0,0,0 12,0,2 1,163,1 1,163,1 1,163,1 1,163,1 1,163,1
ADDLINE 0,0,0 0,0,0 0,0,0 0,0,0 0,0,0 12,0,2 0,0,0 1,177,1 4,177,1
ADDLINE 1,142,1 2,142,1 1,142,1 1,142,1 1,142,1 4,142,1 12,0,2 1,142,1 0,0,0
ADDLINE 1,155,1 1,155,1 1,155,1 1,155,1 1,155,1 12,0,2 0,0,0 1,155,1 0,0,0
ADDLINE 1,168,1 4,168,1 1,168,1 5,168,1 1,168,1 12,0,2 0,0,0 0,0,0 0,0,0
1,95,1 0,0,0 1,95,1 1,95,1 1,95,1 2,95,1 1,95,1 12,0,2 1,95,1
1,90,1 20,90,1 1,90,1 1,90,1 2,90,1 5,90,1 1,90,1 12,0,2 3,90,1
2,93,1 0,0,0 5,93,1 3,93,1 1,93,1 1,93,1 1,93,1 12,0,2 1,93,1
1,92,1 10,0,2 1,92,1 3,92,1 1,92,1 1,92,1 2,92,1 12,0,2 5,92,1
1,91,1 0,0,0 12,0,2 0,0,0 0,0,0 0,0,0 0,0,0 11,0,2 0,0,0
3,86,1 1,86,1 0,0,0 12,0,2 1,86,1 1,86,1 1,86,1 1,86,1 1,86,1
0,0,0 0,0,0 0,0,0 0,0,0 0,0,0 0,0,0 0,0,0 0,0,0 0,0,0
0,0,0 0,0,0 0,0,0 0,0,0 0,0,0 0,0,0 0,0,0 0,0,0 0,0,0
0,0,0 0,0,0 0,0,0 0,0,0 0,0,0 0,0,0 0,0,0 0,0,0 0,0,0