MODE 0
BALL 103
STARS 0/0/13500
ADDLINE 4,101,1 1,200,1 1,200,1 4,101,1 3,101,1 12,0,2 1,101,1 1,101,1 1,101,1
ADDLINE 1,107,1 1,107,1 1,107,1 1,107,1 1,107,1 0,0,0 12,0,2 0,0,0 1,107,1
ADDLINE 1,108,1 1,108,1 1,108,1 1,108,1 1,108,1 1,108,1 5,108,1 12,0,2 0,0,0
ADDLINE 1,119,1 5,119,1 1,119,1 20,119,1 1,119,1 1,119,1 3,119,1 1,119,1 12,0,2
ADDLINE 1,120,1 1,120,1 1,120,1 1,120,1 0,0,0 0,0,0 12,0,2 8,0,2 0,0,0
ADDLINE 0,0,0 0,0,0 0,0,0 12,0,2 1,131,1 1,131,1 1,131,1 1,131,1 1,131,1
ADDLINE 0,0,0 0,0,0 0,0,0 12,0,2 0,0,0 0,0,0 20,142,1 1,284,1 1,284,1
ADDLINE 1,154,1 1,154,1 1,154,1 1,154,1 1,154,1 12,0,2 1,308,1 1,308,1 17,154,1
ADDLINE 1,124,1 5,124,1 1,124,1 1,124,1 3,124,1 0,0,0 12,0,2 1,248,1 1,248,1
ADDLINE 1,258,1 1,258,1 3,129,1 1,129,1 1,129,1 1,258,1 1,258,1 12,0,2 1,129,1
ADDLINE 17,148,1 1,296,1 1,148,1 0,0,0 0,0,0 0,0,0 7,0,2 12,0,2 4,148,1
ADDLINE 1,304,1 1,304,1 1,152,1 12,0,2 1,152,1 1,304,1 1,304,1 1,304,1 1,152,1
ADDLINE 1,256,1 8,0,2 0,0,0 0,0,0 1,256,1 12,0,2 0,0,0 0,0,0 0,0,0
ADDLINE 1,141,1 0,0,0 2,141,1 1,141,1 1,141,1 12,0,2 1,141,1 4,141,1 1,141,1
ADDLINE 1,153,1 0,0,0 12,0,2 0,0,0 1,153,1 0,0,0 1,153,1 3,153,1 1,153,1
ADDLINE 3,157,1 2,157,1 1,157,1 1,157,1 1,157,1 12,0,2 1,157,1 1,157,1 1,157,1
ADDLINE 0,0,0 12,0,2 0,0,0 0,0,0 1,133,1 0,0,0 4,133,1 4,133,1 1,133,1
ADDLINE 2,138,1 1,138,1 1,138,1 1,138,1 1,138,1 12,0,2 1,138,1 1,138,1 1,138,1
ADDLINE 1,158,1 0,0,0 1,158,1 1,158,1 1,158,1 1,316,1 1,316,1 12,0,2 1,158,1
ADDLINE 1,171,1 0,0,0 1,171,1 2,171,1 5,171,1 1,342,1 17,171,1 12,0,2 1,171,1
ADDLINE 1,137,1 12,0,2 4,137,1 0,0,0 0,0,0 1,274,1 1,274,1 0,0,0 0,0,0
ADDLINE 1,143,1 1,143,1 1,143,1 1,286,1 1,286,1 1,286,1 3,143,1 12,0,2 5,143,1
ADDLINE 1,163,1 1,163,1 1,163,1 1,326,1 17,163,1 0,0,0 12,0,2 0,0,0 0,0,0
ADDLINE 1,177,1 1,354,1 1,354,1 1,354,1 1,354,1 12,0,2 1,354,1 20,177,1 1,177,1
ADDLINE 1,142,1 17,142,1 1,284,1 1,142,1 1,142,1 12,0,2 1,284,1 7,0,2 1,284,1
ADDLINE 1,155,1 1,310,1 1,310,1 2,155,1 1,155,1 12,0,2 1,310,1 1,310,1 20,155,1
ADDLINE 1,168,1 0,0,0 0,0,0 12,0,2 5,168,1 0,0,0 1,168,1 1,336,1 1,336,1
1,95,1 7,0,2 1,95,1 1,95,1 1,95,1 4,95,1 12,0,2 0,0,0 0,0,0
1,94,1 1,94,1 1,94,1 2,94,1 1,94,1 12,0,2 1,94,1 1,94,1 15,0,2
1,93,1 1,93,1 0,0,0 12,0,2 0,0,0 1,93,1 5,93,1 0,0,0 1,93,1
1,92,1 19,92,1 1,92,1 1,92,1 1,92,1 1,92,1 1,92,1 12,0,2 1,92,1
1,91,1 1,5,1 1,91,1 0,0,0 1,91,1 1,91,1 16,91,1 12,0,2 1,91,1
1,90,1 1,5,1 1,90,1 14,0,2 1,90,1 1,90,1 12,0,2 1,90,1 16,90,1
0,0,0 0,0,0 0,0,0 0,0,0 0,0,0 0,0,0 0,0,0 0,0,0 0,0,0
0,0,0 0,0,0 0,0,0 0,0,0 0,0,0 0,0,0 0,0,0 0,0,0 0,0,0
0,0,0 0,0,0 0,0,0 0,0,0 0,0,0 0,0,0 0,0,0 0,0,0 0,0,0