MODE 0
BALL 103
STARS 0/0/10000
ADDLINE 0,0,0 0,0,0 1,106,1 0,0,0 2,106,1 1,106,1 12,0,2 0,0,0 0,0,0
ADDLINE 1,102,1 1,102,1 1,102,1 1,102,1 1,102,1 1,102,1 3,102,1 12,0,2 1,102,1
ADDLINE 5,108,1 1,108,1 5,108,1 0,0,0 12,0,2 1,108,1 0,0,0 0,0,0 1,108,1
ADDLINE 4,119,1 0,0,0 1,119,1 12,0,2 1,119,1 1,119,1 1,119,1 2,119,1 1,119,1
ADDLINE 5,120,1 0,0,0 1,120,1 12,0,2 2,120,1 1,120,1 1,120,1 1,120,1 5,120,1
ADDLINE 1,125,1 1,125,1 1,125,1 12,0,2 1,125,1 4,125,1 1,125,1 1,125,1 1,125,1
ADDLINE 0,0,0 0,0,0 0,0,0 12,0,2 3,142,1 5,142,1 1,142,1 1,142,1 1,142,1
ADDLINE 1,147,1 1,147,1 1,147,1 12,0,2 1,147,1 1,147,1 1,147,1 1,147,1 4,147,1
ADDLINE 1,124,1 0,0,0 1,124,1 12,0,2 3,124,1 0,0,0 0,0,0 0,0,0 1,124,1
ADDLINE 0,0,0 0,0,0 0,0,0 0,0,0 0,0,0 12,0,2 0,0,0 1,136,1 1,136,1
ADDLINE 0,0,0 1,148,1 1,148,1 1,148,1 1,148,1 1,148,1 12,0,2 4,148,1 1,148,1
ADDLINE 0,0,0 5,160,1 5,160,1 0,0,0 0,0,0 1,160,1 12,0,2 2,160,1 1,160,1
ADDLINE 3,128,1 0,0,0 12,0,2 1,128,1 1,128,1 0,0,0 0,0,0 1,128,1 1,128,1
ADDLINE 0,0,0 5,141,1 1,141,1 1,141,1 1,141,1 0,0,0 12,0,2 0,0,0 0,0,0
ADDLINE 0,0,0 0,0,0 0,0,0 0,0,0 0,0,0 12,0,2 1,153,1 2,153,1 1,153,1
ADDLINE 0,0,0 1,165,1 12,0,2 1,165,1 1,165,1 1,165,1 1,165,1 5,165,1 1,165,1
ADDLINE 0,0,0 1,133,1 12,0,2 1,133,1 1,133,1 1,133,1 1,133,1 1,133,1 1,133,1
ADDLINE 0,0,0 0,0,0 12,0,2 5,145,1 2,145,1 1,145,1 3,145,1 1,145,1 3,145,1
ADDLINE 1,151,1 4,151,1 2,151,1 1,151,1 1,151,1 1,151,1 4,151,1 12,0,2 1,151,1
ADDLINE 3,171,1 1,171,1 2,171,1 1,171,1 1,171,1 0,0,0 12,0,2 0,0,0 1,171,1
ADDLINE 1,131,1 1,131,1 1,131,1 1,131,1 3,131,1 12,0,2 1,131,1 1,131,1 1,131,1
ADDLINE 0,0,0 0,0,0 12,0,2 0,0,0 0,0,0 0,0,0 1,150,1 2,150,1 1,150,1
ADDLINE 0,0,0 12,0,2 5,163,1 4,163,1 1,163,1 1,163,1 1,163,1 1,163,1 4,163,1
ADDLINE 1,177,1 0,0,0 0,0,0 0,0,0 12,0,2 0,0,0 1,177,1 1,177,1 1,177,1
ADDLINE 1,142,1 1,142,1 3,142,1 1,142,1 0,0,0 12,0,2 1,142,1 1,142,1 1,142,1
ADDLINE 1,155,1 1,155,1 1,155,1 1,155,1 0,0,0 12,0,2 5,155,1 2,155,1 1,155,1
ADDLINE 1,168,1 1,168,1 2,168,1 1,168,1 3,168,1 0,0,0 12,0,2 1,168,1 1,168,1
1,91,1 1,91,1 12,0,2 1,91,1 1,91,1 1,91,1 1,91,1 1,91,1 0,0,0
1,94,1 3,94,1 12,0,2 0,0,0 0,0,0 0,0,0 0,0,0 0,0,0 5,94,1
5,89,1 1,89,1 1,89,1 1,89,1 4,89,1 5,89,1 1,89,1 2,89,1 12,0,2
2,92,1 0,0,0 12,0,2 0,0,0 0,0,0 2,92,1 0,0,0 1,92,1 0,0,0
5,87,1 1,87,1 1,87,1 1,87,1 1,87,1 4,87,1 1,87,1 1,87,1 12,0,2
0,0,0 1,90,1 0,0,0 1,90,1 12,0,2 1,90,1 0,0,0 1,90,1 0,0,0
0,0,0 0,0,0 0,0,0 0,0,0 0,0,0 0,0,0 0,0,0 0,0,0 0,0,0
0,0,0 0,0,0 0,0,0 0,0,0 0,0,0 0,0,0 0,0,0 0,0,0 0,0,0
0,0,0 0,0,0 0,0,0 0,0,0 0,0,0 0,0,0 0,0,0 0,0,0 0,0,0