MODE 0
BALL 103
STARS 0/0/12600
ADDLINE 0,0,0 1,106,1 12,0,2 1,106,1 1,106,1 1,106,1 1,106,1 19,106,1 1,106,1
ADDLINE 0,0,0 1,107,1 1,107,1 1,107,1 12,0,2 1,107,1 1,107,1 1,107,1 1,107,1
ADDLINE 0,0,0 1,108,1 1,108,1 1,108,1 12,0,2 1,108,1 1,108,1 1,108,1 1,108,1
ADDLINE 1,119,1 0,0,0 1,119,1 1,119,1 12,0,2 1,119,1 1,119,1 1,119,1 1,119,1
ADDLINE 1,120,1 0,0,0 12,0,2 1,120,1 0,0,0 1,120,1 1,120,1 1,120,1 1,120,1
ADDLINE 1,131,1 1,131,1 1,131,1 12,0,2 0,0,0 0,0,0 1,131,1 1,131,1 0,0,0
ADDLINE 1,142,1 1,142,1 1,142,1 1,142,1 1,142,1 12,0,2 1,142,1 1,142,1 0,0,0
ADDLINE 1,154,1 1,154,1 1,154,1 0,0,0 0,0,0 12,0,2 1,154,1 1,154,1 0,0,0
ADDLINE 1,124,1 1,124,1 1,124,1 12,0,2 1,124,1 1,124,1 1,124,1 0,0,0 0,0,0
ADDLINE 1,136,1 1,136,1 0,0,0 1,136,1 12,0,2 1,136,1 1,136,1 1,136,1 1,136,1
ADDLINE 0,0,0 12,0,2 0,0,0 1,148,1 1,296,1 1,296,1 1,296,1 1,148,1 1,148,1
ADDLINE 1,320,1 1,320,1 0,0,0 1,320,1 12,0,2 19,160,1 1,320,1 1,320,1 1,320,1
ADDLINE 0,0,0 1,128,1 12,0,2 1,128,1 1,256,1 1,256,1 0,0,0 1,128,1 0,0,0
ADDLINE 1,141,1 1,141,1 0,0,0 1,141,1 1,141,1 1,141,1 12,0,2 1,141,1 1,141,1
ADDLINE 1,153,1 1,153,1 0,0,0 1,153,1 1,153,1 1,153,1 0,0,0 12,0,2 0,0,0
ADDLINE 1,165,1 1,165,1 0,0,0 1,165,1 1,165,1 1,165,1 12,0,2 1,165,1 1,165,1
ADDLINE 1,266,1 1,266,1 1,266,1 1,266,1 1,266,1 1,266,1 12,0,2 16,133,1 0,0,0
ADDLINE 1,145,1 1,145,1 1,290,1 20,145,1 1,290,1 1,145,1 12,0,2 1,145,1 0,0,0
ADDLINE 1,158,1 0,0,0 1,316,1 1,316,1 1,316,1 1,316,1 1,316,1 12,0,2 1,158,1
ADDLINE 1,171,1 0,0,0 1,171,1 1,171,1 1,342,1 17,171,1 1,342,1 12,0,2 1,171,1
ADDLINE 1,274,1 1,274,1 16,137,1 1,274,1 1,274,1 1,274,1 1,274,1 12,0,2 1,274,1
ADDLINE 20,150,1 0,0,0 1,150,1 1,150,1 1,150,1 1,150,1 1,150,1 12,0,2 0,0,0
ADDLINE 1,310,1 12,0,2 1,155,1 1,155,1 1,155,1 1,155,1 1,155,1 1,155,1 1,155,1
ADDLINE 19,177,1 1,354,1 0,0,0 1,354,1 1,354,1 12,0,2 1,354,1 1,354,1 1,354,1
ADDLINE 1,284,1 0,0,0 1,284,1 1,284,1 1,142,1 1,284,1 20,142,1 12,0,2 1,142,1
ADDLINE 0,0,0 12,0,2 20,155,1 1,310,1 1,155,1 1,310,1 1,310,1 0,0,0 1,155,1
ADDLINE 1,160,1 1,320,1 1,320,1 1,320,1 1,160,1 1,160,1 1,160,1 12,0,2 1,160,1
12,0,2 1,95,1 1,95,1 1,95,1 1,95,1 1,95,1 1,95,1 19,95,1 0,0,0
0,0,0 12,0,2 1,94,1 1,94,1 1,94,1 1,94,1 1,94,1 0,0,0 0,0,0
0,0,0 12,0,2 1,93,1 1,93,1 1,93,1 1,93,1 0,0,0 15,0,2 1,93,1
1,92,1 0,0,0 0,0,0 1,25,1 0,0,0 0,0,0 12,0,2 1,92,1 1,92,1
0,0,0 1,91,1 14,0,2 1,91,1 12,0,2 1,91,1 1,91,1 1,91,1 1,91,1
0,0,0 1,90,1 12,0,2 0,0,0 0,0,0 1,90,1 1,90,1 1,90,1 1,90,1
0,0,0 0,0,0 0,0,0 0,0,0 0,0,0 0,0,0 0,0,0 0,0,0 0,0,0
0,0,0 0,0,0 0,0,0 0,0,0 0,0,0 0,0,0 0,0,0 0,0,0 0,0,0
0,0,0 0,0,0 0,0,0 0,0,0 0,0,0 0,0,0 0,0,0 0,0,0 0,0,0