MODE 0
BALL 103
STARS 0/0/10000
ADDLINE 12,0,2 1,101,1 1,101,1 1,101,1 3,101,1 1,101,1 2,101,1 1,101,1 1,101,1
ADDLINE 12,0,2 1,102,1 1,102,1 1,102,1 2,102,1 1,102,1 5,102,1 1,102,1 1,102,1
ADDLINE 0,0,0 12,0,2 1,108,1 1,108,1 1,108,1 5,108,1 1,108,1 3,108,1 1,108,1
ADDLINE 0,0,0 12,0,2 1,119,1 5,119,1 1,119,1 1,119,1 1,119,1 1,119,1 1,119,1
ADDLINE 12,0,2 1,114,1 1,114,1 4,114,1 1,114,1 1,114,1 1,114,1 3,114,1 3,114,1
ADDLINE 0,0,0 0,0,0 0,0,0 0,0,0 0,0,0 12,0,2 0,0,0 0,0,0 1,131,1
ADDLINE 1,142,1 4,142,1 1,142,1 1,142,1 2,142,1 1,142,1 3,142,1 12,0,2 0,0,0
ADDLINE 1,154,1 1,154,1 0,0,0 0,0,0 0,0,0 0,0,0 12,0,2 0,0,0 0,0,0
ADDLINE 1,124,1 1,124,1 0,0,0 0,0,0 12,0,2 0,0,0 0,0,0 1,124,1 1,124,1
ADDLINE 0,0,0 0,0,0 1,136,1 0,0,0 4,136,1 3,136,1 1,136,1 12,0,2 3,136,1
ADDLINE 1,148,1 0,0,0 1,148,1 12,0,2 1,148,1 1,148,1 1,148,1 0,0,0 2,148,1
ADDLINE 1,160,1 12,0,2 1,160,1 0,0,0 1,160,1 0,0,0 0,0,0 0,0,0 0,0,0
ADDLINE 1,128,1 0,0,0 1,128,1 4,128,1 1,128,1 12,0,2 4,128,1 5,128,1 1,128,1
ADDLINE 1,141,1 0,0,0 0,0,0 12,0,2 0,0,0 0,0,0 3,141,1 1,141,1 1,141,1
ADDLINE 1,146,1 12,0,2 1,146,1 5,146,1 1,146,1 1,146,1 1,146,1 1,146,1 1,146,1
ADDLINE 2,165,1 0,0,0 1,165,1 1,165,1 5,165,1 12,0,2 1,165,1 1,165,1 1,165,1
ADDLINE 1,133,1 0,0,0 1,133,1 1,133,1 1,133,1 12,0,2 1,133,1 1,133,1 1,133,1
ADDLINE 5,145,1 12,0,2 1,145,1 0,0,0 0,0,0 0,0,0 4,145,1 0,0,0 0,0,0
ADDLINE 0,0,0 12,0,2 0,0,0 0,0,0 0,0,0 0,0,0 1,158,1 5,158,1 1,158,1
ADDLINE 1,163,1 4,163,1 1,163,1 12,0,2 1,163,1 1,163,1 3,163,1 1,163,1 1,163,1
ADDLINE 1,137,1 1,137,1 4,137,1 0,0,0 1,137,1 0,0,0 0,0,0 12,0,2 0,0,0
ADDLINE 1,143,1 2,143,1 1,143,1 12,0,2 1,143,1 1,143,1 1,143,1 1,143,1 3,143,1
ADDLINE 1,155,1 1,155,1 5,155,1 12,0,2 1,155,1 1,155,1 1,155,1 1,155,1 1,155,1
ADDLINE 1,168,1 5,168,1 3,168,1 12,0,2 1,168,1 1,168,1 1,168,1 2,168,1 1,168,1
ADDLINE 0,0,0 12,0,2 0,0,0 0,0,0 1,142,1 1,142,1 1,142,1 1,142,1 1,142,1
ADDLINE 1,148,1 12,0,2 4,148,1 2,148,1 1,148,1 4,148,1 1,148,1 1,148,1 1,148,1
ADDLINE 1,168,1 0,0,0 5,168,1 12,0,2 0,0,0 0,0,0 0,0,0 0,0,0 0,0,0
1,95,1 1,95,1 1,95,1 1,95,1 3,95,1 1,95,1 12,0,2 0,0,0 0,0,0
1,90,1 6,90,1 1,90,1 1,90,1 5,90,1 1,90,1 12,0,2 1,90,1 5,90,1
1,93,1 1,93,1 3,93,1 20,93,1 0,0,0 12,0,2 0,0,0 1,93,1 4,93,1
1,92,1 4,92,1 3,92,1 1,92,1 0,0,0 12,0,2 1,92,1 2,92,1 1,92,1
0,0,0 0,0,0 0,0,0 12,0,2 0,0,0 0,0,0 1,91,1 1,91,1 1,91,1
0,0,0 12,0,2 0,0,0 1,90,1 1,90,1 1,90,1 1,90,1 2,90,1 1,90,1
0,0,0 0,0,0 0,0,0 0,0,0 0,0,0 0,0,0 0,0,0 0,0,0 0,0,0
0,0,0 0,0,0 0,0,0 0,0,0 0,0,0 0,0,0 0,0,0 0,0,0 0,0,0
0,0,0 0,0,0 0,0,0 0,0,0 0,0,0 0,0,0 0,0,0 0,0,0 0,0,0