MODE 0
BALL 103
STARS 0/0/10200
ADDLINE 1,106,1 1,106,1 1,106,1 0,0,0 2,106,1 1,106,1 4,106,1 12,0,2 0,0,0
ADDLINE 1,102,1 1,102,1 1,102,1 1,102,1 5,102,1 1,102,1 1,102,1 1,102,1 12,0,2
ADDLINE 1,108,1 1,108,1 2,108,1 12,0,2 0,0,0 0,0,0 1,108,1 0,0,0 0,0,0
ADDLINE 1,113,1 3,113,1 2,113,1 12,0,2 1,113,1 1,113,1 1,113,1 1,113,1 1,113,1
ADDLINE 0,0,0 0,0,0 1,120,1 12,0,2 5,120,1 3,120,1 1,120,1 1,120,1 1,120,1
ADDLINE 2,125,1 1,125,1 1,125,1 12,0,2 1,125,1 5,125,1 1,125,1 1,125,1 1,125,1
ADDLINE 1,284,1 1,284,1 1,284,1 0,0,0 12,0,2 0,0,0 0,0,0 8,0,2 0,0,0
ADDLINE 1,147,1 1,147,1 1,147,1 12,0,2 4,147,1 2,147,1 1,147,1 1,147,1 1,147,1
ADDLINE 3,124,1 1,124,1 1,124,1 0,0,0 1,124,1 12,0,2 0,0,0 0,0,0 0,0,0
ADDLINE 0,0,0 0,0,0 0,0,0 12,0,2 0,0,0 0,0,0 0,0,0 0,0,0 1,136,1
ADDLINE 5,141,1 12,0,2 1,141,1 1,141,1 1,141,1 4,141,1 3,141,1 1,141,1 1,141,1
ADDLINE 1,160,1 12,0,2 1,160,1 1,160,1 0,0,0 0,0,0 0,0,0 0,0,0 0,0,0
ADDLINE 5,128,1 0,0,0 12,0,2 0,0,0 0,0,0 1,128,1 4,128,1 0,0,0 0,0,0
ADDLINE 4,141,1 1,141,1 1,141,1 1,141,1 0,0,0 1,141,1 1,141,1 12,0,2 1,141,1
ADDLINE 1,153,1 1,153,1 2,153,1 1,153,1 12,0,2 1,153,1 1,153,1 0,0,0 0,0,0
ADDLINE 1,165,1 1,165,1 4,165,1 1,165,1 12,0,2 1,165,1 4,165,1 1,165,1 0,0,0
ADDLINE 2,133,1 1,133,1 1,133,1 1,133,1 12,0,2 1,133,1 1,133,1 3,133,1 0,0,0
ADDLINE 1,290,1 0,0,0 12,0,2 0,0,0 8,0,2 1,290,1 1,290,1 1,290,1 1,290,1
ADDLINE 1,151,1 1,151,1 12,0,2 1,151,1 1,151,1 1,151,1 1,151,1 5,151,1 2,151,1
ADDLINE 1,171,1 3,171,1 0,0,0 0,0,0 12,0,2 11,0,2 1,342,1 1,171,1 1,171,1
ADDLINE 5,137,1 1,274,1 1,274,1 1,274,1 11,0,2 12,0,2 1,274,1 1,137,1 1,137,1
ADDLINE 1,300,1 10,0,2 0,0,0 12,0,2 0,0,0 1,300,1 1,300,1 1,300,1 1,300,1
ADDLINE 1,163,1 0,0,0 12,0,2 0,0,0 0,0,0 0,0,0 1,163,1 1,163,1 3,163,1
ADDLINE 1,177,1 1,177,1 1,177,1 5,177,1 0,0,0 12,0,2 1,177,1 1,177,1 2,177,1
ADDLINE 1,284,1 1,284,1 1,284,1 1,284,1 0,0,0 12,0,2 0,0,0 0,0,0 8,0,2
ADDLINE 1,155,1 3,155,1 1,155,1 4,155,1 1,155,1 1,155,1 1,155,1 12,0,2 0,0,0
ADDLINE 1,168,1 1,168,1 1,168,1 5,168,1 1,168,1 1,168,1 3,168,1 12,0,2 0,0,0
12,0,2 1,95,1 1,95,1 3,95,1 2,95,1 3,95,1 0,0,0 1,95,1 0,0,0
12,0,2 1,94,1 1,94,1 1,94,1 5,94,1 1,94,1 1,94,1 1,94,1 0,0,0
0,0,0 1,93,1 12,0,2 0,0,0 4,93,1 0,0,0 0,0,0 0,0,0 3,93,1
1,88,1 1,88,1 12,0,2 4,88,1 3,88,1 5,88,1 3,88,1 6,88,1 1,88,1
1,91,1 17,91,1 4,91,1 3,91,1 12,0,2 3,91,1 1,91,1 1,91,1 1,91,1
1,90,1 4,90,1 11,0,2 4,90,1 12,0,2 1,90,1 1,90,1 5,90,1 1,90,1
0,0,0 0,0,0 0,0,0 0,0,0 0,0,0 0,0,0 0,0,0 0,0,0 0,0,0
0,0,0 0,0,0 0,0,0 0,0,0 0,0,0 0,0,0 0,0,0 0,0,0 0,0,0
0,0,0 0,0,0 0,0,0 0,0,0 0,0,0 0,0,0 0,0,0 0,0,0 0,0,0