MODE 0
BALL 103
STARS 0/0/13000
ADDLINE 1,101,1 1,101,1 1,101,1 12,0,2 1,101,1 2,101,1 3,101,1 1,101,1 1,101,1
ADDLINE 4,107,1 1,107,1 1,107,1 0,0,0 12,0,2 0,0,0 1,107,1 4,107,1 3,107,1
ADDLINE 1,108,1 1,108,1 1,108,1 0,0,0 0,0,0 12,0,2 1,108,1 1,108,1 1,108,1
ADDLINE 0,0,0 0,0,0 12,0,2 0,0,0 1,119,1 1,119,1 1,119,1 1,119,1 5,119,1
ADDLINE 0,0,0 12,0,2 0,0,0 0,0,0 1,120,1 1,120,1 1,120,1 1,120,1 4,120,1
ADDLINE 1,131,1 1,131,1 2,131,1 0,0,0 12,0,2 1,131,1 5,131,1 1,131,1 1,131,1
ADDLINE 0,0,0 12,0,2 0,0,0 0,0,0 0,0,0 3,142,1 1,142,1 1,142,1 1,142,1
ADDLINE 0,0,0 12,0,2 2,154,1 4,154,1 1,154,1 1,154,1 1,154,1 1,154,1 1,154,1
ADDLINE 1,124,1 0,0,0 0,0,0 0,0,0 0,0,0 12,0,2 3,124,1 1,124,1 1,124,1
ADDLINE 1,136,1 4,136,1 12,0,2 1,136,1 1,136,1 1,136,1 0,0,0 2,136,1 0,0,0
ADDLINE 0,0,0 0,0,0 12,0,2 1,148,1 1,148,1 1,148,1 0,0,0 0,0,0 0,0,0
ADDLINE 1,152,1 3,152,1 12,0,2 2,152,1 1,152,1 1,152,1 1,152,1 1,152,1 1,152,1
ADDLINE 0,0,0 0,0,0 0,0,0 0,0,0 0,0,0 0,0,0 12,0,2 1,128,1 1,128,1
ADDLINE 3,134,1 1,134,1 1,134,1 1,134,1 1,134,1 1,134,1 12,0,2 1,134,1 1,134,1
ADDLINE 0,0,0 1,153,1 4,153,1 1,153,1 12,0,2 5,153,1 0,0,0 1,153,1 4,153,1
ADDLINE 0,0,0 1,165,1 1,165,1 1,165,1 0,0,0 5,165,1 12,0,2 3,165,1 1,165,1
ADDLINE 12,0,2 2,133,1 1,133,1 1,133,1 0,0,0 1,133,1 0,0,0 0,0,0 0,0,0
ADDLINE 1,138,1 2,138,1 1,138,1 1,138,1 12,0,2 1,138,1 1,138,1 1,138,1 1,138,1
ADDLINE 1,158,1 0,0,0 1,158,1 0,0,0 1,158,1 12,0,2 1,158,1 1,158,1 1,158,1
ADDLINE 2,171,1 0,0,0 1,171,1 0,0,0 4,171,1 0,0,0 12,0,2 0,0,0 1,171,1
ADDLINE 5,131,1 12,0,2 1,131,1 1,131,1 1,131,1 1,131,1 1,131,1 1,131,1 5,131,1
ADDLINE 1,150,1 0,0,0 0,0,0 0,0,0 0,0,0 1,150,1 12,0,2 1,150,1 1,150,1
ADDLINE 1,155,1 1,155,1 1,155,1 12,0,2 1,155,1 5,155,1 5,155,1 1,155,1 1,155,1
ADDLINE 0,0,0 0,0,0 2,177,1 12,0,2 1,177,1 1,177,1 1,177,1 1,177,1 4,177,1
ADDLINE 1,135,1 1,135,1 3,135,1 12,0,2 1,135,1 1,135,1 4,135,1 1,135,1 1,135,1
ADDLINE 0,0,0 0,0,0 0,0,0 12,0,2 4,155,1 1,155,1 1,155,1 1,155,1 1,155,1
ADDLINE 1,160,1 12,0,2 1,160,1 2,160,1 1,160,1 1,160,1 1,160,1 1,160,1 2,160,1
0,0,0 0,0,0 0,0,0 12,0,2 1,95,1 20,95,1 3,95,1 5,95,1 1,95,1
0,0,0 0,0,0 0,0,0 12,0,2 1,94,1 4,94,1 1,94,1 1,94,1 1,94,1
8,0,2 12,0,2 1,93,1 1,93,1 1,93,1 1,93,1 1,93,1 1,93,1 3,93,1
2,92,1 12,0,2 5,92,1 6,92,1 1,92,1 1,92,1 1,92,1 3,92,1 1,92,1
0,0,0 21,91,1 12,0,2 0,0,0 1,91,1 1,91,1 1,91,1 1,91,1 3,91,1
0,0,0 1,90,1 2,90,1 0,0,0 12,0,2 5,90,1 1,90,1 1,90,1 1,90,1
0,0,0 0,0,0 0,0,0 0,0,0 0,0,0 0,0,0 0,0,0 0,0,0 0,0,0
0,0,0 0,0,0 0,0,0 0,0,0 0,0,0 0,0,0 0,0,0 0,0,0 0,0,0
0,0,0 0,0,0 0,0,0 0,0,0 0,0,0 0,0,0 0,0,0 0,0,0 0,0,0