MODE 0
BALL 103
STARS 0/0/9600
ADDLINE 0,0,0 0,0,0 0,0,0 0,0,0 0,0,0 12,0,2 1,106,1 0,0,0 0,0,0
ADDLINE 5,102,1 1,102,1 1,102,1 1,102,1 1,102,1 12,0,2 5,102,1 3,102,1 1,102,1
ADDLINE 4,103,1 1,103,1 1,103,1 1,103,1 1,103,1 12,0,2 1,103,1 1,103,1 1,103,1
ADDLINE 1,113,1 1,113,1 2,113,1 1,113,1 1,113,1 12,0,2 1,113,1 1,113,1 1,113,1
ADDLINE 1,114,1 1,114,1 1,114,1 1,114,1 1,114,1 12,0,2 4,114,1 3,114,1 1,114,1
ADDLINE 1,125,1 1,125,1 1,125,1 1,125,1 4,125,1 12,0,2 1,125,1 3,125,1 2,125,1
ADDLINE 0,0,0 12,0,2 0,0,0 0,0,0 1,142,1 0,0,0 2,142,1 0,0,0 1,142,1
ADDLINE 1,154,1 1,154,1 1,154,1 3,154,1 1,154,1 0,0,0 1,154,1 12,0,2 1,154,1
ADDLINE 4,124,1 0,0,0 0,0,0 12,0,2 1,124,1 0,0,0 3,124,1 0,0,0 1,124,1
ADDLINE 0,0,0 12,0,2 3,136,1 1,136,1 1,136,1 0,0,0 1,136,1 1,136,1 1,136,1
ADDLINE 2,148,1 0,0,0 1,148,1 0,0,0 0,0,0 12,0,2 5,148,1 1,148,1 1,148,1
ADDLINE 1,160,1 0,0,0 0,0,0 0,0,0 12,0,2 0,0,0 0,0,0 1,160,1 3,160,1
ADDLINE 1,128,1 0,0,0 0,0,0 2,128,1 1,128,1 12,0,2 0,0,0 1,128,1 1,128,1
ADDLINE 2,141,1 0,0,0 1,141,1 1,141,1 1,141,1 0,0,0 12,0,2 3,141,1 4,141,1
ADDLINE 1,153,1 0,0,0 0,0,0 12,0,2 1,153,1 1,153,1 0,0,0 1,153,1 1,153,1
ADDLINE 3,165,1 1,165,1 1,165,1 0,0,0 12,0,2 0,0,0 0,0,0 0,0,0 1,165,1
ADDLINE 1,133,1 1,133,1 5,133,1 1,133,1 5,133,1 0,0,0 1,133,1 12,0,2 1,133,1
ADDLINE 4,145,1 1,145,1 0,0,0 1,145,1 1,145,1 1,145,1 0,0,0 12,0,2 1,145,1
ADDLINE 1,151,1 5,151,1 1,151,1 1,151,1 12,0,2 1,151,1 1,151,1 1,151,1 1,151,1
ADDLINE 1,171,1 1,171,1 1,171,1 1,171,1 0,0,0 12,0,2 0,0,0 0,0,0 3,171,1
ADDLINE 3,137,1 1,137,1 1,137,1 1,137,1 1,137,1 4,137,1 5,137,1 12,0,2 0,0,0
ADDLINE 1,143,1 1,143,1 2,143,1 1,143,1 1,143,1 1,143,1 4,143,1 1,143,1 12,0,2
ADDLINE 1,163,1 5,163,1 1,163,1 0,0,0 12,0,2 0,0,0 0,0,0 0,0,0 0,0,0
ADDLINE 0,0,0 0,0,0 12,0,2 0,0,0 1,177,1 1,177,1 4,177,1 1,177,1 1,177,1
ADDLINE 0,0,0 0,0,0 12,0,2 0,0,0 1,142,1 1,142,1 3,142,1 1,142,1 1,142,1
ADDLINE 0,0,0 0,0,0 12,0,2 0,0,0 3,155,1 1,155,1 5,155,1 1,155,1 4,155,1
ADDLINE 0,0,0 12,0,2 1,168,1 1,168,1 1,168,1 1,168,1 1,168,1 1,168,1 1,168,1
0,0,0 0,0,0 4,95,1 12,0,2 10,0,2 0,0,0 0,0,0 0,0,0 0,0,0
1,90,1 1,90,1 1,90,1 12,0,2 1,90,1 1,90,1 1,90,1 2,90,1 1,90,1
4,93,1 0,0,0 12,0,2 0,0,0 16,93,1 5,93,1 1,93,1 1,93,1 1,93,1
1,92,1 0,0,0 1,92,1 12,0,2 5,92,1 1,92,1 1,92,1 1,92,1 1,92,1
1,91,1 0,0,0 1,91,1 0,0,0 1,91,1 12,0,2 0,0,0 0,0,0 0,0,0
1,86,1 12,0,2 1,86,1 0,0,0 1,86,1 5,86,1 1,86,1 4,86,1 2,86,1
0,0,0 0,0,0 0,0,0 0,0,0 0,0,0 0,0,0 0,0,0 0,0,0 0,0,0
0,0,0 0,0,0 0,0,0 0,0,0 0,0,0 0,0,0 0,0,0 0,0,0 0,0,0
0,0,0 0,0,0 0,0,0 0,0,0 0,0,0 0,0,0 0,0,0 0,0,0 0,0,0