MODE 0
BALL 103
STARS 0/0/13100
ADDLINE 1,106,1 1,106,1 1,106,1 12,0,2 1,106,1 1,106,1 1,106,1 17,106,1 1,106,1
ADDLINE 1,102,1 1,102,1 1,102,1 12,0,2 1,102,1 1,102,1 1,102,1 1,102,1 1,102,1
ADDLINE 1,103,1 1,103,1 1,103,1 12,0,2 1,103,1 1,103,1 1,103,1 1,103,1 1,103,1
ADDLINE 1,119,1 0,0,0 0,0,0 12,0,2 20,119,1 1,119,1 1,119,1 1,119,1 1,119,1
ADDLINE 1,120,1 1,120,1 1,120,1 12,0,2 1,120,1 1,120,1 17,120,1 1,120,1 1,120,1
ADDLINE 1,200,1 1,200,1 0,0,0 0,0,0 12,0,2 1,200,1 1,200,1 0,0,0 1,131,1
ADDLINE 17,142,1 12,0,2 1,142,1 1,142,1 1,142,1 1,142,1 1,142,1 1,142,1 1,142,1
ADDLINE 1,308,1 0,0,0 1,154,1 1,154,1 1,154,1 0,0,0 12,0,2 1,308,1 1,308,1
ADDLINE 1,248,1 0,0,0 1,248,1 1,248,1 1,248,1 12,0,2 1,248,1 1,248,1 19,124,1
ADDLINE 1,136,1 1,272,1 1,272,1 0,0,0 12,0,2 0,0,0 0,0,0 1,272,1 0,0,0
ADDLINE 1,148,1 20,148,1 1,296,1 12,0,2 1,148,1 1,148,1 1,148,1 1,296,1 7,0,2
ADDLINE 1,160,1 1,320,1 1,320,1 12,0,2 1,160,1 1,160,1 1,160,1 1,320,1 0,0,0
ADDLINE 0,0,0 1,128,1 0,0,0 1,256,1 1,256,1 12,0,2 0,0,0 0,0,0 0,0,0
ADDLINE 0,0,0 1,141,1 1,282,1 17,141,1 12,0,2 0,0,0 1,141,1 1,141,1 1,141,1
ADDLINE 0,0,0 1,153,1 1,306,1 12,0,2 1,306,1 1,153,1 1,153,1 1,153,1 1,153,1
ADDLINE 8,0,2 1,330,1 1,330,1 12,0,2 1,330,1 1,330,1 1,330,1 1,330,1 1,330,1
ADDLINE 0,0,0 0,0,0 0,0,0 1,133,1 0,0,0 12,0,2 0,0,0 1,266,1 17,133,1
ADDLINE 1,145,1 1,145,1 0,0,0 0,0,0 12,0,2 0,0,0 0,0,0 1,290,1 1,290,1
ADDLINE 1,302,1 1,302,1 1,151,1 1,151,1 1,151,1 1,151,1 1,151,1 12,0,2 1,151,1
ADDLINE 20,171,1 1,342,1 1,171,1 1,171,1 1,171,1 1,171,1 1,171,1 12,0,2 0,0,0
ADDLINE 1,274,1 1,274,1 1,137,1 1,137,1 0,0,0 12,0,2 0,0,0 0,0,0 0,0,0
ADDLINE 0,0,0 8,0,2 1,300,1 1,300,1 12,0,2 16,150,1 1,300,1 1,300,1 1,300,1
ADDLINE 0,0,0 12,0,2 0,0,0 0,0,0 1,326,1 17,163,1 1,326,1 1,163,1 1,163,1
ADDLINE 1,168,1 1,168,1 1,168,1 12,0,2 1,336,1 1,336,1 1,336,1 1,168,1 1,168,1
ADDLINE 1,135,1 1,135,1 1,135,1 12,0,2 1,135,1 1,135,1 1,135,1 1,135,1 1,135,1
ADDLINE 16,155,1 1,310,1 1,310,1 0,0,0 1,310,1 12,0,2 1,310,1 1,310,1 1,310,1
ADDLINE 1,336,1 16,168,1 1,336,1 1,336,1 1,336,1 1,336,1 12,0,2 0,0,0 11,0,2
1,95,1 1,95,1 0,0,0 1,95,1 12,0,2 1,95,1 1,95,1 1,95,1 1,95,1
1,94,1 1,94,1 0,0,0 1,94,1 15,0,2 12,0,2 7,0,2 1,94,1 0,0,0
1,93,1 1,93,1 0,0,0 1,93,1 12,0,2 1,93,1 1,93,1 1,93,1 0,0,0
0,0,0 0,0,0 0,0,0 12,0,2 0,0,0 1,92,1 1,92,1 1,92,1 0,0,0
1,87,1 1,87,1 1,87,1 1,87,1 12,0,2 1,87,1 6,87,1 0,0,0 1,87,1
1,90,1 1,90,1 1,90,1 1,90,1 12,0,2 1,90,1 1,90,1 1,90,1 14,0,2
0,0,0 0,0,0 0,0,0 0,0,0 0,0,0 0,0,0 0,0,0 0,0,0 0,0,0
0,0,0 0,0,0 0,0,0 0,0,0 0,0,0 0,0,0 0,0,0 0,0,0 0,0,0
0,0,0 0,0,0 0,0,0 0,0,0 0,0,0 0,0,0 0,0,0 0,0,0 0,0,0