MODE 0
BALL 103
STARS 0/0/13400
ADDLINE 1,101,1 1,101,1 1,101,1 1,101,1 1,101,1 12,0,2 1,101,1 1,101,1 1,101,1
ADDLINE 1,107,1 1,107,1 1,107,1 1,107,1 1,107,1 0,0,0 12,0,2 0,0,0 1,107,1
ADDLINE 1,103,1 1,103,1 1,103,1 1,103,1 1,103,1 1,103,1 1,103,1 12,0,2 1,103,1
ADDLINE 1,119,1 1,119,1 1,119,1 1,119,1 1,119,1 1,119,1 1,119,1 12,0,2 0,0,0
ADDLINE 1,120,1 1,120,1 1,120,1 1,120,1 1,120,1 1,120,1 12,0,2 0,0,0 0,0,0
ADDLINE 1,131,1 1,131,1 1,131,1 1,131,1 0,0,0 0,0,0 12,0,2 1,131,1 1,131,1
ADDLINE 1,142,1 1,142,1 1,142,1 1,142,1 12,0,2 0,0,0 0,0,0 0,0,0 0,0,0
ADDLINE 1,154,1 1,154,1 0,0,0 12,0,2 0,0,0 0,0,0 0,0,0 0,0,0 0,0,0
ADDLINE 0,0,0 12,0,2 0,0,0 1,124,1 1,124,1 1,124,1 1,124,1 1,124,1 1,124,1
ADDLINE 1,136,1 0,0,0 1,136,1 12,0,2 1,136,1 1,136,1 1,136,1 1,136,1 1,136,1
ADDLINE 0,0,0 12,0,2 1,148,1 0,0,0 0,0,0 0,0,0 0,0,0 0,0,0 1,148,1
ADDLINE 1,152,1 12,0,2 1,152,1 1,152,1 1,152,1 1,152,1 1,152,1 1,152,1 1,152,1
ADDLINE 1,128,1 0,0,0 12,0,2 0,0,0 1,128,1 0,0,0 0,0,0 0,0,0 0,0,0
ADDLINE 1,134,1 1,134,1 1,134,1 1,134,1 1,134,1 12,0,2 1,134,1 1,134,1 1,134,1
ADDLINE 0,0,0 0,0,0 0,0,0 0,0,0 0,0,0 12,0,2 1,153,1 1,153,1 1,153,1
ADDLINE 1,157,1 1,157,1 1,157,1 1,157,1 1,157,1 12,0,2 1,157,1 1,157,1 1,157,1
ADDLINE 1,133,1 1,133,1 1,133,1 1,133,1 1,133,1 12,0,2 0,0,0 0,0,0 0,0,0
ADDLINE 1,138,1 1,138,1 1,138,1 1,138,1 1,138,1 12,0,2 1,138,1 1,138,1 1,138,1
ADDLINE 1,158,1 0,0,0 1,158,1 1,158,1 1,158,1 1,158,1 1,158,1 12,0,2 1,158,1
ADDLINE 1,171,1 0,0,0 1,171,1 1,171,1 1,171,1 1,171,1 1,171,1 12,0,2 1,171,1
ADDLINE 1,137,1 0,0,0 1,137,1 0,0,0 12,0,2 0,0,0 0,0,0 0,0,0 0,0,0
ADDLINE 1,143,1 1,143,1 1,143,1 1,143,1 1,143,1 1,143,1 1,143,1 12,0,2 1,143,1
ADDLINE 1,163,1 1,163,1 1,163,1 1,163,1 1,163,1 12,0,2 0,0,0 0,0,0 0,0,0
ADDLINE 1,168,1 1,168,1 1,168,1 1,168,1 1,168,1 12,0,2 1,168,1 1,168,1 1,168,1
ADDLINE 1,135,1 1,135,1 1,135,1 1,135,1 1,135,1 12,0,2 1,135,1 1,135,1 1,135,1
ADDLINE 1,148,1 1,148,1 1,148,1 1,148,1 1,148,1 12,0,2 1,148,1 1,148,1 1,148,1
ADDLINE 1,168,1 0,0,0 0,0,0 0,0,0 1,168,1 12,0,2 1,168,1 1,168,1 1,168,1
1,95,1 1,95,1 1,95,1 4,95,1 0,0,0 0,0,0 10,0,2 12,0,2 1,95,1
1,94,1 1,94,1 1,94,1 0,0,0 0,0,0 3,94,1 1,94,1 12,0,2 1,94,1
1,93,1 1,93,1 4,93,1 0,0,0 5,93,1 1,93,1 1,93,1 12,0,2 1,93,1
1,92,1 1,92,1 0,0,0 0,0,0 0,0,0 12,0,2 6,92,1 1,92,1 1,92,1
1,91,1 1,91,1 2,91,1 3,91,1 12,0,2 1,91,1 1,91,1 1,91,1 1,91,1
1,90,1 1,90,1 0,0,0 1,90,1 12,0,2 1,90,1 1,90,1 1,90,1 1,90,1
0,0,0 0,0,0 0,0,0 0,0,0 0,0,0 0,0,0 0,0,0 0,0,0 0,0,0
0,0,0 0,0,0 0,0,0 0,0,0 0,0,0 0,0,0 0,0,0 0,0,0 0,0,0
0,0,0 0,0,0 0,0,0 0,0,0 0,0,0 0,0,0 0,0,0 0,0,0 0,0,0