MODE 0
BALL 103
STARS 0/0/9500
ADDLINE 1,100,1 1,100,1 1,100,1 10,0,2 0,0,0 12,0,2 1,100,1 1,100,1 1,100,1
ADDLINE 1,105,1 1,105,1 1,105,1 0,0,0 1,105,1 8,0,2 12,0,2 1,105,1 1,105,1
ADDLINE 1,108,1 2,108,1 1,108,1 0,0,0 1,108,1 1,108,1 12,0,2 1,108,1 3,108,1
ADDLINE 5,119,1 1,119,1 0,0,0 1,119,1 5,119,1 1,119,1 12,0,2 1,119,1 1,119,1
ADDLINE 1,120,1 1,120,1 0,0,0 12,0,2 0,0,0 3,120,1 4,120,1 0,0,0 0,0,0
ADDLINE 1,131,1 1,131,1 1,131,1 1,131,1 1,131,1 12,0,2 1,131,1 1,200,1 0,0,0
ADDLINE 1,284,1 1,284,1 1,284,1 1,284,1 1,284,1 12,0,2 1,284,1 1,284,1 10,0,2
ADDLINE 1,154,1 2,154,1 1,154,1 3,154,1 5,154,1 12,0,2 1,154,1 0,0,0 0,0,0
ADDLINE 1,124,1 1,124,1 1,124,1 1,124,1 1,124,1 0,0,0 12,0,2 0,0,0 1,124,1
ADDLINE 0,0,0 1,136,1 12,0,2 1,136,1 2,136,1 1,136,1 4,136,1 1,136,1 0,0,0
ADDLINE 1,141,1 1,141,1 1,141,1 1,141,1 1,141,1 5,141,1 1,141,1 5,141,1 12,0,2
ADDLINE 0,0,0 1,160,1 12,0,2 4,160,1 1,160,1 1,160,1 1,160,1 1,160,1 0,0,0
ADDLINE 12,0,2 1,256,1 0,0,0 1,256,1 1,256,1 1,256,1 1,256,1 1,256,1 8,0,2
ADDLINE 0,0,0 1,141,1 0,0,0 12,0,2 0,0,0 0,0,0 0,0,0 1,141,1 0,0,0
ADDLINE 1,153,1 1,153,1 12,0,2 1,153,1 4,153,1 1,153,1 3,153,1 1,153,1 0,0,0
ADDLINE 1,165,1 5,165,1 0,0,0 1,165,1 0,0,0 12,0,2 0,0,0 0,0,0 0,0,0
ADDLINE 1,133,1 1,133,1 12,0,2 1,133,1 0,0,0 1,133,1 1,133,1 1,133,1 0,0,0
ADDLINE 1,145,1 2,145,1 0,0,0 1,145,1 0,0,0 0,0,0 12,0,2 4,145,1 0,0,0
ADDLINE 1,151,1 1,151,1 3,151,1 1,151,1 1,151,1 12,0,2 1,151,1 1,151,1 1,151,1
ADDLINE 1,171,1 1,171,1 1,171,1 1,171,1 3,171,1 12,0,2 1,342,1 11,0,2 0,0,0
ADDLINE 5,131,1 4,131,1 1,131,1 1,131,1 4,131,1 12,0,2 1,262,1 1,262,1 1,131,1
ADDLINE 12,0,2 0,0,0 0,0,0 0,0,0 1,150,1 0,0,0 0,0,0 0,0,0 0,0,0
ADDLINE 4,163,1 1,163,1 1,163,1 1,163,1 1,163,1 0,0,0 1,163,1 12,0,2 3,163,1
ADDLINE 1,354,1 1,354,1 1,354,1 1,354,1 1,354,1 8,0,2 1,354,1 12,0,2 1,354,1
ADDLINE 1,142,1 1,142,1 1,142,1 1,142,1 3,142,1 0,0,0 1,142,1 12,0,2 1,142,1
ADDLINE 1,155,1 1,155,1 4,155,1 1,155,1 1,155,1 0,0,0 1,155,1 12,0,2 3,155,1
ADDLINE 1,160,1 4,160,1 2,160,1 1,160,1 2,160,1 12,0,2 1,160,1 1,160,1 1,160,1
0,0,0 1,95,1 1,95,1 0,0,0 12,0,2 0,0,0 1,95,1 3,95,1 1,95,1
0,0,0 0,0,0 0,0,0 12,0,2 1,94,1 6,94,1 1,94,1 1,94,1 2,94,1
1,93,1 0,0,0 12,0,2 7,0,2 1,93,1 4,93,1 1,93,1 1,93,1 1,93,1
0,0,0 12,0,2 1,92,1 0,0,0 22,0,2 1,92,1 1,92,1 1,92,1 1,92,1
8,0,2 1,88,1 1,88,1 0,0,0 12,0,2 1,88,1 1,88,1 1,88,1 1,88,1
11,0,2 0,0,0 4,90,1 12,0,2 1,90,1 1,90,1 1,90,1 1,90,1 3,90,1
0,0,0 0,0,0 0,0,0 0,0,0 0,0,0 0,0,0 0,0,0 0,0,0 0,0,0
0,0,0 0,0,0 0,0,0 0,0,0 0,0,0 0,0,0 0,0,0 0,0,0 0,0,0
0,0,0 0,0,0 0,0,0 0,0,0 0,0,0 0,0,0 0,0,0 0,0,0 0,0,0