MODE 0
BALL 103
STARS 0/0/10200
ADDLINE 1,101,1 4,101,1 3,101,1 1,101,1 12,0,2 1,101,1 1,101,1 3,101,1 1,101,1
ADDLINE 1,102,1 2,102,1 1,102,1 1,102,1 12,0,2 1,102,1 4,102,1 1,102,1 1,102,1
ADDLINE 1,103,1 1,103,1 2,103,1 1,103,1 12,0,2 1,103,1 1,103,1 1,103,1 1,103,1
ADDLINE 1,113,1 5,113,1 1,113,1 1,113,1 12,0,2 1,113,1 1,113,1 3,113,1 5,113,1
ADDLINE 0,0,0 1,120,1 0,0,0 12,0,2 0,0,0 0,0,0 0,0,0 0,0,0 0,0,0
ADDLINE 1,125,1 4,125,1 1,125,1 1,125,1 1,125,1 1,125,1 12,0,2 1,125,1 1,125,1
ADDLINE 0,0,0 0,0,0 0,0,0 1,142,1 12,0,2 1,142,1 0,0,0 1,142,1 1,142,1
ADDLINE 1,154,1 1,154,1 1,154,1 1,154,1 0,0,0 1,154,1 12,0,2 1,154,1 3,154,1
ADDLINE 1,124,1 1,124,1 1,124,1 2,124,1 0,0,0 1,124,1 12,0,2 4,124,1 3,124,1
ADDLINE 1,136,1 0,0,0 4,136,1 1,136,1 1,136,1 1,136,1 12,0,2 1,136,1 1,136,1
ADDLINE 2,148,1 0,0,0 0,0,0 1,148,1 3,148,1 1,148,1 12,0,2 1,148,1 1,148,1
ADDLINE 0,0,0 1,160,1 12,0,2 4,160,1 1,160,1 0,0,0 0,0,0 1,160,1 1,160,1
ADDLINE 0,0,0 0,0,0 0,0,0 0,0,0 0,0,0 12,0,2 1,128,1 1,128,1 1,128,1
ADDLINE 1,134,1 1,134,1 1,134,1 2,134,1 3,134,1 12,0,2 5,134,1 1,134,1 1,134,1
ADDLINE 0,0,0 0,0,0 0,0,0 0,0,0 12,0,2 0,0,0 0,0,0 1,153,1 1,153,1
ADDLINE 0,0,0 0,0,0 1,165,1 1,165,1 1,165,1 12,0,2 0,0,0 1,165,1 5,165,1
ADDLINE 3,133,1 0,0,0 0,0,0 1,133,1 1,133,1 12,0,2 1,133,1 1,133,1 3,133,1
ADDLINE 1,145,1 1,145,1 0,0,0 4,145,1 1,145,1 12,0,2 1,145,1 1,145,1 1,145,1
ADDLINE 1,151,1 5,151,1 3,151,1 1,151,1 1,151,1 2,151,1 12,0,2 1,151,1 5,151,1
ADDLINE 1,171,1 1,171,1 1,171,1 1,171,1 3,171,1 1,171,1 0,0,0 12,0,2 1,171,1
ADDLINE 1,137,1 1,137,1 1,137,1 1,137,1 2,137,1 1,137,1 0,0,0 12,0,2 1,137,1
ADDLINE 1,150,1 1,150,1 1,150,1 1,150,1 1,150,1 4,150,1 0,0,0 12,0,2 5,150,1
ADDLINE 1,163,1 1,163,1 1,163,1 0,0,0 0,0,0 0,0,0 12,0,2 0,0,0 1,163,1
ADDLINE 3,177,1 4,177,1 1,177,1 0,0,0 0,0,0 12,0,2 0,0,0 1,177,1 1,177,1
ADDLINE 0,0,0 12,0,2 0,0,0 0,0,0 0,0,0 0,0,0 0,0,0 1,142,1 3,142,1
ADDLINE 12,0,2 5,148,1 1,148,1 1,148,1 1,148,1 5,148,1 1,148,1 1,148,1 4,148,1
ADDLINE 0,0,0 0,0,0 12,0,2 1,168,1 1,168,1 1,168,1 1,168,1 1,168,1 1,168,1
1,95,1 0,0,0 1,95,1 2,95,1 1,95,1 12,0,2 0,0,0 0,0,0 5,95,1
1,90,1 1,90,1 4,90,1 4,90,1 1,90,1 1,90,1 1,90,1 12,0,2 1,90,1
19,93,1 0,0,0 0,0,0 12,0,2 0,0,0 0,0,0 0,0,0 10,0,2 1,93,1
4,92,1 12,0,2 4,92,1 3,92,1 1,92,1 12,0,2 1,92,1 1,92,1 5,92,1
1,91,1 4,91,1 3,91,1 1,91,1 1,91,1 12,0,2 1,91,1 5,91,1 1,91,1
4,86,1 3,86,1 2,86,1 1,86,1 2,86,1 1,86,1 1,86,1 1,86,1 1,86,1
0,0,0 0,0,0 0,0,0 0,0,0 0,0,0 0,0,0 0,0,0 0,0,0 0,0,0
0,0,0 0,0,0 0,0,0 0,0,0 0,0,0 0,0,0 0,0,0 0,0,0 0,0,0
0,0,0 0,0,0 0,0,0 0,0,0 0,0,0 0,0,0 0,0,0 0,0,0 0,0,0