MODE 0
BALL 103
STARS 0/0/12700
ADDLINE 1,101,1 1,101,1 5,101,1 4,101,1 12,0,2 1,101,1 2,101,1 1,101,1 1,101,1
ADDLINE 1,107,1 1,107,1 1,107,1 1,107,1 0,0,0 12,0,2 4,107,1 1,107,1 5,107,1
ADDLINE 1,103,1 1,103,1 1,103,1 2,103,1 1,103,1 12,0,2 1,103,1 1,103,1 1,103,1
ADDLINE 3,119,1 1,119,1 1,119,1 0,0,0 12,0,2 0,0,0 1,119,1 1,119,1 3,119,1
ADDLINE 0,0,0 12,0,2 0,0,0 0,0,0 1,120,1 1,120,1 1,120,1 1,120,1 2,120,1
ADDLINE 0,0,0 12,0,2 0,0,0 0,0,0 1,131,1 1,131,1 1,131,1 4,131,1 1,131,1
ADDLINE 1,142,1 4,142,1 0,0,0 12,0,2 5,142,1 1,142,1 1,142,1 4,142,1 1,142,1
ADDLINE 1,154,1 1,154,1 0,0,0 0,0,0 0,0,0 0,0,0 12,0,2 0,0,0 0,0,0
ADDLINE 1,124,1 1,124,1 1,124,1 1,124,1 1,124,1 3,124,1 1,124,1 12,0,2 0,0,0
ADDLINE 1,129,1 3,129,1 1,129,1 12,0,2 3,129,1 1,129,1 4,129,1 1,129,1 1,129,1
ADDLINE 0,0,0 0,0,0 1,148,1 12,0,2 0,0,0 0,0,0 0,0,0 0,0,0 0,0,0
ADDLINE 1,160,1 5,160,1 1,160,1 0,0,0 1,160,1 1,160,1 1,160,1 12,0,2 1,160,1
ADDLINE 1,128,1 1,128,1 1,128,1 0,0,0 1,128,1 1,128,1 1,128,1 12,0,2 1,128,1
ADDLINE 1,134,1 3,134,1 5,134,1 1,134,1 1,134,1 1,134,1 1,134,1 12,0,2 1,134,1
ADDLINE 0,0,0 0,0,0 1,153,1 0,0,0 4,153,1 12,0,2 0,0,0 0,0,0 5,153,1
ADDLINE 1,165,1 1,165,1 1,165,1 0,0,0 1,165,1 12,0,2 1,165,1 4,165,1 1,165,1
ADDLINE 1,133,1 1,133,1 1,133,1 0,0,0 1,133,1 0,0,0 1,133,1 12,0,2 0,0,0
ADDLINE 1,138,1 1,138,1 2,138,1 12,0,2 3,138,1 1,138,1 2,138,1 1,138,1 4,138,1
ADDLINE 12,0,2 0,0,0 0,0,0 5,158,1 0,0,0 1,158,1 0,0,0 0,0,0 0,0,0
ADDLINE 0,0,0 1,171,1 3,171,1 1,171,1 12,0,2 1,171,1 3,171,1 1,171,1 1,171,1
ADDLINE 0,0,0 4,137,1 0,0,0 12,0,2 0,0,0 1,137,1 1,137,1 1,137,1 1,137,1
ADDLINE 2,143,1 1,143,1 1,143,1 1,143,1 12,0,2 1,143,1 1,143,1 1,143,1 1,143,1
ADDLINE 4,155,1 1,155,1 1,155,1 1,155,1 12,0,2 1,155,1 1,155,1 4,155,1 1,155,1
ADDLINE 1,168,1 2,168,1 1,168,1 3,168,1 12,0,2 1,168,1 1,168,1 1,168,1 3,168,1
ADDLINE 1,142,1 1,142,1 1,142,1 2,142,1 12,0,2 0,0,0 0,0,0 1,142,1 0,0,0
ADDLINE 1,155,1 1,155,1 1,155,1 3,155,1 12,0,2 1,155,1 5,155,1 1,155,1 0,0,0
ADDLINE 12,0,2 1,168,1 0,0,0 1,168,1 0,0,0 1,168,1 1,168,1 3,168,1 0,0,0
1,95,1 0,0,0 1,95,1 1,95,1 12,0,2 15,0,2 5,95,1 1,95,1 1,95,1
5,94,1 1,94,1 16,94,1 0,0,0 12,0,2 2,94,1 4,94,1 1,94,1 1,94,1
0,0,0 0,0,0 0,0,0 0,0,0 12,0,2 0,0,0 0,0,0 1,93,1 1,93,1
0,0,0 12,0,2 1,92,1 1,92,1 1,92,1 1,92,1 0,0,0 3,92,1 5,92,1
0,0,0 14,0,2 1,91,1 3,91,1 1,91,1 1,91,1 0,0,0 12,0,2 1,91,1
0,0,0 1,90,1 4,90,1 1,90,1 1,90,1 1,90,1 1,90,1 12,0,2 0,0,0
0,0,0 0,0,0 0,0,0 0,0,0 0,0,0 0,0,0 0,0,0 0,0,0 0,0,0
0,0,0 0,0,0 0,0,0 0,0,0 0,0,0 0,0,0 0,0,0 0,0,0 0,0,0
0,0,0 0,0,0 0,0,0 0,0,0 0,0,0 0,0,0 0,0,0 0,0,0 0,0,0