MODE 0
BALL 103
STARS 0/0/13000
ADDLINE 2,106,1 1,106,1 20,106,1 1,106,1 2,106,1 12,0,2 1,106,1 1,106,1 1,106,1
ADDLINE 1,102,1 1,104,1 1,104,1 1,104,1 5,102,1 12,0,2 1,102,1 1,102,1 1,102,1
ADDLINE 1,103,1 1,103,1 1,103,1 1,103,1 1,103,1 12,0,2 4,103,1 1,103,1 1,103,1
ADDLINE 0,0,0 0,0,0 5,119,1 0,0,0 12,0,2 0,0,0 3,119,1 1,119,1 5,119,1
ADDLINE 1,120,1 0,0,0 1,120,1 1,120,1 1,120,1 12,0,2 1,120,1 1,120,1 4,120,1
ADDLINE 1,131,1 0,0,0 1,131,1 12,0,2 1,131,1 0,0,0 0,0,0 0,0,0 1,131,1
ADDLINE 1,142,1 1,142,1 4,142,1 0,0,0 3,142,1 12,0,2 4,142,1 1,284,1 1,284,1
ADDLINE 1,154,1 1,154,1 1,154,1 0,0,0 0,0,0 12,0,2 1,154,1 1,308,1 20,154,1
ADDLINE 1,118,1 1,118,1 1,118,1 12,0,2 5,118,1 1,118,1 1,118,1 1,236,1 1,236,1
ADDLINE 1,136,1 1,272,1 1,272,1 0,0,0 1,136,1 1,136,1 1,136,1 12,0,2 4,136,1
ADDLINE 1,296,1 19,148,1 1,296,1 0,0,0 1,296,1 1,296,1 12,0,2 1,296,1 1,296,1
ADDLINE 1,160,1 1,320,1 1,320,1 1,160,1 0,0,0 3,160,1 12,0,2 1,160,1 1,160,1
ADDLINE 2,128,1 1,128,1 0,0,0 0,0,0 0,0,0 1,128,1 12,0,2 0,0,0 3,128,1
ADDLINE 1,141,1 1,141,1 12,0,2 1,141,1 1,141,1 1,141,1 1,141,1 0,0,0 0,0,0
ADDLINE 1,153,1 0,0,0 0,0,0 4,153,1 1,153,1 0,0,0 12,0,2 0,0,0 0,0,0
ADDLINE 1,330,1 0,0,0 1,330,1 1,330,1 12,0,2 1,330,1 1,330,1 19,165,1 1,330,1
ADDLINE 1,133,1 0,0,0 1,133,1 0,0,0 12,0,2 20,133,1 1,266,1 1,266,1 2,133,1
ADDLINE 1,145,1 0,0,0 0,0,0 0,0,0 12,0,2 1,290,1 1,290,1 5,145,1 1,145,1
ADDLINE 1,158,1 1,158,1 0,0,0 12,0,2 1,316,1 1,316,1 1,316,1 3,158,1 1,158,1
ADDLINE 0,0,0 12,0,2 0,0,0 0,0,0 1,342,1 17,171,1 1,342,1 1,171,1 1,171,1
ADDLINE 0,0,0 0,0,0 12,0,2 0,0,0 1,274,1 1,274,1 1,274,1 1,137,1 2,137,1
ADDLINE 0,0,0 1,150,1 1,150,1 0,0,0 12,0,2 1,150,1 3,150,1 1,150,1 1,150,1
ADDLINE 0,0,0 1,326,1 1,326,1 16,163,1 1,326,1 12,0,2 1,326,1 1,326,1 1,326,1
ADDLINE 0,0,0 12,0,2 1,177,1 5,177,1 1,354,1 0,0,0 1,354,1 1,177,1 1,177,1
ADDLINE 0,0,0 0,0,0 12,0,2 1,142,1 1,284,1 20,142,1 1,284,1 1,142,1 1,142,1
ADDLINE 0,0,0 1,310,1 12,0,2 1,310,1 1,310,1 1,310,1 1,310,1 1,310,1 16,155,1
ADDLINE 0,0,0 0,0,0 1,168,1 1,168,1 3,168,1 12,0,2 1,168,1 1,168,1 4,168,1
1,95,1 0,0,0 1,95,1 12,0,2 0,0,0 0,0,0 0,0,0 0,0,0 1,95,1
1,94,1 0,0,0 1,94,1 0,0,0 1,94,1 12,0,2 1,94,1 4,94,1 1,94,1
5,93,1 12,0,2 1,93,1 0,0,0 17,93,1 1,93,1 1,93,1 0,0,0 0,0,0
1,88,1 1,88,1 5,88,1 12,0,2 0,0,0 1,88,1 1,88,1 4,88,1 21,88,1
0,0,0 1,91,1 12,0,2 1,91,1 11,0,2 1,91,1 1,91,1 0,0,0 1,91,1
5,90,1 1,90,1 1,90,1 1,90,1 12,0,2 1,90,1 1,90,1 20,90,1 3,90,1
0,0,0 0,0,0 0,0,0 0,0,0 0,0,0 0,0,0 0,0,0 0,0,0 0,0,0
0,0,0 0,0,0 0,0,0 0,0,0 0,0,0 0,0,0 0,0,0 0,0,0 0,0,0
0,0,0 0,0,0 0,0,0 0,0,0 0,0,0 0,0,0 0,0,0 0,0,0 0,0,0