MODE 0
BALL 103
STARS 0/0/9400
ADDLINE 12,0,2 1,101,1 1,101,1 1,101,1 1,101,1 1,101,1 1,101,1 1,101,1 1,101,1
ADDLINE 0,0,0 0,0,0 12,0,2 1,107,1 1,107,1 1,107,1 1,107,1 1,107,1 1,107,1
ADDLINE 1,108,1 1,108,1 0,0,0 0,0,0 12,0,2 1,108,1 1,108,1 1,108,1 1,108,1
ADDLINE 1,119,1 1,119,1 1,119,1 1,119,1 0,0,0 0,0,0 12,0,2 0,0,0 1,119,1
ADDLINE 0,0,0 0,0,0 0,0,0 0,0,0 12,0,2 0,0,0 0,0,0 0,0,0 1,120,1
ADDLINE 0,0,0 0,0,0 12,0,2 1,131,1 1,131,1 1,131,1 1,131,1 1,131,1 1,131,1
ADDLINE 1,142,1 11,0,2 12,0,2 1,142,1 1,142,1 1,142,1 1,142,1 1,142,1 1,142,1
ADDLINE 1,147,1 12,0,2 1,294,1 1,147,1 1,147,1 1,147,1 1,147,1 1,147,1 1,147,1
ADDLINE 1,248,1 10,0,2 12,0,2 1,248,1 1,248,1 1,248,1 1,248,1 1,248,1 1,248,1
ADDLINE 12,0,2 0,0,0 0,0,0 1,136,1 0,0,0 1,136,1 0,0,0 0,0,0 0,0,0
ADDLINE 1,148,1 1,296,1 0,0,0 1,296,1 12,0,2 1,148,1 1,148,1 1,148,1 1,148,1
ADDLINE 0,0,0 1,320,1 7,0,2 1,320,1 12,0,2 1,160,1 1,160,1 1,160,1 1,160,1
ADDLINE 0,0,0 1,256,1 12,0,2 1,256,1 0,0,0 1,128,1 1,128,1 1,128,1 1,128,1
ADDLINE 10,0,2 0,0,0 0,0,0 1,282,1 12,0,2 0,0,0 0,0,0 0,0,0 0,0,0
ADDLINE 1,292,1 1,292,1 1,146,1 1,146,1 1,146,1 1,146,1 1,146,1 1,146,1 12,0,2
ADDLINE 0,0,0 1,165,1 1,165,1 1,165,1 12,0,2 1,165,1 1,165,1 1,165,1 0,0,0
ADDLINE 1,127,1 1,127,1 1,127,1 1,127,1 12,0,2 1,127,1 1,127,1 1,127,1 1,127,1
ADDLINE 0,0,0 0,0,0 12,0,2 0,0,0 0,0,0 0,0,0 1,290,1 0,0,0 0,0,0
ADDLINE 0,0,0 12,0,2 0,0,0 0,0,0 0,0,0 7,0,2 1,316,1 1,158,1 1,158,1
ADDLINE 1,163,1 1,163,1 1,163,1 12,0,2 1,326,1 1,326,1 1,326,1 1,163,1 1,163,1
ADDLINE 1,137,1 1,137,1 1,137,1 0,0,0 1,137,1 0,0,0 0,0,0 12,0,2 0,0,0
ADDLINE 1,143,1 1,143,1 1,143,1 12,0,2 1,143,1 1,143,1 1,143,1 1,143,1 1,143,1
ADDLINE 1,155,1 1,155,1 1,155,1 12,0,2 1,155,1 1,155,1 1,155,1 1,155,1 1,155,1
ADDLINE 1,168,1 1,168,1 1,168,1 12,0,2 1,168,1 1,168,1 1,168,1 1,168,1 1,168,1
ADDLINE 0,0,0 0,0,0 0,0,0 12,0,2 1,142,1 1,142,1 1,142,1 1,142,1 1,142,1
ADDLINE 1,148,1 12,0,2 1,148,1 1,148,1 1,148,1 1,148,1 1,148,1 1,148,1 1,148,1
ADDLINE 1,168,1 0,0,0 1,168,1 0,0,0 0,0,0 12,0,2 0,0,0 0,0,0 0,0,0
0,0,0 0,0,0 0,0,0 12,0,2 1,95,1 1,95,1 1,95,1 6,95,1 1,95,1
0,0,0 0,0,0 12,0,2 0,0,0 20,94,1 1,94,1 1,94,1 1,94,1 1,94,1
0,0,0 12,0,2 0,0,0 1,93,1 1,93,1 1,93,1 1,93,1 1,93,1 1,93,1
0,0,0 12,0,2 0,0,0 1,92,1 1,92,1 1,92,1 1,92,1 1,92,1 1,92,1
0,0,0 11,0,2 12,0,2 0,0,0 1,91,1 1,91,1 1,91,1 1,91,1 1,91,1
1,90,1 1,90,1 2,90,1 0,0,0 12,0,2 0,0,0 0,0,0 0,0,0 1,90,1
0,0,0 0,0,0 0,0,0 0,0,0 0,0,0 0,0,0 0,0,0 0,0,0 0,0,0
0,0,0 0,0,0 0,0,0 0,0,0 0,0,0 0,0,0 0,0,0 0,0,0 0,0,0
0,0,0 0,0,0 0,0,0 0,0,0 0,0,0 0,0,0 0,0,0 0,0,0 0,0,0