MODE 0
BALL 103
STARS 0/0/13000
ADDLINE 0,0,0 0,0,0 0,0,0 0,0,0 0,0,0 0,0,0 1,106,1 12,0,2 0,0,0
ADDLINE 1,102,1 1,102,1 1,102,1 1,102,1 1,102,1 12,0,2 1,102,1 1,102,1 1,102,1
ADDLINE 1,103,1 1,103,1 1,103,1 1,103,1 1,103,1 12,0,2 1,103,1 1,103,1 1,103,1
ADDLINE 1,119,1 1,119,1 1,119,1 1,119,1 1,119,1 12,0,2 1,119,1 20,119,1 1,119,1
ADDLINE 1,114,1 1,114,1 1,114,1 1,114,1 1,114,1 12,0,2 1,114,1 1,114,1 1,114,1
ADDLINE 1,200,1 1,200,1 1,200,1 19,131,1 1,200,1 12,0,2 1,200,1 1,200,1 1,200,1
ADDLINE 0,0,0 0,0,0 0,0,0 1,284,1 1,284,1 12,0,2 1,142,1 0,0,0 1,142,1
ADDLINE 1,308,1 1,308,1 1,308,1 16,154,1 1,308,1 0,0,0 1,308,1 12,0,2 1,308,1
ADDLINE 16,124,1 0,0,0 1,248,1 1,248,1 1,248,1 12,0,2 1,248,1 1,248,1 1,248,1
ADDLINE 1,136,1 0,0,0 1,136,1 1,136,1 1,136,1 1,136,1 12,0,2 0,0,0 1,136,1
ADDLINE 1,148,1 0,0,0 0,0,0 1,148,1 12,0,2 0,0,0 0,0,0 0,0,0 1,148,1
ADDLINE 1,160,1 1,160,1 0,0,0 0,0,0 1,160,1 1,160,1 1,160,1 12,0,2 1,160,1
ADDLINE 16,128,1 0,0,0 1,256,1 1,256,1 1,256,1 12,0,2 1,256,1 1,256,1 1,256,1
ADDLINE 1,141,1 0,0,0 0,0,0 1,141,1 12,0,2 1,141,1 1,141,1 1,141,1 1,141,1
ADDLINE 1,153,1 1,153,1 0,0,0 1,153,1 12,0,2 1,153,1 1,153,1 1,153,1 1,153,1
ADDLINE 0,0,0 12,0,2 0,0,0 1,165,1 0,0,0 0,0,0 1,165,1 1,165,1 1,165,1
ADDLINE 1,133,1 0,0,0 12,0,2 0,0,0 0,0,0 0,0,0 1,133,1 1,133,1 1,133,1
ADDLINE 1,145,1 0,0,0 12,0,2 1,145,1 1,145,1 1,145,1 1,145,1 1,145,1 1,145,1
ADDLINE 1,151,1 1,151,1 1,151,1 1,151,1 1,151,1 12,0,2 1,151,1 1,151,1 1,151,1
ADDLINE 1,171,1 1,171,1 0,0,0 0,0,0 12,0,2 0,0,0 1,171,1 1,171,1 1,171,1
ADDLINE 1,137,1 1,137,1 0,0,0 12,0,2 1,137,1 1,137,1 1,137,1 1,137,1 1,137,1
ADDLINE 1,150,1 1,150,1 1,150,1 0,0,0 12,0,2 0,0,0 0,0,0 0,0,0 0,0,0
ADDLINE 1,163,1 1,163,1 1,163,1 1,163,1 1,163,1 0,0,0 12,0,2 0,0,0 0,0,0
ADDLINE 1,177,1 1,177,1 1,177,1 1,177,1 1,177,1 0,0,0 12,0,2 1,177,1 1,177,1
ADDLINE 1,135,1 1,135,1 1,135,1 1,135,1 1,135,1 1,135,1 12,0,2 1,270,1 1,270,1
ADDLINE 1,155,1 1,155,1 1,155,1 0,0,0 12,0,2 0,0,0 0,0,0 1,310,1 17,155,1
ADDLINE 1,168,1 1,168,1 1,168,1 0,0,0 12,0,2 1,168,1 1,336,1 1,336,1 1,336,1
0,0,0 1,95,1 12,0,2 0,0,0 0,0,0 0,0,0 0,0,0 1,95,1 0,0,0
1,94,1 1,94,1 17,94,1 0,0,0 0,0,0 1,94,1 12,0,2 1,94,1 1,94,1
1,93,1 1,93,1 1,93,1 0,0,0 22,0,2 1,93,1 12,0,2 1,93,1 1,93,1
1,92,1 1,92,1 19,92,1 1,92,1 1,92,1 1,92,1 12,0,2 1,92,1 1,92,1
12,0,2 1,91,1 0,0,0 1,91,1 1,91,1 1,91,1 0,0,0 0,0,0 0,0,0
1,90,1 1,90,1 1,90,1 1,90,1 1,90,1 17,90,1 12,0,2 1,90,1 1,90,1
0,0,0 0,0,0 0,0,0 0,0,0 0,0,0 0,0,0 0,0,0 0,0,0 0,0,0
0,0,0 0,0,0 0,0,0 0,0,0 0,0,0 0,0,0 0,0,0 0,0,0 0,0,0
0,0,0 0,0,0 0,0,0 0,0,0 0,0,0 0,0,0 0,0,0 0,0,0 0,0,0