MODE 0
BALL 103
STARS 0/0/13700
ADDLINE 1,106,1 0,0,0 1,106,1 1,106,1 1,106,1 0,0,0 0,0,0 12,0,2 5,106,1
ADDLINE 1,107,1 0,0,0 1,107,1 1,107,1 2,107,1 12,0,2 3,107,1 1,107,1 1,107,1
ADDLINE 0,0,0 0,0,0 1,108,1 1,108,1 1,108,1 0,0,0 12,0,2 1,108,1 2,108,1
ADDLINE 0,0,0 1,119,1 0,0,0 3,119,1 1,119,1 0,0,0 12,0,2 1,119,1 1,119,1
ADDLINE 0,0,0 1,120,1 1,120,1 12,0,2 3,120,1 4,120,1 1,120,1 2,120,1 1,120,1
ADDLINE 1,125,1 1,125,1 1,125,1 1,125,1 12,0,2 4,125,1 1,125,1 1,125,1 1,125,1
ADDLINE 0,0,0 0,0,0 0,0,0 12,0,2 0,0,0 1,142,1 1,142,1 2,142,1 1,142,1
ADDLINE 0,0,0 12,0,2 1,154,1 1,154,1 0,0,0 1,154,1 4,154,1 1,154,1 1,154,1
ADDLINE 1,124,1 0,0,0 0,0,0 12,0,2 0,0,0 1,124,1 3,124,1 2,124,1 1,124,1
ADDLINE 1,129,1 4,129,1 5,129,1 1,129,1 1,129,1 3,129,1 3,129,1 1,129,1 12,0,2
ADDLINE 12,0,2 4,148,1 0,0,0 1,148,1 1,148,1 1,148,1 1,148,1 1,148,1 0,0,0
ADDLINE 0,0,0 1,160,1 12,0,2 1,160,1 1,160,1 1,160,1 1,160,1 1,160,1 1,160,1
ADDLINE 0,0,0 1,128,1 12,0,2 2,128,1 1,128,1 5,128,1 1,128,1 1,128,1 0,0,0
ADDLINE 12,0,2 1,141,1 0,0,0 1,141,1 1,141,1 1,141,1 1,141,1 1,141,1 0,0,0
ADDLINE 0,0,0 3,153,1 0,0,0 0,0,0 12,0,2 0,0,0 0,0,0 0,0,0 0,0,0
ADDLINE 12,0,2 4,165,1 1,165,1 1,165,1 1,165,1 2,165,1 5,165,1 5,165,1 0,0,0
ADDLINE 0,0,0 0,0,0 12,0,2 0,0,0 0,0,0 1,133,1 0,0,0 0,0,0 0,0,0
ADDLINE 1,138,1 1,138,1 1,138,1 1,138,1 12,0,2 1,138,1 1,138,1 1,138,1 1,138,1
ADDLINE 1,158,1 1,158,1 1,158,1 0,0,0 12,0,2 0,0,0 0,0,0 0,0,0 1,158,1
ADDLINE 1,163,1 1,163,1 1,163,1 12,0,2 1,163,1 1,163,1 4,163,1 1,163,1 1,163,1
ADDLINE 1,131,1 5,131,1 1,131,1 12,0,2 1,131,1 1,131,1 3,131,1 4,131,1 3,131,1
ADDLINE 1,143,1 1,143,1 1,143,1 12,0,2 5,143,1 3,143,1 1,143,1 1,143,1 1,143,1
ADDLINE 0,0,0 0,0,0 0,0,0 0,0,0 3,163,1 0,0,0 0,0,0 12,0,2 0,0,0
ADDLINE 1,168,1 12,0,2 1,168,1 1,168,1 1,168,1 1,168,1 1,168,1 4,168,1 1,168,1
ADDLINE 1,142,1 0,0,0 1,142,1 1,142,1 1,142,1 1,142,1 1,142,1 12,0,2 5,142,1
ADDLINE 1,148,1 4,148,1 1,148,1 1,148,1 1,148,1 4,148,1 1,148,1 12,0,2 1,148,1
ADDLINE 0,0,0 0,0,0 5,168,1 1,168,1 2,168,1 1,168,1 1,168,1 12,0,2 1,168,1
2,95,1 0,0,0 12,0,2 3,95,1 4,95,1 2,95,1 5,95,1 1,95,1 2,95,1
1,90,1 4,90,1 12,0,2 3,90,1 1,90,1 1,90,1 2,90,1 5,90,1 1,90,1
4,93,1 12,0,2 3,93,1 20,93,1 1,93,1 2,93,1 1,93,1 2,93,1 5,93,1
12,0,2 3,88,1 1,88,1 1,88,1 1,88,1 1,88,1 1,88,1 2,88,1 0,0,0
2,91,1 5,91,1 0,0,0 0,0,0 0,0,0 0,0,0 12,0,2 4,91,1 3,91,1
1,90,1 2,90,1 5,90,1 0,0,0 0,0,0 12,0,2 4,90,1 3,90,1 1,90,1
0,0,0 0,0,0 0,0,0 0,0,0 0,0,0 0,0,0 0,0,0 0,0,0 0,0,0
0,0,0 0,0,0 0,0,0 0,0,0 0,0,0 0,0,0 0,0,0 0,0,0 0,0,0
0,0,0 0,0,0 0,0,0 0,0,0 0,0,0 0,0,0 0,0,0 0,0,0 0,0,0