MODE 0
BALL 103
STARS 0/0/10400
ADDLINE 0,0,0 1,106,1 1,106,1 1,106,1 1,106,1 1,106,1 12,0,2 1,106,1 1,106,1
ADDLINE 0,0,0 1,107,1 4,107,1 1,107,1 4,107,1 1,107,1 12,0,2 1,107,1 1,107,1
ADDLINE 0,0,0 1,108,1 3,108,1 1,108,1 1,108,1 1,108,1 12,0,2 3,108,1 2,108,1
ADDLINE 0,0,0 2,119,1 0,0,0 1,119,1 0,0,0 0,0,0 12,0,2 1,119,1 2,119,1
ADDLINE 1,114,1 1,114,1 1,114,1 1,114,1 3,114,1 1,114,1 12,0,2 1,114,1 1,114,1
ADDLINE 1,131,1 1,131,1 0,0,0 4,131,1 1,131,1 1,131,1 12,0,2 0,0,0 0,0,0
ADDLINE 1,142,1 2,142,1 0,0,0 1,142,1 1,142,1 1,142,1 12,0,2 1,142,1 5,142,1
ADDLINE 1,154,1 3,154,1 0,0,0 1,154,1 2,154,1 3,154,1 12,0,2 1,154,1 0,0,0
ADDLINE 1,124,1 1,124,1 0,0,0 1,124,1 1,124,1 1,124,1 12,0,2 1,124,1 1,124,1
ADDLINE 0,0,0 0,0,0 0,0,0 0,0,0 12,0,2 0,0,0 1,136,1 1,136,1 3,136,1
ADDLINE 0,0,0 0,0,0 12,0,2 1,148,1 1,148,1 0,0,0 2,148,1 1,148,1 1,148,1
ADDLINE 1,160,1 1,160,1 0,0,0 5,160,1 1,160,1 0,0,0 0,0,0 12,0,2 1,160,1
ADDLINE 4,128,1 0,0,0 1,128,1 1,128,1 1,128,1 1,128,1 5,128,1 12,0,2 2,128,1
ADDLINE 1,141,1 0,0,0 1,141,1 1,141,1 1,141,1 1,141,1 1,141,1 12,0,2 5,141,1
ADDLINE 1,153,1 0,0,0 0,0,0 0,0,0 0,0,0 12,0,2 0,0,0 0,0,0 1,153,1
ADDLINE 1,165,1 1,165,1 0,0,0 1,165,1 12,0,2 1,165,1 1,165,1 5,165,1 1,165,1
ADDLINE 1,133,1 4,133,1 0,0,0 3,133,1 12,0,2 1,133,1 1,133,1 1,133,1 1,133,1
ADDLINE 3,145,1 1,145,1 0,0,0 1,145,1 12,0,2 1,145,1 1,145,1 1,145,1 4,145,1
ADDLINE 1,158,1 2,158,1 1,158,1 0,0,0 5,158,1 1,158,1 1,158,1 12,0,2 1,158,1
ADDLINE 1,171,1 1,171,1 1,171,1 0,0,0 0,0,0 1,171,1 1,171,1 12,0,2 0,0,0
ADDLINE 5,137,1 1,137,1 1,137,1 1,137,1 0,0,0 12,0,2 1,137,1 3,137,1 0,0,0
ADDLINE 3,150,1 1,150,1 1,150,1 1,150,1 1,150,1 12,0,2 0,0,0 0,0,0 0,0,0
ADDLINE 12,0,2 1,163,1 1,163,1 1,163,1 5,163,1 1,163,1 1,163,1 0,0,0 0,0,0
ADDLINE 0,0,0 12,0,2 1,177,1 1,177,1 4,177,1 1,177,1 3,177,1 1,177,1 0,0,0
ADDLINE 0,0,0 12,0,2 1,142,1 1,142,1 1,142,1 2,142,1 1,142,1 0,0,0 0,0,0
ADDLINE 12,0,2 0,0,0 2,155,1 1,155,1 1,155,1 1,155,1 1,155,1 0,0,0 0,0,0
ADDLINE 1,168,1 0,0,0 12,0,2 1,168,1 4,168,1 1,168,1 5,168,1 0,0,0 0,0,0
1,95,1 1,95,1 12,0,2 6,95,1 4,95,1 1,95,1 1,95,1 1,95,1 0,0,0
5,94,1 3,94,1 12,0,2 1,94,1 1,94,1 4,94,1 1,94,1 3,94,1 0,0,0
1,89,1 5,89,1 1,89,1 1,89,1 1,89,1 1,89,1 1,89,1 1,89,1 12,0,2
1,92,1 1,92,1 12,0,2 15,0,2 0,0,0 1,92,1 0,0,0 0,0,0 0,0,0
1,87,1 2,87,1 1,87,1 1,87,1 1,87,1 4,87,1 12,0,2 4,87,1 1,87,1
0,0,0 0,0,0 0,0,0 0,0,0 12,0,2 3,90,1 14,0,2 1,90,1 1,90,1
0,0,0 0,0,0 0,0,0 0,0,0 0,0,0 0,0,0 0,0,0 0,0,0 0,0,0
0,0,0 0,0,0 0,0,0 0,0,0 0,0,0 0,0,0 0,0,0 0,0,0 0,0,0
0,0,0 0,0,0 0,0,0 0,0,0 0,0,0 0,0,0 0,0,0 0,0,0 0,0,0