MODE 0
BALL 103
STARS 0/0/13500
ADDLINE 1,101,1 1,101,1 1,101,1 1,101,1 1,101,1 1,101,1 1,101,1 12,0,2 1,101,1
ADDLINE 4,107,1 1,107,1 17,107,1 1,107,1 1,107,1 3,107,1 0,0,0 12,0,2 1,107,1
ADDLINE 0,0,0 1,108,1 1,108,1 0,0,0 0,0,0 12,0,2 1,108,1 20,108,1 1,108,1
ADDLINE 0,0,0 0,0,0 0,0,0 0,0,0 12,0,2 3,119,1 1,119,1 1,119,1 1,119,1
ADDLINE 1,120,1 2,120,1 1,120,1 1,120,1 0,0,0 12,0,2 1,120,1 1,120,1 1,120,1
ADDLINE 1,200,1 1,200,1 1,200,1 1,200,1 1,200,1 0,0,0 12,0,2 16,131,1 1,200,1
ADDLINE 2,142,1 1,142,1 2,142,1 1,142,1 1,142,1 1,142,1 0,0,0 12,0,2 0,0,0
ADDLINE 1,154,1 1,154,1 1,154,1 1,308,1 1,308,1 1,308,1 0,0,0 12,0,2 0,0,0
ADDLINE 5,124,1 1,124,1 1,124,1 1,248,1 17,124,1 1,248,1 12,0,2 1,124,1 4,124,1
ADDLINE 1,129,1 1,129,1 4,129,1 1,258,1 1,258,1 1,258,1 2,129,1 1,129,1 12,0,2
ADDLINE 0,0,0 1,148,1 0,0,0 0,0,0 12,0,2 0,0,0 0,0,0 11,0,2 0,0,0
ADDLINE 12,0,2 1,320,1 1,320,1 1,320,1 1,320,1 1,320,1 1,320,1 19,160,1 1,320,1
ADDLINE 0,0,0 1,128,1 1,128,1 1,128,1 1,128,1 1,128,1 12,0,2 1,256,1 1,128,1
ADDLINE 2,134,1 1,268,1 1,268,1 5,134,1 1,134,1 1,134,1 12,0,2 1,268,1 1,268,1
ADDLINE 0,0,0 10,0,2 1,306,1 1,306,1 1,306,1 1,306,1 12,0,2 1,306,1 19,153,1
ADDLINE 0,0,0 1,330,1 12,0,2 17,165,1 1,330,1 1,165,1 4,165,1 1,330,1 1,330,1
ADDLINE 0,0,0 1,133,1 1,266,1 1,266,1 0,0,0 0,0,0 0,0,0 12,0,2 0,0,0
ADDLINE 12,0,2 1,145,1 1,145,1 1,145,1 1,145,1 1,145,1 1,145,1 5,145,1 0,0,0
ADDLINE 1,316,1 8,0,2 1,316,1 1,316,1 1,316,1 12,0,2 1,316,1 1,316,1 1,316,1
ADDLINE 1,171,1 0,0,0 0,0,0 0,0,0 1,171,1 12,0,2 1,171,1 4,171,1 1,171,1
ADDLINE 1,131,1 1,131,1 1,131,1 12,0,2 1,131,1 1,131,1 2,131,1 3,131,1 1,131,1
ADDLINE 1,300,1 1,300,1 1,300,1 0,0,0 1,300,1 12,0,2 0,0,0 8,0,2 1,300,1
ADDLINE 16,163,1 1,326,1 1,326,1 12,0,2 1,326,1 1,326,1 1,326,1 1,326,1 1,326,1
ADDLINE 0,0,0 1,354,1 0,0,0 1,354,1 1,354,1 8,0,2 12,0,2 1,354,1 0,0,0
ADDLINE 1,142,1 11,0,2 20,142,1 12,0,2 1,142,1 1,142,1 2,142,1 3,142,1 2,142,1
ADDLINE 1,148,1 1,296,1 1,296,1 12,0,2 1,148,1 1,148,1 4,148,1 1,148,1 1,148,1
ADDLINE 1,160,1 12,0,2 1,160,1 1,160,1 1,160,1 1,160,1 1,160,1 1,160,1 4,160,1
0,0,0 3,95,1 1,95,1 1,95,1 12,0,2 11,0,2 1,95,1 1,95,1 16,95,1
0,0,0 12,0,2 1,94,1 1,94,1 1,94,1 1,94,1 1,94,1 1,94,1 19,94,1
0,0,0 12,0,2 0,0,0 1,93,1 6,93,1 1,93,1 0,0,0 1,93,1 1,93,1
1,92,1 0,0,0 11,0,2 0,0,0 0,0,0 12,0,2 0,0,0 1,92,1 1,92,1
0,0,0 4,91,1 0,0,0 12,0,2 0,0,0 1,91,1 5,91,1 1,91,1 4,91,1
1,90,1 12,0,2 3,90,1 1,90,1 1,90,1 1,90,1 1,90,1 1,90,1 3,90,1
0,0,0 0,0,0 0,0,0 0,0,0 0,0,0 0,0,0 0,0,0 0,0,0 0,0,0
0,0,0 0,0,0 0,0,0 0,0,0 0,0,0 0,0,0 0,0,0 0,0,0 0,0,0
0,0,0 0,0,0 0,0,0 0,0,0 0,0,0 0,0,0 0,0,0 0,0,0 0,0,0