MODE 0
BALL 103
STARS 0/0/10000
ADDLINE 1,101,1 1,101,1 1,101,1 12,0,2 1,101,1 1,101,1 3,101,1 1,101,1 1,101,1
ADDLINE 1,102,1 4,102,1 1,102,1 12,0,2 1,102,1 3,102,1 4,102,1 2,102,1 2,102,1
ADDLINE 1,103,1 1,103,1 1,103,1 12,0,2 1,103,1 1,103,1 1,103,1 1,103,1 1,103,1
ADDLINE 3,119,1 0,0,0 0,0,0 12,0,2 1,119,1 1,119,1 1,119,1 1,119,1 1,119,1
ADDLINE 1,114,1 1,114,1 4,114,1 12,0,2 2,114,1 1,114,1 1,114,1 1,114,1 1,114,1
ADDLINE 1,131,1 0,0,0 0,0,0 0,0,0 0,0,0 0,0,0 12,0,2 0,0,0 3,131,1
ADDLINE 4,136,1 12,0,2 1,136,1 1,136,1 1,136,1 2,136,1 1,136,1 1,136,1 1,136,1
ADDLINE 0,0,0 0,0,0 1,154,1 5,154,1 1,154,1 0,0,0 12,0,2 0,0,0 0,0,0
ADDLINE 1,124,1 0,0,0 1,124,1 1,124,1 2,124,1 12,0,2 1,124,1 1,124,1 1,124,1
ADDLINE 1,136,1 1,136,1 1,136,1 3,136,1 1,136,1 12,0,2 0,0,0 0,0,0 0,0,0
ADDLINE 1,148,1 12,0,2 0,0,0 0,0,0 0,0,0 5,148,1 4,148,1 1,148,1 0,0,0
ADDLINE 1,160,1 0,0,0 1,160,1 1,160,1 1,160,1 12,0,2 0,0,0 0,0,0 0,0,0
ADDLINE 12,0,2 1,122,1 1,122,1 1,122,1 1,122,1 1,122,1 1,122,1 1,122,1 1,122,1
ADDLINE 0,0,0 2,141,1 1,141,1 1,141,1 1,141,1 0,0,0 12,0,2 0,0,0 1,141,1
ADDLINE 0,0,0 4,153,1 5,153,1 1,153,1 1,153,1 1,153,1 4,153,1 12,0,2 2,153,1
ADDLINE 0,0,0 0,0,0 0,0,0 12,0,2 1,165,1 5,165,1 1,165,1 1,165,1 1,165,1
ADDLINE 1,133,1 1,133,1 1,133,1 1,133,1 12,0,2 5,133,1 3,133,1 0,0,0 0,0,0
ADDLINE 1,145,1 1,145,1 4,145,1 1,145,1 0,0,0 0,0,0 12,0,2 0,0,0 0,0,0
ADDLINE 5,151,1 1,151,1 1,151,1 3,151,1 1,151,1 1,151,1 1,151,1 1,151,1 12,0,2
ADDLINE 1,171,1 5,171,1 1,171,1 2,171,1 1,171,1 3,171,1 1,171,1 12,0,2 0,0,0
ADDLINE 1,137,1 1,137,1 1,137,1 1,137,1 1,137,1 0,0,0 12,0,2 0,0,0 1,137,1
ADDLINE 0,0,0 0,0,0 0,0,0 0,0,0 12,0,2 0,0,0 4,150,1 2,150,1 1,150,1
ADDLINE 12,0,2 1,155,1 1,155,1 1,155,1 3,155,1 1,155,1 4,155,1 1,155,1 1,155,1
ADDLINE 12,0,2 1,168,1 1,168,1 2,168,1 1,168,1 1,168,1 1,168,1 1,168,1 1,168,1
ADDLINE 0,0,0 12,0,2 1,142,1 1,142,1 2,142,1 1,142,1 1,142,1 1,142,1 1,142,1
ADDLINE 1,155,1 0,0,0 0,0,0 0,0,0 12,0,2 4,155,1 4,155,1 3,155,1 1,155,1
ADDLINE 1,168,1 1,168,1 1,168,1 1,168,1 0,0,0 0,0,0 0,0,0 12,0,2 0,0,0
0,0,0 0,0,0 5,95,1 12,0,2 0,0,0 0,0,0 0,0,0 0,0,0 1,95,1
2,90,1 0,0,0 4,90,1 1,90,1 1,90,1 12,0,2 2,90,1 5,90,1 1,90,1
1,93,1 0,0,0 1,93,1 1,93,1 1,93,1 12,0,2 6,93,1 0,0,0 0,0,0
1,90,1 0,0,0 1,90,1 4,90,1 1,90,1 12,0,2 16,90,1 2,90,1 0,0,0
0,0,0 0,0,0 1,91,1 0,0,0 12,0,2 4,91,1 0,0,0 4,91,1 3,91,1
1,90,1 3,90,1 3,90,1 0,0,0 1,90,1 12,0,2 4,90,1 3,90,1 1,90,1
0,0,0 0,0,0 0,0,0 0,0,0 0,0,0 0,0,0 0,0,0 0,0,0 0,0,0
0,0,0 0,0,0 0,0,0 0,0,0 0,0,0 0,0,0 0,0,0 0,0,0 0,0,0
0,0,0 0,0,0 0,0,0 0,0,0 0,0,0 0,0,0 0,0,0 0,0,0 0,0,0