MODE 0
BALL 103
STARS 0/0/10500
ADDLINE 0,0,0 0,0,0 1,106,1 12,0,2 1,106,1 1,106,1 0,0,0 0,0,0 0,0,0
ADDLINE 1,102,1 1,102,1 1,102,1 1,102,1 1,102,1 1,102,1 1,102,1 12,0,2 1,102,1
ADDLINE 1,108,1 1,108,1 1,108,1 0,0,0 0,0,0 1,108,1 12,0,2 0,0,0 1,108,1
ADDLINE 1,119,1 0,0,0 1,119,1 12,0,2 1,200,1 1,200,1 1,200,1 1,119,1 1,119,1
ADDLINE 1,120,1 0,0,0 1,120,1 12,0,2 1,200,1 7,0,2 1,200,1 1,120,1 1,120,1
ADDLINE 1,125,1 1,125,1 1,125,1 12,0,2 1,200,1 1,200,1 1,200,1 1,125,1 1,125,1
ADDLINE 0,0,0 12,0,2 0,0,0 0,0,0 1,142,1 1,142,1 1,142,1 1,142,1 1,142,1
ADDLINE 1,147,1 1,147,1 1,147,1 12,0,2 1,147,1 1,147,1 1,147,1 1,147,1 1,147,1
ADDLINE 1,248,1 0,0,0 1,248,1 0,0,0 1,248,1 12,0,2 0,0,0 8,0,2 1,248,1
ADDLINE 1,136,1 1,136,1 1,136,1 0,0,0 7,0,2 0,0,0 12,0,2 1,136,1 1,136,1
ADDLINE 1,148,1 0,0,0 12,0,2 1,296,1 1,296,1 1,296,1 0,0,0 1,296,1 1,148,1
ADDLINE 0,0,0 1,160,1 1,160,1 1,160,1 12,0,2 0,0,0 0,0,0 7,0,2 1,160,1
ADDLINE 12,0,2 1,244,1 1,122,1 1,122,1 1,122,1 1,122,1 1,244,1 1,244,1 1,122,1
ADDLINE 10,0,2 12,0,2 1,282,1 1,282,1 0,0,0 0,0,0 0,0,0 1,282,1 1,282,1
ADDLINE 1,306,1 1,306,1 1,153,1 1,153,1 1,153,1 1,153,1 0,0,0 12,0,2 11,0,2
ADDLINE 1,165,1 0,0,0 0,0,0 0,0,0 12,0,2 0,0,0 1,165,1 1,330,1 0,0,0
ADDLINE 1,127,1 1,127,1 1,127,1 1,127,1 1,127,1 12,0,2 1,127,1 1,127,1 1,127,1
ADDLINE 1,145,1 1,145,1 1,145,1 1,145,1 1,145,1 1,145,1 0,0,0 12,0,2 0,0,0
ADDLINE 0,0,0 0,0,0 12,0,2 1,158,1 1,158,1 1,158,1 1,158,1 1,158,1 1,158,1
ADDLINE 0,0,0 0,0,0 12,0,2 0,0,0 1,171,1 1,171,1 1,171,1 1,171,1 1,171,1
ADDLINE 0,0,0 0,0,0 12,0,2 0,0,0 1,137,1 1,137,1 1,137,1 1,137,1 1,137,1
ADDLINE 0,0,0 0,0,0 12,0,2 0,0,0 0,0,0 1,150,1 1,150,1 1,150,1 1,150,1
ADDLINE 0,0,0 1,163,1 1,163,1 1,163,1 0,0,0 12,0,2 1,163,1 1,163,1 1,163,1
ADDLINE 0,0,0 1,177,1 1,177,1 1,177,1 1,354,1 12,0,2 1,354,1 1,177,1 1,177,1
ADDLINE 0,0,0 1,284,1 1,284,1 1,284,1 1,284,1 10,0,2 12,0,2 1,284,1 1,284,1
ADDLINE 0,0,0 12,0,2 1,155,1 1,155,1 1,310,1 0,0,0 1,310,1 1,155,1 1,155,1
ADDLINE 1,168,1 0,0,0 0,0,0 12,0,2 0,0,0 0,0,0 1,168,1 1,168,1 1,168,1
2,91,1 0,0,0 3,91,1 1,91,1 12,0,2 1,91,1 2,91,1 0,0,0 3,91,1
1,90,1 6,90,1 1,90,1 1,90,1 12,0,2 1,90,1 1,90,1 6,90,1 1,90,1
1,89,1 1,89,1 1,89,1 1,89,1 12,0,2 1,89,1 1,89,1 1,89,1 1,89,1
12,0,2 2,88,1 3,88,1 0,0,0 0,0,0 0,0,0 2,88,1 3,88,1 0,0,0
1,87,1 1,87,1 1,87,1 1,87,1 11,0,2 1,87,1 12,0,2 1,87,1 1,87,1
1,90,1 0,0,0 0,0,0 0,0,0 12,0,2 1,90,1 1,90,1 1,90,1 0,0,0
0,0,0 0,0,0 0,0,0 0,0,0 0,0,0 0,0,0 0,0,0 0,0,0 0,0,0
0,0,0 0,0,0 0,0,0 0,0,0 0,0,0 0,0,0 0,0,0 0,0,0 0,0,0
0,0,0 0,0,0 0,0,0 0,0,0 0,0,0 0,0,0 0,0,0 0,0,0 0,0,0