MODE 0
BALL 103
STARS 0/0/13300
ADDLINE 12,0,2 1,101,1 1,101,1 1,101,1 1,101,1 1,202,1 1,202,1 1,202,1 1,101,1
ADDLINE 0,0,0 0,0,0 12,0,2 0,0,0 1,107,1 1,107,1 1,107,1 1,107,1 1,107,1
ADDLINE 1,108,1 1,108,1 1,108,1 0,0,0 12,0,2 1,108,1 1,108,1 1,108,1 1,108,1
ADDLINE 1,119,1 1,119,1 1,119,1 1,119,1 0,0,0 12,0,2 1,119,1 1,119,1 1,119,1
ADDLINE 1,120,1 0,0,0 0,0,0 12,0,2 0,0,0 0,0,0 1,120,1 1,240,1 1,240,1
ADDLINE 1,200,1 0,0,0 12,0,2 1,200,1 1,200,1 1,200,1 1,200,1 1,200,1 19,131,1
ADDLINE 0,0,0 12,0,2 0,0,0 1,142,1 1,142,1 1,142,1 1,142,1 1,200,1 1,200,1
ADDLINE 0,0,0 0,0,0 12,0,2 0,0,0 0,0,0 1,154,1 1,154,1 1,150,1 1,150,1
ADDLINE 1,124,1 1,124,1 1,124,1 0,0,0 1,248,1 12,0,2 0,0,0 1,248,1 17,124,1
ADDLINE 1,272,1 1,272,1 12,0,2 1,272,1 17,136,1 1,272,1 1,136,1 1,272,1 1,272,1
ADDLINE 19,148,1 1,296,1 0,0,0 1,296,1 1,296,1 1,296,1 12,0,2 1,296,1 1,296,1
ADDLINE 1,320,1 1,320,1 0,0,0 1,160,1 1,160,1 1,160,1 12,0,2 1,160,1 1,160,1
ADDLINE 1,128,1 1,128,1 0,0,0 0,0,0 0,0,0 1,128,1 0,0,0 12,0,2 0,0,0
ADDLINE 1,141,1 1,141,1 0,0,0 1,141,1 1,141,1 1,141,1 12,0,2 1,141,1 1,141,1
ADDLINE 0,0,0 0,0,0 0,0,0 1,153,1 0,0,0 12,0,2 0,0,0 1,153,1 1,153,1
ADDLINE 1,165,1 1,165,1 0,0,0 1,165,1 12,0,2 1,165,1 1,165,1 1,165,1 1,165,1
ADDLINE 12,0,2 0,0,0 0,0,0 1,133,1 0,0,0 0,0,0 0,0,0 0,0,0 0,0,0
ADDLINE 0,0,0 1,145,1 1,145,1 1,145,1 1,145,1 1,145,1 12,0,2 1,145,1 1,145,1
ADDLINE 0,0,0 0,0,0 0,0,0 1,158,1 0,0,0 1,158,1 0,0,0 12,0,2 0,0,0
ADDLINE 0,0,0 1,171,1 1,171,1 1,171,1 12,0,2 1,171,1 1,171,1 1,342,1 17,171,1
ADDLINE 0,0,0 1,137,1 0,0,0 1,274,1 12,0,2 1,137,1 1,137,1 1,274,1 1,274,1
ADDLINE 1,150,1 1,150,1 1,300,1 20,150,1 12,0,2 1,300,1 1,300,1 1,150,1 1,150,1
ADDLINE 1,163,1 1,163,1 1,326,1 1,326,1 12,0,2 17,163,1 1,326,1 1,163,1 1,163,1
ADDLINE 16,177,1 1,354,1 1,354,1 1,354,1 12,0,2 1,354,1 1,354,1 1,354,1 1,354,1
ADDLINE 1,142,1 1,142,1 1,284,1 1,284,1 1,284,1 0,0,0 12,0,2 1,142,1 0,0,0
ADDLINE 1,155,1 1,155,1 1,310,1 20,155,1 12,0,2 1,155,1 1,155,1 1,155,1 0,0,0
ADDLINE 12,0,2 1,168,1 1,336,1 1,336,1 0,0,0 1,168,1 1,168,1 1,168,1 0,0,0
1,95,1 0,0,0 12,0,2 8,0,2 1,95,1 1,95,1 1,95,1 1,95,1 1,95,1
0,0,0 12,0,2 0,0,0 0,0,0 1,94,1 2,94,1 5,94,1 1,2,1 1,2,1
0,0,0 0,0,0 0,0,0 12,0,2 1,93,1 1,93,1 2,93,1 5,93,1 1,2,1
1,92,1 0,0,0 12,0,2 0,0,0 1,92,1 1,2,1 1,2,1 1,2,1 1,2,1
0,0,0 12,0,2 0,0,0 1,91,1 1,2,1 1,2,1 1,2,1 1,2,1 20,2,1
0,0,0 12,0,2 3,90,1 1,90,1 1,90,1 1,90,1 1,90,1 1,90,1 1,90,1
0,0,0 0,0,0 0,0,0 0,0,0 0,0,0 0,0,0 0,0,0 0,0,0 0,0,0
0,0,0 0,0,0 0,0,0 0,0,0 0,0,0 0,0,0 0,0,0 0,0,0 0,0,0
0,0,0 0,0,0 0,0,0 0,0,0 0,0,0 0,0,0 0,0,0 0,0,0 0,0,0