MODE 0
BALL 103
STARS 0/0/10500
ADDLINE 1,106,1 4,106,1 1,106,1 1,106,1 1,106,1 1,106,1 1,106,1 12,0,2 0,0,0
ADDLINE 1,107,1 1,107,1 1,107,1 4,107,1 3,107,1 1,107,1 1,107,1 12,0,2 0,0,0
ADDLINE 1,108,1 1,108,1 5,108,1 5,108,1 1,108,1 1,108,1 1,108,1 12,0,2 0,0,0
ADDLINE 1,119,1 1,119,1 1,119,1 1,119,1 2,119,1 12,0,2 0,0,0 0,0,0 0,0,0
ADDLINE 1,120,1 3,120,1 4,120,1 1,120,1 12,0,2 0,0,0 0,0,0 0,0,0 0,0,0
ADDLINE 1,131,1 1,131,1 1,131,1 1,131,1 0,0,0 12,0,2 0,0,0 1,131,1 3,131,1
ADDLINE 0,0,0 4,142,1 1,142,1 1,142,1 0,0,0 0,0,0 12,0,2 1,142,1 1,142,1
ADDLINE 0,0,0 12,0,2 0,0,0 4,154,1 3,154,1 1,154,1 0,0,0 1,154,1 1,154,1
ADDLINE 5,124,1 1,124,1 0,0,0 12,0,2 1,124,1 1,124,1 0,0,0 0,0,0 1,124,1
ADDLINE 1,136,1 1,136,1 1,136,1 1,136,1 0,0,0 1,136,1 12,0,2 1,136,1 0,0,0
ADDLINE 0,0,0 0,0,0 0,0,0 0,0,0 12,0,2 1,148,1 0,0,0 2,148,1 0,0,0
ADDLINE 1,160,1 4,160,1 1,160,1 3,160,1 0,0,0 1,160,1 12,0,2 3,160,1 1,160,1
ADDLINE 1,128,1 1,128,1 1,128,1 2,128,1 0,0,0 3,128,1 0,0,0 12,0,2 0,0,0
ADDLINE 3,134,1 1,134,1 1,134,1 1,134,1 12,0,2 1,134,1 5,134,1 1,134,1 1,134,1
ADDLINE 1,153,1 1,153,1 1,153,1 1,153,1 0,0,0 12,0,2 0,0,0 0,0,0 0,0,0
ADDLINE 1,165,1 1,165,1 1,165,1 1,165,1 0,0,0 1,165,1 12,0,2 1,165,1 1,165,1
ADDLINE 0,0,0 1,133,1 0,0,0 0,0,0 12,0,2 1,133,1 0,0,0 2,133,1 0,0,0
ADDLINE 1,145,1 2,145,1 1,145,1 5,145,1 0,0,0 3,145,1 12,0,2 1,145,1 1,145,1
ADDLINE 1,158,1 0,0,0 1,158,1 1,158,1 1,158,1 1,158,1 5,158,1 12,0,2 1,158,1
ADDLINE 1,171,1 0,0,0 5,171,1 1,171,1 4,171,1 1,171,1 1,171,1 12,0,2 1,171,1
ADDLINE 3,131,1 4,131,1 1,131,1 1,131,1 1,131,1 3,131,1 1,131,1 12,0,2 1,131,1
ADDLINE 4,150,1 12,0,2 1,150,1 2,150,1 1,150,1 1,150,1 5,150,1 0,0,0 0,0,0
ADDLINE 1,155,1 12,0,2 2,155,1 1,155,1 1,155,1 1,155,1 1,155,1 1,155,1 1,155,1
ADDLINE 1,177,1 0,0,0 0,0,0 12,0,2 1,177,1 0,0,0 0,0,0 0,0,0 1,177,1
ADDLINE 5,142,1 0,0,0 1,142,1 1,142,1 1,142,1 1,142,1 2,142,1 12,0,2 1,142,1
ADDLINE 0,0,0 0,0,0 1,155,1 1,155,1 1,155,1 1,155,1 3,155,1 12,0,2 1,155,1
ADDLINE 1,168,1 0,0,0 1,168,1 1,168,1 2,168,1 1,168,1 3,168,1 12,0,2 1,168,1
4,95,1 6,95,1 1,95,1 5,95,1 12,0,2 0,0,0 0,0,0 0,0,0 3,95,1
1,94,1 1,94,1 1,94,1 1,94,1 1,94,1 1,94,1 12,0,2 0,0,0 8,0,2
1,93,1 1,93,1 1,93,1 1,93,1 1,93,1 1,93,1 1,93,1 12,0,2 5,93,1
1,92,1 6,92,1 1,92,1 1,92,1 1,92,1 1,92,1 8,0,2 12,0,2 0,0,0
1,91,1 1,91,1 1,91,1 1,91,1 1,91,1 1,91,1 1,91,1 12,0,2 3,91,1
2,90,1 1,90,1 1,90,1 3,90,1 0,0,0 0,0,0 12,0,2 0,0,0 0,0,0
0,0,0 0,0,0 0,0,0 0,0,0 0,0,0 0,0,0 0,0,0 0,0,0 0,0,0
0,0,0 0,0,0 0,0,0 0,0,0 0,0,0 0,0,0 0,0,0 0,0,0 0,0,0
0,0,0 0,0,0 0,0,0 0,0,0 0,0,0 0,0,0 0,0,0 0,0,0 0,0,0