MODE 0
BALL 103
STARS 0/0/11000
ADDLINE 1,106,1 3,106,1 1,106,1 0,0,0 5,106,1 12,0,2 1,106,1 1,106,1 2,106,1
ADDLINE 1,102,1 1,102,1 1,102,1 12,0,2 3,102,1 1,102,1 1,102,1 1,102,1 1,102,1
ADDLINE 1,108,1 0,0,0 12,0,2 0,0,0 0,0,0 0,0,0 0,0,0 0,0,0 1,108,1
ADDLINE 2,113,1 1,113,1 1,113,1 1,113,1 1,113,1 12,0,2 2,113,1 1,113,1 5,113,1
ADDLINE 1,120,1 1,120,1 1,120,1 1,120,1 1,120,1 0,0,0 0,0,0 12,0,2 4,120,1
ADDLINE 1,125,1 1,125,1 1,125,1 1,125,1 4,125,1 1,125,1 1,125,1 12,0,2 5,125,1
ADDLINE 1,142,1 1,142,1 4,142,1 1,142,1 3,142,1 0,0,0 1,142,1 12,0,2 0,0,0
ADDLINE 1,147,1 1,147,1 5,147,1 4,147,1 1,147,1 12,0,2 1,147,1 1,147,1 1,147,1
ADDLINE 0,0,0 0,0,0 12,0,2 0,0,0 11,0,2 0,0,0 1,124,1 1,124,1 1,124,1
ADDLINE 1,136,1 3,136,1 0,0,0 1,272,1 12,0,2 1,272,1 1,136,1 1,136,1 1,136,1
ADDLINE 2,148,1 1,148,1 0,0,0 0,0,0 12,0,2 0,0,0 0,0,0 0,0,0 0,0,0
ADDLINE 1,152,1 1,152,1 1,152,1 1,152,1 5,152,1 3,152,1 1,152,1 1,152,1 12,0,2
ADDLINE 3,128,1 1,128,1 0,0,0 1,256,1 1,256,1 12,0,2 1,128,1 1,128,1 1,128,1
ADDLINE 0,0,0 0,0,0 0,0,0 10,0,2 0,0,0 12,0,2 1,282,1 1,282,1 1,282,1
ADDLINE 10,0,2 0,0,0 1,306,1 12,0,2 1,306,1 1,306,1 1,306,1 1,306,1 1,306,1
ADDLINE 1,330,1 0,0,0 1,165,1 0,0,0 12,0,2 0,0,0 4,165,1 1,165,1 2,165,1
ADDLINE 1,133,1 0,0,0 1,133,1 3,133,1 1,133,1 12,0,2 0,0,0 1,133,1 1,133,1
ADDLINE 0,0,0 0,0,0 1,145,1 1,145,1 0,0,0 12,0,2 0,0,0 1,145,1 3,145,1
ADDLINE 1,151,1 4,151,1 1,151,1 2,151,1 1,151,1 12,0,2 1,302,1 1,302,1 1,151,1
ADDLINE 1,342,1 1,342,1 1,342,1 1,342,1 1,342,1 0,0,0 12,0,2 10,0,2 1,342,1
ADDLINE 1,137,1 3,137,1 1,137,1 1,137,1 1,137,1 1,137,1 1,274,1 12,0,2 0,0,0
ADDLINE 1,143,1 5,143,1 1,143,1 3,143,1 1,143,1 4,143,1 1,143,1 1,143,1 12,0,2
ADDLINE 1,163,1 1,163,1 1,163,1 0,0,0 0,0,0 12,0,2 11,0,2 0,0,0 0,0,0
ADDLINE 0,0,0 12,0,2 0,0,0 0,0,0 1,177,1 1,354,1 1,354,1 1,354,1 1,177,1
ADDLINE 0,0,0 10,0,2 0,0,0 0,0,0 12,0,2 0,0,0 1,284,1 1,284,1 1,284,1
ADDLINE 1,148,1 1,296,1 1,296,1 4,148,1 3,148,1 12,0,2 1,148,1 5,148,1 1,148,1
ADDLINE 1,168,1 1,168,1 1,168,1 1,168,1 1,168,1 0,0,0 12,0,2 1,168,1 1,168,1
1,91,1 1,91,1 2,91,1 12,0,2 4,91,1 1,91,1 1,91,1 1,91,1 1,91,1
1,94,1 1,94,1 3,94,1 0,0,0 0,0,0 12,0,2 1,94,1 0,0,0 1,94,1
1,91,1 1,92,1 1,93,1 8,0,2 1,94,1 1,95,1 1,96,1 12,0,2 1,97,1
0,0,0 12,0,2 1,92,1 0,0,0 1,92,1 2,92,1 1,92,1 7,0,2 1,92,1
1,91,1 1,91,1 1,91,1 0,0,0 1,91,1 1,91,1 5,91,1 12,0,2 1,91,1
1,90,1 1,90,1 3,90,1 0,0,0 2,90,1 1,90,1 1,90,1 12,0,2 3,90,1
0,0,0 0,0,0 0,0,0 0,0,0 0,0,0 0,0,0 0,0,0 0,0,0 0,0,0
0,0,0 0,0,0 0,0,0 0,0,0 0,0,0 0,0,0 0,0,0 0,0,0 0,0,0
0,0,0 0,0,0 0,0,0 0,0,0 0,0,0 0,0,0 0,0,0 0,0,0 0,0,0