MODE 0
BALL 103
STARS 0/0/9800
ADDLINE 1,106,1 1,106,1 1,106,1 0,0,0 1,106,1 2,106,1 1,106,1 12,0,2 0,0,0
ADDLINE 2,102,1 5,102,1 1,102,1 1,102,1 3,102,1 1,102,1 1,102,1 1,102,1 12,0,2
ADDLINE 1,108,1 1,108,1 1,108,1 0,0,0 0,0,0 0,0,0 1,108,1 12,0,2 0,0,0
ADDLINE 1,113,1 1,113,1 1,113,1 12,0,2 1,113,1 1,113,1 5,113,1 1,113,1 1,113,1
ADDLINE 0,0,0 12,0,2 1,120,1 0,0,0 1,120,1 1,120,1 4,120,1 1,120,1 2,120,1
ADDLINE 1,125,1 4,125,1 5,125,1 12,0,2 1,125,1 1,125,1 2,125,1 1,125,1 1,125,1
ADDLINE 3,142,1 5,142,1 1,142,1 0,0,0 0,0,0 12,0,2 0,0,0 0,0,0 0,0,0
ADDLINE 1,147,1 1,147,1 1,147,1 12,0,2 1,147,1 2,147,1 1,147,1 1,147,1 1,147,1
ADDLINE 1,124,1 5,124,1 1,124,1 0,0,0 1,124,1 0,0,0 0,0,0 12,0,2 0,0,0
ADDLINE 1,129,1 1,129,1 5,129,1 1,129,1 1,129,1 2,129,1 12,0,2 1,129,1 1,129,1
ADDLINE 0,0,0 0,0,0 0,0,0 0,0,0 12,0,2 0,0,0 0,0,0 1,148,1 1,148,1
ADDLINE 0,0,0 0,0,0 0,0,0 12,0,2 3,160,1 1,160,1 1,160,1 1,160,1 3,160,1
ADDLINE 1,128,1 1,128,1 1,128,1 0,0,0 0,0,0 12,0,2 0,0,0 0,0,0 1,128,1
ADDLINE 1,134,1 1,134,1 1,134,1 3,134,1 2,134,1 5,134,1 1,134,1 12,0,2 1,134,1
ADDLINE 1,153,1 1,153,1 5,153,1 0,0,0 0,0,0 0,0,0 12,0,2 0,0,0 1,153,1
ADDLINE 0,0,0 0,0,0 0,0,0 12,0,2 1,165,1 5,165,1 1,165,1 1,165,1 1,165,1
ADDLINE 0,0,0 12,0,2 1,133,1 1,133,1 1,133,1 1,133,1 4,133,1 5,133,1 1,133,1
ADDLINE 1,145,1 0,0,0 12,0,2 0,0,0 3,145,1 1,145,1 1,145,1 1,145,1 1,145,1
ADDLINE 4,151,1 1,151,1 12,0,2 5,151,1 1,151,1 1,151,1 1,151,1 1,151,1 1,151,1
ADDLINE 1,171,1 1,171,1 0,0,0 0,0,0 12,0,2 0,0,0 0,0,0 1,171,1 1,171,1
ADDLINE 2,137,1 1,137,1 1,137,1 1,137,1 4,137,1 1,137,1 0,0,0 12,0,2 0,0,0
ADDLINE 1,143,1 1,143,1 1,143,1 4,143,1 3,143,1 1,143,1 1,143,1 1,143,1 12,0,2
ADDLINE 1,163,1 1,163,1 1,163,1 1,163,1 1,163,1 0,0,0 12,0,2 0,0,0 0,0,0
ADDLINE 1,168,1 3,168,1 5,168,1 1,168,1 1,168,1 12,0,2 5,168,1 1,168,1 1,168,1
ADDLINE 4,142,1 0,0,0 0,0,0 0,0,0 12,0,2 0,0,0 3,142,1 1,142,1 1,142,1
ADDLINE 0,0,0 12,0,2 1,155,1 1,155,1 1,155,1 1,155,1 1,155,1 5,155,1 1,155,1
ADDLINE 0,0,0 12,0,2 0,0,0 1,168,1 1,168,1 1,168,1 4,168,1 1,168,1 1,168,1
1,95,1 0,0,0 0,0,0 0,0,0 12,0,2 0,0,0 0,0,0 0,0,0 0,0,0
4,94,1 3,94,1 1,94,1 3,94,1 1,94,1 5,94,1 1,94,1 12,0,2 0,0,0
0,0,0 0,0,0 1,93,1 2,93,1 1,93,1 1,93,1 1,93,1 12,0,2 0,0,0
1,92,1 0,0,0 2,92,1 1,92,1 2,92,1 4,92,1 1,92,1 12,0,2 0,0,0
0,0,0 12,0,2 1,91,1 16,91,1 0,0,0 0,0,0 1,91,1 4,91,1 0,0,0
1,90,1 1,90,1 1,90,1 1,90,1 1,90,1 0,0,0 4,90,1 12,0,2 3,90,1
0,0,0 0,0,0 0,0,0 0,0,0 0,0,0 0,0,0 0,0,0 0,0,0 0,0,0
0,0,0 0,0,0 0,0,0 6,0,1 0,0,0 0,0,0 0,0,0 0,0,0 0,0,0
0,0,0 0,0,0 0,0,0 0,0,0 0,0,0 0,0,0 0,0,0 0,0,0 0,0,0