MODE 0
BALL 103
STARS 0/0/12000
ADDLINE 0,0,0 1,106,1 1,106,1 1,106,1 1,106,1 1,106,1 12,0,2 1,106,1 1,106,1
ADDLINE 0,0,0 1,107,1 1,107,1 1,107,1 1,107,1 1,107,1 12,0,2 1,107,1 1,107,1
ADDLINE 0,0,0 1,108,1 1,108,1 1,108,1 1,108,1 1,108,1 12,0,2 1,108,1 1,108,1
ADDLINE 11,0,2 1,119,1 0,0,0 1,119,1 12,0,2 0,0,0 0,0,0 1,119,1 1,119,1
ADDLINE 1,120,1 1,120,1 1,120,1 1,120,1 17,120,1 1,120,1 12,0,2 1,120,1 1,120,1
ADDLINE 1,262,1 1,262,1 12,0,2 1,262,1 1,262,1 1,262,1 8,0,2 0,0,0 0,0,0
ADDLINE 1,142,1 1,142,1 0,0,0 1,142,1 1,142,1 1,142,1 12,0,2 1,142,1 1,142,1
ADDLINE 1,308,1 1,308,1 12,0,2 1,308,1 1,308,1 16,154,1 1,308,1 1,308,1 0,0,0
ADDLINE 1,124,1 1,124,1 0,0,0 1,124,1 1,124,1 1,124,1 12,0,2 1,124,1 1,124,1
ADDLINE 1,136,1 1,136,1 1,136,1 0,0,0 0,0,0 1,136,1 12,0,2 0,0,0 0,0,0
ADDLINE 1,296,1 1,296,1 1,296,1 1,296,1 12,0,2 1,296,1 1,296,1 1,296,1 8,0,2
ADDLINE 1,160,1 0,0,0 0,0,0 12,0,2 1,160,1 1,320,1 20,160,1 0,0,0 11,0,2
ADDLINE 1,122,1 12,0,2 1,122,1 1,122,1 1,122,1 1,244,1 1,244,1 1,244,1 1,244,1
ADDLINE 1,282,1 0,0,0 1,282,1 1,282,1 0,0,0 0,0,0 10,0,2 12,0,2 1,282,1
ADDLINE 16,153,1 1,306,1 1,306,1 1,306,1 1,306,1 1,306,1 1,306,1 12,0,2 0,0,0
ADDLINE 1,165,1 1,330,1 1,330,1 1,165,1 0,0,0 1,165,1 1,165,1 12,0,2 0,0,0
ADDLINE 1,266,1 19,133,1 1,266,1 1,266,1 12,0,2 1,266,1 1,266,1 1,266,1 0,0,0
ADDLINE 1,145,1 1,290,1 0,0,0 0,0,0 0,0,0 12,0,2 0,0,0 0,0,0 0,0,0
ADDLINE 0,0,0 12,0,2 0,0,0 8,0,2 1,316,1 1,316,1 1,316,1 1,316,1 1,316,1
ADDLINE 0,0,0 1,171,1 1,171,1 1,171,1 12,0,2 1,171,1 1,171,1 1,171,1 1,171,1
ADDLINE 8,0,2 1,274,1 1,274,1 1,274,1 12,0,2 1,274,1 1,274,1 1,274,1 1,274,1
ADDLINE 1,150,1 0,0,0 1,150,1 1,150,1 12,0,2 1,150,1 1,300,1 1,300,1 1,150,1
ADDLINE 1,163,1 0,0,0 0,0,0 1,163,1 12,0,2 1,163,1 1,326,1 17,163,1 0,0,0
ADDLINE 1,177,1 1,177,1 1,177,1 0,0,0 0,0,0 12,0,2 1,354,1 1,354,1 0,0,0
ADDLINE 1,142,1 1,142,1 1,284,1 1,284,1 1,284,1 12,0,2 1,284,1 1,284,1 0,0,0
ADDLINE 1,155,1 1,155,1 1,310,1 7,0,2 12,0,2 1,310,1 17,155,1 1,310,1 0,0,0
ADDLINE 1,168,1 1,168,1 1,336,1 12,0,2 1,336,1 1,336,1 1,336,1 0,0,0 0,0,0
0,0,0 3,95,1 0,0,0 0,0,0 3,95,1 0,0,0 0,0,0 3,95,1 0,0,0
5,94,1 1,94,1 2,94,1 5,94,1 6,94,1 2,94,1 5,94,1 1,94,1 2,94,1
12,0,2 4,89,1 12,0,2 12,0,2 4,89,1 12,0,2 12,0,2 4,89,1 12,0,2
0,0,0 3,92,1 9,0,2 0,0,0 3,92,1 0,0,0 9,0,2 3,92,1 0,0,0
5,87,1 6,87,1 2,87,1 5,87,1 1,87,1 2,87,1 5,87,1 6,87,1 2,87,1
0,0,0 4,90,1 0,0,0 0,0,0 4,90,1 0,0,0 0,0,0 4,90,1 0,0,0
0,0,0 0,0,0 0,0,0 0,0,0 0,0,0 0,0,0 0,0,0 0,0,0 0,0,0
0,0,0 0,0,0 0,0,0 0,0,0 0,0,0 0,0,0 0,0,0 0,0,0 0,0,0
0,0,0 0,0,0 0,0,0 0,0,0 0,0,0 0,0,0 0,0,0 0,0,0 0,0,0