MODE 0
BALL 103
STARS 0/0/13300
ADDLINE 1,101,1 1,101,1 1,101,1 1,101,1 1,101,1 12,0,2 1,101,1 1,101,1 1,101,1
ADDLINE 1,107,1 1,107,1 1,107,1 1,107,1 1,107,1 0,0,0 12,0,2 0,0,0 1,107,1
ADDLINE 1,103,1 1,103,1 1,103,1 1,103,1 1,103,1 1,103,1 1,103,1 12,0,2 1,103,1
ADDLINE 1,119,1 1,119,1 1,119,1 1,119,1 1,119,1 1,119,1 0,0,0 12,0,2 1,119,1
ADDLINE 1,120,1 1,120,1 1,120,1 1,120,1 1,120,1 1,120,1 12,0,2 0,0,0 0,0,0
ADDLINE 1,131,1 1,131,1 1,131,1 1,131,1 1,131,1 12,0,2 0,0,0 0,0,0 0,0,0
ADDLINE 0,0,0 0,0,0 12,0,2 0,0,0 0,0,0 0,0,0 1,142,1 1,142,1 1,142,1
ADDLINE 0,0,0 12,0,2 1,154,1 1,154,1 1,154,1 1,154,1 1,154,1 1,154,1 1,154,1
ADDLINE 1,124,1 0,0,0 0,0,0 0,0,0 12,0,2 0,0,0 1,124,1 1,124,1 1,124,1
ADDLINE 1,136,1 1,136,1 1,136,1 0,0,0 1,136,1 1,136,1 1,136,1 12,0,2 1,136,1
ADDLINE 1,148,1 1,148,1 1,148,1 0,0,0 1,148,1 12,0,2 1,148,1 0,0,0 0,0,0
ADDLINE 1,152,1 1,152,1 1,152,1 1,152,1 1,152,1 12,0,2 1,152,1 1,152,1 1,152,1
ADDLINE 12,0,2 1,122,1 1,122,1 1,122,1 1,122,1 1,122,1 1,122,1 1,122,1 1,122,1
ADDLINE 0,0,0 1,141,1 0,0,0 1,141,1 0,0,0 12,0,2 0,0,0 0,0,0 0,0,0
ADDLINE 0,0,0 1,153,1 0,0,0 1,153,1 12,0,2 1,153,1 1,153,1 1,153,1 1,153,1
ADDLINE 0,0,0 1,165,1 0,0,0 1,165,1 0,0,0 1,165,1 12,0,2 1,165,1 0,0,0
ADDLINE 0,0,0 1,133,1 0,0,0 1,133,1 12,0,2 1,133,1 1,133,1 1,133,1 0,0,0
ADDLINE 12,0,2 1,145,1 0,0,0 1,145,1 0,0,0 1,145,1 1,145,1 1,145,1 0,0,0
ADDLINE 1,158,1 0,0,0 1,158,1 1,158,1 1,158,1 12,0,2 1,158,1 1,158,1 1,158,1
ADDLINE 1,171,1 0,0,0 12,0,2 0,0,0 1,171,1 0,0,0 1,171,1 1,171,1 1,171,1
ADDLINE 1,131,1 1,131,1 1,131,1 12,0,2 1,131,1 1,131,1 1,131,1 1,131,1 1,131,1
ADDLINE 1,150,1 1,150,1 1,150,1 0,0,0 1,150,1 0,0,0 12,0,2 0,0,0 1,150,1
ADDLINE 1,155,1 1,155,1 1,155,1 12,0,2 1,155,1 1,155,1 1,155,1 1,155,1 1,155,1
ADDLINE 0,0,0 1,177,1 0,0,0 1,177,1 1,177,1 0,0,0 12,0,2 1,177,1 0,0,0
ADDLINE 1,142,1 0,0,0 1,142,1 12,0,2 1,142,1 1,142,1 1,142,1 1,142,1 1,142,1
ADDLINE 1,155,1 0,0,0 1,155,1 12,0,2 1,155,1 1,155,1 1,155,1 1,155,1 1,155,1
ADDLINE 1,160,1 12,0,2 1,160,1 1,160,1 1,160,1 1,160,1 1,160,1 1,160,1 1,160,1
0,0,0 12,0,2 0,0,0 0,0,0 1,95,1 1,95,1 1,95,1 1,95,1 1,95,1
1,94,1 1,94,1 0,0,0 10,0,2 0,0,0 12,0,2 0,0,0 1,94,1 1,94,1
1,93,1 1,93,1 0,0,0 12,0,2 1,93,1 1,93,1 0,0,0 1,93,1 1,93,1
1,92,1 1,92,1 1,92,1 12,0,2 1,92,1 1,92,1 1,92,1 1,92,1 0,0,0
1,91,1 1,91,1 1,91,1 12,0,2 1,91,1 1,91,1 0,0,0 0,0,0 0,0,0
1,90,1 1,90,1 1,90,1 0,0,0 0,0,0 0,0,0 12,0,2 1,90,1 1,90,1
0,0,0 0,0,0 0,0,0 0,0,0 0,0,0 0,0,0 0,0,0 0,0,0 0,0,0
0,0,0 0,0,0 0,0,0 0,0,0 0,0,0 0,0,0 0,0,0 0,0,0 0,0,0
0,0,0 0,0,0 0,0,0 0,0,0 0,0,0 0,0,0 0,0,0 0,0,0 0,0,0