MODE 0
BALL 103
STARS 0/0/10400
ADDLINE 1,101,1 1,101,1 1,101,1 12,0,2 1,101,1 1,101,1 1,101,1 1,101,1 1,101,1
ADDLINE 1,102,1 1,102,1 1,102,1 12,0,2 1,102,1 1,102,1 1,102,1 1,102,1 1,102,1
ADDLINE 1,103,1 1,103,1 1,103,1 12,0,2 1,103,1 1,103,1 1,103,1 1,103,1 1,103,1
ADDLINE 1,119,1 0,0,0 12,0,2 0,0,0 1,119,1 1,119,1 1,119,1 1,119,1 1,119,1
ADDLINE 1,114,1 1,114,1 1,114,1 12,0,2 1,114,1 1,114,1 1,114,1 1,114,1 1,114,1
ADDLINE 1,131,1 0,0,0 0,0,0 0,0,0 12,0,2 0,0,0 0,0,0 0,0,0 1,131,1
ADDLINE 1,136,1 12,0,2 1,136,1 1,136,1 1,136,1 1,136,1 1,136,1 1,136,1 1,136,1
ADDLINE 0,0,0 12,0,2 1,154,1 1,154,1 1,154,1 0,0,0 0,0,0 0,0,0 0,0,0
ADDLINE 1,124,1 0,0,0 1,124,1 1,124,1 1,124,1 12,0,2 1,124,1 1,124,1 1,124,1
ADDLINE 0,0,0 12,0,2 0,0,0 1,136,1 1,136,1 1,136,1 1,136,1 1,136,1 0,0,0
ADDLINE 12,0,2 1,148,1 1,148,1 1,148,1 1,148,1 1,148,1 1,148,1 0,0,0 0,0,0
ADDLINE 0,0,0 0,0,0 0,0,0 1,160,1 1,160,1 1,160,1 12,0,2 0,0,0 1,160,1
ADDLINE 0,0,0 1,128,1 1,128,1 0,0,0 0,0,0 12,0,2 0,0,0 1,128,1 1,128,1
ADDLINE 0,0,0 1,141,1 1,141,1 1,141,1 1,141,1 1,141,1 12,0,2 1,141,1 1,141,1
ADDLINE 0,0,0 1,153,1 1,153,1 1,153,1 1,153,1 1,153,1 12,0,2 1,153,1 1,153,1
ADDLINE 0,0,0 12,0,2 1,165,1 0,0,0 1,165,1 1,165,1 0,0,0 1,165,1 1,165,1
ADDLINE 1,133,1 1,133,1 1,133,1 0,0,0 12,0,2 0,0,0 0,0,0 1,133,1 1,133,1
ADDLINE 0,0,0 0,0,0 12,0,2 0,0,0 1,145,1 1,145,1 0,0,0 1,145,1 1,145,1
ADDLINE 12,0,2 1,151,1 1,151,1 1,151,1 1,151,1 1,151,1 1,151,1 1,151,1 1,151,1
ADDLINE 12,0,2 1,163,1 1,163,1 1,163,1 1,163,1 1,163,1 1,163,1 1,163,1 1,163,1
ADDLINE 0,0,0 12,0,2 1,137,1 1,137,1 1,137,1 1,137,1 1,137,1 1,137,1 1,137,1
ADDLINE 0,0,0 12,0,2 1,150,1 1,150,1 1,150,1 1,150,1 1,150,1 1,150,1 1,150,1
ADDLINE 12,0,2 1,155,1 1,155,1 1,155,1 1,155,1 1,155,1 1,155,1 1,155,1 1,155,1
ADDLINE 0,0,0 0,0,0 0,0,0 0,0,0 0,0,0 0,0,0 12,0,2 0,0,0 1,177,1
ADDLINE 1,142,1 1,142,1 1,142,1 1,142,1 1,142,1 1,142,1 1,142,1 12,0,2 0,0,0
ADDLINE 1,155,1 1,155,1 12,0,2 0,0,0 0,0,0 0,0,0 0,0,0 0,0,0 0,0,0
ADDLINE 1,168,1 1,168,1 0,0,0 12,0,2 0,0,0 0,0,0 0,0,0 1,168,1 1,168,1
1,95,1 1,95,1 1,95,1 16,95,1 12,0,2 2,95,1 0,0,0 0,0,0 1,95,1
1,94,1 1,94,1 1,94,1 1,94,1 0,0,0 1,94,1 2,94,1 12,0,2 0,0,0
1,89,1 1,89,1 1,89,1 1,89,1 12,0,2 1,89,1 1,89,1 2,89,1 0,0,0
0,0,0 0,0,0 0,0,0 1,92,1 0,0,0 1,92,1 12,0,2 1,92,1 0,0,0
1,91,1 1,91,1 1,91,1 1,91,1 0,0,0 1,91,1 12,0,2 4,91,1 0,0,0
1,90,1 0,0,0 12,0,2 1,90,1 1,90,1 1,90,1 0,0,0 0,0,0 0,0,0
0,0,0 0,0,0 0,0,0 0,0,0 0,0,0 0,0,0 0,0,0 0,0,0 0,0,0
0,0,0 0,0,0 0,0,0 0,0,0 0,0,0 0,0,0 0,0,0 0,0,0 0,0,0
0,0,0 0,0,0 0,0,0 0,0,0 0,0,0 0,0,0 0,0,0 0,0,0 0,0,0