MODE 0
BALL 103
STARS 0/0/10300
ADDLINE 12,0,2 1,101,1 3,101,1 1,101,1 1,101,1 4,101,1 1,101,1 5,101,1 1,101,1
ADDLINE 0,0,0 0,0,0 12,0,2 1,107,1 1,107,1 1,107,1 1,107,1 4,107,1 1,107,1
ADDLINE 0,0,0 0,0,0 12,0,2 1,108,1 1,108,1 1,108,1 1,108,1 1,108,1 5,108,1
ADDLINE 0,0,0 12,0,2 0,0,0 0,0,0 0,0,0 1,119,1 1,119,1 1,119,1 1,119,1
ADDLINE 1,120,1 2,120,1 1,120,1 1,120,1 0,0,0 0,0,0 12,0,2 5,120,1 1,120,1
ADDLINE 1,150,1 1,150,1 1,150,1 1,150,1 1,111,1 1,151,1 12,0,2 0,0,0 8,0,2
ADDLINE 1,136,1 4,136,1 1,136,1 1,136,1 1,136,1 1,136,1 1,136,1 5,136,1 12,0,2
ADDLINE 1,308,1 1,308,1 1,308,1 1,308,1 0,0,0 8,0,2 0,0,0 12,0,2 0,0,0
ADDLINE 10,0,2 0,0,0 0,0,0 12,0,2 0,0,0 1,248,1 1,248,1 1,248,1 1,248,1
ADDLINE 1,272,1 0,0,0 1,136,1 12,0,2 3,136,1 5,136,1 1,136,1 1,136,1 1,136,1
ADDLINE 1,148,1 0,0,0 1,148,1 12,0,2 3,148,1 1,148,1 1,148,1 1,148,1 1,148,1
ADDLINE 0,0,0 0,0,0 1,160,1 12,0,2 2,160,1 1,160,1 1,160,1 1,160,1 5,160,1
ADDLINE 1,128,1 0,0,0 3,128,1 12,0,2 5,128,1 1,128,1 1,128,1 2,128,1 2,128,1
ADDLINE 1,141,1 0,0,0 1,141,1 0,0,0 0,0,0 0,0,0 0,0,0 12,0,2 0,0,0
ADDLINE 1,146,1 12,0,2 1,146,1 1,146,1 1,292,1 1,292,1 1,292,1 1,146,1 1,146,1
ADDLINE 1,330,1 0,0,0 0,0,0 0,0,0 12,0,2 10,0,2 0,0,0 0,0,0 1,330,1
ADDLINE 1,133,1 1,133,1 1,133,1 0,0,0 1,266,1 12,0,2 1,266,1 1,133,1 5,133,1
ADDLINE 4,145,1 1,290,1 1,290,1 0,0,0 1,145,1 0,0,0 1,145,1 12,0,2 0,0,0
ADDLINE 1,316,1 10,0,2 1,316,1 1,316,1 1,316,1 1,316,1 1,316,1 12,0,2 1,316,1
ADDLINE 1,342,1 8,0,2 1,342,1 1,342,1 1,342,1 1,342,1 1,342,1 12,0,2 1,342,1
ADDLINE 1,274,1 0,0,0 1,274,1 0,0,0 8,0,2 0,0,0 12,0,2 0,0,0 0,0,0
ADDLINE 1,143,1 1,143,1 3,143,1 1,143,1 4,143,1 3,143,1 1,143,1 12,0,2 1,143,1
ADDLINE 2,163,1 1,163,1 1,163,1 1,163,1 1,163,1 12,0,2 0,0,0 0,0,0 0,0,0
ADDLINE 1,168,1 4,168,1 1,168,1 1,168,1 1,168,1 12,0,2 1,168,1 1,168,1 1,168,1
ADDLINE 5,135,1 1,135,1 1,135,1 1,135,1 2,135,1 12,0,2 4,135,1 5,135,1 1,135,1
ADDLINE 1,148,1 1,148,1 1,148,1 1,148,1 1,148,1 12,0,2 1,148,1 1,148,1 1,148,1
ADDLINE 1,336,1 0,0,0 12,0,2 0,0,0 1,336,1 8,0,2 1,336,1 1,336,1 1,336,1
0,0,0 1,95,1 0,0,0 12,0,2 0,0,0 0,0,0 0,0,0 1,95,1 1,95,1
0,0,0 0,0,0 0,0,0 4,94,1 12,0,2 0,0,0 0,0,0 1,94,1 1,94,1
5,93,1 1,93,1 8,0,2 12,0,2 1,93,1 1,93,1 2,93,1 20,93,1 1,93,1
1,92,1 5,92,1 0,0,0 12,0,2 1,92,1 1,92,1 1,92,1 2,92,1 1,92,1
2,91,1 0,0,0 1,91,1 0,0,0 12,0,2 1,91,1 1,91,1 1,91,1 5,91,1
1,90,1 0,0,0 1,90,1 2,90,1 12,0,2 5,90,1 1,90,1 1,90,1 1,90,1
0,0,0 0,0,0 0,0,0 0,0,0 0,0,0 0,0,0 0,0,0 0,0,0 0,0,0
0,0,0 0,0,0 0,0,0 0,0,0 0,0,0 0,0,0 0,0,0 0,0,0 0,0,0
0,0,0 0,0,0 0,0,0 0,0,0 0,0,0 0,0,0 0,0,0 0,0,0 0,0,0