MODE 0
BALL 108
STARS 0/0/10700
ADDLINE 12,0,2 0,0,0 5,106,1 0,0,0 4,106,1 1,106,1 0,0,0 0,0,0 0,0,0
ADDLINE 1,102,1 1,102,1 1,102,1 1,102,1 1,102,1 1,102,1 1,102,1 12,0,2 1,102,1
ADDLINE 1,108,1 4,108,1 1,108,1 0,0,0 0,0,0 1,108,1 12,0,2 0,0,0 2,108,1
ADDLINE 1,119,1 0,0,0 1,119,1 12,0,2 1,119,1 4,119,1 1,119,1 1,119,1 1,119,1
ADDLINE 4,120,1 0,0,0 1,120,1 12,0,2 1,120,1 1,120,1 1,120,1 1,120,1 1,120,1
ADDLINE 3,125,1 3,125,1 1,125,1 12,0,2 1,125,1 2,125,1 1,125,1 1,125,1 2,125,1
ADDLINE 0,0,0 12,0,2 0,0,0 0,0,0 1,142,1 1,142,1 1,142,1 4,142,1 4,142,1
ADDLINE 1,147,1 3,147,1 1,147,1 12,0,2 2,147,1 1,147,1 1,147,1 1,147,1 1,147,1
ADDLINE 1,124,1 0,0,0 1,124,1 12,0,2 1,124,1 0,0,0 0,0,0 0,0,0 1,124,1
ADDLINE 0,0,0 0,0,0 0,0,0 0,0,0 12,0,2 0,0,0 1,136,1 3,136,1 1,136,1
ADDLINE 1,148,1 5,148,1 1,148,1 0,0,0 4,148,1 1,148,1 0,0,0 12,0,2 0,0,0
ADDLINE 1,160,1 1,160,1 1,160,1 1,160,1 12,0,2 0,0,0 0,0,0 0,0,0 0,0,0
ADDLINE 0,0,0 1,128,1 1,128,1 5,128,1 1,128,1 1,128,1 1,128,1 12,0,2 1,128,1
ADDLINE 12,0,2 3,141,1 3,141,1 1,141,1 1,141,1 1,141,1 1,141,1 0,0,0 0,0,0
ADDLINE 0,0,0 0,0,0 1,153,1 4,153,1 0,0,0 0,0,0 12,0,2 0,0,0 0,0,0
ADDLINE 0,0,0 1,165,1 1,165,1 12,0,2 0,0,0 1,165,1 1,165,1 1,165,1 1,165,1
ADDLINE 0,0,0 1,133,1 12,0,2 0,0,0 1,133,1 1,133,1 3,133,1 5,133,1 4,133,1
ADDLINE 0,0,0 3,145,1 12,0,2 0,0,0 0,0,0 1,145,1 1,145,1 1,145,1 1,145,1
ADDLINE 1,151,1 1,151,1 1,151,1 12,0,2 1,151,1 1,151,1 1,151,1 1,151,1 1,151,1
ADDLINE 2,171,1 4,171,1 1,171,1 0,0,0 0,0,0 12,0,2 1,171,1 1,171,1 2,171,1
ADDLINE 1,137,1 1,137,1 1,137,1 0,0,0 0,0,0 12,0,2 4,137,1 1,137,1 3,137,1
ADDLINE 0,0,0 12,0,2 0,0,0 0,0,0 1,150,1 2,150,1 5,150,1 1,150,1 1,150,1
ADDLINE 0,0,0 0,0,0 0,0,0 12,0,2 1,163,1 1,163,1 1,163,1 1,163,1 1,163,1
ADDLINE 4,177,1 1,177,1 1,177,1 0,0,0 12,0,2 5,177,1 1,177,1 1,177,1 1,177,1
ADDLINE 0,0,0 0,0,0 0,0,0 0,0,0 12,0,2 1,142,1 1,142,1 1,142,1 1,142,1
ADDLINE 0,0,0 12,0,2 1,155,1 3,155,1 1,155,1 2,155,1 1,155,1 1,155,1 3,155,1
ADDLINE 4,168,1 0,0,0 0,0,0 0,0,0 12,0,2 0,0,0 1,168,1 1,168,1 1,168,1
1,95,1 0,0,0 5,95,1 4,95,1 3,95,1 1,95,1 3,95,1 12,0,2 1,95,1
1,94,1 0,0,0 4,94,1 3,94,1 2,94,1 1,94,1 6,94,1 12,0,2 1,94,1
1,89,1 12,0,2 3,89,1 5,89,1 1,89,1 1,89,1 1,89,1 3,89,1 1,89,1
5,92,1 0,0,0 1,92,1 1,92,1 5,92,1 1,92,1 1,92,1 12,0,2 0,0,0
1,87,1 12,0,2 2,87,1 1,87,1 1,87,1 3,87,1 1,87,1 1,87,1 1,87,1
1,90,1 0,0,0 0,0,0 0,0,0 0,0,0 0,0,0 0,0,0 12,0,2 0,0,0
0,0,0 0,0,0 0,0,0 0,0,0 0,0,0 0,0,0 0,0,0 0,0,0 0,0,0
0,0,0 0,0,0 0,0,0 0,0,0 0,0,0 0,0,0 0,0,0 0,0,0 0,0,0
0,0,0 0,0,0 0,0,0 0,0,0 0,0,0 0,0,0 0,0,0 0,0,0 0,0,0