MODE 0
BALL 108
STARS 0/0/10500
ADDLINE 0,0,0 0,0,0 0,0,0 12,0,2 1,106,1 1,106,1 1,106,1 1,106,1 1,106,1
ADDLINE 0,0,0 12,0,2 0,0,0 0,0,0 0,0,0 3,107,1 5,107,1 3,107,1 1,107,1
ADDLINE 0,0,0 0,0,0 0,0,0 12,0,2 1,108,1 1,108,1 1,108,1 4,108,1 1,108,1
ADDLINE 0,0,0 1,119,1 5,119,1 0,0,0 12,0,2 1,119,1 1,119,1 1,119,1 3,119,1
ADDLINE 0,0,0 0,0,0 0,0,0 0,0,0 12,0,2 1,120,1 1,120,1 1,120,1 1,120,1
ADDLINE 0,0,0 0,0,0 0,0,0 0,0,0 12,0,2 1,131,1 3,131,1 1,131,1 4,131,1
ADDLINE 0,0,0 0,0,0 1,142,1 5,142,1 12,0,2 1,142,1 1,142,1 1,142,1 1,142,1
ADDLINE 1,154,1 0,0,0 0,0,0 12,0,2 0,0,0 1,154,1 1,154,1 1,154,1 1,154,1
ADDLINE 1,124,1 1,124,1 0,0,0 12,0,2 2,124,1 1,124,1 5,124,1 1,124,1 4,124,1
ADDLINE 3,136,1 0,0,0 1,136,1 12,0,2 1,136,1 1,136,1 4,136,1 1,136,1 1,136,1
ADDLINE 1,148,1 12,0,2 1,148,1 0,0,0 1,148,1 0,0,0 0,0,0 0,0,0 0,0,0
ADDLINE 1,160,1 3,160,1 2,160,1 0,0,0 1,160,1 1,160,1 1,160,1 12,0,2 1,160,1
ADDLINE 1,128,1 0,0,0 0,0,0 12,0,2 0,0,0 0,0,0 1,128,1 0,0,0 1,128,1
ADDLINE 1,134,1 1,134,1 1,134,1 1,134,1 1,134,1 12,0,2 3,134,1 5,134,1 1,134,1
ADDLINE 1,153,1 1,153,1 2,153,1 5,153,1 1,153,1 0,0,0 12,0,2 0,0,0 0,0,0
ADDLINE 1,157,1 1,157,1 1,157,1 1,157,1 1,157,1 12,0,2 1,157,1 1,157,1 3,157,1
ADDLINE 0,0,0 0,0,0 12,0,2 0,0,0 0,0,0 0,0,0 1,133,1 1,133,1 3,133,1
ADDLINE 12,0,2 5,138,1 5,138,1 1,138,1 1,138,1 1,138,1 1,138,1 2,138,1 1,138,1
ADDLINE 1,151,1 1,151,1 2,151,1 1,151,1 1,151,1 12,0,2 1,151,1 1,151,1 5,151,1
ADDLINE 5,171,1 1,171,1 1,171,1 1,171,1 1,171,1 0,0,0 4,171,1 12,0,2 0,0,0
ADDLINE 1,131,1 1,131,1 2,131,1 1,131,1 1,131,1 12,0,2 4,131,1 1,131,1 1,131,1
ADDLINE 12,0,2 0,0,0 0,0,0 0,0,0 2,150,1 0,0,0 0,0,0 0,0,0 0,0,0
ADDLINE 1,163,1 1,163,1 5,163,1 1,163,1 1,163,1 0,0,0 4,163,1 12,0,2 1,163,1
ADDLINE 1,177,1 1,177,1 1,177,1 2,177,1 1,177,1 0,0,0 1,177,1 12,0,2 1,177,1
ADDLINE 3,142,1 1,142,1 1,142,1 1,142,1 1,142,1 0,0,0 1,142,1 12,0,2 1,142,1
ADDLINE 1,155,1 1,155,1 5,155,1 5,155,1 1,155,1 0,0,0 1,155,1 12,0,2 2,155,1
ADDLINE 2,160,1 1,160,1 1,160,1 1,160,1 3,160,1 12,0,2 1,160,1 1,160,1 1,160,1
1,95,1 15,0,2 12,0,2 1,95,1 5,95,1 1,95,1 4,95,1 1,95,1 1,95,1
1,94,1 0,0,0 0,0,0 0,0,0 0,0,0 12,0,2 0,0,0 1,94,1 1,94,1
1,93,1 3,93,1 1,93,1 1,93,1 1,93,1 1,93,1 0,0,0 12,0,2 4,93,1
3,88,1 1,88,1 1,88,1 1,88,1 5,88,1 1,88,1 1,88,1 12,0,2 1,88,1
4,91,1 1,91,1 1,91,1 1,91,1 14,0,2 0,0,0 12,0,2 0,0,0 1,91,1
1,90,1 4,90,1 0,0,0 12,0,2 0,0,0 1,90,1 1,90,1 5,90,1 1,90,1
0,0,0 0,0,0 0,0,0 0,0,0 0,0,0 0,0,0 0,0,0 0,0,0 0,0,0
0,0,0 0,0,0 0,0,0 0,0,0 0,0,0 0,0,0 0,0,0 0,0,0 0,0,0
0,0,0 0,0,0 0,0,0 0,0,0 0,0,0 0,0,0 0,0,0 0,0,0 0,0,0