MODE 0
BALL 108
STARS 0/0/14400
ADDLINE 1,101,1 1,101,1 1,101,1 4,101,1 12,0,2 1,101,1 1,101,1 1,101,1 1,101,1
ADDLINE 1,102,1 1,102,1 2,102,1 1,102,1 12,0,2 1,102,1 1,102,1 1,102,1 5,102,1
ADDLINE 2,108,1 1,108,1 1,108,1 1,108,1 12,0,2 17,108,1 1,108,1 1,108,1 1,108,1
ADDLINE 1,119,1 1,119,1 19,119,1 1,119,1 12,0,2 1,119,1 1,119,1 1,119,1 1,119,1
ADDLINE 1,120,1 19,120,1 1,120,1 1,120,1 1,120,1 1,120,1 1,120,1 12,0,2 0,0,0
ADDLINE 1,3,1 16,88,1 1,2,1 1,1,1 1,5,1 1,111,1 12,0,2 1,112,1 1,115,1
ADDLINE 0,0,0 12,0,2 0,0,0 1,142,1 0,0,0 5,142,1 0,0,0 1,142,1 1,142,1
ADDLINE 1,154,1 1,154,1 2,154,1 1,154,1 0,0,0 2,154,1 12,0,2 1,154,1 1,154,1
ADDLINE 1,124,1 1,124,1 1,124,1 4,124,1 0,0,0 1,124,1 12,0,2 1,248,1 1,248,1
ADDLINE 0,0,0 0,0,0 12,0,2 0,0,0 1,136,1 1,136,1 1,136,1 1,272,1 17,136,1
ADDLINE 0,0,0 1,296,1 1,296,1 12,0,2 1,296,1 1,296,1 1,296,1 1,296,1 19,148,1
ADDLINE 0,0,0 1,160,1 4,160,1 5,160,1 0,0,0 12,0,2 0,0,0 1,320,1 1,320,1
ADDLINE 0,0,0 12,0,2 0,0,0 1,128,1 1,128,1 1,128,1 0,0,0 1,128,1 1,128,1
ADDLINE 2,141,1 0,0,0 0,0,0 1,141,1 1,141,1 1,141,1 3,141,1 12,0,2 1,141,1
ADDLINE 4,153,1 0,0,0 12,0,2 0,0,0 0,0,0 0,0,0 0,0,0 0,0,0 1,153,1
ADDLINE 0,0,0 4,165,1 12,0,2 1,165,1 3,165,1 1,165,1 1,165,1 1,165,1 1,165,1
ADDLINE 0,0,0 1,133,1 12,0,2 1,133,1 4,133,1 1,133,1 1,133,1 1,133,1 1,133,1
ADDLINE 1,145,1 0,0,0 0,0,0 12,0,2 0,0,0 1,145,1 2,145,1 1,145,1 3,145,1
ADDLINE 1,151,1 3,151,1 1,151,1 12,0,2 1,151,1 1,151,1 1,151,1 1,151,1 1,151,1
ADDLINE 1,171,1 0,0,0 0,0,0 12,0,2 5,171,1 3,171,1 1,171,1 2,171,1 1,171,1
ADDLINE 1,137,1 0,0,0 0,0,0 0,0,0 12,0,2 5,137,1 1,137,1 1,137,1 1,137,1
ADDLINE 3,150,1 1,300,1 1,300,1 1,300,1 0,0,0 0,0,0 12,0,2 0,0,0 1,150,1
ADDLINE 1,163,1 1,326,1 17,163,1 1,326,1 5,163,1 1,163,1 1,163,1 12,0,2 0,0,0
ADDLINE 1,177,1 1,354,1 1,354,1 1,354,1 0,0,0 1,354,1 1,354,1 12,0,2 0,0,0
ADDLINE 1,284,1 1,284,1 1,284,1 0,0,0 12,0,2 19,142,1 1,284,1 1,284,1 1,284,1
ADDLINE 1,155,1 1,155,1 0,0,0 12,0,2 1,310,1 1,310,1 1,310,1 1,310,1 20,155,1
ADDLINE 1,168,1 3,168,1 0,0,0 12,0,2 0,0,0 1,168,1 4,168,1 1,336,1 17,168,1
1,95,1 1,95,1 1,95,1 0,0,0 2,95,1 1,95,1 1,95,1 12,0,2 1,95,1
1,94,1 19,94,1 1,94,1 6,94,1 1,94,1 1,94,1 4,94,1 12,0,2 0,0,0
5,93,1 2,93,1 5,93,1 0,0,0 1,93,1 12,0,2 0,0,0 3,93,1 1,93,1
0,0,0 12,0,2 2,92,1 0,0,0 1,92,1 0,0,0 3,92,1 1,92,1 1,92,1
1,91,1 1,81,1 4,91,1 0,0,0 1,91,1 12,0,2 6,91,1 1,91,1 1,91,1
1,90,1 0,0,0 3,90,1 1,90,1 1,90,1 12,0,2 16,90,1 1,90,1 1,90,1
0,0,0 0,0,0 0,0,0 0,0,0 0,0,0 0,0,0 0,0,0 0,0,0 0,0,0
0,0,0 0,0,0 0,0,0 0,0,0 0,0,0 0,0,0 0,0,0 0,0,0 0,0,0
0,0,0 0,0,0 0,0,0 0,0,0 0,0,0 0,0,0 0,0,0 0,0,0 0,0,0