MODE 0
BALL 108
STARS 0/0/6965 35
ADDLINE 1,106,1 12,0,2 1,106,1 1,106,1 1,106,1 1,106,1 1,106,1 1,106,1 1,106,1
ADDLINE 1,107,1 0,0,0 12,0,2 0,0,0 0,0,0 0,0,0 1,107,1 1,107,1 1,107,1
ADDLINE 1,108,1 1,108,1 1,108,1 1,108,1 1,108,1 7,0,2 12,0,2 1,108,1 1,108,1
ADDLINE 1,119,1 1,119,1 1,119,1 1,119,1 1,119,1 1,119,1 0,0,0 12,0,2 1,119,1
ADDLINE 1,120,1 1,120,1 1,120,1 1,120,1 1,120,1 0,0,0 0,0,0 12,0,2 1,120,1
ADDLINE 1,131,1 1,131,1 1,131,1 1,131,1 1,131,1 0,0,0 12,0,2 1,131,1 1,131,1
ADDLINE 1,142,1 1,142,1 1,142,1 1,142,1 1,142,1 1,142,1 12,0,2 1,142,1 1,142,1
ADDLINE 1,154,1 0,0,0 0,0,0 11,0,2 0,0,0 0,0,0 12,0,2 1,154,1 1,154,1
ADDLINE 1,124,1 0,0,0 0,0,0 0,0,0 12,0,2 0,0,0 0,0,0 0,0,0 1,124,1
ADDLINE 12,0,2 1,136,1 1,136,1 1,136,1 1,136,1 1,136,1 0,0,0 1,136,1 0,0,0
ADDLINE 1,148,1 1,148,1 1,148,1 1,148,1 1,148,1 1,148,1 12,0,2 1,148,1 0,0,0
ADDLINE 0,0,0 0,0,0 0,0,0 0,0,0 12,0,2 0,0,0 0,0,0 1,320,1 0,0,0
ADDLINE 12,0,2 1,256,1 1,256,1 1,256,1 1,256,1 1,256,1 1,256,1 1,256,1 10,0,2
ADDLINE 0,0,0 1,141,1 0,0,0 0,0,0 0,0,0 12,0,2 0,0,0 0,0,0 0,0,0
ADDLINE 12,0,2 1,153,1 1,153,1 1,153,1 1,153,1 1,153,1 1,153,1 1,153,1 1,153,1
ADDLINE 0,0,0 1,165,1 1,165,1 1,165,1 1,165,1 1,330,1 11,0,2 12,0,2 0,0,0
ADDLINE 12,0,2 1,133,1 1,133,1 1,133,1 1,133,1 1,266,1 1,266,1 1,266,1 1,133,1
ADDLINE 0,0,0 1,145,1 1,145,1 1,145,1 1,145,1 1,145,1 12,0,2 1,145,1 1,145,1
ADDLINE 1,158,1 0,0,0 1,158,1 1,158,1 1,158,1 1,158,1 1,158,1 12,0,2 1,158,1
ADDLINE 1,171,1 11,0,2 1,342,1 1,171,1 1,171,1 1,171,1 1,171,1 12,0,2 1,171,1
ADDLINE 1,137,1 1,274,1 1,274,1 1,137,1 1,137,1 1,137,1 1,137,1 12,0,2 1,137,1
ADDLINE 1,150,1 0,0,0 1,150,1 1,150,1 1,150,1 1,150,1 1,150,1 12,0,2 0,0,0
ADDLINE 1,163,1 12,0,2 1,163,1 1,163,1 1,163,1 1,163,1 1,163,1 1,163,1 1,163,1
ADDLINE 1,177,1 0,0,0 0,0,0 0,0,0 1,177,1 0,0,0 11,0,2 12,0,2 1,177,1
ADDLINE 1,284,1 8,0,2 1,284,1 1,284,1 1,284,1 1,284,1 1,284,1 12,0,2 1,284,1
ADDLINE 0,0,0 12,0,2 1,155,1 1,155,1 1,155,1 1,155,1 1,155,1 0,0,0 1,155,1
ADDLINE 1,336,1 8,0,2 1,336,1 1,336,1 1,336,1 1,336,1 1,336,1 12,0,2 1,336,1
0,0,0 12,0,2 1,95,1 1,95,1 1,95,1 1,95,1 1,95,1 1,95,1 1,95,1
0,0,0 0,0,0 12,0,2 8,0,2 12,0,2 1,94,1 1,94,1 6,94,1 1,94,1
2,93,1 5,93,1 1,93,1 1,93,1 1,93,1 1,93,1 1,93,1 1,93,1 1,93,1
1,92,1 2,92,1 5,92,1 1,92,1 12,0,2 16,92,1 1,92,1 1,92,1 1,92,1
1,91,1 1,91,1 11,0,2 0,0,0 12,0,2 1,91,1 1,91,1 1,91,1 1,91,1
1,90,1 1,90,1 9,0,2 0,0,0 12,0,2 0,0,0 0,0,0 1,90,1 1,90,1
0,0,0 0,0,0 0,0,0 0,0,0 0,0,0 0,0,0 0,0,0 0,0,0 0,0,0
0,0,0 0,0,0 0,0,0 0,0,0 0,0,0 0,0,0 0,0,0 0,0,0 0,0,0
0,0,0 0,0,0 0,0,0 0,0,0 0,0,0 0,0,0 0,0,0 0,0,0 0,0,0