MODE 0
BALL 108
STARS 0/0/13370 35
ADDLINE 1,106,1 1,106,1 5,106,1 12,0,2 1,106,1 1,106,1 1,106,1 1,106,1 2,106,1
ADDLINE 4,107,1 1,107,1 1,107,1 0,0,0 0,0,0 12,0,2 4,107,1 1,107,1 1,107,1
ADDLINE 1,108,1 1,108,1 1,108,1 1,108,1 0,0,0 12,0,2 1,108,1 1,108,1 5,108,1
ADDLINE 1,119,1 0,0,0 0,0,0 12,0,2 0,0,0 1,119,1 1,119,1 1,119,1 1,119,1
ADDLINE 1,120,1 0,0,0 12,0,2 4,120,1 5,120,1 1,120,1 1,120,1 4,120,1 1,120,1
ADDLINE 1,131,1 1,131,1 12,0,2 1,131,1 2,131,1 5,131,1 1,131,1 1,131,1 1,131,1
ADDLINE 3,142,1 1,142,1 0,0,0 12,0,2 1,142,1 2,142,1 1,142,1 1,142,1 1,142,1
ADDLINE 1,154,1 3,154,1 1,154,1 0,0,0 12,0,2 1,154,1 1,154,1 1,154,1 1,154,1
ADDLINE 1,124,1 5,124,1 2,124,1 1,124,1 0,0,0 0,0,0 0,0,0 12,0,2 1,124,1
ADDLINE 12,0,2 1,136,1 5,136,1 1,136,1 1,136,1 1,136,1 5,136,1 2,136,1 1,136,1
ADDLINE 0,0,0 0,0,0 12,0,2 1,148,1 1,148,1 1,148,1 1,148,1 1,148,1 2,148,1
ADDLINE 1,160,1 1,160,1 0,0,0 0,0,0 0,0,0 12,0,2 1,160,1 3,160,1 1,160,1
ADDLINE 1,128,1 4,128,1 1,128,1 1,128,1 4,128,1 12,0,2 1,128,1 1,128,1 1,128,1
ADDLINE 0,0,0 0,0,0 0,0,0 12,0,2 0,0,0 0,0,0 1,141,1 1,141,1 1,141,1
ADDLINE 12,0,2 1,153,1 1,153,1 5,153,1 3,153,1 1,153,1 1,153,1 3,153,1 1,153,1
ADDLINE 0,0,0 12,0,2 2,165,1 1,165,1 1,165,1 3,165,1 1,165,1 1,165,1 1,165,1
ADDLINE 0,0,0 12,0,2 1,133,1 1,133,1 1,133,1 5,133,1 1,133,1 1,133,1 2,133,1
ADDLINE 0,0,0 12,0,2 1,145,1 1,145,1 1,145,1 1,145,1 1,145,1 1,145,1 5,145,1
ADDLINE 1,158,1 12,0,2 1,158,1 0,0,0 1,158,1 0,0,0 1,158,1 0,0,0 0,0,0
ADDLINE 4,171,1 0,0,0 1,171,1 0,0,0 5,171,1 0,0,0 1,171,1 12,0,2 1,171,1
ADDLINE 1,137,1 0,0,0 1,137,1 0,0,0 1,137,1 12,0,2 0,0,0 0,0,0 3,137,1
ADDLINE 1,150,1 0,0,0 5,150,1 12,0,2 1,150,1 1,150,1 4,150,1 1,150,1 1,150,1
ADDLINE 1,163,1 0,0,0 1,163,1 0,0,0 0,0,0 12,0,2 1,163,1 0,0,0 0,0,0
ADDLINE 1,177,1 0,0,0 1,177,1 12,0,2 1,177,1 0,0,0 2,177,1 1,177,1 4,177,1
ADDLINE 1,142,1 0,0,0 0,0,0 12,0,2 1,142,1 0,0,0 0,0,0 0,0,0 0,0,0
ADDLINE 2,155,1 1,155,1 12,0,2 4,155,1 1,155,1 1,155,1 1,155,1 1,155,1 1,155,1
ADDLINE 0,0,0 1,168,1 12,0,2 0,0,0 3,168,1 1,168,1 4,168,1 0,0,0 1,168,1
ADDLINE 1,182,1 4,182,1 12,0,2 4,182,1 1,182,1 1,182,1 1,182,1 1,182,1 5,182,1
ADDLINE 1,146,1 1,146,1 12,0,2 1,146,1 1,146,1 1,146,1 1,146,1 1,146,1 1,146,1
ADDLINE 0,0,0 12,0,2 0,0,0 1,160,1 5,160,1 2,160,1 1,160,1 2,160,1 1,160,1
1,95,1 1,95,1 1,95,1 5,95,1 1,95,1 1,95,1 1,95,1 12,0,2 15,0,2
1,94,1 2,94,1 1,94,1 1,94,1 5,94,1 1,94,1 1,94,1 12,0,2 0,0,0
1,93,1 1,93,1 3,93,1 1,93,1 2,93,1 1,93,1 1,93,1 12,0,2 0,0,0
1,92,1 1,92,1 1,92,1 4,92,1 14,0,2 0,0,0 12,0,2 2,92,1 0,0,0
3,91,1 1,91,1 1,91,1 1,91,1 0,0,0 12,0,2 1,91,1 1,91,1 3,91,1
0,0,0 0,0,0 12,0,2 0,0,0 0,0,0 0,0,0 1,90,1 1,90,1 2,90,1
0,0,0 0,0,0 0,0,0 0,0,0 0,0,0 0,0,0 0,0,0 0,0,0 0,0,0
0,0,0 0,0,0 0,0,0 0,0,0 0,0,0 0,0,0 0,0,0 0,0,0 0,0,0
0,0,0 0,0,0 0,0,0 0,0,0 0,0,0 0,0,0 0,0,0 0,0,0 0,0,0