MODE 0
BALL 108
STARS 0/0/13265 35
ADDLINE 1,106,1 1,106,1 1,106,1 4,106,1 1,106,1 12,0,2 1,106,1 1,106,1 1,106,1
ADDLINE 4,107,1 1,107,1 5,107,1 1,107,1 3,107,1 12,0,2 5,107,1 1,107,1 1,107,1
ADDLINE 1,108,1 1,108,1 1,108,1 1,108,1 1,108,1 12,0,2 1,108,1 1,108,1 3,108,1
ADDLINE 1,119,1 4,119,1 2,119,1 3,119,1 1,119,1 12,0,2 1,119,1 1,119,1 1,119,1
ADDLINE 1,120,1 0,0,0 0,0,0 0,0,0 12,0,2 0,0,0 1,120,1 1,120,1 1,120,1
ADDLINE 1,131,1 0,0,0 12,0,2 0,0,0 0,0,0 4,131,1 1,131,1 1,131,1 1,131,1
ADDLINE 1,142,1 2,142,1 3,142,1 5,142,1 0,0,0 0,0,0 12,0,2 0,0,0 1,142,1
ADDLINE 1,154,1 1,154,1 1,154,1 1,154,1 1,154,1 1,154,1 1,154,1 12,0,2 5,154,1
ADDLINE 1,124,1 1,124,1 1,124,1 1,124,1 1,124,1 3,124,1 1,124,1 12,0,2 0,0,0
ADDLINE 12,0,2 1,136,1 1,136,1 1,136,1 1,136,1 1,136,1 3,136,1 1,136,1 1,136,1
ADDLINE 0,0,0 12,0,2 0,0,0 0,0,0 1,148,1 1,148,1 1,148,1 2,148,1 2,148,1
ADDLINE 0,0,0 0,0,0 12,0,2 0,0,0 4,160,1 1,160,1 1,160,1 1,160,1 1,160,1
ADDLINE 0,0,0 0,0,0 12,0,2 0,0,0 1,128,1 1,128,1 1,128,1 2,128,1 1,128,1
ADDLINE 1,141,1 1,141,1 0,0,0 12,0,2 1,141,1 5,141,1 1,141,1 1,141,1 4,141,1
ADDLINE 0,0,0 0,0,0 12,0,2 1,153,1 1,153,1 1,153,1 1,153,1 1,153,1 4,153,1
ADDLINE 0,0,0 12,0,2 0,0,0 0,0,0 1,165,1 3,165,1 1,165,1 1,165,1 1,165,1
ADDLINE 0,0,0 0,0,0 12,0,2 0,0,0 5,133,1 1,133,1 1,133,1 1,133,1 2,133,1
ADDLINE 0,0,0 0,0,0 12,0,2 1,145,1 1,145,1 1,145,1 1,145,1 1,145,1 3,145,1
ADDLINE 5,158,1 12,0,2 0,0,0 0,0,0 1,158,1 0,0,0 0,0,0 0,0,0 0,0,0
ADDLINE 1,171,1 12,0,2 3,171,1 1,171,1 1,171,1 1,171,1 1,171,1 2,171,1 1,171,1
ADDLINE 0,0,0 12,0,2 1,137,1 0,0,0 0,0,0 0,0,0 0,0,0 0,0,0 1,137,1
ADDLINE 1,150,1 1,150,1 2,150,1 12,0,2 1,150,1 1,150,1 1,150,1 5,150,1 3,150,1
ADDLINE 0,0,0 0,0,0 1,163,1 0,0,0 12,0,2 0,0,0 1,163,1 0,0,0 0,0,0
ADDLINE 1,177,1 0,0,0 1,177,1 0,0,0 1,177,1 0,0,0 2,177,1 12,0,2 1,177,1
ADDLINE 4,142,1 0,0,0 0,0,0 0,0,0 1,142,1 0,0,0 1,142,1 12,0,2 1,142,1
ADDLINE 4,155,1 1,155,1 1,155,1 1,155,1 1,155,1 0,0,0 1,155,1 12,0,2 1,155,1
ADDLINE 5,168,1 0,0,0 0,0,0 0,0,0 1,168,1 12,0,2 2,168,1 0,0,0 0,0,0
ADDLINE 4,182,1 1,182,1 1,182,1 1,182,1 3,182,1 12,0,2 3,182,1 1,182,1 2,182,1
ADDLINE 1,146,1 1,146,1 1,146,1 0,0,0 0,0,0 12,0,2 1,146,1 1,146,1 1,146,1
ADDLINE 1,160,1 1,160,1 1,160,1 0,0,0 12,0,2 1,160,1 1,160,1 1,160,1 4,160,1
1,10,1 12,0,2 1,95,1 1,95,1 1,95,1 1,95,1 1,95,1 5,95,1 1,95,1
0,0,0 0,0,0 0,0,0 0,0,0 4,94,1 0,0,0 12,0,2 0,0,0 0,0,0
19,8,1 1,8,1 3,8,1 12,0,2 1,8,1 3,8,1 1,8,1 1,8,1 1,8,1
1,7,1 1,92,1 1,92,1 12,0,2 5,92,1 1,92,1 5,92,1 1,92,1 1,92,1
1,6,1 1,91,1 1,91,1 12,0,2 2,91,1 2,91,1 1,91,1 1,91,1 3,91,1
1,5,1 3,90,1 1,90,1 12,0,2 1,90,1 1,90,1 1,90,1 1,90,1 1,90,1
0,0,0 0,0,0 0,0,0 0,0,0 0,0,0 0,0,0 0,0,0 0,0,0 0,0,0
0,0,0 0,0,0 0,0,0 0,0,0 0,0,0 0,0,0 0,0,0 0,0,0 0,0,0
0,0,0 0,0,0 0,0,0 0,0,0 0,0,0 0,0,0 0,0,0 0,0,0 0,0,0