MODE 0
BALL 108
STARS 0/0/7315 35
ADDLINE 1,106,1 1,106,1 1,106,1 1,106,1 12,0,2 1,106,1 1,106,1 16,106,1 1,106,1
ADDLINE 1,107,1 1,107,1 1,107,1 1,107,1 0,0,0 12,0,2 0,0,0 0,0,0 3,107,1
ADDLINE 1,90,1 1,90,1 1,90,1 1,90,1 1,90,1 1,90,1 1,90,1 12,0,2 8,0,2
ADDLINE 1,119,1 16,119,1 1,119,1 1,119,1 1,119,1 1,119,1 1,119,1 1,119,1 12,0,2
ADDLINE 1,120,1 1,120,1 17,120,1 1,120,1 2,120,1 1,120,1 0,0,0 12,0,2 0,0,0
ADDLINE 1,25,1 1,22,1 1,200,1 1,200,1 8,0,2 12,0,2 0,0,0 1,25,1 1,22,1
ADDLINE 2,142,1 1,142,1 1,142,1 1,142,1 0,0,0 0,0,0 12,0,2 1,142,1 5,142,1
ADDLINE 1,154,1 1,154,1 1,154,1 1,154,1 1,154,1 5,154,1 0,0,0 12,0,2 1,154,1
ADDLINE 3,124,1 1,124,1 1,124,1 1,124,1 0,0,0 0,0,0 0,0,0 12,0,2 1,124,1
ADDLINE 1,136,1 2,136,1 3,136,1 1,136,1 1,136,1 1,136,1 1,136,1 1,136,1 12,0,2
ADDLINE 1,148,1 1,296,1 1,296,1 1,296,1 4,148,1 0,0,0 0,0,0 12,0,2 0,0,0
ADDLINE 1,320,1 1,320,1 17,160,1 1,320,1 1,160,1 0,0,0 12,0,2 0,0,0 1,160,1
ADDLINE 17,128,1 1,256,1 1,256,1 1,256,1 4,128,1 1,128,1 1,128,1 12,0,2 0,0,0
ADDLINE 1,282,1 1,282,1 1,282,1 1,282,1 16,141,1 1,282,1 12,0,2 1,282,1 0,0,0
ADDLINE 1,306,1 1,306,1 1,306,1 1,306,1 16,153,1 1,306,1 8,0,2 12,0,2 0,0,0
ADDLINE 3,165,1 1,330,1 17,165,1 1,330,1 1,165,1 12,0,2 0,0,0 0,0,0 0,0,0
ADDLINE 5,133,1 1,266,1 1,266,1 1,266,1 1,266,1 11,0,2 0,0,0 12,0,2 0,0,0
ADDLINE 1,145,1 1,145,1 1,145,1 1,145,1 1,290,1 0,0,0 0,0,0 12,0,2 0,0,0
ADDLINE 1,158,1 0,0,0 12,0,2 0,0,0 4,158,1 0,0,0 0,0,0 0,0,0 1,158,1
ADDLINE 1,171,1 11,0,2 1,342,1 12,0,2 1,171,1 1,171,1 3,171,1 0,0,0 0,0,0
ADDLINE 16,137,1 0,0,0 1,274,1 11,0,2 1,274,1 12,0,2 1,274,1 1,274,1 1,274,1
ADDLINE 1,150,1 11,0,2 1,300,1 1,300,1 1,300,1 12,0,2 2,150,1 1,150,1 3,150,1
ADDLINE 1,163,1 0,0,0 12,0,2 0,0,0 1,163,1 0,0,0 0,0,0 0,0,0 0,0,0
ADDLINE 1,177,1 1,177,1 1,177,1 12,0,2 1,177,1 2,177,1 1,177,1 1,177,1 5,177,1
ADDLINE 0,0,0 12,0,2 1,142,1 0,0,0 1,142,1 0,0,0 0,0,0 0,0,0 1,142,1
ADDLINE 4,155,1 1,310,1 1,310,1 0,0,0 1,155,1 12,0,2 1,155,1 3,155,1 1,155,1
ADDLINE 0,0,0 1,336,1 17,168,1 12,0,2 0,0,0 0,0,0 1,336,1 1,336,1 0,0,0
ADDLINE 1,182,1 1,364,1 12,0,2 1,364,1 1,182,1 1,364,1 17,182,1 1,364,1 1,182,1
ADDLINE 1,146,1 1,146,1 0,0,0 0,0,0 12,0,2 1,292,1 1,292,1 1,292,1 1,146,1
ADDLINE 2,160,1 1,160,1 4,160,1 1,160,1 0,0,0 12,0,2 0,0,0 5,160,1 1,160,1
0,0,0 0,0,0 12,0,2 1,95,1 1,10,1 18,95,1 1,10,1 3,95,1 1,66,1
12,0,2 1,10,1 1,10,1 1,94,1 1,10,1 1,10,1 1,10,1 1,94,1 1,55,1
0,0,0 11,0,2 0,0,0 0,0,0 12,0,2 0,0,0 0,0,0 4,93,1 1,44,1
1,92,1 3,92,1 1,92,1 0,0,0 0,0,0 0,0,0 12,0,2 1,92,1 1,33,1
1,91,1 5,91,1 1,91,1 0,0,0 0,0,0 0,0,0 12,0,2 0,0,0 1,22,1
1,90,1 1,90,1 1,90,1 1,90,1 1,90,1 1,90,1 0,0,0 12,0,2 19,90,1
0,0,0 0,0,0 0,0,0 0,0,0 0,0,0 0,0,0 0,0,0 0,0,0 0,0,0
0,0,0 0,0,0 0,0,0 0,0,0 0,0,0 0,0,0 0,0,0 0,0,0 0,0,0
0,0,0 0,0,0 0,0,0 0,0,0 0,0,0 0,0,0 0,0,0 0,0,0 0,0,0