MODE 0
BALL 108
STARS 0/0/13440 35
ADDLINE 1,106,1 1,106,1 1,106,1 1,106,1 1,106,1 1,106,1 12,0,2 3,106,1 1,106,1
ADDLINE 1,107,1 0,0,0 12,0,2 0,0,0 0,0,0 0,0,0 0,0,0 5,107,1 4,107,1
ADDLINE 1,108,1 0,0,0 12,0,2 0,0,0 3,108,1 1,108,1 1,108,1 1,108,1 1,108,1
ADDLINE 1,119,1 1,119,1 1,119,1 0,0,0 12,0,2 1,119,1 4,119,1 1,119,1 1,119,1
ADDLINE 5,120,1 1,120,1 1,120,1 1,120,1 12,0,2 1,120,1 1,120,1 1,120,1 2,120,1
ADDLINE 2,131,1 1,131,1 1,131,1 0,0,0 12,0,2 1,131,1 5,131,1 1,131,1 4,131,1
ADDLINE 1,142,1 2,142,1 4,142,1 0,0,0 12,0,2 1,142,1 1,142,1 1,142,1 1,142,1
ADDLINE 1,154,1 2,154,1 1,154,1 1,154,1 0,0,0 12,0,2 1,154,1 5,154,1 1,154,1
ADDLINE 5,124,1 1,124,1 1,124,1 1,124,1 1,124,1 0,0,0 12,0,2 1,124,1 1,124,1
ADDLINE 2,136,1 2,136,1 1,136,1 12,0,2 1,136,1 1,136,1 5,136,1 1,136,1 1,136,1
ADDLINE 3,148,1 1,148,1 1,148,1 0,0,0 12,0,2 0,0,0 1,148,1 1,148,1 3,148,1
ADDLINE 1,160,1 1,160,1 1,160,1 0,0,0 12,0,2 0,0,0 1,160,1 1,160,1 1,160,1
ADDLINE 1,128,1 3,128,1 1,128,1 0,0,0 0,0,0 0,0,0 12,0,2 2,128,1 1,128,1
ADDLINE 1,141,1 5,141,1 1,141,1 0,0,0 0,0,0 0,0,0 12,0,2 1,141,1 1,141,1
ADDLINE 3,153,1 1,153,1 1,153,1 0,0,0 12,0,2 1,153,1 1,153,1 1,153,1 1,153,1
ADDLINE 1,165,1 1,165,1 1,165,1 2,165,1 0,0,0 12,0,2 1,165,1 4,165,1 1,165,1
ADDLINE 1,133,1 1,133,1 1,133,1 0,0,0 12,0,2 0,0,0 3,133,1 1,133,1 1,133,1
ADDLINE 1,145,1 0,0,0 12,0,2 0,0,0 2,145,1 1,145,1 1,145,1 1,145,1 3,145,1
ADDLINE 1,158,1 1,158,1 1,158,1 1,158,1 3,158,1 12,0,2 3,158,1 1,158,1 1,158,1
ADDLINE 1,171,1 0,0,0 12,0,2 0,0,0 4,171,1 0,0,0 0,0,0 0,0,0 1,171,1
ADDLINE 1,137,1 0,0,0 1,137,1 1,137,1 1,137,1 2,137,1 1,137,1 12,0,2 1,137,1
ADDLINE 1,150,1 0,0,0 0,0,0 0,0,0 0,0,0 12,0,2 1,150,1 0,0,0 0,0,0
ADDLINE 2,163,1 0,0,0 1,163,1 1,163,1 1,163,1 12,0,2 1,163,1 1,163,1 5,163,1
ADDLINE 1,177,1 0,0,0 3,177,1 0,0,0 1,177,1 0,0,0 0,0,0 12,0,2 0,0,0
ADDLINE 5,142,1 0,0,0 4,142,1 0,0,0 1,142,1 12,0,2 1,142,1 1,142,1 5,142,1
ADDLINE 1,155,1 0,0,0 0,0,0 12,0,2 3,155,1 0,0,0 1,155,1 0,0,0 0,0,0
ADDLINE 1,168,1 0,0,0 1,168,1 1,168,1 1,168,1 12,0,2 1,168,1 0,0,0 1,168,1
ADDLINE 12,0,2 1,182,1 1,182,1 2,182,1 1,182,1 5,182,1 1,182,1 1,182,1 1,182,1
ADDLINE 12,0,2 5,146,1 1,146,1 1,146,1 2,146,1 1,146,1 1,146,1 1,146,1 1,146,1
ADDLINE 0,0,0 0,0,0 12,0,2 1,160,1 1,160,1 4,160,1 1,160,1 1,160,1 4,160,1
1,95,1 12,0,2 1,95,1 4,95,1 3,95,1 1,95,1 5,95,1 1,95,1 1,95,1
0,0,0 12,0,2 0,0,0 8,0,2 4,94,1 1,94,1 1,94,1 1,94,1 1,94,1
2,93,1 1,93,1 1,93,1 12,0,2 1,93,1 1,93,1 1,93,1 1,93,1 1,93,1
22,0,2 12,0,2 1,92,1 8,0,2 1,92,1 1,92,1 1,92,1 1,92,1 1,92,1
1,91,1 5,91,1 1,91,1 12,0,2 3,91,1 1,91,1 1,91,1 1,91,1 2,91,1
3,90,1 0,0,0 12,0,2 0,0,0 0,0,0 1,90,1 0,0,0 1,90,1 1,90,1
0,0,0 0,0,0 0,0,0 0,0,0 0,0,0 0,0,0 0,0,0 0,0,0 0,0,0
0,0,0 0,0,0 0,0,0 0,0,0 0,0,0 0,0,0 0,0,0 0,0,0 0,0,0
0,0,0 0,0,0 0,0,0 0,0,0 0,0,0 0,0,0 0,0,0 0,0,0 0,0,0