MODE 0
BALL 108
STARS 0/0/7490 35
ADDLINE 1,106,1 1,106,1 1,106,1 1,106,1 1,106,1 1,106,1 1,106,1 1,106,1 12,0,2
ADDLINE 1,107,1 1,107,1 1,107,1 1,107,1 1,107,1 12,0,2 0,0,0 0,0,0 0,0,0
ADDLINE 1,108,1 1,108,1 1,108,1 1,108,1 1,108,1 12,0,2 0,0,0 0,0,0 11,0,2
ADDLINE 1,119,1 7,0,2 1,119,1 1,119,1 1,119,1 1,119,1 1,119,1 12,0,2 0,0,0
ADDLINE 1,120,1 1,120,1 1,120,1 1,120,1 1,120,1 1,120,1 1,120,1 12,0,2 0,0,0
ADDLINE 1,131,1 1,131,1 1,131,1 1,131,1 1,131,1 1,131,1 1,131,1 1,131,1 12,0,2
ADDLINE 1,142,1 1,142,1 1,142,1 1,142,1 1,142,1 12,0,2 0,0,0 0,0,0 0,0,0
ADDLINE 1,154,1 1,154,1 0,0,0 0,0,0 0,0,0 12,0,2 1,154,1 1,154,1 1,154,1
ADDLINE 1,124,1 1,124,1 0,0,0 12,0,2 0,0,0 1,124,1 1,124,1 1,124,1 1,124,1
ADDLINE 1,136,1 1,136,1 1,136,1 1,136,1 1,136,1 1,136,1 1,136,1 1,136,1 12,0,2
ADDLINE 1,148,1 1,148,1 1,148,1 1,148,1 1,148,1 1,148,1 1,148,1 1,296,1 12,0,2
ADDLINE 1,160,1 1,160,1 1,160,1 1,160,1 1,160,1 0,0,0 0,0,0 12,0,2 7,0,2
ADDLINE 1,128,1 1,128,1 1,128,1 1,128,1 0,0,0 12,0,2 1,128,1 1,256,1 1,256,1
ADDLINE 1,141,1 1,141,1 1,141,1 0,0,0 12,0,2 1,141,1 1,141,1 1,141,1 1,141,1
ADDLINE 0,0,0 12,0,2 0,0,0 0,0,0 1,153,1 1,153,1 1,153,1 1,153,1 1,153,1
ADDLINE 8,0,2 0,0,0 0,0,0 12,0,2 1,330,1 1,330,1 1,330,1 1,330,1 1,330,1
ADDLINE 1,133,1 1,133,1 1,133,1 12,0,2 1,133,1 1,133,1 1,133,1 1,133,1 1,133,1
ADDLINE 1,145,1 1,145,1 1,145,1 0,0,0 0,0,0 0,0,0 12,0,2 1,145,1 1,145,1
ADDLINE 1,158,1 0,0,0 0,0,0 0,0,0 0,0,0 0,0,0 1,158,1 12,0,2 1,158,1
ADDLINE 1,171,1 0,0,0 1,171,1 12,0,2 1,171,1 1,171,1 1,171,1 1,171,1 1,171,1
ADDLINE 1,137,1 0,0,0 1,274,1 0,0,0 1,137,1 0,0,0 0,0,0 12,0,2 0,0,0
ADDLINE 1,300,1 10,0,2 1,300,1 0,0,0 1,300,1 12,0,2 1,300,1 1,300,1 1,300,1
ADDLINE 1,163,1 0,0,0 1,326,1 12,0,2 1,163,1 0,0,0 7,0,2 0,0,0 1,163,1
ADDLINE 1,177,1 0,0,0 1,177,1 12,0,2 1,177,1 1,354,1 1,354,1 11,0,2 1,177,1
ADDLINE 1,142,1 0,0,0 1,142,1 12,0,2 0,0,0 0,0,0 1,284,1 0,0,0 0,0,0
ADDLINE 1,155,1 11,0,2 1,310,1 12,0,2 1,155,1 1,155,1 1,155,1 1,155,1 1,155,1
ADDLINE 1,168,1 0,0,0 1,336,1 0,0,0 0,0,0 12,0,2 0,0,0 0,0,0 1,168,1
ADDLINE 1,182,1 1,364,1 1,364,1 1,364,1 1,182,1 1,182,1 1,182,1 12,0,2 1,182,1
ADDLINE 1,292,1 1,292,1 10,0,2 0,0,0 0,0,0 12,0,2 0,0,0 0,0,0 1,292,1
ADDLINE 1,160,1 1,320,1 7,0,2 12,0,2 1,160,1 1,160,1 1,160,1 1,160,1 1,160,1
2,95,1 0,0,0 0,0,0 12,0,2 3,95,1 8,0,2 2,95,1 12,0,2 0,0,0
1,94,1 2,94,1 0,0,0 3,94,1 1,94,1 12,0,2 1,94,1 2,94,1 0,0,0
1,93,1 1,93,1 2,93,1 5,93,1 1,93,1 12,0,2 1,93,1 4,93,1 3,93,1
1,92,1 1,92,1 1,92,1 2,92,1 5,92,1 12,0,2 4,92,1 3,92,1 1,92,1
1,91,1 1,91,1 1,91,1 1,91,1 2,91,1 12,0,2 3,91,1 1,91,1 1,91,1
1,90,1 1,90,1 1,90,1 1,90,1 1,90,1 11,0,2 1,90,1 1,90,1 1,90,1
0,0,0 0,0,0 0,0,0 0,0,0 0,0,0 0,0,0 0,0,0 0,0,0 0,0,0
0,0,0 0,0,0 0,0,0 0,0,0 0,0,0 0,0,0 0,0,0 0,0,0 0,0,0
0,0,0 0,0,0 0,0,0 0,0,0 0,0,0 0,0,0 0,0,0 0,0,0 0,0,0