MODE 0
BALL 108
STARS 0/0/7245 35
ADDLINE 1,106,1 12,0,2 1,106,1 1,106,1 1,106,1 1,106,1 1,106,1 1,106,1 1,106,1
ADDLINE 1,107,1 0,0,0 0,0,0 12,0,2 1,107,1 1,107,1 1,107,1 1,107,1 1,107,1
ADDLINE 0,0,0 0,0,0 12,0,2 0,0,0 1,108,1 1,108,1 1,108,1 1,108,1 1,108,1
ADDLINE 12,0,2 1,119,1 1,119,1 1,119,1 1,119,1 1,119,1 1,119,1 1,119,1 1,119,1
ADDLINE 0,0,0 0,0,0 12,0,2 1,120,1 1,120,1 1,120,1 1,120,1 1,120,1 1,120,1
ADDLINE 0,0,0 0,0,0 12,0,2 1,131,1 1,131,1 1,131,1 1,131,1 1,131,1 1,131,1
ADDLINE 0,0,0 12,0,2 1,142,1 1,142,1 1,142,1 1,142,1 1,142,1 1,142,1 1,142,1
ADDLINE 1,154,1 0,0,0 0,0,0 0,0,0 12,0,2 1,154,1 1,154,1 1,154,1 1,154,1
ADDLINE 1,124,1 1,124,1 1,124,1 1,124,1 0,0,0 0,0,0 0,0,0 12,0,2 1,124,1
ADDLINE 1,136,1 1,136,1 1,136,1 12,0,2 1,136,1 1,136,1 1,136,1 1,136,1 1,136,1
ADDLINE 1,148,1 1,148,1 1,148,1 0,0,0 12,0,2 0,0,0 0,0,0 1,148,1 1,148,1
ADDLINE 1,160,1 1,160,1 1,160,1 1,160,1 1,160,1 1,160,1 0,0,0 12,0,2 0,0,0
ADDLINE 1,128,1 1,128,1 1,128,1 1,128,1 1,128,1 1,128,1 1,128,1 1,128,1 12,0,2
ADDLINE 1,141,1 1,141,1 1,141,1 1,141,1 1,141,1 1,141,1 1,141,1 12,0,2 0,0,0
ADDLINE 1,153,1 1,153,1 1,153,1 1,153,1 1,153,1 1,153,1 1,153,1 12,0,2 0,0,0
ADDLINE 1,165,1 1,165,1 1,165,1 1,165,1 12,0,2 0,0,0 0,0,0 0,0,0 0,0,0
ADDLINE 1,133,1 1,133,1 1,133,1 1,133,1 0,0,0 0,0,0 12,0,2 0,0,0 0,0,0
ADDLINE 1,145,1 1,145,1 1,145,1 1,145,1 1,145,1 1,145,1 12,0,2 0,0,0 0,0,0
ADDLINE 1,158,1 0,0,0 1,158,1 12,0,2 0,0,0 0,0,0 1,158,1 0,0,0 1,158,1
ADDLINE 1,171,1 0,0,0 1,171,1 0,0,0 1,171,1 1,171,1 1,171,1 12,0,2 1,171,1
ADDLINE 0,0,0 0,0,0 1,137,1 0,0,0 0,0,0 0,0,0 1,137,1 12,0,2 1,137,1
ADDLINE 1,150,1 0,0,0 1,150,1 1,150,1 1,150,1 12,0,2 1,150,1 0,0,0 1,150,1
ADDLINE 1,163,1 0,0,0 0,0,0 12,0,2 1,163,1 0,0,0 1,163,1 0,0,0 1,163,1
ADDLINE 1,177,1 1,177,1 1,177,1 0,0,0 1,177,1 12,0,2 1,177,1 0,0,0 1,177,1
ADDLINE 1,142,1 0,0,0 12,0,2 0,0,0 1,142,1 0,0,0 0,0,0 0,0,0 1,142,1
ADDLINE 1,155,1 1,155,1 1,155,1 1,155,1 1,155,1 1,155,1 1,155,1 12,0,2 1,155,1
ADDLINE 0,0,0 0,0,0 0,0,0 0,0,0 0,0,0 0,0,0 12,0,2 0,0,0 1,168,1
ADDLINE 1,182,1 1,182,1 1,182,1 1,182,1 1,182,1 1,182,1 1,182,1 1,182,1 12,0,2
ADDLINE 1,146,1 1,146,1 1,146,1 1,146,1 0,0,0 0,0,0 12,0,2 0,0,0 0,0,0
ADDLINE 1,160,1 1,160,1 1,160,1 1,160,1 0,0,0 12,0,2 0,0,0 0,0,0 0,0,0
1,95,1 12,0,2 3,95,1 2,95,1 0,0,0 3,95,1 2,95,1 12,0,2 1,95,1
0,0,0 3,94,1 1,94,1 1,94,1 6,94,1 1,94,1 1,94,1 2,94,1 0,0,0
0,0,0 5,93,1 1,93,1 1,93,1 1,93,1 1,93,1 1,93,1 4,93,1 0,0,0
2,92,1 12,0,2 5,92,1 1,92,1 1,92,1 1,92,1 4,92,1 12,0,2 3,92,1
1,91,1 1,91,1 12,0,2 5,91,1 1,91,1 4,91,1 12,0,2 1,91,1 1,91,1
1,90,1 1,90,1 11,0,2 0,0,0 21,90,1 0,0,0 11,0,2 1,90,1 1,90,1
0,0,0 0,0,0 0,0,0 0,0,0 0,0,0 0,0,0 0,0,0 0,0,0 0,0,0
0,0,0 0,0,0 0,0,0 0,0,0 0,0,0 0,0,0 0,0,0 0,0,0 0,0,0
0,0,0 0,0,0 0,0,0 0,0,0 0,0,0 0,0,0 0,0,0 0,0,0 0,0,0