MODE 0
BALL 108
STARS 0/0/7910 35
ADDLINE 12,0,2 1,106,1 1,106,1 1,106,1 1,106,1 1,106,1 1,106,1 1,106,1 19,106,1
ADDLINE 0,0,0 12,0,2 1,107,1 1,107,1 19,107,1 1,107,1 1,107,1 1,107,1 1,107,1
ADDLINE 0,0,0 12,0,2 1,108,1 1,108,1 1,108,1 1,108,1 1,108,1 1,108,1 1,108,1
ADDLINE 12,0,2 1,119,1 1,119,1 1,119,1 1,119,1 1,119,1 1,119,1 1,119,1 1,119,1
ADDLINE 0,0,0 12,0,2 0,0,0 0,0,0 0,0,0 0,0,0 1,120,1 17,120,1 1,120,1
ADDLINE 1,131,1 1,200,1 1,200,1 1,200,1 1,131,1 12,0,2 1,200,1 1,200,1 1,131,1
ADDLINE 1,142,1 1,284,1 20,142,1 1,284,1 0,0,0 12,0,2 1,142,1 1,142,1 1,142,1
ADDLINE 1,308,1 1,308,1 1,308,1 0,0,0 1,308,1 1,308,1 12,0,2 1,308,1 16,154,1
ADDLINE 1,124,1 1,124,1 1,124,1 1,124,1 1,124,1 1,124,1 1,124,1 12,0,2 1,124,1
ADDLINE 1,136,1 1,272,1 1,272,1 1,136,1 1,136,1 1,136,1 1,136,1 1,136,1 12,0,2
ADDLINE 1,296,1 19,148,1 1,296,1 1,296,1 1,296,1 1,296,1 12,0,2 1,296,1 0,0,0
ADDLINE 1,160,1 1,320,1 1,320,1 1,160,1 0,0,0 0,0,0 0,0,0 12,0,2 0,0,0
ADDLINE 1,128,1 1,128,1 1,128,1 1,128,1 1,128,1 1,128,1 1,128,1 1,128,1 12,0,2
ADDLINE 1,141,1 1,141,1 1,141,1 1,141,1 0,0,0 0,0,0 12,0,2 0,0,0 0,0,0
ADDLINE 1,153,1 1,153,1 1,153,1 1,153,1 0,0,0 12,0,2 1,153,1 1,153,1 1,153,1
ADDLINE 1,165,1 1,165,1 1,165,1 1,165,1 1,165,1 12,0,2 1,165,1 1,165,1 1,165,1
ADDLINE 1,266,1 1,266,1 1,266,1 1,266,1 0,0,0 12,0,2 16,133,1 1,266,1 1,266,1
ADDLINE 1,145,1 1,145,1 1,145,1 0,0,0 12,0,2 1,290,1 1,145,1 1,145,1 1,145,1
ADDLINE 1,158,1 0,0,0 1,158,1 1,316,1 20,158,1 1,316,1 1,158,1 12,0,2 1,158,1
ADDLINE 1,342,1 1,342,1 1,342,1 1,342,1 1,342,1 1,342,1 1,342,1 12,0,2 16,171,1
ADDLINE 0,0,0 12,0,2 1,137,1 0,0,0 0,0,0 0,0,0 1,137,1 0,0,0 0,0,0
ADDLINE 1,150,1 12,0,2 1,150,1 1,150,1 1,150,1 1,150,1 1,150,1 1,150,1 1,150,1
ADDLINE 1,163,1 0,0,0 0,0,0 0,0,0 0,0,0 0,0,0 0,0,0 12,0,2 1,326,1
ADDLINE 1,177,1 0,0,0 1,177,1 1,177,1 1,177,1 1,177,1 1,177,1 12,0,2 17,177,1
ADDLINE 1,142,1 0,0,0 1,142,1 0,0,0 0,0,0 0,0,0 1,142,1 12,0,2 1,284,1
ADDLINE 1,155,1 0,0,0 1,155,1 12,0,2 1,155,1 1,155,1 1,155,1 0,0,0 1,155,1
ADDLINE 0,0,0 12,0,2 1,336,1 0,0,0 0,0,0 0,0,0 0,0,0 0,0,0 1,168,1
ADDLINE 1,182,1 1,364,1 20,182,1 1,364,1 12,0,2 1,182,1 1,182,1 1,182,1 1,182,1
ADDLINE 1,146,1 1,292,1 1,292,1 1,292,1 0,0,0 12,0,2 0,0,0 1,146,1 1,146,1
ADDLINE 1,160,1 1,160,1 1,160,1 1,160,1 0,0,0 0,0,0 12,0,2 1,160,1 1,160,1
15,0,2 0,0,0 1,95,1 1,95,1 1,95,1 12,0,2 1,95,1 1,95,1 1,95,1
0,0,0 1,94,1 1,94,1 1,94,1 12,0,2 1,94,1 1,94,1 1,94,1 19,94,1
0,0,0 0,0,0 12,0,2 1,93,1 1,93,1 1,93,1 1,93,1 1,93,1 1,93,1
0,0,0 0,0,0 1,92,1 1,92,1 1,92,1 12,0,2 1,92,1 1,92,1 1,92,1
0,0,0 1,91,1 1,91,1 1,91,1 12,0,2 14,0,2 1,91,1 1,91,1 1,91,1
0,0,0 1,90,1 1,90,1 0,0,0 12,0,2 1,90,1 1,90,1 1,90,1 1,90,1
0,0,0 0,0,0 0,0,0 0,0,0 0,0,0 0,0,0 0,0,0 0,0,0 0,0,0
0,0,0 0,0,0 0,0,0 0,0,0 0,0,0 0,0,0 0,0,0 0,0,0 0,0,0
0,0,0 0,0,0 0,0,0 0,0,0 0,0,0 0,0,0 0,0,0 0,0,0 0,0,0