MODE 0
BALL 108
STARS 0/0/12915 35
ADDLINE 1,106,1 1,106,1 1,106,1 12,0,2 1,106,1 1,106,1 1,106,1 1,106,1 1,106,1
ADDLINE 1,107,1 2,107,1 1,107,1 0,0,0 12,0,2 0,0,0 1,107,1 3,107,1 1,107,1
ADDLINE 4,108,1 1,108,1 1,108,1 1,108,1 0,0,0 12,0,2 2,108,1 4,108,1 1,108,1
ADDLINE 1,119,1 0,0,0 0,0,0 12,0,2 0,0,0 1,119,1 3,119,1 1,119,1 1,119,1
ADDLINE 1,120,1 0,0,0 12,0,2 1,120,1 4,120,1 1,120,1 1,120,1 1,120,1 5,120,1
ADDLINE 1,131,1 1,131,1 12,0,2 3,131,1 4,131,1 1,131,1 1,131,1 1,131,1 1,131,1
ADDLINE 1,142,1 5,142,1 0,0,0 12,0,2 5,142,1 1,142,1 4,142,1 1,142,1 1,142,1
ADDLINE 1,154,1 1,154,1 1,154,1 0,0,0 12,0,2 4,154,1 3,154,1 1,154,1 1,154,1
ADDLINE 1,124,1 1,124,1 1,124,1 1,124,1 0,0,0 12,0,2 0,0,0 0,0,0 1,124,1
ADDLINE 12,0,2 1,136,1 1,136,1 1,136,1 4,136,1 1,136,1 1,136,1 1,136,1 2,136,1
ADDLINE 0,0,0 0,0,0 12,0,2 3,148,1 1,148,1 1,148,1 1,148,1 1,148,1 1,148,1
ADDLINE 1,160,1 4,160,1 0,0,0 0,0,0 0,0,0 12,0,2 1,160,1 1,160,1 2,160,1
ADDLINE 1,128,1 1,128,1 2,128,1 1,128,1 1,128,1 12,0,2 1,128,1 1,128,1 5,128,1
ADDLINE 0,0,0 0,0,0 0,0,0 0,0,0 12,0,2 0,0,0 1,141,1 1,141,1 1,141,1
ADDLINE 12,0,2 1,153,1 1,153,1 1,153,1 2,153,1 3,153,1 1,153,1 3,153,1 1,153,1
ADDLINE 0,0,0 12,0,2 1,165,1 3,165,1 1,165,1 2,165,1 1,165,1 1,165,1 5,165,1
ADDLINE 0,0,0 12,0,2 1,133,1 1,133,1 1,133,1 1,133,1 1,133,1 1,133,1 1,133,1
ADDLINE 0,0,0 12,0,2 1,145,1 1,145,1 1,145,1 5,145,1 1,145,1 3,145,1 1,145,1
ADDLINE 1,158,1 0,0,0 1,158,1 4,158,1 1,158,1 1,158,1 1,158,1 12,0,2 1,158,1
ADDLINE 4,171,1 0,0,0 0,0,0 12,0,2 1,171,1 0,0,0 0,0,0 0,0,0 1,171,1
ADDLINE 2,137,1 0,0,0 1,137,1 1,137,1 1,137,1 12,0,2 3,137,1 1,137,1 1,137,1
ADDLINE 1,150,1 0,0,0 0,0,0 0,0,0 0,0,0 12,0,2 1,150,1 0,0,0 0,0,0
ADDLINE 4,163,1 1,163,1 1,163,1 1,163,1 1,163,1 1,163,1 1,163,1 12,0,2 3,163,1
ADDLINE 0,0,0 0,0,0 5,177,1 0,0,0 12,0,2 0,0,0 0,0,0 0,0,0 1,177,1
ADDLINE 1,142,1 0,0,0 1,142,1 12,0,2 1,142,1 3,142,1 1,142,1 1,142,1 1,142,1
ADDLINE 1,155,1 12,0,2 0,0,0 0,0,0 1,155,1 0,0,0 0,0,0 0,0,0 0,0,0
ADDLINE 1,168,1 2,168,1 1,168,1 5,168,1 1,168,1 0,0,0 1,168,1 12,0,2 5,168,1
ADDLINE 5,182,1 2,182,1 12,0,2 1,182,1 5,182,1 1,182,1 1,182,1 1,182,1 1,182,1
ADDLINE 1,146,1 1,146,1 12,0,2 1,146,1 1,146,1 1,146,1 3,146,1 1,146,1 1,146,1
ADDLINE 0,0,0 12,0,2 0,0,0 1,160,1 2,160,1 1,160,1 1,160,1 3,160,1 1,160,1
3,95,1 4,95,1 12,0,2 12,0,2 12,0,2 12,0,2 12,0,2 12,0,2 5,95,1
1,94,1 0,0,0 3,94,1 1,94,1 1,94,1 1,94,1 1,94,1 2,94,1 0,0,0
1,93,1 0,0,0 1,93,1 0,0,0 0,0,0 0,0,0 0,0,0 1,93,1 0,0,0
1,92,1 0,0,0 1,92,1 1,92,1 1,92,1 2,92,1 0,0,0 1,92,1 0,0,0
1,91,1 0,0,0 0,0,0 0,0,0 0,0,0 0,0,0 0,0,0 1,91,1 0,0,0
5,90,1 1,90,1 1,90,1 1,90,1 1,90,1 1,90,1 1,90,1 4,90,1 0,0,0
0,0,0 0,0,0 0,0,0 0,0,0 0,0,0 0,0,0 0,0,0 0,0,0 0,0,0
0,0,0 0,0,0 0,0,0 0,0,0 0,0,0 0,0,0 0,0,0 0,0,0 0,0,0
0,0,0 0,0,0 0,0,0 0,0,0 0,0,0 0,0,0 0,0,0 0,0,0 0,0,0