MODE 0
BALL 108
STARS 0/0/13055 35
ADDLINE 1,106,1 3,106,1 1,106,1 1,106,1 12,0,2 1,106,1 1,106,1 1,106,1 1,106,1
ADDLINE 1,107,1 1,107,1 1,107,1 1,107,1 0,0,0 0,0,0 12,0,2 0,0,0 2,107,1
ADDLINE 1,108,1 2,108,1 3,108,1 1,108,1 1,108,1 1,108,1 5,108,1 12,0,2 0,0,0
ADDLINE 1,119,1 1,119,1 1,119,1 1,119,1 1,119,1 1,119,1 3,119,1 1,119,1 12,0,2
ADDLINE 2,120,1 1,120,1 1,120,1 5,120,1 1,120,1 5,120,1 0,0,0 12,0,2 0,0,0
ADDLINE 1,131,1 2,131,1 1,131,1 1,131,1 0,0,0 12,0,2 0,0,0 1,131,1 1,131,1
ADDLINE 4,142,1 1,142,1 1,142,1 1,142,1 0,0,0 12,0,2 0,0,0 1,142,1 1,142,1
ADDLINE 1,154,1 3,154,1 1,154,1 1,154,1 1,154,1 1,154,1 0,0,0 12,0,2 3,154,1
ADDLINE 1,124,1 1,124,1 1,124,1 2,124,1 0,0,0 0,0,0 12,0,2 0,0,0 1,124,1
ADDLINE 1,136,1 3,136,1 1,136,1 1,136,1 1,136,1 1,136,1 1,136,1 4,136,1 12,0,2
ADDLINE 1,148,1 1,148,1 4,148,1 1,148,1 1,148,1 0,0,0 12,0,2 0,0,0 0,0,0
ADDLINE 2,160,1 1,160,1 3,160,1 1,160,1 1,160,1 0,0,0 12,0,2 0,0,0 1,160,1
ADDLINE 1,128,1 1,128,1 1,128,1 1,128,1 5,128,1 1,128,1 1,128,1 12,0,2 0,0,0
ADDLINE 1,141,1 3,141,1 1,141,1 1,141,1 4,141,1 3,141,1 0,0,0 12,0,2 0,0,0
ADDLINE 4,153,1 1,153,1 1,153,1 1,153,1 1,153,1 1,153,1 0,0,0 12,0,2 0,0,0
ADDLINE 1,165,1 4,165,1 1,165,1 1,165,1 1,165,1 0,0,0 12,0,2 0,0,0 0,0,0
ADDLINE 3,133,1 1,133,1 1,133,1 4,133,1 2,133,1 12,0,2 0,0,0 0,0,0 0,0,0
ADDLINE 1,145,1 1,145,1 1,145,1 1,145,1 1,145,1 0,0,0 0,0,0 12,0,2 0,0,0
ADDLINE 1,158,1 0,0,0 1,158,1 4,158,1 1,158,1 2,158,1 1,158,1 12,0,2 1,158,1
ADDLINE 0,0,0 0,0,0 1,171,1 0,0,0 12,0,2 0,0,0 1,171,1 0,0,0 0,0,0
ADDLINE 1,137,1 1,137,1 2,137,1 0,0,0 1,137,1 0,0,0 3,137,1 12,0,2 1,137,1
ADDLINE 0,0,0 0,0,0 0,0,0 12,0,2 5,150,1 0,0,0 1,150,1 0,0,0 1,150,1
ADDLINE 1,163,1 1,163,1 1,163,1 1,163,1 1,163,1 12,0,2 1,163,1 2,163,1 3,163,1
ADDLINE 0,0,0 12,0,2 1,177,1 0,0,0 2,177,1 0,0,0 0,0,0 0,0,0 1,177,1
ADDLINE 1,142,1 0,0,0 1,142,1 12,0,2 1,142,1 2,142,1 1,142,1 0,0,0 3,142,1
ADDLINE 0,0,0 0,0,0 3,155,1 0,0,0 12,0,2 0,0,0 1,155,1 0,0,0 1,155,1
ADDLINE 1,168,1 1,168,1 1,168,1 0,0,0 1,168,1 12,0,2 1,168,1 0,0,0 4,168,1
ADDLINE 1,182,1 4,182,1 12,0,2 3,182,1 1,182,1 1,182,1 1,182,1 1,182,1 1,182,1
ADDLINE 1,146,1 1,146,1 0,0,0 0,0,0 12,0,2 1,146,1 1,146,1 1,146,1 4,146,1
ADDLINE 1,160,1 5,160,1 1,160,1 1,160,1 0,0,0 12,0,2 0,0,0 3,160,1 1,160,1
1,95,1 1,95,1 0,0,0 0,0,0 0,0,0 0,0,0 12,0,2 1,95,1 1,95,1
3,94,1 1,94,1 1,94,1 4,94,1 1,94,1 2,94,1 12,0,2 1,94,1 1,94,1
1,93,1 2,93,1 4,93,1 1,93,1 2,93,1 22,0,2 12,0,2 6,93,1 1,93,1
1,92,1 2,92,1 1,92,1 2,92,1 1,92,1 12,0,2 0,0,0 3,92,1 1,92,1
1,91,1 1,91,1 1,91,1 1,91,1 0,0,0 12,0,2 3,91,1 1,91,1 1,91,1
1,90,1 1,90,1 2,90,1 0,0,0 12,0,2 3,90,1 1,90,1 1,90,1 1,90,1
0,0,0 0,0,0 0,0,0 0,0,0 0,0,0 0,0,0 0,0,0 0,0,0 0,0,0
0,0,0 0,0,0 0,0,0 0,0,0 0,0,0 0,0,0 0,0,0 0,0,0 0,0,0
0,0,0 0,0,0 0,0,0 0,0,0 0,0,0 0,0,0 0,0,0 0,0,0 0,0,0