MODE 0
BALL 108
STARS 0/0/13545 35
ADDLINE 1,106,1 1,106,1 1,106,1 4,106,1 1,106,1 4,106,1 12,0,2 1,106,1 1,106,1
ADDLINE 5,107,1 0,0,0 0,0,0 0,0,0 0,0,0 12,0,2 0,0,0 1,107,1 3,107,1
ADDLINE 1,108,1 0,0,0 0,0,0 12,0,2 1,108,1 1,108,1 1,108,1 1,108,1 1,108,1
ADDLINE 5,119,1 1,119,1 3,119,1 0,0,0 12,0,2 2,119,1 1,119,1 5,119,1 3,119,1
ADDLINE 1,120,1 1,120,1 1,120,1 1,120,1 12,0,2 1,120,1 1,120,1 1,120,1 1,120,1
ADDLINE 1,131,1 2,131,1 1,131,1 0,0,0 12,0,2 1,131,1 1,131,1 1,131,1 1,131,1
ADDLINE 2,142,1 1,142,1 1,142,1 0,0,0 12,0,2 1,142,1 1,142,1 5,142,1 1,142,1
ADDLINE 4,154,1 1,154,1 1,154,1 2,154,1 0,0,0 12,0,2 1,154,1 1,154,1 1,154,1
ADDLINE 1,124,1 1,124,1 1,124,1 1,124,1 5,124,1 0,0,0 12,0,2 1,124,1 1,124,1
ADDLINE 1,136,1 1,136,1 1,136,1 12,0,2 1,136,1 1,136,1 1,136,1 1,136,1 2,136,1
ADDLINE 1,148,1 1,148,1 1,148,1 0,0,0 0,0,0 12,0,2 1,148,1 3,148,1 1,148,1
ADDLINE 1,160,1 1,160,1 1,160,1 0,0,0 0,0,0 12,0,2 5,160,1 2,160,1 5,160,1
ADDLINE 1,128,1 1,128,1 1,128,1 0,0,0 12,0,2 0,0,0 0,0,0 1,128,1 3,128,1
ADDLINE 5,141,1 1,141,1 1,141,1 0,0,0 0,0,0 0,0,0 12,0,2 1,141,1 1,141,1
ADDLINE 1,153,1 4,153,1 1,153,1 0,0,0 12,0,2 4,153,1 1,153,1 1,153,1 1,153,1
ADDLINE 1,165,1 1,165,1 4,165,1 1,165,1 0,0,0 12,0,2 1,165,1 1,165,1 3,165,1
ADDLINE 3,133,1 1,133,1 1,133,1 0,0,0 0,0,0 12,0,2 1,133,1 1,133,1 1,133,1
ADDLINE 1,145,1 0,0,0 12,0,2 0,0,0 2,145,1 1,145,1 1,145,1 4,145,1 1,145,1
ADDLINE 1,158,1 0,0,0 5,158,1 0,0,0 0,0,0 12,0,2 1,158,1 0,0,0 0,0,0
ADDLINE 1,171,1 0,0,0 1,171,1 12,0,2 1,171,1 1,171,1 1,171,1 2,171,1 1,171,1
ADDLINE 0,0,0 12,0,2 1,137,1 0,0,0 0,0,0 0,0,0 0,0,0 0,0,0 3,137,1
ADDLINE 1,150,1 2,150,1 1,150,1 5,150,1 1,150,1 1,150,1 1,150,1 12,0,2 1,150,1
ADDLINE 4,163,1 0,0,0 12,0,2 0,0,0 5,163,1 0,0,0 0,0,0 0,0,0 1,163,1
ADDLINE 1,177,1 0,0,0 1,177,1 0,0,0 1,177,1 12,0,2 1,177,1 1,177,1 1,177,1
ADDLINE 0,0,0 0,0,0 1,142,1 0,0,0 3,142,1 12,0,2 5,142,1 0,0,0 0,0,0
ADDLINE 1,155,1 1,155,1 1,155,1 0,0,0 1,155,1 0,0,0 1,155,1 12,0,2 1,155,1
ADDLINE 0,0,0 0,0,0 4,168,1 0,0,0 1,168,1 0,0,0 1,168,1 12,0,2 1,168,1
ADDLINE 12,0,2 2,182,1 1,182,1 1,182,1 1,182,1 3,182,1 3,182,1 1,182,1 5,182,1
ADDLINE 12,0,2 1,146,1 5,146,1 1,146,1 1,146,1 1,146,1 1,146,1 1,146,1 1,146,1
ADDLINE 0,0,0 0,0,0 12,0,2 1,160,1 1,160,1 1,160,1 1,160,1 1,160,1 2,160,1
1,95,1 1,95,1 4,95,1 3,95,1 1,95,1 2,95,1 5,95,1 1,95,1 1,95,1
1,94,1 4,94,1 3,94,1 12,0,2 1,94,1 12,0,2 2,94,1 5,94,1 1,94,1
4,93,1 3,93,1 1,93,1 12,0,2 1,93,1 12,0,2 1,93,1 2,93,1 5,93,1
11,0,2 1,92,1 1,92,1 1,92,1 1,92,1 1,92,1 1,92,1 1,92,1 11,0,2
2,91,1 5,91,1 1,91,1 1,91,1 1,91,1 1,91,1 1,91,1 4,91,1 3,91,1
1,90,1 2,90,1 0,0,0 12,0,2 1,90,1 12,0,2 0,0,0 3,90,1 1,90,1
0,0,0 0,0,0 0,0,0 0,0,0 0,0,0 0,0,0 0,0,0 0,0,0 0,0,0
0,0,0 0,0,0 0,0,0 0,0,0 0,0,0 0,0,0 0,0,0 0,0,0 0,0,0
0,0,0 0,0,0 0,0,0 0,0,0 0,0,0 0,0,0 0,0,0 0,0,0 0,0,0