MODE 0
BALL 108
STARS 0/0/7980 35
ADDLINE 1,106,1 12,0,2 1,106,1 1,106,1 1,106,1 1,106,1 1,106,1 1,106,1 1,106,1
ADDLINE 1,107,1 8,0,2 0,0,0 12,0,2 1,107,1 1,107,1 1,107,1 1,107,1 1,107,1
ADDLINE 0,0,0 12,0,2 0,0,0 0,0,0 1,108,1 1,108,1 1,108,1 1,108,1 1,108,1
ADDLINE 12,0,2 1,119,1 1,119,1 1,119,1 16,119,1 1,119,1 1,119,1 1,119,1 1,119,1
ADDLINE 0,0,0 0,0,0 12,0,2 1,120,1 1,120,1 1,120,1 1,120,1 1,120,1 1,120,1
ADDLINE 0,0,0 0,0,0 12,0,2 1,131,1 1,131,1 17,131,1 1,131,1 1,131,1 1,131,1
ADDLINE 0,0,0 12,0,2 1,142,1 1,142,1 1,284,1 1,284,1 1,284,1 1,142,1 1,142,1
ADDLINE 1,154,1 0,0,0 0,0,0 12,0,2 0,0,0 1,154,1 1,154,1 1,154,1 1,154,1
ADDLINE 1,248,1 1,248,1 1,248,1 1,248,1 0,0,0 0,0,0 8,0,2 12,0,2 1,248,1
ADDLINE 1,272,1 1,272,1 1,136,1 12,0,2 1,272,1 1,272,1 1,272,1 1,136,1 1,136,1
ADDLINE 19,148,1 1,296,1 1,296,1 0,0,0 1,296,1 7,0,2 12,0,2 1,296,1 1,296,1
ADDLINE 1,320,1 1,320,1 1,320,1 1,320,1 1,320,1 1,320,1 0,0,0 12,0,2 0,0,0
ADDLINE 1,128,1 1,256,1 17,128,1 1,256,1 1,128,1 1,128,1 1,128,1 1,128,1 12,0,2
ADDLINE 1,141,1 1,282,1 1,282,1 1,282,1 1,141,1 1,141,1 1,141,1 12,0,2 0,0,0
ADDLINE 1,153,1 1,153,1 1,153,1 1,153,1 1,153,1 1,153,1 1,153,1 12,0,2 0,0,0
ADDLINE 1,165,1 1,165,1 1,330,1 1,330,1 0,0,0 0,0,0 12,0,2 0,0,0 0,0,0
ADDLINE 1,266,1 1,266,1 1,266,1 19,133,1 1,266,1 1,266,1 1,266,1 12,0,2 0,0,0
ADDLINE 1,290,1 1,290,1 1,290,1 1,290,1 19,145,1 1,290,1 1,290,1 12,0,2 0,0,0
ADDLINE 1,158,1 0,0,0 1,158,1 1,316,1 1,316,1 12,0,2 1,158,1 1,158,1 1,158,1
ADDLINE 1,171,1 0,0,0 1,171,1 0,0,0 12,0,2 0,0,0 0,0,0 1,342,1 1,171,1
ADDLINE 1,274,1 0,0,0 1,274,1 12,0,2 1,274,1 1,274,1 1,274,1 19,137,1 1,274,1
ADDLINE 12,0,2 1,300,1 1,300,1 1,300,1 19,150,1 1,300,1 1,300,1 1,300,1 0,0,0
ADDLINE 1,163,1 1,163,1 1,163,1 1,326,1 1,326,1 12,0,2 1,326,1 1,326,1 1,163,1
ADDLINE 12,0,2 0,0,0 0,0,0 0,0,0 0,0,0 0,0,0 17,177,1 1,354,1 0,0,0
ADDLINE 1,142,1 1,142,1 1,142,1 1,142,1 1,142,1 1,284,1 1,284,1 12,0,2 1,284,1
ADDLINE 0,0,0 1,310,1 1,310,1 1,310,1 8,0,2 12,0,2 1,310,1 1,310,1 19,155,1
ADDLINE 1,168,1 0,0,0 1,168,1 0,0,0 1,168,1 12,0,2 1,168,1 1,336,1 1,336,1
ADDLINE 1,182,1 1,182,1 1,182,1 1,182,1 1,182,1 1,364,1 1,364,1 1,364,1 12,0,2
ADDLINE 1,292,1 1,292,1 1,292,1 1,292,1 12,0,2 0,0,0 10,0,2 0,0,0 0,0,0
ADDLINE 1,160,1 1,160,1 1,160,1 1,160,1 0,0,0 12,0,2 0,0,0 0,0,0 0,0,0
1,95,1 11,0,2 1,95,1 1,95,1 1,95,1 12,0,2 1,95,1 1,95,1 1,95,1
1,94,1 1,5,1 1,94,1 16,94,1 1,94,1 1,94,1 1,94,1 12,0,2 0,0,0
1,93,1 12,0,2 18,93,1 1,93,1 1,93,1 1,93,1 1,93,1 1,93,1 1,93,1
1,92,1 0,0,0 12,0,2 1,92,1 1,92,1 0,0,0 0,0,0 0,0,0 1,92,1
1,91,1 1,5,1 1,91,1 12,0,2 19,91,1 1,91,1 1,91,1 1,91,1 1,91,1
1,90,1 8,0,2 12,0,2 1,90,1 1,90,1 1,90,1 1,90,1 1,90,1 1,90,1
0,0,0 0,0,0 0,0,0 0,0,0 0,0,0 0,0,0 0,0,0 0,0,0 0,0,0
0,0,0 0,0,0 0,0,0 0,0,0 0,0,0 0,0,0 0,0,0 0,0,0 0,0,0
0,0,0 0,0,0 0,0,0 0,0,0 0,0,0 0,0,0 0,0,0 0,0,0 0,0,0