MODE 0
BALL 108
STARS 0/0/13265 35
ADDLINE 1,106,1 1,106,1 5,106,1 12,0,2 1,106,1 1,106,1 1,106,1 1,106,1 1,106,1
ADDLINE 1,107,1 1,107,1 1,107,1 0,0,0 12,0,2 0,0,0 1,107,1 2,107,1 1,107,1
ADDLINE 1,108,1 1,108,1 2,108,1 1,108,1 7,0,2 12,0,2 3,108,1 1,108,1 5,108,1
ADDLINE 1,119,1 0,0,0 12,0,2 0,0,0 0,0,0 1,119,1 1,119,1 1,119,1 1,119,1
ADDLINE 1,120,1 0,0,0 12,0,2 1,120,1 1,120,1 2,120,1 5,120,1 1,120,1 1,120,1
ADDLINE 1,131,1 4,131,1 12,0,2 1,131,1 1,131,1 5,131,1 1,131,1 1,131,1 4,131,1
ADDLINE 1,142,1 1,142,1 0,0,0 12,0,2 1,284,1 1,142,1 1,142,1 1,142,1 1,142,1
ADDLINE 5,154,1 1,154,1 1,308,1 7,0,2 12,0,2 1,154,1 3,154,1 1,154,1 2,154,1
ADDLINE 1,124,1 1,124,1 1,248,1 1,248,1 0,0,0 0,0,0 12,0,2 0,0,0 5,124,1
ADDLINE 12,0,2 1,136,1 1,136,1 1,136,1 4,136,1 1,136,1 1,136,1 1,136,1 3,136,1
ADDLINE 0,0,0 0,0,0 12,0,2 1,148,1 1,148,1 4,148,1 1,148,1 1,148,1 1,148,1
ADDLINE 1,160,1 2,160,1 0,0,0 0,0,0 12,0,2 0,0,0 2,160,1 1,160,1 1,160,1
ADDLINE 2,128,1 1,128,1 1,128,1 1,128,1 1,128,1 12,0,2 1,128,1 1,128,1 1,128,1
ADDLINE 0,0,0 0,0,0 0,0,0 8,0,2 0,0,0 12,0,2 1,282,1 1,282,1 1,282,1
ADDLINE 12,0,2 1,153,1 3,153,1 2,153,1 1,153,1 1,153,1 1,153,1 4,153,1 1,153,1
ADDLINE 0,0,0 12,0,2 1,165,1 1,165,1 1,165,1 1,165,1 3,165,1 5,165,1 1,165,1
ADDLINE 0,0,0 12,0,2 1,133,1 1,133,1 3,133,1 5,133,1 1,133,1 1,133,1 1,133,1
ADDLINE 0,0,0 12,0,2 1,145,1 2,145,1 1,145,1 1,145,1 1,145,1 1,145,1 1,145,1
ADDLINE 1,158,1 0,0,0 1,158,1 1,158,1 2,158,1 0,0,0 4,158,1 12,0,2 1,158,1
ADDLINE 1,171,1 0,0,0 12,0,2 0,0,0 0,0,0 0,0,0 1,171,1 0,0,0 1,171,1
ADDLINE 1,137,1 1,137,1 1,137,1 1,137,1 5,137,1 12,0,2 4,137,1 1,137,1 1,137,1
ADDLINE 0,0,0 11,0,2 1,300,1 12,0,2 0,0,0 0,0,0 1,150,1 0,0,0 0,0,0
ADDLINE 3,163,1 0,0,0 1,326,1 0,0,0 1,163,1 1,163,1 4,163,1 12,0,2 1,163,1
ADDLINE 0,0,0 0,0,0 1,177,1 12,0,2 1,177,1 0,0,0 1,177,1 0,0,0 0,0,0
ADDLINE 1,142,1 0,0,0 1,142,1 0,0,0 3,142,1 12,0,2 5,142,1 1,142,1 1,142,1
ADDLINE 1,155,1 0,0,0 2,155,1 0,0,0 0,0,0 12,0,2 1,155,1 0,0,0 2,155,1
ADDLINE 1,168,1 11,0,2 1,336,1 1,168,1 1,168,1 0,0,0 1,168,1 12,0,2 1,168,1
ADDLINE 1,182,1 1,364,1 12,0,2 4,182,1 1,182,1 1,182,1 2,182,1 1,182,1 1,182,1
ADDLINE 1,146,1 1,292,1 12,0,2 3,146,1 1,146,1 1,146,1 3,146,1 1,146,1 1,146,1
ADDLINE 0,0,0 10,0,2 12,0,2 1,320,1 1,320,1 1,320,1 1,320,1 1,320,1 1,320,1
1,95,1 1,95,1 1,95,1 5,95,1 1,95,1 1,95,1 2,95,1 12,0,2 3,95,1
1,94,1 1,94,1 1,94,1 1,94,1 1,94,1 0,0,0 12,0,2 15,0,2 19,94,1
10,0,2 0,0,0 0,0,0 12,0,2 0,0,0 0,0,0 6,93,1 1,93,1 1,93,1
0,0,0 12,0,2 1,92,1 1,92,1 1,92,1 1,92,1 1,92,1 1,92,1 1,92,1
1,91,1 0,0,0 12,0,2 0,0,0 1,91,1 1,91,1 4,91,1 2,91,1 3,91,1
0,0,0 14,0,2 12,0,2 0,0,0 3,90,1 1,90,1 1,90,1 1,90,1 1,90,1
0,0,0 0,0,0 0,0,0 0,0,0 0,0,0 0,0,0 0,0,0 0,0,0 0,0,0
0,0,0 0,0,0 0,0,0 0,0,0 0,0,0 0,0,0 0,0,0 0,0,0 0,0,0
0,0,0 0,0,0 0,0,0 0,0,0 0,0,0 0,0,0 0,0,0 0,0,0 0,0,0