MODE 0
BALL 108
STARS 0/0/7560 35
ADDLINE 1,106,1 2,106,1 1,106,1 1,106,1 1,106,1 12,0,2 5,106,1 1,106,1 1,106,1
ADDLINE 5,107,1 1,107,1 1,107,1 1,107,1 1,107,1 12,0,2 1,107,1 1,107,1 1,107,1
ADDLINE 3,108,1 1,108,1 3,108,1 1,108,1 1,108,1 12,0,2 1,108,1 2,108,1 1,108,1
ADDLINE 1,119,1 1,119,1 1,119,1 3,119,1 4,119,1 12,0,2 5,119,1 1,119,1 1,119,1
ADDLINE 5,120,1 0,0,0 0,0,0 0,0,0 12,0,2 0,0,0 1,120,1 1,120,1 1,120,1
ADDLINE 1,131,1 0,0,0 0,0,0 0,0,0 12,0,2 1,131,1 1,131,1 1,131,1 1,131,1
ADDLINE 1,142,1 1,142,1 1,142,1 2,142,1 0,0,0 12,0,2 0,0,0 0,0,0 1,142,1
ADDLINE 1,154,1 1,154,1 1,154,1 1,154,1 1,154,1 4,154,1 1,154,1 12,0,2 3,154,1
ADDLINE 1,124,1 1,124,1 1,124,1 2,124,1 1,124,1 1,124,1 4,124,1 12,0,2 0,0,0
ADDLINE 12,0,2 1,136,1 2,136,1 1,136,1 4,136,1 1,136,1 1,136,1 1,136,1 1,136,1
ADDLINE 0,0,0 0,0,0 12,0,2 0,0,0 1,148,1 1,148,1 1,148,1 2,148,1 1,148,1
ADDLINE 0,0,0 0,0,0 12,0,2 0,0,0 1,160,1 5,160,1 1,160,1 1,160,1 1,160,1
ADDLINE 0,0,0 0,0,0 0,0,0 12,0,2 1,128,1 1,128,1 1,128,1 1,128,1 1,128,1
ADDLINE 1,141,1 2,141,1 0,0,0 12,0,2 1,141,1 5,141,1 3,141,1 1,141,1 1,141,1
ADDLINE 0,0,0 12,0,2 0,0,0 1,153,1 1,153,1 1,153,1 3,153,1 1,153,1 1,153,1
ADDLINE 0,0,0 12,0,2 0,0,0 0,0,0 2,165,1 1,165,1 1,165,1 1,165,1 1,165,1
ADDLINE 0,0,0 0,0,0 0,0,0 12,0,2 1,133,1 1,133,1 4,133,1 1,133,1 1,133,1
ADDLINE 0,0,0 0,0,0 12,0,2 1,145,1 1,145,1 1,145,1 3,145,1 1,145,1 4,145,1
ADDLINE 0,0,0 0,0,0 12,0,2 0,0,0 1,158,1 0,0,0 1,158,1 0,0,0 0,0,0
ADDLINE 4,171,1 1,171,1 1,171,1 0,0,0 5,171,1 12,0,2 3,171,1 0,0,0 1,171,1
ADDLINE 0,0,0 0,0,0 1,137,1 0,0,0 0,0,0 12,0,2 1,137,1 0,0,0 1,137,1
ADDLINE 1,150,1 0,0,0 1,150,1 0,0,0 3,150,1 1,150,1 1,150,1 12,0,2 2,150,1
ADDLINE 1,163,1 0,0,0 1,163,1 0,0,0 5,163,1 12,0,2 0,0,0 0,0,0 1,163,1
ADDLINE 1,177,1 0,0,0 1,177,1 1,177,1 2,177,1 12,0,2 1,177,1 1,177,1 1,177,1
ADDLINE 1,142,1 0,0,0 0,0,0 0,0,0 1,142,1 12,0,2 3,142,1 0,0,0 0,0,0
ADDLINE 1,155,1 1,155,1 1,155,1 0,0,0 1,155,1 12,0,2 1,155,1 2,155,1 1,155,1
ADDLINE 1,168,1 0,0,0 0,0,0 0,0,0 4,168,1 0,0,0 0,0,0 12,0,2 1,168,1
ADDLINE 2,182,1 1,182,1 1,182,1 1,182,1 1,182,1 12,0,2 1,182,1 1,182,1 5,182,1
ADDLINE 5,146,1 1,146,1 1,146,1 0,0,0 12,0,2 0,0,0 2,146,1 1,146,1 1,146,1
ADDLINE 1,160,1 1,160,1 1,160,1 0,0,0 12,0,2 1,160,1 1,160,1 1,160,1 4,160,1
1,95,1 15,0,2 0,0,0 9,0,2 1,95,1 12,0,2 1,95,1 1,95,1 1,95,1
1,94,1 1,94,1 1,94,1 2,94,1 2,94,1 12,0,2 21,94,1 1,94,1 4,94,1
3,93,1 1,93,1 1,93,1 1,93,1 1,93,1 12,0,2 1,93,1 3,93,1 1,93,1
1,92,1 1,92,1 4,92,1 1,92,1 1,92,1 12,0,2 1,92,1 1,92,1 4,92,1
6,91,1 1,91,1 1,91,1 1,91,1 3,91,1 10,0,2 12,0,2 0,0,0 14,0,2
1,90,1 5,90,1 1,90,1 1,90,1 1,90,1 5,90,1 1,90,1 12,0,2 8,0,2
0,0,0 0,0,0 0,0,0 0,0,0 0,0,0 0,0,0 0,0,0 0,0,0 0,0,0
0,0,0 0,0,0 0,0,0 0,0,0 0,0,0 0,0,0 0,0,0 0,0,0 0,0,0
0,0,0 0,0,0 0,0,0 0,0,0 0,0,0 0,0,0 0,0,0 0,0,0 0,0,0