MODE 0
BALL 108
STARS 0/0/7420 35
ADDLINE 1,106,1 1,106,1 1,106,1 1,106,1 12,0,2 3,106,1 2,106,1 1,106,1 1,106,1
ADDLINE 1,107,1 5,107,1 1,107,1 2,107,1 0,0,0 0,0,0 0,0,0 12,0,2 1,107,1
ADDLINE 1,108,1 1,108,1 5,108,1 1,108,1 1,108,1 1,108,1 1,108,1 12,0,2 0,0,0
ADDLINE 1,119,1 3,119,1 1,119,1 1,119,1 2,119,1 1,119,1 1,119,1 1,119,1 12,0,2
ADDLINE 1,120,1 1,120,1 1,120,1 1,120,1 1,120,1 1,120,1 12,0,2 0,0,0 0,0,0
ADDLINE 1,131,1 4,131,1 4,131,1 3,131,1 0,0,0 0,0,0 12,0,2 1,131,1 1,131,1
ADDLINE 4,142,1 1,142,1 1,142,1 1,142,1 0,0,0 12,0,2 0,0,0 3,142,1 1,142,1
ADDLINE 1,154,1 1,154,1 1,154,1 5,154,1 1,154,1 1,154,1 0,0,0 12,0,2 4,154,1
ADDLINE 1,124,1 1,124,1 1,124,1 1,124,1 0,0,0 12,0,2 0,0,0 0,0,0 1,124,1
ADDLINE 1,136,1 2,136,1 1,136,1 2,136,1 1,136,1 1,136,1 1,136,1 1,136,1 12,0,2
ADDLINE 1,148,1 5,148,1 1,148,1 1,148,1 1,148,1 0,0,0 0,0,0 12,0,2 0,0,0
ADDLINE 1,160,1 5,160,1 1,160,1 1,160,1 1,160,1 0,0,0 0,0,0 12,0,2 4,160,1
ADDLINE 1,128,1 4,128,1 1,128,1 1,128,1 2,128,1 1,128,1 1,128,1 12,0,2 0,0,0
ADDLINE 1,141,1 4,141,1 5,141,1 1,141,1 2,141,1 1,141,1 0,0,0 12,0,2 0,0,0
ADDLINE 1,153,1 1,153,1 1,153,1 1,153,1 1,153,1 1,153,1 12,0,2 0,0,0 0,0,0
ADDLINE 1,165,1 1,165,1 1,165,1 1,165,1 1,165,1 0,0,0 0,0,0 12,0,2 0,0,0
ADDLINE 1,133,1 3,133,1 2,133,1 1,133,1 1,133,1 12,0,2 0,0,0 0,0,0 0,0,0
ADDLINE 1,145,1 4,145,1 1,145,1 4,145,1 1,145,1 0,0,0 12,0,2 0,0,0 0,0,0
ADDLINE 1,158,1 0,0,0 1,158,1 12,0,2 1,158,1 0,0,0 1,158,1 1,158,1 1,158,1
ADDLINE 3,171,1 0,0,0 1,171,1 0,0,0 0,0,0 12,0,2 1,171,1 0,0,0 0,0,0
ADDLINE 1,137,1 0,0,0 1,137,1 4,137,1 1,137,1 2,137,1 1,137,1 12,0,2 2,137,1
ADDLINE 0,0,0 0,0,0 1,150,1 0,0,0 0,0,0 0,0,0 0,0,0 12,0,2 3,150,1
ADDLINE 1,163,1 1,163,1 1,163,1 12,0,2 5,163,1 4,163,1 1,163,1 1,163,1 1,163,1
ADDLINE 1,177,1 0,0,0 0,0,0 0,0,0 1,177,1 12,0,2 0,0,0 0,0,0 1,177,1
ADDLINE 1,142,1 0,0,0 1,142,1 1,142,1 1,142,1 1,142,1 1,142,1 12,0,2 1,142,1
ADDLINE 0,0,0 0,0,0 1,155,1 0,0,0 0,0,0 0,0,0 12,0,2 0,0,0 3,155,1
ADDLINE 1,168,1 5,168,1 2,168,1 5,168,1 1,168,1 0,0,0 1,168,1 12,0,2 1,168,1
ADDLINE 1,182,1 1,182,1 12,0,2 1,182,1 2,182,1 5,182,1 1,182,1 1,182,1 1,182,1
ADDLINE 1,146,1 1,146,1 0,0,0 0,0,0 12,0,2 5,146,1 1,146,1 4,146,1 1,146,1
ADDLINE 4,160,1 1,160,1 1,160,1 1,160,1 0,0,0 0,0,0 12,0,2 1,160,1 1,160,1
2,95,1 1,95,1 5,95,1 1,95,1 1,95,1 1,95,1 1,95,1 12,0,2 1,95,1
3,94,1 1,94,1 9,0,2 12,0,2 22,0,2 0,0,0 10,0,2 0,0,0 5,94,1
1,93,1 1,93,1 12,0,2 1,93,1 1,93,1 1,93,1 1,93,1 3,93,1 1,93,1
1,92,1 1,92,1 12,0,2 1,92,1 6,92,1 1,92,1 1,92,1 1,92,1 3,92,1
0,0,0 12,0,2 11,0,2 1,91,1 1,91,1 2,91,1 20,91,1 1,91,1 0,0,0
0,0,0 12,0,2 0,0,0 0,0,0 0,0,0 4,90,1 1,90,1 4,90,1 0,0,0
0,0,0 0,0,0 0,0,0 0,0,0 0,0,0 0,0,0 0,0,0 0,0,0 0,0,0
0,0,0 0,0,0 0,0,0 0,0,0 0,0,0 0,0,0 0,0,0 0,0,0 0,0,0
0,0,0 0,0,0 0,0,0 0,0,0 0,0,0 0,0,0 0,0,0 0,0,0 0,0,0