MODE 0
BALL 108
STARS 0/0/8295 35
ADDLINE 5,106,1 3,106,1 2,106,1 1,106,1 1,106,1 1,106,1 12,0,2 5,106,1 1,106,1
ADDLINE 1,107,1 0,0,0 12,0,2 0,0,0 0,0,0 0,0,0 0,0,0 1,107,1 1,107,1
ADDLINE 1,108,1 0,0,0 12,0,2 0,0,0 1,108,1 1,108,1 1,108,1 1,108,1 1,108,1
ADDLINE 1,119,1 1,119,1 5,119,1 0,0,0 12,0,2 1,119,1 1,119,1 1,119,1 1,119,1
ADDLINE 17,120,1 1,120,1 1,120,1 1,120,1 12,0,2 1,120,1 1,120,1 1,120,1 1,120,1
ADDLINE 1,131,1 1,131,1 3,131,1 0,0,0 12,0,2 1,131,1 17,131,1 1,131,1 1,131,1
ADDLINE 3,142,1 1,284,1 1,284,1 0,0,0 12,0,2 1,284,1 1,284,1 1,284,1 1,142,1
ADDLINE 1,308,1 19,154,1 1,308,1 1,308,1 0,0,0 12,0,2 1,308,1 1,308,1 1,308,1
ADDLINE 5,124,1 1,248,1 1,248,1 1,124,1 1,124,1 0,0,0 12,0,2 1,124,1 1,124,1
ADDLINE 1,136,1 5,136,1 1,136,1 12,0,2 1,136,1 1,136,1 3,136,1 1,136,1 1,136,1
ADDLINE 1,148,1 1,296,1 1,296,1 0,0,0 12,0,2 0,0,0 1,148,1 1,148,1 4,148,1
ADDLINE 1,320,1 19,160,1 1,320,1 0,0,0 12,0,2 1,320,1 1,320,1 1,320,1 1,320,1
ADDLINE 3,128,1 1,256,1 1,256,1 0,0,0 0,0,0 0,0,0 12,0,2 1,128,1 1,128,1
ADDLINE 1,141,1 1,282,1 1,282,1 0,0,0 0,0,0 0,0,0 12,0,2 1,141,1 1,141,1
ADDLINE 1,153,1 1,306,1 20,153,1 1,306,1 12,0,2 4,153,1 1,153,1 5,153,1 1,153,1
ADDLINE 4,165,1 1,330,1 1,330,1 1,330,1 0,0,0 12,0,2 1,165,1 1,165,1 1,165,1
ADDLINE 1,266,1 1,266,1 5,133,1 0,0,0 12,0,2 0,0,0 1,133,1 1,133,1 1,133,1
ADDLINE 17,145,1 0,0,0 12,0,2 0,0,0 1,145,1 1,145,1 1,145,1 2,145,1 1,145,1
ADDLINE 1,316,1 1,316,1 16,158,1 1,316,1 12,0,2 1,316,1 1,316,1 1,316,1 0,0,0
ADDLINE 1,171,1 1,171,1 1,171,1 12,0,2 3,171,1 1,342,1 20,171,1 1,342,1 1,171,1
ADDLINE 0,0,0 0,0,0 1,137,1 0,0,0 1,137,1 1,274,1 1,274,1 12,0,2 5,137,1
ADDLINE 1,150,1 0,0,0 1,150,1 0,0,0 1,150,1 12,0,2 1,300,1 0,0,0 1,150,1
ADDLINE 1,163,1 1,326,1 1,326,1 12,0,2 1,163,1 1,326,1 20,163,1 1,326,1 1,163,1
ADDLINE 3,177,1 1,354,1 17,177,1 12,0,2 5,177,1 1,354,1 1,354,1 1,354,1 1,177,1
ADDLINE 1,142,1 1,284,1 1,284,1 0,0,0 12,0,2 1,284,1 17,142,1 1,284,1 0,0,0
ADDLINE 4,155,1 1,155,1 2,155,1 1,155,1 1,155,1 1,310,1 1,310,1 12,0,2 1,155,1
ADDLINE 1,168,1 0,0,0 1,336,1 12,0,2 0,0,0 0,0,0 0,0,0 0,0,0 1,168,1
ADDLINE 12,0,2 1,364,1 1,364,1 19,182,1 1,364,1 1,364,1 1,364,1 1,364,1 1,364,1
ADDLINE 12,0,2 1,146,1 1,292,1 1,292,1 1,292,1 1,146,1 4,146,1 1,292,1 1,292,1
ADDLINE 0,0,0 0,0,0 12,0,2 1,160,1 1,160,1 1,160,1 3,160,1 1,320,1 17,160,1
1,95,1 0,0,0 1,95,1 0,0,0 1,95,1 12,0,2 0,0,0 0,0,0 1,95,1
1,94,1 16,18,1 5,94,1 12,0,2 1,94,1 1,94,1 1,94,1 1,94,1 5,94,1
0,0,0 12,0,2 0,0,0 0,0,0 1,93,1 4,93,1 1,93,1 1,93,1 2,93,1
1,92,1 1,18,1 1,92,1 12,0,2 1,92,1 1,92,1 3,92,1 1,92,1 3,92,1
1,91,1 8,0,2 4,91,1 12,0,2 6,91,1 4,91,1 1,91,1 20,91,1 1,91,1
2,90,1 11,0,2 1,90,1 12,0,2 1,90,1 1,90,1 2,90,1 1,90,1 1,90,1
0,0,0 0,0,0 0,0,0 0,0,0 0,0,0 0,0,0 0,0,0 0,0,0 0,0,0
0,0,0 0,0,0 0,0,0 0,0,0 0,0,0 0,0,0 0,0,0 0,0,0 0,0,0
0,0,0 0,0,0 0,0,0 0,0,0 0,0,0 0,0,0 0,0,0 0,0,0 0,0,0