MODE 0
BALL 108
STARS 0/0/7525 35
ADDLINE 12,0,2 1,107,1 1,107,1 1,107,1 1,107,1 1,107,1 1,107,1 1,107,1 1,107,1
ADDLINE 0,0,0 0,0,0 12,0,2 10,0,2 1,108,1 1,108,1 1,108,1 1,108,1 1,108,1
ADDLINE 1,109,1 1,109,1 1,109,1 0,0,0 12,0,2 1,109,1 1,109,1 1,109,1 1,109,1
ADDLINE 1,120,1 0,0,0 0,0,0 0,0,0 12,0,2 1,120,1 1,120,1 1,120,1 1,120,1
ADDLINE 1,121,1 8,0,2 12,0,2 1,121,1 1,121,1 1,121,1 1,121,1 1,121,1 1,121,1
ADDLINE 11,0,2 12,0,2 0,0,0 1,132,1 1,132,1 1,132,1 1,132,1 1,132,1 1,132,1
ADDLINE 0,0,0 12,0,2 0,0,0 0,0,0 1,143,1 1,143,1 1,143,1 1,143,1 1,143,1
ADDLINE 0,0,0 12,0,2 0,0,0 0,0,0 1,155,1 1,155,1 1,155,1 1,155,1 1,155,1
ADDLINE 12,0,2 1,125,1 1,125,1 1,125,1 1,125,1 1,125,1 1,125,1 1,125,1 1,125,1
ADDLINE 12,0,2 1,137,1 1,137,1 1,137,1 1,137,1 1,137,1 1,137,1 1,137,1 1,137,1
ADDLINE 8,0,2 0,0,0 0,0,0 12,0,2 0,0,0 0,0,0 0,0,0 1,298,1 1,298,1
ADDLINE 1,161,1 1,161,1 1,161,1 1,161,1 1,161,1 0,0,0 12,0,2 1,161,1 1,161,1
ADDLINE 1,129,1 1,129,1 1,129,1 1,129,1 1,258,1 12,0,2 1,258,1 1,129,1 1,129,1
ADDLINE 1,284,1 1,284,1 1,284,1 1,284,1 1,284,1 10,0,2 12,0,2 1,284,1 1,284,1
ADDLINE 1,308,1 1,308,1 1,308,1 1,308,1 1,308,1 1,308,1 8,0,2 12,0,2 1,308,1
ADDLINE 1,166,1 1,166,1 1,166,1 1,166,1 1,166,1 0,0,0 12,0,2 0,0,0 1,166,1
ADDLINE 1,134,1 1,134,1 1,134,1 1,134,1 1,134,1 12,0,2 1,134,1 1,134,1 1,134,1
ADDLINE 1,146,1 1,146,1 1,146,1 1,146,1 1,146,1 0,0,0 0,0,0 12,0,2 1,146,1
ADDLINE 1,159,1 12,0,2 1,159,1 1,159,1 1,159,1 1,159,1 1,159,1 1,159,1 1,159,1
ADDLINE 0,0,0 0,0,0 1,172,1 0,0,0 1,172,1 0,0,0 12,0,2 0,0,0 0,0,0
ADDLINE 1,276,1 1,276,1 1,276,1 8,0,2 1,276,1 12,0,2 1,276,1 0,0,0 1,276,1
ADDLINE 1,151,1 0,0,0 1,151,1 0,0,0 12,0,2 0,0,0 1,151,1 0,0,0 1,151,1
ADDLINE 1,164,1 0,0,0 1,164,1 12,0,2 1,164,1 1,164,1 1,164,1 0,0,0 1,164,1
ADDLINE 1,178,1 11,0,2 0,0,0 0,0,0 12,0,2 0,0,0 1,178,1 0,0,0 1,178,1
ADDLINE 1,143,1 1,286,1 1,286,1 1,143,1 1,143,1 1,143,1 1,143,1 12,0,2 1,143,1
ADDLINE 0,0,0 12,0,2 0,0,0 0,0,0 0,0,0 0,0,0 0,0,0 11,0,2 1,156,1
ADDLINE 1,338,1 1,338,1 10,0,2 1,338,1 1,338,1 1,338,1 12,0,2 1,338,1 1,338,1
ADDLINE 12,0,2 1,366,1 1,366,1 1,366,1 1,183,1 1,183,1 1,183,1 1,183,1 1,183,1
ADDLINE 0,0,0 0,0,0 12,0,2 0,0,0 0,0,0 1,147,1 1,147,1 1,147,1 1,147,1
ADDLINE 1,161,1 1,161,1 1,161,1 1,161,1 12,0,2 1,161,1 1,161,1 1,161,1 1,161,1
1,96,1 1,96,1 1,96,1 0,0,0 12,0,2 1,96,1 1,96,1 1,96,1 1,96,1
1,95,1 1,95,1 1,95,1 11,0,2 0,0,0 12,0,2 0,0,0 1,95,1 1,95,1
1,94,1 1,94,1 1,94,1 19,5,1 1,94,1 1,94,1 12,0,2 1,94,1 1,94,1
1,93,1 6,93,1 1,93,1 1,5,1 1,93,1 0,0,0 12,0,2 1,93,1 1,93,1
1,92,1 1,92,1 1,92,1 1,5,1 1,92,1 0,0,0 0,0,0 12,0,2 0,0,0
1,91,1 1,91,1 1,91,1 9,0,2 12,0,2 0,0,0 0,0,0 0,0,0 0,0,0
0,0,0 0,0,0 0,0,0 0,0,0 0,0,0 0,0,0 0,0,0 0,0,0 0,0,0
0,0,0 0,0,0 0,0,0 0,0,0 0,0,0 0,0,0 0,0,0 0,0,0 0,0,0
0,0,0 0,0,0 0,0,0 0,0,0 0,0,0 0,0,0 0,0,0 0,0,0 0,0,0