MODE 0
BALL 108
STARS 0/0/7420 35
ADDLINE 12,0,2 1,107,1 1,107,1 1,107,1 1,107,1 1,107,1 1,107,1 1,107,1 1,107,1
ADDLINE 0,0,0 12,0,2 1,108,1 1,108,1 1,108,1 1,108,1 1,108,1 1,108,1 1,108,1
ADDLINE 0,0,0 12,0,2 1,109,1 1,109,1 1,109,1 1,109,1 1,109,1 1,109,1 1,109,1
ADDLINE 12,0,2 1,120,1 1,120,1 1,120,1 1,120,1 1,120,1 1,120,1 1,120,1 1,120,1
ADDLINE 0,0,0 0,0,0 0,0,0 0,0,0 12,0,2 0,0,0 1,121,1 1,121,1 1,121,1
ADDLINE 1,132,1 1,132,1 1,132,1 1,132,1 1,132,1 12,0,2 1,132,1 1,132,1 1,132,1
ADDLINE 1,143,1 1,143,1 1,143,1 0,0,0 12,0,2 0,0,0 1,143,1 1,143,1 1,143,1
ADDLINE 1,155,1 1,155,1 1,155,1 0,0,0 0,0,0 0,0,0 12,0,2 0,0,0 1,155,1
ADDLINE 1,125,1 1,125,1 1,125,1 1,125,1 1,125,1 1,125,1 1,125,1 12,0,2 1,125,1
ADDLINE 1,137,1 1,137,1 1,137,1 1,137,1 1,137,1 1,137,1 1,137,1 1,137,1 12,0,2
ADDLINE 1,149,1 1,149,1 1,149,1 1,149,1 12,0,2 0,0,0 0,0,0 0,0,0 0,0,0
ADDLINE 1,161,1 1,161,1 1,161,1 1,161,1 12,0,2 0,0,0 0,0,0 0,0,0 0,0,0
ADDLINE 1,129,1 1,129,1 1,129,1 1,129,1 1,129,1 1,129,1 1,129,1 1,129,1 12,0,2
ADDLINE 1,142,1 1,142,1 1,142,1 1,142,1 12,0,2 0,0,0 0,0,0 0,0,0 0,0,0
ADDLINE 1,154,1 1,154,1 1,154,1 1,154,1 0,0,0 12,0,2 1,154,1 1,154,1 1,154,1
ADDLINE 1,166,1 1,166,1 1,166,1 1,166,1 1,166,1 12,0,2 1,166,1 1,166,1 1,166,1
ADDLINE 1,134,1 1,134,1 1,134,1 1,134,1 0,0,0 12,0,2 1,134,1 1,134,1 1,134,1
ADDLINE 1,146,1 1,146,1 1,146,1 0,0,0 12,0,2 1,146,1 1,146,1 1,146,1 1,146,1
ADDLINE 1,159,1 0,0,0 0,0,0 0,0,0 1,159,1 0,0,0 0,0,0 12,0,2 1,159,1
ADDLINE 1,172,1 0,0,0 1,172,1 12,0,2 1,172,1 1,172,1 1,172,1 1,172,1 1,172,1
ADDLINE 1,138,1 0,0,0 1,138,1 0,0,0 0,0,0 0,0,0 0,0,0 12,0,2 1,138,1
ADDLINE 1,151,1 0,0,0 1,151,1 1,151,1 1,151,1 1,151,1 1,151,1 12,0,2 1,151,1
ADDLINE 1,164,1 0,0,0 12,0,2 0,0,0 0,0,0 0,0,0 1,164,1 0,0,0 1,164,1
ADDLINE 1,178,1 0,0,0 1,178,1 1,178,1 1,178,1 1,178,1 1,178,1 12,0,2 1,178,1
ADDLINE 0,0,0 0,0,0 1,143,1 0,0,0 12,0,2 0,0,0 1,143,1 0,0,0 1,143,1
ADDLINE 1,156,1 1,156,1 1,156,1 0,0,0 1,156,1 0,0,0 1,156,1 12,0,2 1,156,1
ADDLINE 0,0,0 0,0,0 0,0,0 0,0,0 1,169,1 12,0,2 1,169,1 0,0,0 0,0,0
ADDLINE 1,183,1 1,183,1 1,183,1 1,183,1 12,0,2 1,183,1 1,183,1 1,183,1 1,183,1
ADDLINE 1,147,1 1,147,1 1,147,1 1,147,1 0,0,0 12,0,2 0,0,0 1,147,1 1,147,1
ADDLINE 1,161,1 1,161,1 1,161,1 1,161,1 0,0,0 12,0,2 0,0,0 1,161,1 1,161,1
1,96,1 0,0,0 12,0,2 0,0,0 0,0,0 1,96,1 1,96,1 1,96,1 1,96,1
0,0,0 11,0,2 1,95,1 1,95,1 12,0,2 19,95,1 1,95,1 1,95,1 1,95,1
0,0,0 12,0,2 0,0,0 0,0,0 22,0,2 1,94,1 1,94,1 1,94,1 1,94,1
1,5,1 1,93,1 1,93,1 1,93,1 12,0,2 1,93,1 1,93,1 1,93,1 1,93,1
10,0,2 1,92,1 1,92,1 12,0,2 1,92,1 1,92,1 1,92,1 6,92,1 1,92,1
0,0,0 1,91,1 0,0,0 1,91,1 1,91,1 0,0,0 12,0,2 1,91,1 1,91,1
0,0,0 0,0,0 0,0,0 0,0,0 0,0,0 0,0,0 0,0,0 0,0,0 0,0,0
0,0,0 0,0,0 0,0,0 0,0,0 0,0,0 0,0,0 0,0,0 0,0,0 0,0,0
0,0,0 0,0,0 0,0,0 0,0,0 0,0,0 0,0,0 0,0,0 0,0,0 0,0,0