MODE 0
BALL 108
STARS 0/0/8295 35
ADDLINE 1,107,1 1,107,1 1,107,1 1,107,1 1,107,1 1,107,1 1,107,1 1,107,1 12,0,2
ADDLINE 1,108,1 1,108,1 1,108,1 1,108,1 1,108,1 1,108,1 1,108,1 1,108,1 12,0,2
ADDLINE 1,109,1 1,109,1 1,109,1 1,109,1 16,109,1 1,109,1 1,109,1 12,0,2 0,0,0
ADDLINE 1,120,1 1,120,1 1,120,1 1,120,1 1,120,1 1,120,1 12,0,2 0,0,0 0,0,0
ADDLINE 1,121,1 1,121,1 1,121,1 1,121,1 1,121,1 1,121,1 1,121,1 1,121,1 12,0,2
ADDLINE 1,132,1 1,132,1 1,132,1 1,132,1 1,132,1 0,0,0 12,0,2 0,0,0 0,0,0
ADDLINE 1,143,1 0,0,0 0,0,0 12,0,2 0,0,0 0,0,0 1,143,1 1,143,1 1,143,1
ADDLINE 0,0,0 12,0,2 1,155,1 1,155,1 1,155,1 1,155,1 1,155,1 1,155,1 1,155,1
ADDLINE 12,0,2 1,125,1 1,125,1 1,125,1 1,125,1 1,125,1 1,125,1 1,125,1 1,125,1
ADDLINE 1,137,1 1,137,1 1,137,1 1,137,1 1,137,1 12,0,2 1,137,1 1,137,1 1,137,1
ADDLINE 1,298,1 16,149,1 1,298,1 1,298,1 1,298,1 0,0,0 12,0,2 1,298,1 1,298,1
ADDLINE 1,161,1 1,161,1 1,161,1 1,161,1 1,161,1 1,161,1 1,161,1 12,0,2 1,161,1
ADDLINE 1,129,1 1,129,1 1,129,1 1,129,1 1,129,1 1,129,1 0,0,0 12,0,2 1,129,1
ADDLINE 0,0,0 0,0,0 0,0,0 0,0,0 12,0,2 0,0,0 0,0,0 1,142,1 1,142,1
ADDLINE 12,0,2 1,154,1 1,154,1 1,154,1 1,308,1 1,308,1 1,308,1 1,154,1 1,154,1
ADDLINE 12,0,2 1,332,1 1,332,1 1,332,1 1,332,1 19,166,1 1,332,1 1,332,1 1,332,1
ADDLINE 0,0,0 0,0,0 12,0,2 1,134,1 1,268,1 1,268,1 1,268,1 17,134,1 1,134,1
ADDLINE 1,292,1 1,292,1 0,0,0 12,0,2 1,292,1 1,292,1 19,146,1 1,292,1 1,292,1
ADDLINE 1,159,1 1,318,1 1,318,1 0,0,0 1,159,1 12,0,2 1,318,1 1,318,1 1,159,1
ADDLINE 0,0,0 1,344,1 17,172,1 1,344,1 1,172,1 0,0,0 12,0,2 0,0,0 0,0,0
ADDLINE 1,138,1 1,276,1 1,276,1 12,0,2 1,138,1 1,138,1 1,138,1 1,138,1 1,138,1
ADDLINE 1,151,1 0,0,0 1,151,1 12,0,2 0,0,0 0,0,0 0,0,0 0,0,0 1,151,1
ADDLINE 1,164,1 1,164,1 1,164,1 1,164,1 1,164,1 12,0,2 1,164,1 1,164,1 1,164,1
ADDLINE 1,178,1 12,0,2 0,0,0 0,0,0 1,178,1 0,0,0 1,178,1 0,0,0 0,0,0
ADDLINE 1,286,1 0,0,0 1,286,1 12,0,2 16,143,1 1,286,1 1,286,1 1,286,1 1,286,1
ADDLINE 1,312,1 1,312,1 1,312,1 1,312,1 1,312,1 1,312,1 16,156,1 12,0,2 0,0,0
ADDLINE 1,338,1 12,0,2 1,338,1 1,338,1 1,338,1 16,169,1 1,338,1 1,338,1 1,338,1
ADDLINE 1,183,1 12,0,2 1,183,1 1,183,1 1,183,1 1,183,1 1,366,1 1,366,1 1,183,1
ADDLINE 1,294,1 12,0,2 1,294,1 1,294,1 1,294,1 1,294,1 1,294,1 19,147,1 1,294,1
ADDLINE 1,161,1 12,0,2 1,322,1 20,161,1 1,322,1 1,161,1 1,322,1 1,322,1 1,161,1
1,96,1 1,96,1 1,96,1 1,96,1 1,96,1 19,96,1 12,0,2 1,96,1 1,96,1
1,95,1 1,95,1 1,95,1 1,95,1 0,0,0 1,95,1 12,0,2 1,95,1 1,95,1
0,0,0 0,0,0 12,0,2 18,94,1 0,0,0 1,94,1 0,0,0 1,94,1 1,94,1
1,93,1 1,93,1 1,93,1 1,93,1 1,93,1 1,93,1 12,0,2 1,93,1 1,93,1
0,0,0 1,92,1 0,0,0 0,0,0 0,0,0 0,0,0 12,0,2 0,0,0 0,0,0
1,91,1 1,91,1 1,91,1 19,91,1 12,0,2 1,91,1 1,91,1 1,91,1 1,91,1
0,0,0 0,0,0 0,0,0 0,0,0 0,0,0 0,0,0 0,0,0 0,0,0 0,0,0
0,0,0 0,0,0 0,0,0 0,0,0 0,0,0 0,0,0 0,0,0 0,0,0 0,0,0
0,0,0 0,0,0 0,0,0 0,0,0 0,0,0 0,0,0 0,0,0 0,0,0 0,0,0