MODE 0
BALL 108
STARS 0/0/7560 35
ADDLINE 1,107,1 1,107,1 1,107,1 12,0,2 1,107,1 1,107,1 1,107,1 1,107,1 1,107,1
ADDLINE 2,108,1 1,108,1 4,108,1 0,0,0 12,0,2 0,0,0 1,108,1 4,108,1 1,108,1
ADDLINE 1,109,1 1,109,1 1,109,1 1,109,1 0,0,0 12,0,2 5,109,1 5,109,1 1,109,1
ADDLINE 1,120,1 0,0,0 0,0,0 12,0,2 0,0,0 1,120,1 4,120,1 5,120,1 1,120,1
ADDLINE 1,121,1 0,0,0 12,0,2 1,121,1 1,121,1 1,121,1 3,121,1 1,121,1 1,121,1
ADDLINE 3,132,1 1,132,1 12,0,2 4,132,1 1,132,1 1,132,1 1,132,1 1,132,1 1,132,1
ADDLINE 3,143,1 1,143,1 0,0,0 12,0,2 1,143,1 1,143,1 1,143,1 1,143,1 2,143,1
ADDLINE 1,155,1 1,155,1 1,155,1 0,0,0 12,0,2 1,155,1 1,155,1 1,155,1 4,155,1
ADDLINE 1,125,1 4,125,1 2,125,1 1,125,1 0,0,0 0,0,0 12,0,2 0,0,0 1,125,1
ADDLINE 12,0,2 1,137,1 1,137,1 1,137,1 4,137,1 1,137,1 1,137,1 4,137,1 1,137,1
ADDLINE 0,0,0 12,0,2 0,0,0 1,149,1 1,149,1 1,149,1 1,149,1 5,149,1 3,149,1
ADDLINE 1,161,1 1,161,1 0,0,0 0,0,0 12,0,2 0,0,0 1,161,1 5,161,1 1,161,1
ADDLINE 5,129,1 1,129,1 1,129,1 1,129,1 1,129,1 12,0,2 1,129,1 1,129,1 1,129,1
ADDLINE 0,0,0 0,0,0 12,0,2 0,0,0 0,0,0 0,0,0 4,142,1 1,142,1 1,142,1
ADDLINE 12,0,2 1,154,1 1,154,1 1,154,1 1,154,1 3,154,1 4,154,1 1,154,1 5,154,1
ADDLINE 0,0,0 12,0,2 1,166,1 5,166,1 1,166,1 1,166,1 1,166,1 1,166,1 1,166,1
ADDLINE 0,0,0 12,0,2 5,134,1 1,134,1 4,134,1 1,134,1 4,134,1 1,134,1 1,134,1
ADDLINE 0,0,0 12,0,2 1,146,1 1,146,1 1,146,1 1,146,1 1,146,1 1,146,1 2,146,1
ADDLINE 5,159,1 0,0,0 0,0,0 0,0,0 1,159,1 12,0,2 0,0,0 0,0,0 0,0,0
ADDLINE 1,172,1 1,172,1 3,172,1 12,0,2 4,172,1 1,172,1 1,172,1 1,172,1 1,172,1
ADDLINE 0,0,0 0,0,0 1,138,1 0,0,0 1,138,1 0,0,0 1,138,1 12,0,2 0,0,0
ADDLINE 1,151,1 0,0,0 1,151,1 12,0,2 5,151,1 0,0,0 1,151,1 0,0,0 1,151,1
ADDLINE 3,164,1 0,0,0 1,164,1 12,0,2 1,164,1 0,0,0 1,164,1 0,0,0 0,0,0
ADDLINE 1,178,1 0,0,0 5,178,1 12,0,2 1,178,1 0,0,0 1,178,1 4,178,1 1,178,1
ADDLINE 5,143,1 0,0,0 1,143,1 0,0,0 0,0,0 0,0,0 0,0,0 12,0,2 1,143,1
ADDLINE 1,156,1 0,0,0 1,156,1 2,156,1 1,156,1 12,0,2 1,156,1 3,156,1 2,156,1
ADDLINE 1,169,1 0,0,0 1,169,1 12,0,2 1,169,1 0,0,0 1,169,1 0,0,0 0,0,0
ADDLINE 1,183,1 1,183,1 12,0,2 1,183,1 1,183,1 4,183,1 4,183,1 1,183,1 5,183,1
ADDLINE 1,147,1 1,147,1 12,0,2 1,147,1 5,147,1 1,147,1 3,147,1 1,147,1 1,147,1
ADDLINE 0,0,0 0,0,0 12,0,2 1,161,1 1,161,1 1,161,1 3,161,1 1,161,1 1,161,1
2,96,1 1,96,1 1,96,1 5,96,1 1,96,1 1,96,1 1,96,1 12,0,2 0,0,0
5,95,1 1,96,1 1,95,1 20,95,1 1,95,1 1,95,1 12,0,2 0,0,0 0,0,0
1,94,1 7,0,2 0,0,0 0,0,0 0,0,0 0,0,0 12,0,2 1,94,1 1,94,1
0,0,0 12,0,2 1,93,1 17,93,1 1,93,1 1,93,1 1,93,1 1,93,1 1,93,1
0,0,0 0,0,0 0,0,0 8,0,2 0,0,0 12,0,2 4,92,1 20,92,1 1,92,1
4,91,1 1,91,1 3,91,1 2,91,1 11,0,2 12,0,2 1,91,1 1,91,1 1,91,1
0,0,0 0,0,0 0,0,0 0,0,0 0,0,0 0,0,0 0,0,0 0,0,0 0,0,0
0,0,0 0,0,0 0,0,0 0,0,0 0,0,0 0,0,0 0,0,0 0,0,0 0,0,0
0,0,0 0,0,0 0,0,0 0,0,0 0,0,0 0,0,0 0,0,0 0,0,0 0,0,0