MODE 0
BALL 108
STARS 0/0/7455 35
ADDLINE 5,107,1 1,107,1 1,107,1 5,107,1 1,107,1 12,0,2 1,107,1 1,107,1 1,107,1
ADDLINE 1,108,1 2,108,1 1,108,1 3,108,1 1,108,1 12,0,2 1,108,1 2,108,1 1,108,1
ADDLINE 1,109,1 1,109,1 1,109,1 1,109,1 1,109,1 12,0,2 3,109,1 1,109,1 1,109,1
ADDLINE 1,120,1 1,120,1 1,120,1 1,120,1 5,120,1 12,0,2 4,120,1 1,120,1 1,120,1
ADDLINE 5,121,1 0,0,0 0,0,0 12,0,2 0,0,0 0,0,0 1,121,1 1,121,1 1,121,1
ADDLINE 2,132,1 0,0,0 12,0,2 0,0,0 0,0,0 1,132,1 1,132,1 1,132,1 1,132,1
ADDLINE 1,143,1 3,143,1 1,143,1 1,143,1 0,0,0 0,0,0 12,0,2 0,0,0 2,143,1
ADDLINE 1,155,1 5,155,1 1,155,1 1,155,1 1,155,1 1,155,1 1,155,1 12,0,2 3,155,1
ADDLINE 1,125,1 2,125,1 1,125,1 1,125,1 1,125,1 1,125,1 1,125,1 12,0,2 0,0,0
ADDLINE 12,0,2 4,137,1 1,137,1 3,137,1 1,137,1 1,137,1 1,137,1 5,137,1 1,137,1
ADDLINE 0,0,0 12,0,2 0,0,0 0,0,0 5,149,1 1,149,1 1,149,1 1,149,1 1,149,1
ADDLINE 0,0,0 0,0,0 0,0,0 12,0,2 1,161,1 1,161,1 1,161,1 1,161,1 1,161,1
ADDLINE 0,0,0 12,0,2 0,0,0 0,0,0 1,129,1 4,129,1 1,129,1 1,129,1 1,129,1
ADDLINE 1,142,1 1,142,1 0,0,0 12,0,2 1,142,1 5,142,1 1,142,1 1,142,1 1,142,1
ADDLINE 0,0,0 0,0,0 12,0,2 1,154,1 4,154,1 1,154,1 1,154,1 1,154,1 3,154,1
ADDLINE 0,0,0 0,0,0 12,0,2 0,0,0 1,166,1 3,166,1 1,166,1 1,166,1 1,166,1
ADDLINE 0,0,0 0,0,0 12,0,2 0,0,0 1,134,1 1,134,1 1,134,1 1,134,1 1,134,1
ADDLINE 0,0,0 12,0,2 0,0,0 1,146,1 5,146,1 4,146,1 1,146,1 4,146,1 1,146,1
ADDLINE 1,159,1 0,0,0 1,159,1 12,0,2 0,0,0 0,0,0 3,159,1 0,0,0 0,0,0
ADDLINE 1,172,1 1,172,1 1,172,1 12,0,2 1,172,1 1,172,1 1,172,1 1,172,1 4,172,1
ADDLINE 0,0,0 0,0,0 5,138,1 0,0,0 0,0,0 12,0,2 0,0,0 0,0,0 0,0,0
ADDLINE 1,151,1 0,0,0 3,151,1 1,151,1 2,151,1 1,151,1 1,151,1 12,0,2 1,151,1
ADDLINE 1,164,1 0,0,0 1,164,1 0,0,0 0,0,0 0,0,0 4,164,1 12,0,2 0,0,0
ADDLINE 1,178,1 0,0,0 1,178,1 0,0,0 4,178,1 12,0,2 1,178,1 1,178,1 1,178,1
ADDLINE 1,143,1 0,0,0 0,0,0 0,0,0 1,143,1 0,0,0 1,143,1 12,0,2 0,0,0
ADDLINE 1,156,1 5,156,1 1,156,1 1,156,1 1,156,1 0,0,0 1,156,1 12,0,2 2,156,1
ADDLINE 1,169,1 0,0,0 12,0,2 0,0,0 3,169,1 0,0,0 0,0,0 0,0,0 1,169,1
ADDLINE 4,183,1 1,183,1 1,183,1 1,183,1 1,183,1 12,0,2 1,183,1 2,183,1 1,183,1
ADDLINE 1,147,1 1,147,1 1,147,1 0,0,0 12,0,2 0,0,0 5,147,1 1,147,1 1,147,1
ADDLINE 2,161,1 1,161,1 1,161,1 0,0,0 12,0,2 1,161,1 1,161,1 5,161,1 1,161,1
1,96,1 1,96,1 1,96,1 1,96,1 12,0,2 1,96,1 1,96,1 4,96,1 1,96,1
1,95,1 2,95,1 20,95,1 4,95,1 12,0,2 6,95,1 0,0,0 0,0,0 0,0,0
1,94,1 21,94,1 2,94,1 1,94,1 1,94,1 1,94,1 12,0,2 5,94,1 1,94,1
0,0,0 0,0,0 10,0,2 12,0,2 0,0,0 1,93,1 11,0,2 1,93,1 5,93,1
1,92,1 1,92,1 1,92,1 1,92,1 4,92,1 1,92,1 12,0,2 1,92,1 1,92,1
3,91,1 1,91,1 5,91,1 1,91,1 0,0,0 1,91,1 12,0,2 1,91,1 0,0,0
0,0,0 0,0,0 0,0,0 0,0,0 0,0,0 0,0,0 0,0,0 0,0,0 0,0,0
0,0,0 0,0,0 0,0,0 0,0,0 0,0,0 0,0,0 0,0,0 0,0,0 0,0,0
0,0,0 0,0,0 0,0,0 0,0,0 0,0,0 0,0,0 0,0,0 0,0,0 0,0,0