MODE 0
BALL 108
STARS 0/0/13895 35
ADDLINE 1,107,1 1,107,1 1,107,1 1,107,1 12,0,2 1,107,1 1,107,1 1,107,1 1,107,1
ADDLINE 4,108,1 1,108,1 17,108,1 1,108,1 0,0,0 0,0,0 12,0,2 0,0,0 0,0,0
ADDLINE 1,109,1 1,109,1 1,109,1 1,109,1 3,109,1 1,109,1 1,109,1 12,0,2 0,0,0
ADDLINE 1,120,1 1,120,1 1,120,1 2,120,1 1,120,1 2,120,1 1,120,1 1,120,1 12,0,2
ADDLINE 1,121,1 1,121,1 1,121,1 1,121,1 3,121,1 1,121,1 0,0,0 12,0,2 0,0,0
ADDLINE 1,132,1 3,132,1 4,132,1 1,132,1 11,0,2 12,0,2 0,0,0 1,132,1 1,132,1
ADDLINE 1,143,1 1,143,1 2,143,1 1,286,1 0,0,0 12,0,2 0,0,0 1,143,1 4,143,1
ADDLINE 1,310,1 16,155,1 1,310,1 1,310,1 1,310,1 1,310,1 0,0,0 12,0,2 1,310,1
ADDLINE 1,125,1 1,125,1 1,125,1 1,125,1 0,0,0 0,0,0 0,0,0 12,0,2 1,125,1
ADDLINE 1,137,1 1,137,1 5,137,1 1,137,1 1,137,1 3,137,1 1,137,1 1,137,1 12,0,2
ADDLINE 1,149,1 1,298,1 1,298,1 1,149,1 4,149,1 0,0,0 12,0,2 0,0,0 11,0,2
ADDLINE 1,322,1 19,161,1 1,322,1 1,322,1 1,322,1 0,0,0 12,0,2 1,322,1 1,322,1
ADDLINE 1,258,1 1,258,1 1,258,1 1,258,1 1,258,1 1,258,1 1,258,1 12,0,2 10,0,2
ADDLINE 1,284,1 1,284,1 1,284,1 1,284,1 1,284,1 1,284,1 12,0,2 0,0,0 8,0,2
ADDLINE 1,308,1 1,308,1 1,308,1 19,154,1 1,308,1 1,308,1 12,0,2 1,308,1 0,0,0
ADDLINE 1,332,1 1,332,1 1,332,1 1,332,1 1,332,1 12,0,2 0,0,0 0,0,0 0,0,0
ADDLINE 20,134,1 1,268,1 1,134,1 4,134,1 1,134,1 0,0,0 0,0,0 12,0,2 0,0,0
ADDLINE 1,292,1 1,292,1 1,292,1 1,292,1 1,146,1 0,0,0 12,0,2 0,0,0 0,0,0
ADDLINE 1,159,1 0,0,0 7,0,2 12,0,2 1,159,1 0,0,0 0,0,0 0,0,0 3,159,1
ADDLINE 5,172,1 0,0,0 1,344,1 0,0,0 2,172,1 1,172,1 1,172,1 12,0,2 1,172,1
ADDLINE 1,138,1 0,0,0 1,138,1 0,0,0 12,0,2 11,0,2 1,276,1 0,0,0 1,138,1
ADDLINE 1,151,1 0,0,0 5,151,1 1,151,1 1,302,1 12,0,2 1,302,1 0,0,0 1,151,1
ADDLINE 1,164,1 0,0,0 12,0,2 0,0,0 1,164,1 0,0,0 1,164,1 0,0,0 2,164,1
ADDLINE 1,356,1 1,356,1 1,356,1 1,356,1 1,356,1 8,0,2 1,356,1 12,0,2 1,356,1
ADDLINE 4,143,1 0,0,0 0,0,0 12,0,2 0,0,0 0,0,0 1,143,1 0,0,0 0,0,0
ADDLINE 1,156,1 12,0,2 2,156,1 1,156,1 1,156,1 5,156,1 1,156,1 1,156,1 1,156,1
ADDLINE 1,169,1 0,0,0 0,0,0 12,0,2 0,0,0 1,338,1 0,0,0 0,0,0 0,0,0
ADDLINE 3,183,1 1,183,1 12,0,2 1,366,1 20,183,1 1,366,1 1,366,1 1,366,1 4,183,1
ADDLINE 2,147,1 1,147,1 0,0,0 1,294,1 12,0,2 1,294,1 1,294,1 20,147,1 1,147,1
ADDLINE 1,161,1 1,161,1 1,161,1 1,161,1 0,0,0 0,0,0 12,0,2 1,322,1 1,161,1
1,96,1 8,0,2 0,0,0 1,96,1 1,96,1 20,96,1 1,96,1 12,0,2 0,0,0
0,0,0 0,0,0 1,95,1 1,95,1 1,95,1 1,95,1 1,95,1 12,0,2 0,0,0
12,0,2 8,0,2 1,94,1 2,94,1 1,94,1 4,94,1 1,94,1 0,0,0 0,0,0
0,0,0 12,0,2 1,93,1 2,93,1 1,93,1 1,93,1 1,93,1 4,93,1 0,0,0
12,0,2 1,92,1 1,92,1 1,92,1 1,92,1 1,92,1 16,92,1 0,0,0 0,0,0
1,91,1 5,91,1 1,91,1 1,91,1 1,91,1 7,0,2 12,0,2 0,0,0 0,0,0
0,0,0 0,0,0 0,0,0 0,0,0 0,0,0 0,0,0 0,0,0 0,0,0 0,0,0
0,0,0 0,0,0 0,0,0 0,0,0 0,0,0 0,0,0 0,0,0 0,0,0 0,0,0
0,0,0 0,0,0 0,0,0 0,0,0 0,0,0 0,0,0 0,0,0 0,0,0 0,0,0