MODE 0
BALL 108
STARS 0/0/7525 35
ADDLINE 1,107,1 1,107,1 1,107,1 12,0,2 1,107,1 1,107,1 4,107,1 1,107,1 1,107,1
ADDLINE 1,108,1 1,108,1 1,108,1 0,0,0 12,0,2 0,0,0 1,108,1 1,108,1 1,108,1
ADDLINE 5,109,1 3,109,1 4,109,1 5,109,1 0,0,0 12,0,2 1,109,1 1,109,1 1,109,1
ADDLINE 1,120,1 0,0,0 0,0,0 0,0,0 12,0,2 1,120,1 2,120,1 2,120,1 1,120,1
ADDLINE 5,121,1 0,0,0 12,0,2 1,121,1 1,121,1 1,121,1 1,121,1 1,121,1 1,121,1
ADDLINE 1,132,1 4,132,1 12,0,2 1,132,1 1,132,1 1,132,1 4,132,1 1,132,1 1,132,1
ADDLINE 1,143,1 1,143,1 0,0,0 12,0,2 1,143,1 2,143,1 1,143,1 1,143,1 1,143,1
ADDLINE 1,155,1 1,155,1 1,155,1 0,0,0 12,0,2 5,155,1 1,155,1 1,155,1 1,155,1
ADDLINE 1,125,1 5,125,1 4,125,1 2,125,1 0,0,0 0,0,0 0,0,0 12,0,2 1,125,1
ADDLINE 12,0,2 1,137,1 1,137,1 1,137,1 1,137,1 2,137,1 1,137,1 2,137,1 1,137,1
ADDLINE 0,0,0 0,0,0 12,0,2 1,149,1 3,149,1 1,149,1 1,149,1 1,149,1 1,149,1
ADDLINE 1,161,1 5,161,1 0,0,0 12,0,2 0,0,0 0,0,0 3,161,1 1,161,1 1,161,1
ADDLINE 2,129,1 1,129,1 1,129,1 3,129,1 1,129,1 12,0,2 3,129,1 1,129,1 1,129,1
ADDLINE 0,0,0 0,0,0 0,0,0 12,0,2 0,0,0 0,0,0 1,142,1 1,142,1 5,142,1
ADDLINE 12,0,2 1,154,1 1,154,1 1,154,1 1,154,1 1,154,1 1,154,1 1,154,1 2,154,1
ADDLINE 0,0,0 12,0,2 1,166,1 1,166,1 1,166,1 1,166,1 4,166,1 5,166,1 1,166,1
ADDLINE 0,0,0 12,0,2 1,134,1 1,134,1 1,134,1 1,134,1 1,134,1 3,134,1 1,134,1
ADDLINE 0,0,0 12,0,2 4,146,1 1,146,1 1,146,1 1,146,1 3,146,1 1,146,1 1,146,1
ADDLINE 0,0,0 2,159,1 1,159,1 12,0,2 1,159,1 1,159,1 1,159,1 0,0,0 3,159,1
ADDLINE 12,0,2 0,0,0 1,172,1 0,0,0 0,0,0 4,172,1 0,0,0 0,0,0 0,0,0
ADDLINE 1,138,1 1,138,1 1,138,1 1,138,1 1,138,1 1,138,1 4,138,1 1,138,1 12,0,2
ADDLINE 0,0,0 4,151,1 0,0,0 0,0,0 12,0,2 1,151,1 0,0,0 0,0,0 0,0,0
ADDLINE 12,0,2 1,164,1 0,0,0 1,164,1 1,164,1 1,164,1 0,0,0 5,164,1 0,0,0
ADDLINE 0,0,0 0,0,0 0,0,0 1,178,1 0,0,0 12,0,2 0,0,0 1,178,1 0,0,0
ADDLINE 1,143,1 1,143,1 0,0,0 5,143,1 12,0,2 2,143,1 1,143,1 1,143,1 5,143,1
ADDLINE 0,0,0 12,0,2 0,0,0 1,156,1 0,0,0 0,0,0 0,0,0 0,0,0 0,0,0
ADDLINE 1,169,1 4,169,1 1,169,1 1,169,1 1,169,1 1,169,1 1,169,1 1,169,1 12,0,2
ADDLINE 3,183,1 1,183,1 12,0,2 1,183,1 1,183,1 5,183,1 1,183,1 1,183,1 3,183,1
ADDLINE 1,147,1 1,147,1 12,0,2 1,147,1 5,147,1 1,147,1 1,147,1 1,147,1 1,147,1
ADDLINE 0,0,0 12,0,2 0,0,0 1,161,1 1,161,1 4,161,1 1,161,1 1,161,1 4,161,1
1,96,1 4,96,1 1,96,1 1,96,1 3,96,1 1,96,1 12,0,2 0,0,0 0,0,0
1,95,1 1,95,1 1,95,1 0,0,0 12,0,2 0,0,0 0,0,0 2,95,1 1,95,1
1,94,1 1,94,1 1,94,1 8,0,2 12,0,2 1,94,1 6,94,1 1,94,1 2,94,1
0,0,0 12,0,2 0,0,0 0,0,0 0,0,0 1,93,1 4,93,1 1,93,1 1,93,1
0,0,0 0,0,0 12,0,2 11,0,2 3,92,1 1,92,1 1,92,1 1,92,1 3,92,1
1,91,1 1,91,1 2,91,1 0,0,0 0,0,0 12,0,2 1,91,1 1,91,1 1,91,1
0,0,0 0,0,0 0,0,0 0,0,0 0,0,0 0,0,0 0,0,0 0,0,0 0,0,0
0,0,0 0,0,0 0,0,0 0,0,0 0,0,0 0,0,0 0,0,0 0,0,0 0,0,0
0,0,0 0,0,0 0,0,0 0,0,0 0,0,0 0,0,0 0,0,0 0,0,0 0,0,0