MODE 0
BALL 108
STARS 0/0/7595 35
ADDLINE 1,107,1 1,107,1 1,107,1 1,107,1 1,107,1 12,0,2 1,107,1 2,107,1 1,107,1
ADDLINE 3,108,1 7,0,2 1,108,1 3,108,1 1,108,1 12,0,2 1,108,1 1,108,1 1,108,1
ADDLINE 4,109,1 1,109,1 1,109,1 1,109,1 1,109,1 12,0,2 1,109,1 1,109,1 1,109,1
ADDLINE 4,120,1 1,120,1 1,120,1 1,120,1 5,120,1 12,0,2 1,120,1 2,120,1 4,120,1
ADDLINE 1,121,1 0,0,0 0,0,0 12,0,2 0,0,0 11,0,2 1,121,1 1,121,1 1,121,1
ADDLINE 1,132,1 0,0,0 0,0,0 12,0,2 0,0,0 1,132,1 1,132,1 1,132,1 1,132,1
ADDLINE 1,143,1 1,143,1 3,143,1 1,143,1 0,0,0 12,0,2 0,0,0 0,0,0 1,143,1
ADDLINE 1,155,1 1,155,1 1,155,1 1,155,1 3,155,1 1,155,1 1,155,1 12,0,2 5,155,1
ADDLINE 4,125,1 1,125,1 1,125,1 1,125,1 1,125,1 1,125,1 4,125,1 12,0,2 0,0,0
ADDLINE 12,0,2 5,137,1 1,137,1 1,137,1 4,137,1 1,137,1 1,137,1 1,137,1 1,137,1
ADDLINE 0,0,0 0,0,0 12,0,2 0,0,0 1,149,1 5,149,1 1,149,1 1,149,1 1,149,1
ADDLINE 0,0,0 0,0,0 12,0,2 0,0,0 2,161,1 1,161,1 1,161,1 1,161,1 1,161,1
ADDLINE 0,0,0 12,0,2 0,0,0 0,0,0 1,129,1 1,129,1 2,129,1 4,129,1 1,129,1
ADDLINE 1,142,1 3,142,1 0,0,0 12,0,2 1,142,1 3,142,1 1,142,1 1,142,1 1,142,1
ADDLINE 0,0,0 12,0,2 0,0,0 1,154,1 1,154,1 1,154,1 1,154,1 1,154,1 1,154,1
ADDLINE 0,0,0 0,0,0 12,0,2 0,0,0 1,166,1 1,166,1 1,166,1 5,166,1 1,166,1
ADDLINE 0,0,0 0,0,0 12,0,2 0,0,0 1,134,1 4,134,1 1,134,1 2,134,1 1,134,1
ADDLINE 0,0,0 12,0,2 0,0,0 1,146,1 1,146,1 2,146,1 1,292,1 1,292,1 1,146,1
ADDLINE 1,159,1 2,159,1 1,159,1 0,0,0 1,159,1 12,0,2 1,318,1 7,0,2 1,159,1
ADDLINE 1,344,1 0,0,0 0,0,0 0,0,0 1,344,1 12,0,2 1,344,1 8,0,2 1,344,1
ADDLINE 1,276,1 0,0,0 1,276,1 1,276,1 1,276,1 12,0,2 1,276,1 8,0,2 1,276,1
ADDLINE 1,151,1 0,0,0 0,0,0 12,0,2 1,151,1 0,0,0 0,0,0 0,0,0 0,0,0
ADDLINE 2,164,1 1,164,1 1,164,1 12,0,2 1,164,1 1,164,1 1,164,1 1,164,1 1,164,1
ADDLINE 0,0,0 0,0,0 1,178,1 0,0,0 0,0,0 12,0,2 4,178,1 0,0,0 3,178,1
ADDLINE 1,143,1 0,0,0 1,286,1 3,143,1 1,143,1 12,0,2 1,286,1 11,0,2 1,143,1
ADDLINE 1,156,1 7,0,2 0,0,0 0,0,0 1,312,1 0,0,0 0,0,0 12,0,2 1,156,1
ADDLINE 2,169,1 1,338,1 1,338,1 7,0,2 1,338,1 1,169,1 1,169,1 12,0,2 1,169,1
ADDLINE 1,183,1 1,183,1 1,366,1 1,366,1 1,366,1 12,0,2 1,183,1 1,183,1 2,183,1
ADDLINE 1,147,1 5,147,1 4,147,1 0,0,0 12,0,2 0,0,0 1,147,1 1,147,1 1,147,1
ADDLINE 1,322,1 1,322,1 1,322,1 8,0,2 12,0,2 1,322,1 1,322,1 1,322,1 1,322,1
7,0,2 0,0,0 0,0,0 0,0,0 0,0,0 12,0,2 3,96,1 1,96,1 1,96,1
1,95,1 4,95,1 1,95,1 1,95,1 1,95,1 12,0,2 1,95,1 4,95,1 1,95,1
5,94,1 1,94,1 1,94,1 1,94,1 18,94,1 12,0,2 1,94,1 10,0,2 0,0,0
1,93,1 1,93,1 5,93,1 1,93,1 1,93,1 2,93,1 3,5,1 12,0,2 1,93,1
1,92,1 1,92,1 16,92,1 1,92,1 1,92,1 0,0,0 12,0,2 0,0,0 1,92,1
1,91,1 5,91,1 2,91,1 1,91,1 1,91,1 12,0,2 3,5,1 1,91,1 1,91,1
0,0,0 0,0,0 0,0,0 0,0,0 0,0,0 0,0,0 0,0,0 0,0,0 0,0,0
0,0,0 0,0,0 0,0,0 0,0,0 0,0,0 0,0,0 0,0,0 0,0,0 0,0,0
0,0,0 0,0,0 0,0,0 0,0,0 0,0,0 0,0,0 0,0,0 0,0,0 0,0,0