MODE 0
BALL 108
STARS 0/0/7140 35
ADDLINE 1,107,1 1,107,1 1,107,1 1,107,1 12,0,2 1,107,1 3,107,1 1,107,1 4,107,1
ADDLINE 1,108,1 1,108,1 1,108,1 1,108,1 0,0,0 0,0,0 12,0,2 0,0,0 1,108,1
ADDLINE 1,109,1 4,109,1 1,109,1 2,109,1 1,109,1 3,109,1 1,109,1 12,0,2 0,0,0
ADDLINE 3,120,1 1,120,1 1,120,1 1,120,1 1,120,1 4,120,1 1,120,1 1,120,1 12,0,2
ADDLINE 1,121,1 1,121,1 1,121,1 1,121,1 1,121,1 1,121,1 12,0,2 0,0,0 0,0,0
ADDLINE 3,132,1 1,132,1 4,132,1 1,132,1 0,0,0 12,0,2 0,0,0 5,132,1 1,132,1
ADDLINE 3,143,1 1,143,1 1,143,1 1,143,1 0,0,0 0,0,0 12,0,2 1,143,1 1,143,1
ADDLINE 1,155,1 1,155,1 1,155,1 1,155,1 5,155,1 1,155,1 0,0,0 12,0,2 1,155,1
ADDLINE 1,125,1 4,125,1 1,125,1 4,125,1 0,0,0 0,0,0 0,0,0 12,0,2 1,125,1
ADDLINE 1,137,1 5,137,1 1,137,1 1,137,1 2,137,1 1,137,1 1,137,1 4,137,1 12,0,2
ADDLINE 4,149,1 1,149,1 2,149,1 1,149,1 1,149,1 12,0,2 0,0,0 0,0,0 0,0,0
ADDLINE 1,161,1 1,161,1 1,161,1 1,161,1 1,161,1 0,0,0 0,0,0 12,0,2 1,161,1
ADDLINE 1,129,1 1,129,1 1,129,1 1,129,1 4,129,1 1,129,1 1,129,1 12,0,2 0,0,0
ADDLINE 1,142,1 2,142,1 4,142,1 1,142,1 1,142,1 3,142,1 12,0,2 0,0,0 0,0,0
ADDLINE 1,154,1 1,154,1 1,154,1 1,154,1 3,154,1 1,154,1 12,0,2 0,0,0 0,0,0
ADDLINE 2,166,1 1,166,1 1,166,1 5,166,1 3,166,1 0,0,0 12,0,2 0,0,0 0,0,0
ADDLINE 1,134,1 1,134,1 1,134,1 1,134,1 1,134,1 0,0,0 12,0,2 0,0,0 0,0,0
ADDLINE 1,146,1 5,146,1 1,146,1 1,146,1 1,146,1 0,0,0 0,0,0 12,0,2 0,0,0
ADDLINE 0,0,0 0,0,0 5,159,1 0,0,0 0,0,0 0,0,0 1,159,1 12,0,2 2,159,1
ADDLINE 1,172,1 1,172,1 1,172,1 1,172,1 1,172,1 1,172,1 3,172,1 12,0,2 1,172,1
ADDLINE 0,0,0 0,0,0 1,138,1 0,0,0 0,0,0 12,0,2 1,138,1 0,0,0 0,0,0
ADDLINE 1,151,1 0,0,0 1,151,1 0,0,0 1,151,1 12,0,2 3,151,1 1,151,1 1,151,1
ADDLINE 1,164,1 0,0,0 1,164,1 12,0,2 5,164,1 0,0,0 0,0,0 0,0,0 4,164,1
ADDLINE 1,178,1 0,0,0 3,178,1 12,0,2 1,178,1 1,178,1 1,178,1 0,0,0 1,178,1
ADDLINE 0,0,0 12,0,2 1,143,1 0,0,0 0,0,0 0,0,0 1,143,1 0,0,0 0,0,0
ADDLINE 5,156,1 1,156,1 1,156,1 1,156,1 1,156,1 12,0,2 2,156,1 1,156,1 3,156,1
ADDLINE 1,169,1 12,0,2 0,0,0 0,0,0 1,169,1 0,0,0 1,169,1 0,0,0 0,0,0
ADDLINE 1,183,1 1,183,1 12,0,2 1,183,1 2,183,1 4,183,1 1,183,1 1,183,1 1,183,1
ADDLINE 5,147,1 1,147,1 0,0,0 12,0,2 0,0,0 1,147,1 1,147,1 1,147,1 2,147,1
ADDLINE 1,161,1 5,161,1 1,161,1 1,161,1 0,0,0 0,0,0 12,0,2 1,161,1 1,161,1
0,0,0 0,0,0 12,0,2 8,0,2 1,96,1 1,96,1 4,96,1 1,96,1 1,96,1
0,0,0 0,0,0 12,0,2 0,0,0 1,95,1 5,95,1 1,95,1 1,95,1 1,95,1
0,0,0 12,0,2 2,94,1 4,94,1 1,94,1 1,94,1 1,94,1 1,94,1 1,94,1
11,0,2 8,0,2 1,93,1 5,93,1 12,0,2 1,93,1 6,93,1 1,93,1 2,93,1
0,0,0 0,0,0 0,0,0 12,0,2 9,0,2 1,92,1 1,92,1 1,92,1 1,92,1
2,91,1 0,0,0 0,0,0 0,0,0 12,0,2 0,0,0 1,91,1 3,91,1 1,91,1
0,0,0 0,0,0 0,0,0 0,0,0 0,0,0 0,0,0 0,0,0 0,0,0 0,0,0
0,0,0 0,0,0 0,0,0 0,0,0 0,0,0 0,0,0 0,0,0 0,0,0 0,0,0
0,0,0 0,0,0 0,0,0 0,0,0 0,0,0 0,0,0 0,0,0 0,0,0 0,0,0