MODE 0
BALL 108
STARS 0/0/7770 35
ADDLINE 1,107,1 1,107,1 3,107,1 1,107,1 1,107,1 3,107,1 12,0,2 1,107,1 1,107,1
ADDLINE 1,108,1 0,0,0 0,0,0 0,0,0 0,0,0 0,0,0 12,0,2 4,108,1 5,108,1
ADDLINE 1,109,1 0,0,0 0,0,0 12,0,2 1,109,1 1,109,1 1,109,1 1,109,1 1,109,1
ADDLINE 2,120,1 1,120,1 1,120,1 0,0,0 12,0,2 1,120,1 1,120,1 1,120,1 1,120,1
ADDLINE 1,121,1 1,121,1 5,121,1 1,121,1 12,0,2 3,121,1 1,121,1 1,121,1 1,121,1
ADDLINE 1,132,1 3,132,1 2,132,1 0,0,0 12,0,2 1,132,1 1,132,1 5,132,1 1,132,1
ADDLINE 1,143,1 5,143,1 1,143,1 0,0,0 12,0,2 5,143,1 1,143,1 1,143,1 1,143,1
ADDLINE 1,155,1 1,155,1 1,155,1 2,155,1 0,0,0 12,0,2 4,155,1 1,155,1 1,155,1
ADDLINE 1,125,1 1,125,1 2,125,1 1,125,1 1,125,1 0,0,0 12,0,2 1,125,1 1,125,1
ADDLINE 1,137,1 4,137,1 1,137,1 12,0,2 1,137,1 3,137,1 4,137,1 1,137,1 1,137,1
ADDLINE 1,149,1 1,149,1 1,149,1 0,0,0 0,0,0 12,0,2 1,149,1 1,149,1 5,149,1
ADDLINE 5,161,1 1,161,1 1,161,1 0,0,0 12,0,2 0,0,0 1,161,1 1,161,1 1,161,1
ADDLINE 5,129,1 1,129,1 1,129,1 0,0,0 0,0,0 12,0,2 0,0,0 2,129,1 1,129,1
ADDLINE 1,142,1 1,142,1 1,142,1 0,0,0 0,0,0 0,0,0 12,0,2 1,142,1 1,142,1
ADDLINE 1,154,1 3,154,1 3,154,1 0,0,0 12,0,2 1,154,1 1,154,1 1,154,1 1,154,1
ADDLINE 1,166,1 1,166,1 1,166,1 3,166,1 0,0,0 12,0,2 1,166,1 5,166,1 3,166,1
ADDLINE 2,134,1 1,134,1 1,134,1 0,0,0 12,0,2 0,0,0 1,134,1 1,134,1 1,134,1
ADDLINE 1,146,1 0,0,0 0,0,0 12,0,2 5,146,1 1,146,1 1,146,1 1,146,1 1,146,1
ADDLINE 1,159,1 1,159,1 1,159,1 1,159,1 1,159,1 1,159,1 1,159,1 12,0,2 1,159,1
ADDLINE 1,172,1 0,0,0 0,0,0 0,0,0 1,172,1 12,0,2 0,0,0 0,0,0 5,172,1
ADDLINE 3,138,1 0,0,0 1,138,1 12,0,2 1,138,1 0,0,0 5,138,1 1,138,1 4,138,1
ADDLINE 4,151,1 0,0,0 1,151,1 0,0,0 0,0,0 12,0,2 3,151,1 0,0,0 0,0,0
ADDLINE 1,164,1 0,0,0 1,164,1 1,164,1 1,164,1 3,164,1 1,164,1 12,0,2 5,164,1
ADDLINE 1,178,1 0,0,0 1,178,1 0,0,0 1,178,1 0,0,0 0,0,0 12,0,2 1,178,1
ADDLINE 1,143,1 0,0,0 1,143,1 0,0,0 1,143,1 12,0,2 1,143,1 1,143,1 4,143,1
ADDLINE 1,156,1 12,0,2 0,0,0 0,0,0 2,156,1 0,0,0 2,156,1 0,0,0 0,0,0
ADDLINE 1,169,1 0,0,0 1,169,1 1,169,1 1,169,1 12,0,2 3,169,1 0,0,0 1,169,1
ADDLINE 12,0,2 1,183,1 1,183,1 1,183,1 1,183,1 2,183,1 1,183,1 1,183,1 1,183,1
ADDLINE 12,0,2 1,147,1 1,147,1 3,147,1 1,147,1 1,147,1 2,147,1 3,147,1 1,147,1
ADDLINE 0,0,0 0,0,0 12,0,2 1,161,1 5,161,1 1,161,1 5,161,1 1,161,1 1,161,1
1,96,1 3,96,1 1,96,1 15,0,2 3,96,1 1,96,1 2,96,1 12,0,2 1,96,1
1,95,1 1,95,1 1,95,1 11,0,2 12,0,2 0,0,0 0,0,0 0,0,0 2,95,1
1,94,1 4,94,1 1,94,1 1,94,1 1,94,1 1,94,1 1,94,1 12,0,2 1,94,1
2,93,1 0,0,0 0,0,0 0,0,0 0,0,0 14,0,2 1,93,1 12,0,2 4,93,1
1,92,1 1,92,1 1,92,1 1,92,1 1,92,1 12,0,2 16,92,1 1,92,1 1,92,1
1,91,1 1,91,1 4,91,1 5,91,1 1,91,1 12,0,2 1,91,1 2,91,1 1,91,1
0,0,0 0,0,0 0,0,0 0,0,0 0,0,0 0,0,0 0,0,0 0,0,0 0,0,0
0,0,0 0,0,0 0,0,0 0,0,0 0,0,0 0,0,0 0,0,0 0,0,0 0,0,0
0,0,0 0,0,0 0,0,0 0,0,0 0,0,0 0,0,0 0,0,0 0,0,0 0,0,0