MODE 0
BALL 108
STARS 0/0/7525 35
ADDLINE 1,107,1 12,0,2 1,107,1 1,107,1 1,107,1 1,107,1 1,107,1 1,107,1 1,107,1
ADDLINE 1,108,1 10,0,2 12,0,2 0,0,0 1,108,1 1,108,1 1,108,1 1,108,1 1,108,1
ADDLINE 10,0,2 0,0,0 12,0,2 0,0,0 1,109,1 1,109,1 1,109,1 1,109,1 1,109,1
ADDLINE 12,0,2 1,120,1 1,120,1 1,120,1 1,120,1 1,120,1 1,120,1 20,120,1 1,120,1
ADDLINE 0,0,0 12,0,2 0,0,0 1,121,1 1,121,1 1,121,1 1,121,1 17,121,1 1,121,1
ADDLINE 0,0,0 0,0,0 12,0,2 1,132,1 1,132,1 20,132,1 1,132,1 1,132,1 1,132,1
ADDLINE 0,0,0 12,0,2 16,143,1 1,286,1 1,286,1 1,286,1 1,286,1 1,286,1 1,286,1
ADDLINE 1,155,1 0,0,0 12,0,2 0,0,0 0,0,0 1,155,1 1,155,1 1,155,1 1,155,1
ADDLINE 1,125,1 1,125,1 1,125,1 1,125,1 0,0,0 0,0,0 0,0,0 12,0,2 1,125,1
ADDLINE 1,137,1 1,137,1 1,137,1 12,0,2 1,137,1 1,137,1 1,137,1 1,137,1 1,137,1
ADDLINE 1,149,1 1,298,1 1,298,1 0,0,0 12,0,2 11,0,2 0,0,0 1,149,1 1,149,1
ADDLINE 1,161,1 1,322,1 17,161,1 1,322,1 1,322,1 1,322,1 12,0,2 0,0,0 0,0,0
ADDLINE 1,129,1 1,258,1 1,258,1 1,258,1 20,129,1 1,258,1 1,129,1 1,129,1 12,0,2
ADDLINE 1,142,1 1,142,1 1,142,1 1,284,1 1,284,1 1,284,1 1,142,1 12,0,2 11,0,2
ADDLINE 1,308,1 1,308,1 1,308,1 1,308,1 1,308,1 1,308,1 1,308,1 12,0,2 8,0,2
ADDLINE 1,166,1 1,166,1 1,166,1 1,166,1 0,0,0 0,0,0 12,0,2 0,0,0 0,0,0
ADDLINE 1,134,1 1,134,1 1,134,1 1,134,1 0,0,0 0,0,0 0,0,0 12,0,2 0,0,0
ADDLINE 1,292,1 1,292,1 1,292,1 1,292,1 1,292,1 16,146,1 0,0,0 12,0,2 11,0,2
ADDLINE 1,159,1 0,0,0 1,159,1 0,0,0 1,159,1 12,0,2 0,0,0 0,0,0 1,318,1
ADDLINE 1,344,1 0,0,0 1,344,1 1,344,1 1,344,1 12,0,2 16,172,1 1,344,1 1,344,1
ADDLINE 1,138,1 12,0,2 1,138,1 0,0,0 1,138,1 0,0,0 1,138,1 0,0,0 0,0,0
ADDLINE 1,302,1 0,0,0 1,151,1 0,0,0 1,151,1 12,0,2 1,151,1 0,0,0 1,151,1
ADDLINE 17,164,1 1,328,1 1,328,1 0,0,0 0,0,0 0,0,0 1,164,1 12,0,2 1,164,1
ADDLINE 1,356,1 7,0,2 1,356,1 1,178,1 1,178,1 1,178,1 1,178,1 12,0,2 1,178,1
ADDLINE 1,143,1 0,0,0 1,286,1 12,0,2 0,0,0 0,0,0 0,0,0 0,0,0 1,143,1
ADDLINE 1,156,1 11,0,2 1,312,1 12,0,2 1,156,1 1,156,1 1,156,1 1,156,1 1,156,1
ADDLINE 1,169,1 0,0,0 0,0,0 0,0,0 1,169,1 0,0,0 0,0,0 12,0,2 1,169,1
ADDLINE 1,183,1 1,183,1 1,183,1 1,183,1 1,183,1 1,183,1 1,183,1 1,183,1 12,0,2
ADDLINE 1,147,1 1,147,1 1,147,1 1,147,1 0,0,0 0,0,0 0,0,0 12,0,2 0,0,0
ADDLINE 1,161,1 1,161,1 1,161,1 1,161,1 0,0,0 12,0,2 0,0,0 0,0,0 0,0,0
1,96,1 1,96,1 1,96,1 12,0,2 16,96,1 7,0,2 1,96,1 1,96,1 0,0,0
1,95,1 1,95,1 1,95,1 12,0,2 1,95,1 1,95,1 1,95,1 1,95,1 1,95,1
1,94,1 1,94,1 16,94,1 1,94,1 1,94,1 12,0,2 17,94,1 1,94,1 0,0,0
1,93,1 1,93,1 1,93,1 12,0,2 1,93,1 1,93,1 1,93,1 1,93,1 1,93,1
0,0,0 12,0,2 19,92,1 0,0,0 1,92,1 1,92,1 1,92,1 1,92,1 1,92,1
1,91,1 1,91,1 1,91,1 12,0,2 1,91,1 1,91,1 1,91,1 1,91,1 1,91,1
0,0,0 0,0,0 0,0,0 0,0,0 0,0,0 0,0,0 0,0,0 0,0,0 0,0,0
0,0,0 0,0,0 0,0,0 0,0,0 0,0,0 0,0,0 0,0,0 0,0,0 0,0,0
0,0,0 0,0,0 0,0,0 0,0,0 0,0,0 0,0,0 0,0,0 0,0,0 0,0,0