MODE 0
BALL 108
STARS 0/0/7700 35
ADDLINE 1,107,1 1,107,1 1,107,1 12,0,2 1,107,1 1,107,1 1,107,1 2,107,1 1,107,1
ADDLINE 1,108,1 3,108,1 3,108,1 0,0,0 12,0,2 7,0,2 1,108,1 4,108,1 1,108,1
ADDLINE 1,109,1 1,109,1 1,109,1 1,109,1 0,0,0 12,0,2 1,109,1 1,109,1 1,109,1
ADDLINE 1,120,1 0,0,0 0,0,0 0,0,0 12,0,2 4,120,1 1,120,1 1,120,1 1,120,1
ADDLINE 5,121,1 0,0,0 12,0,2 1,121,1 1,121,1 1,121,1 2,121,1 1,121,1 4,121,1
ADDLINE 1,132,1 1,132,1 12,0,2 1,132,1 2,132,1 1,132,1 1,132,1 1,132,1 1,132,1
ADDLINE 1,143,1 1,143,1 0,0,0 12,0,2 1,143,1 1,143,1 1,143,1 1,143,1 2,143,1
ADDLINE 1,155,1 5,155,1 1,310,1 11,0,2 12,0,2 1,155,1 1,155,1 1,155,1 1,155,1
ADDLINE 5,125,1 1,125,1 1,250,1 1,250,1 0,0,0 0,0,0 12,0,2 0,0,0 3,125,1
ADDLINE 12,0,2 1,274,1 1,274,1 1,274,1 1,137,1 1,137,1 4,137,1 1,137,1 3,137,1
ADDLINE 0,0,0 12,0,2 7,0,2 1,298,1 1,149,1 1,149,1 4,149,1 1,149,1 5,149,1
ADDLINE 1,161,1 1,322,1 0,0,0 0,0,0 0,0,0 12,0,2 1,161,1 1,161,1 1,161,1
ADDLINE 1,129,1 1,129,1 1,129,1 1,129,1 1,129,1 12,0,2 2,129,1 1,129,1 1,129,1
ADDLINE 0,0,0 12,0,2 0,0,0 0,0,0 0,0,0 0,0,0 1,142,1 1,142,1 1,142,1
ADDLINE 12,0,2 5,154,1 1,154,1 1,154,1 2,154,1 4,154,1 1,154,1 1,154,1 4,154,1
ADDLINE 0,0,0 12,0,2 1,166,1 1,166,1 1,166,1 1,166,1 5,166,1 1,166,1 1,166,1
ADDLINE 11,0,2 12,0,2 1,134,1 1,134,1 1,134,1 4,134,1 1,134,1 1,134,1 1,134,1
ADDLINE 0,0,0 12,0,2 3,146,1 1,146,1 5,146,1 1,146,1 1,146,1 1,146,1 3,146,1
ADDLINE 1,318,1 8,0,2 1,318,1 1,318,1 1,318,1 0,0,0 1,318,1 12,0,2 1,318,1
ADDLINE 1,172,1 0,0,0 0,0,0 12,0,2 4,172,1 0,0,0 5,172,1 0,0,0 1,172,1
ADDLINE 1,138,1 0,0,0 1,138,1 0,0,0 1,138,1 12,0,2 1,138,1 1,138,1 1,138,1
ADDLINE 3,151,1 0,0,0 4,151,1 0,0,0 1,151,1 0,0,0 12,0,2 0,0,0 1,151,1
ADDLINE 1,164,1 11,0,2 1,328,1 0,0,0 1,164,1 1,164,1 1,164,1 12,0,2 1,164,1
ADDLINE 5,178,1 0,0,0 7,0,2 0,0,0 0,0,0 0,0,0 1,178,1 12,0,2 0,0,0
ADDLINE 1,143,1 0,0,0 1,286,1 1,286,1 1,286,1 12,0,2 1,143,1 2,143,1 1,143,1
ADDLINE 1,312,1 12,0,2 1,312,1 0,0,0 10,0,2 0,0,0 1,312,1 0,0,0 0,0,0
ADDLINE 1,169,1 1,169,1 1,169,1 0,0,0 1,338,1 12,0,2 4,169,1 1,169,1 1,169,1
ADDLINE 1,183,1 1,183,1 12,0,2 1,183,1 1,183,1 1,183,1 5,183,1 1,183,1 1,183,1
ADDLINE 3,147,1 1,147,1 12,0,2 1,147,1 1,147,1 1,147,1 1,147,1 2,147,1 5,147,1
ADDLINE 8,0,2 0,0,0 12,0,2 1,322,1 1,322,1 1,322,1 1,322,1 1,322,1 1,322,1
1,96,1 1,96,1 4,96,1 4,96,1 1,96,1 1,96,1 1,96,1 12,0,2 0,0,0
1,95,1 1,95,1 5,95,1 1,95,1 16,95,1 0,0,0 12,0,2 0,0,0 0,0,0
1,94,1 5,94,1 3,94,1 1,94,1 1,94,1 12,0,2 1,94,1 1,94,1 1,94,1
4,93,1 0,0,0 0,0,0 12,0,2 10,0,2 0,0,0 5,93,1 1,93,1 1,93,1
2,92,1 0,0,0 8,0,2 0,0,0 12,0,2 1,92,1 1,92,1 1,92,1 1,92,1
1,91,1 1,91,1 1,91,1 4,91,1 11,0,2 0,0,0 0,0,0 12,0,2 1,91,1
0,0,0 0,0,0 0,0,0 0,0,0 0,0,0 0,0,0 0,0,0 0,0,0 0,0,0
0,0,0 0,0,0 0,0,0 0,0,0 0,0,0 0,0,0 0,0,0 0,0,0 0,0,0
0,0,0 0,0,0 0,0,0 0,0,0 0,0,0 0,0,0 0,0,0 0,0,0 0,0,0