MODE 0
BALL 108
STARS 0/0/14070 35
ADDLINE 1,107,1 1,107,1 1,107,1 1,107,1 1,107,1 12,0,2 5,107,1 1,107,1 1,107,1
ADDLINE 1,108,1 1,108,1 3,108,1 1,108,1 3,108,1 12,0,2 1,108,1 1,108,1 5,108,1
ADDLINE 1,109,1 1,109,1 1,109,1 1,109,1 2,109,1 12,0,2 2,109,1 1,109,1 1,109,1
ADDLINE 1,120,1 4,120,1 1,120,1 1,120,1 1,120,1 12,0,2 1,120,1 4,120,1 1,120,1
ADDLINE 1,121,1 0,0,0 0,0,0 0,0,0 0,0,0 12,0,2 1,121,1 1,121,1 1,121,1
ADDLINE 3,132,1 0,0,0 0,0,0 12,0,2 0,0,0 1,132,1 2,132,1 1,132,1 1,132,1
ADDLINE 1,143,1 1,143,1 2,143,1 2,143,1 0,0,0 0,0,0 12,0,2 0,0,0 5,143,1
ADDLINE 1,155,1 1,155,1 1,155,1 1,155,1 5,155,1 1,155,1 1,155,1 12,0,2 1,155,1
ADDLINE 1,125,1 1,125,1 1,125,1 1,125,1 1,125,1 3,125,1 1,125,1 12,0,2 0,0,0
ADDLINE 12,0,2 1,137,1 3,137,1 4,137,1 1,137,1 1,137,1 1,137,1 1,137,1 2,137,1
ADDLINE 0,0,0 12,0,2 0,0,0 0,0,0 1,149,1 1,149,1 1,149,1 1,149,1 1,149,1
ADDLINE 0,0,0 0,0,0 12,0,2 0,0,0 1,161,1 2,161,1 1,161,1 1,161,1 1,161,1
ADDLINE 0,0,0 0,0,0 0,0,0 12,0,2 5,129,1 1,129,1 3,129,1 1,129,1 1,129,1
ADDLINE 1,142,1 1,142,1 0,0,0 12,0,2 1,142,1 4,142,1 1,142,1 1,142,1 1,142,1
ADDLINE 0,0,0 12,0,2 0,0,0 1,154,1 3,154,1 1,154,1 1,154,1 1,154,1 1,154,1
ADDLINE 0,0,0 0,0,0 0,0,0 12,0,2 1,166,1 1,166,1 4,166,1 1,166,1 1,166,1
ADDLINE 0,0,0 0,0,0 12,0,2 0,0,0 1,134,1 3,134,1 1,134,1 1,134,1 4,134,1
ADDLINE 0,0,0 0,0,0 12,0,2 1,146,1 1,146,1 1,146,1 1,146,1 1,146,1 5,146,1
ADDLINE 1,159,1 0,0,0 1,159,1 1,159,1 3,159,1 12,0,2 1,159,1 1,159,1 5,159,1
ADDLINE 1,172,1 0,0,0 0,0,0 0,0,0 3,172,1 12,0,2 1,172,1 0,0,0 1,172,1
ADDLINE 1,138,1 1,138,1 1,138,1 0,0,0 2,138,1 12,0,2 1,138,1 0,0,0 1,138,1
ADDLINE 4,151,1 0,0,0 0,0,0 0,0,0 12,0,2 0,0,0 1,151,1 0,0,0 0,0,0
ADDLINE 5,164,1 1,164,1 1,164,1 3,164,1 1,164,1 1,164,1 1,164,1 12,0,2 1,164,1
ADDLINE 0,0,0 0,0,0 1,178,1 0,0,0 12,0,2 0,0,0 1,178,1 0,0,0 1,178,1
ADDLINE 1,143,1 0,0,0 1,143,1 0,0,0 1,143,1 0,0,0 1,143,1 12,0,2 1,143,1
ADDLINE 5,156,1 0,0,0 0,0,0 0,0,0 3,156,1 0,0,0 1,156,1 12,0,2 4,156,1
ADDLINE 3,169,1 1,169,1 1,169,1 0,0,0 1,169,1 12,0,2 1,169,1 1,169,1 1,169,1
ADDLINE 1,183,1 5,183,1 1,183,1 5,183,1 1,183,1 12,0,2 2,183,1 1,183,1 4,183,1
ADDLINE 1,147,1 1,147,1 1,147,1 0,0,0 12,0,2 0,0,0 4,147,1 1,147,1 1,147,1
ADDLINE 1,161,1 1,161,1 1,161,1 0,0,0 12,0,2 1,161,1 1,161,1 1,161,1 1,161,1
1,96,1 12,0,2 1,96,1 1,96,1 4,96,1 1,96,1 1,96,1 1,96,1 4,96,1
0,0,0 15,0,2 10,0,2 12,0,2 1,95,1 3,95,1 20,95,1 1,95,1 1,95,1
1,94,1 1,94,1 1,94,1 12,0,2 1,94,1 1,94,1 3,94,1 5,94,1 1,94,1
14,0,2 0,0,0 1,93,1 12,0,2 4,93,1 3,93,1 1,93,1 1,93,1 1,93,1
2,92,1 5,92,1 16,92,1 12,0,2 4,92,1 1,92,1 0,0,0 1,92,1 17,92,1
1,91,1 0,0,0 0,0,0 12,0,2 0,0,0 1,91,1 0,0,0 1,91,1 1,91,1
0,0,0 0,0,0 0,0,0 0,0,0 0,0,0 0,0,0 0,0,0 0,0,0 0,0,0
0,0,0 0,0,0 0,0,0 0,0,0 0,0,0 0,0,0 0,0,0 0,0,0 0,0,0
0,0,0 0,0,0 0,0,0 0,0,0 0,0,0 0,0,0 0,0,0 0,0,0 0,0,0