MODE 0
BALL 108
STARS 0/0/13580 35
ADDLINE 1,107,1 1,107,1 2,107,1 1,107,1 12,0,2 1,107,1 1,107,1 1,107,1 1,107,1
ADDLINE 1,108,1 2,108,1 4,108,1 1,108,1 0,0,0 0,0,0 12,0,2 0,0,0 1,108,1
ADDLINE 4,109,1 1,109,1 1,109,1 3,109,1 1,109,1 1,109,1 1,109,1 12,0,2 0,0,0
ADDLINE 1,120,1 4,120,1 1,120,1 1,120,1 1,120,1 1,120,1 1,120,1 2,120,1 12,0,2
ADDLINE 1,121,1 1,121,1 1,121,1 3,121,1 1,121,1 2,121,1 12,0,2 0,0,0 0,0,0
ADDLINE 1,132,1 1,132,1 1,132,1 1,132,1 0,0,0 12,0,2 0,0,0 1,132,1 3,132,1
ADDLINE 1,143,1 1,143,1 5,143,1 1,143,1 0,0,0 0,0,0 12,0,2 4,143,1 1,143,1
ADDLINE 2,155,1 1,155,1 1,155,1 1,155,1 1,155,1 1,155,1 0,0,0 12,0,2 1,155,1
ADDLINE 1,125,1 1,125,1 2,125,1 1,125,1 0,0,0 0,0,0 12,0,2 0,0,0 1,125,1
ADDLINE 1,137,1 5,137,1 3,137,1 1,137,1 1,137,1 1,137,1 1,137,1 1,137,1 12,0,2
ADDLINE 1,149,1 1,149,1 1,149,1 4,149,1 1,149,1 0,0,0 12,0,2 0,0,0 0,0,0
ADDLINE 1,161,1 3,161,1 1,161,1 1,161,1 4,161,1 0,0,0 12,0,2 0,0,0 1,161,1
ADDLINE 1,129,1 1,129,1 5,129,1 1,129,1 1,129,1 1,129,1 1,129,1 12,0,2 0,0,0
ADDLINE 1,142,1 1,142,1 1,142,1 5,142,1 2,142,1 1,142,1 0,0,0 12,0,2 0,0,0
ADDLINE 1,154,1 3,154,1 1,154,1 3,154,1 1,154,1 1,154,1 12,0,2 0,0,0 0,0,0
ADDLINE 5,166,1 1,166,1 1,166,1 1,166,1 4,166,1 0,0,0 12,0,2 0,0,0 0,0,0
ADDLINE 1,134,1 1,134,1 1,134,1 1,134,1 1,134,1 0,0,0 12,0,2 0,0,0 0,0,0
ADDLINE 1,146,1 1,146,1 1,146,1 2,146,1 2,146,1 0,0,0 12,0,2 0,0,0 0,0,0
ADDLINE 3,159,1 1,159,1 2,159,1 0,0,0 1,159,1 1,159,1 1,159,1 12,0,2 1,159,1
ADDLINE 1,172,1 0,0,0 1,172,1 0,0,0 0,0,0 0,0,0 0,0,0 12,0,2 0,0,0
ADDLINE 1,138,1 0,0,0 1,138,1 0,0,0 2,138,1 0,0,0 1,138,1 12,0,2 4,138,1
ADDLINE 1,151,1 0,0,0 1,151,1 0,0,0 5,151,1 0,0,0 1,151,1 12,0,2 1,151,1
ADDLINE 1,164,1 0,0,0 2,164,1 0,0,0 1,164,1 12,0,2 5,164,1 0,0,0 1,164,1
ADDLINE 1,178,1 0,0,0 0,0,0 0,0,0 1,178,1 0,0,0 1,178,1 12,0,2 3,178,1
ADDLINE 1,143,1 1,143,1 1,143,1 1,143,1 1,143,1 12,0,2 2,143,1 1,143,1 1,143,1
ADDLINE 0,0,0 0,0,0 0,0,0 0,0,0 1,156,1 0,0,0 12,0,2 0,0,0 1,156,1
ADDLINE 1,169,1 2,169,1 3,169,1 0,0,0 1,169,1 0,0,0 4,169,1 12,0,2 1,169,1
ADDLINE 1,183,1 3,183,1 12,0,2 1,183,1 3,183,1 1,183,1 1,183,1 1,183,1 1,183,1
ADDLINE 2,147,1 1,147,1 0,0,0 0,0,0 12,0,2 1,147,1 1,147,1 2,147,1 1,147,1
ADDLINE 1,161,1 1,161,1 1,161,1 1,161,1 0,0,0 0,0,0 12,0,2 1,161,1 4,161,1
1,96,1 4,96,1 1,96,1 0,0,0 0,0,0 0,0,0 12,0,2 1,96,1 1,96,1
0,0,0 0,0,0 12,0,2 0,0,0 5,95,1 16,95,1 1,95,1 1,95,1 1,95,1
0,0,0 0,0,0 12,0,2 1,94,1 2,94,1 2,94,1 1,94,1 1,94,1 1,94,1
5,93,1 0,0,0 12,0,2 1,93,1 1,93,1 5,93,1 1,93,1 1,93,1 1,93,1
3,92,1 0,0,0 0,0,0 0,0,0 12,0,2 10,0,2 20,92,1 1,92,1 4,92,1
1,91,1 1,91,1 1,91,1 1,91,1 0,0,0 12,0,2 1,91,1 1,91,1 1,91,1
0,0,0 0,0,0 0,0,0 0,0,0 0,0,0 0,0,0 0,0,0 0,0,0 0,0,0
0,0,0 0,0,0 0,0,0 0,0,0 0,0,0 0,0,0 0,0,0 0,0,0 0,0,0
0,0,0 0,0,0 0,0,0 0,0,0 0,0,0 0,0,0 0,0,0 0,0,0 0,0,0