MODE 0
BALL 108
STARS 0/0/14665 35
ADDLINE 1,107,1 1,107,1 16,107,1 1,107,1 1,107,1 1,107,1 12,0,2 1,107,1 1,107,1
ADDLINE 17,108,1 1,108,1 12,0,2 0,0,0 0,0,0 0,0,0 0,0,0 1,108,1 1,108,1
ADDLINE 1,109,1 0,0,0 0,0,0 12,0,2 2,109,1 4,109,1 1,109,1 1,109,1 1,109,1
ADDLINE 1,120,1 1,120,1 1,120,1 0,0,0 12,0,2 1,120,1 4,120,1 1,120,1 1,120,1
ADDLINE 1,121,1 1,121,1 1,121,1 1,121,1 12,0,2 3,121,1 1,121,1 1,121,1 1,121,1
ADDLINE 4,132,1 3,132,1 1,132,1 0,0,0 12,0,2 1,132,1 1,132,1 1,132,1 5,132,1
ADDLINE 1,286,1 1,286,1 1,286,1 0,0,0 12,0,2 1,286,1 1,286,1 19,143,1 1,286,1
ADDLINE 1,310,1 19,155,1 1,310,1 1,310,1 0,0,0 12,0,2 1,310,1 1,310,1 1,310,1
ADDLINE 1,125,1 1,250,1 1,250,1 1,125,1 1,125,1 0,0,0 12,0,2 1,125,1 4,125,1
ADDLINE 1,137,1 1,137,1 1,137,1 12,0,2 1,137,1 4,137,1 1,137,1 1,137,1 3,137,1
ADDLINE 2,149,1 1,149,1 1,149,1 0,0,0 12,0,2 0,0,0 1,149,1 1,149,1 4,149,1
ADDLINE 1,161,1 1,161,1 1,161,1 0,0,0 12,0,2 0,0,0 1,322,1 1,322,1 1,161,1
ADDLINE 3,129,1 1,129,1 1,129,1 0,0,0 12,0,2 0,0,0 0,0,0 17,129,1 1,129,1
ADDLINE 1,284,1 1,284,1 1,284,1 0,0,0 12,0,2 1,284,1 1,284,1 16,142,1 1,284,1
ADDLINE 1,154,1 1,308,1 1,308,1 1,308,1 12,0,2 1,154,1 1,154,1 4,154,1 1,154,1
ADDLINE 3,166,1 1,332,1 20,166,1 1,332,1 0,0,0 12,0,2 1,166,1 1,166,1 1,166,1
ADDLINE 4,134,1 1,268,1 1,268,1 0,0,0 12,0,2 0,0,0 1,134,1 1,268,1 1,268,1
ADDLINE 1,292,1 0,0,0 12,0,2 1,292,1 1,292,1 1,292,1 1,292,1 1,292,1 19,146,1
ADDLINE 4,159,1 0,0,0 1,159,1 1,318,1 1,318,1 12,0,2 1,159,1 0,0,0 1,318,1
ADDLINE 1,172,1 0,0,0 0,0,0 12,0,2 20,172,1 0,0,0 3,172,1 0,0,0 1,172,1
ADDLINE 1,276,1 1,276,1 1,276,1 1,276,1 16,138,1 1,276,1 1,276,1 12,0,2 1,276,1
ADDLINE 1,302,1 0,0,0 1,302,1 1,302,1 12,0,2 1,302,1 16,151,1 1,302,1 1,302,1
ADDLINE 1,164,1 0,0,0 1,164,1 1,164,1 5,164,1 1,164,1 1,164,1 12,0,2 1,164,1
ADDLINE 12,0,2 0,0,0 1,178,1 0,0,0 0,0,0 0,0,0 4,178,1 0,0,0 0,0,0
ADDLINE 3,143,1 0,0,0 1,286,1 1,286,1 2,143,1 12,0,2 1,143,1 1,143,1 1,143,1
ADDLINE 1,312,1 12,0,2 19,156,1 1,312,1 1,312,1 1,312,1 1,312,1 1,312,1 0,0,0
ADDLINE 1,169,1 1,338,1 1,338,1 1,338,1 1,169,1 12,0,2 1,169,1 1,169,1 1,169,1
ADDLINE 12,0,2 1,183,1 1,183,1 1,183,1 1,183,1 1,183,1 1,183,1 5,183,1 1,183,1
ADDLINE 12,0,2 1,147,1 1,147,1 1,147,1 2,147,1 1,147,1 5,147,1 4,147,1 1,147,1
ADDLINE 0,0,0 0,0,0 12,0,2 2,161,1 4,161,1 1,161,1 1,161,1 1,161,1 1,161,1
1,96,1 15,0,2 0,0,0 12,0,2 1,96,1 0,0,0 3,96,1 0,0,0 4,96,1
1,95,1 1,95,1 5,95,1 1,95,1 1,95,1 0,0,0 1,95,1 12,0,2 1,95,1
0,0,0 0,0,0 0,0,0 12,0,2 1,94,1 14,0,2 4,94,1 0,0,0 1,94,1
1,93,1 2,93,1 1,93,1 1,93,1 1,93,1 12,0,2 1,93,1 1,93,1 1,93,1
17,92,1 1,92,1 1,92,1 1,92,1 1,92,1 12,0,2 1,92,1 19,92,1 1,92,1
1,91,1 5,91,1 1,91,1 3,91,1 1,91,1 12,0,2 18,91,1 1,91,1 1,91,1
0,0,0 0,0,0 0,0,0 0,0,0 0,0,0 0,0,0 0,0,0 0,0,0 0,0,0
0,0,0 0,0,0 0,0,0 0,0,0 0,0,0 0,0,0 0,0,0 0,0,0 0,0,0
0,0,0 0,0,0 0,0,0 0,0,0 0,0,0 0,0,0 0,0,0 0,0,0 0,0,0