MODE 0
BALL 108
STARS 0/0/14630 35
ADDLINE 1,107,1 1,107,1 1,107,1 1,107,1 1,107,1 1,107,1 1,107,1 1,107,1 12,0,2
ADDLINE 1,108,1 1,108,1 1,108,1 1,108,1 1,108,1 1,108,1 1,108,1 1,108,1 12,0,2
ADDLINE 1,109,1 17,109,1 1,109,1 1,109,1 1,109,1 1,109,1 12,0,2 0,0,0 0,0,0
ADDLINE 1,120,1 1,120,1 16,120,1 1,120,1 1,120,1 1,120,1 12,0,2 1,120,1 0,0,0
ADDLINE 1,121,1 1,121,1 1,121,1 1,121,1 1,121,1 1,121,1 1,121,1 1,121,1 12,0,2
ADDLINE 1,132,1 1,132,1 1,132,1 1,132,1 1,132,1 0,0,0 12,0,2 0,0,0 0,0,0
ADDLINE 1,143,1 0,0,0 0,0,0 12,0,2 0,0,0 0,0,0 1,143,1 1,143,1 1,143,1
ADDLINE 0,0,0 12,0,2 1,155,1 1,310,1 1,310,1 1,310,1 1,155,1 1,155,1 1,155,1
ADDLINE 12,0,2 1,125,1 1,125,1 1,250,1 20,125,1 1,250,1 1,125,1 1,125,1 1,125,1
ADDLINE 1,137,1 1,137,1 1,137,1 1,274,1 1,274,1 12,0,2 1,137,1 1,137,1 1,137,1
ADDLINE 1,149,1 1,149,1 1,149,1 1,149,1 1,149,1 0,0,0 0,0,0 12,0,2 1,149,1
ADDLINE 1,161,1 1,161,1 1,161,1 1,161,1 1,161,1 1,161,1 1,161,1 12,0,2 1,161,1
ADDLINE 1,129,1 1,129,1 1,129,1 1,129,1 1,129,1 1,129,1 0,0,0 12,0,2 1,129,1
ADDLINE 0,0,0 0,0,0 1,284,1 1,284,1 0,0,0 0,0,0 12,0,2 1,142,1 1,142,1
ADDLINE 12,0,2 1,308,1 20,154,1 1,308,1 1,154,1 1,154,1 1,154,1 1,308,1 1,308,1
ADDLINE 12,0,2 1,332,1 1,332,1 1,332,1 1,166,1 1,166,1 1,166,1 1,332,1 17,166,1
ADDLINE 0,0,0 12,0,2 0,0,0 1,134,1 1,134,1 1,134,1 1,134,1 1,268,1 1,268,1
ADDLINE 1,146,1 1,146,1 0,0,0 12,0,2 1,146,1 1,146,1 1,146,1 1,146,1 1,146,1
ADDLINE 1,159,1 12,0,2 0,0,0 0,0,0 1,159,1 0,0,0 0,0,0 1,318,1 1,318,1
ADDLINE 1,344,1 1,344,1 1,344,1 0,0,0 1,344,1 12,0,2 1,344,1 1,344,1 19,172,1
ADDLINE 1,276,1 1,276,1 16,138,1 1,276,1 1,276,1 12,0,2 1,276,1 1,276,1 0,0,0
ADDLINE 1,302,1 1,302,1 1,151,1 1,151,1 1,151,1 1,151,1 1,151,1 12,0,2 1,151,1
ADDLINE 17,164,1 1,328,1 1,164,1 0,0,0 0,0,0 0,0,0 1,164,1 12,0,2 1,164,1
ADDLINE 1,356,1 0,0,0 1,178,1 0,0,0 1,178,1 0,0,0 1,178,1 12,0,2 1,178,1
ADDLINE 1,143,1 0,0,0 1,143,1 12,0,2 1,143,1 0,0,0 0,0,0 0,0,0 1,143,1
ADDLINE 1,156,1 0,0,0 1,156,1 12,0,2 1,156,1 1,156,1 1,156,1 0,0,0 1,156,1
ADDLINE 1,169,1 0,0,0 1,169,1 0,0,0 0,0,0 0,0,0 1,169,1 12,0,2 1,169,1
ADDLINE 1,183,1 12,0,2 1,366,1 1,366,1 1,366,1 1,183,1 1,183,1 1,183,1 1,183,1
ADDLINE 1,147,1 12,0,2 1,294,1 17,147,1 1,294,1 1,147,1 1,147,1 1,147,1 1,147,1
ADDLINE 1,161,1 12,0,2 1,322,1 1,322,1 1,322,1 1,161,1 1,161,1 1,161,1 1,161,1
1,96,1 1,96,1 0,0,0 1,96,1 19,96,1 1,96,1 12,0,2 1,96,1 1,96,1
1,95,1 1,95,1 12,0,2 1,95,1 1,95,1 1,95,1 0,0,0 1,95,1 0,0,0
1,94,1 1,94,1 8,0,2 1,94,1 1,94,1 20,94,1 12,0,2 1,94,1 1,94,1
1,93,1 1,93,1 0,0,0 1,93,1 1,93,1 1,93,1 12,0,2 0,0,0 0,0,0
1,92,1 1,92,1 1,5,1 1,92,1 1,92,1 1,92,1 12,0,2 1,92,1 1,92,1
0,0,0 17,91,1 0,0,0 1,91,1 0,0,0 12,0,2 0,0,0 1,91,1 1,91,1
0,0,0 0,0,0 0,0,0 0,0,0 0,0,0 0,0,0 0,0,0 0,0,0 0,0,0
0,0,0 0,0,0 0,0,0 0,0,0 0,0,0 0,0,0 0,0,0 0,0,0 0,0,0
0,0,0 0,0,0 0,0,0 0,0,0 0,0,0 0,0,0 0,0,0 0,0,0 0,0,0