MODE 0
BALL 108
STARS 0/0/14245 35
ADDLINE 1,107,1 5,107,1 1,107,1 12,0,2 1,107,1 1,107,1 1,107,1 2,107,1 1,107,1
ADDLINE 1,108,1 1,108,1 5,108,1 0,0,0 0,0,0 12,0,2 1,108,1 1,108,1 1,108,1
ADDLINE 2,109,1 1,109,1 1,109,1 4,109,1 0,0,0 12,0,2 1,109,1 1,109,1 1,109,1
ADDLINE 1,120,1 0,0,0 0,0,0 12,0,2 0,0,0 1,120,1 4,120,1 4,120,1 1,120,1
ADDLINE 1,121,1 0,0,0 12,0,2 1,121,1 1,121,1 1,121,1 1,121,1 1,121,1 1,121,1
ADDLINE 1,132,1 1,132,1 12,0,2 1,132,1 2,132,1 5,132,1 1,132,1 5,132,1 1,132,1
ADDLINE 1,143,1 1,143,1 0,0,0 12,0,2 1,143,1 5,143,1 1,143,1 1,143,1 1,143,1
ADDLINE 1,155,1 1,155,1 3,155,1 0,0,0 12,0,2 1,155,1 1,155,1 4,155,1 4,155,1
ADDLINE 1,125,1 5,125,1 1,125,1 1,125,1 0,0,0 0,0,0 0,0,0 12,0,2 1,125,1
ADDLINE 12,0,2 1,137,1 1,137,1 1,137,1 1,137,1 4,137,1 1,137,1 2,137,1 2,137,1
ADDLINE 0,0,0 12,0,2 0,0,0 1,149,1 1,149,1 1,149,1 1,149,1 1,149,1 1,149,1
ADDLINE 1,161,1 5,161,1 0,0,0 0,0,0 12,0,2 0,0,0 1,161,1 1,161,1 5,161,1
ADDLINE 2,129,1 4,129,1 1,129,1 1,129,1 1,129,1 12,0,2 2,129,1 1,129,1 1,129,1
ADDLINE 0,0,0 0,0,0 12,0,2 0,0,0 0,0,0 0,0,0 4,142,1 1,142,1 1,142,1
ADDLINE 12,0,2 5,154,1 1,154,1 1,154,1 1,154,1 1,154,1 1,154,1 1,154,1 1,154,1
ADDLINE 0,0,0 12,0,2 1,166,1 1,166,1 1,166,1 1,166,1 5,166,1 1,166,1 1,166,1
ADDLINE 0,0,0 12,0,2 1,134,1 1,134,1 3,134,1 5,134,1 1,134,1 1,134,1 4,134,1
ADDLINE 0,0,0 12,0,2 1,146,1 1,146,1 1,146,1 4,146,1 1,146,1 1,146,1 1,146,1
ADDLINE 0,0,0 12,0,2 1,159,1 0,0,0 1,159,1 0,0,0 1,159,1 0,0,0 1,159,1
ADDLINE 1,172,1 0,0,0 2,172,1 0,0,0 1,172,1 12,0,2 1,172,1 0,0,0 1,172,1
ADDLINE 5,138,1 0,0,0 12,0,2 0,0,0 1,138,1 0,0,0 3,138,1 0,0,0 0,0,0
ADDLINE 5,151,1 1,151,1 12,0,2 1,151,1 1,151,1 1,151,1 1,151,1 4,151,1 1,151,1
ADDLINE 1,164,1 0,0,0 12,0,2 0,0,0 0,0,0 0,0,0 1,164,1 0,0,0 0,0,0
ADDLINE 1,178,1 0,0,0 1,178,1 0,0,0 1,178,1 0,0,0 4,178,1 12,0,2 2,178,1
ADDLINE 3,143,1 0,0,0 1,143,1 12,0,2 1,143,1 0,0,0 1,143,1 0,0,0 1,143,1
ADDLINE 1,156,1 1,156,1 1,156,1 0,0,0 1,156,1 0,0,0 3,156,1 12,0,2 1,156,1
ADDLINE 0,0,0 0,0,0 1,169,1 0,0,0 5,169,1 0,0,0 1,169,1 12,0,2 4,169,1
ADDLINE 1,183,1 1,183,1 12,0,2 1,183,1 1,183,1 1,183,1 1,183,1 3,183,1 2,183,1
ADDLINE 3,147,1 5,147,1 12,0,2 1,147,1 5,147,1 1,147,1 1,147,1 1,147,1 1,147,1
ADDLINE 0,0,0 12,0,2 0,0,0 1,161,1 1,161,1 1,161,1 1,161,1 2,161,1 1,161,1
ADDLINE 12,0,2 1,175,1 1,175,1 1,175,1 5,175,1 2,175,1 1,175,1 3,175,1 1,175,1
ADDLINE 0,0,0 12,0,2 0,0,0 0,0,0 0,0,0 1,189,1 1,189,1 1,189,1 1,189,1
ADDLINE 5,151,1 1,151,1 1,151,1 1,151,1 12,0,2 1,151,1 1,151,1 1,151,1 3,151,1
1,96,1 1,96,1 1,96,1 1,96,1 1,96,1 0,0,0 0,0,0 12,0,2 0,0,0
3,95,1 1,95,1 1,95,1 1,95,1 5,95,1 8,0,2 12,0,2 1,95,1 0,0,0
2,94,1 1,94,1 1,94,1 1,94,1 1,94,1 1,94,1 12,0,2 3,94,1 0,0,0
0,0,0 12,0,2 0,0,0 0,0,0 0,0,0 0,0,0 11,0,2 1,93,1 1,93,1
0,0,0 19,92,1 12,0,2 0,0,0 1,92,1 3,92,1 3,92,1 1,92,1 1,92,1
0,0,0 0,0,0 12,0,2 21,91,1 2,91,1 1,91,1 5,91,1 1,91,1 1,91,1
0,0,0 0,0,0 0,0,0 0,0,0 0,0,0 0,0,0 0,0,0 0,0,0 0,0,0
0,0,0 0,0,0 0,0,0 0,0,0 0,0,0 0,0,0 0,0,0 0,0,0 0,0,0
0,0,0 0,0,0 0,0,0 0,0,0 0,0,0 0,0,0 0,0,0 0,0,0 0,0,0