MODE 0
BALL 108
STARS 0/0/14665 35
ADDLINE 1,107,1 2,107,1 2,107,1 1,107,1 1,107,1 12,0,2 1,107,1 1,107,1 1,107,1
ADDLINE 1,108,1 5,108,1 3,108,1 1,108,1 1,108,1 12,0,2 1,108,1 1,108,1 5,108,1
ADDLINE 1,109,1 1,109,1 1,109,1 1,109,1 1,109,1 12,0,2 1,109,1 1,109,1 3,109,1
ADDLINE 1,120,1 2,120,1 5,120,1 1,120,1 3,120,1 12,0,2 1,120,1 1,120,1 1,120,1
ADDLINE 1,121,1 0,0,0 0,0,0 0,0,0 0,0,0 12,0,2 1,121,1 1,121,1 1,121,1
ADDLINE 2,132,1 0,0,0 0,0,0 12,0,2 0,0,0 1,132,1 1,132,1 1,132,1 1,132,1
ADDLINE 1,143,1 1,143,1 1,143,1 1,143,1 0,0,0 12,0,2 0,0,0 0,0,0 1,143,1
ADDLINE 2,155,1 1,155,1 2,155,1 1,155,1 1,155,1 4,155,1 1,155,1 12,0,2 1,155,1
ADDLINE 1,125,1 1,125,1 4,125,1 1,125,1 1,125,1 3,125,1 1,125,1 12,0,2 0,0,0
ADDLINE 12,0,2 1,137,1 1,137,1 1,137,1 1,137,1 1,137,1 1,137,1 3,137,1 1,137,1
ADDLINE 0,0,0 12,0,2 0,0,0 0,0,0 1,149,1 1,149,1 4,149,1 1,149,1 1,149,1
ADDLINE 0,0,0 0,0,0 12,0,2 0,0,0 5,161,1 3,161,1 1,161,1 1,161,1 1,161,1
ADDLINE 0,0,0 0,0,0 0,0,0 12,0,2 1,129,1 1,129,1 4,129,1 1,129,1 1,129,1
ADDLINE 1,142,1 1,142,1 0,0,0 12,0,2 1,142,1 1,142,1 2,142,1 1,142,1 5,142,1
ADDLINE 0,0,0 0,0,0 12,0,2 1,154,1 2,154,1 1,154,1 1,154,1 1,154,1 1,154,1
ADDLINE 0,0,0 12,0,2 0,0,0 0,0,0 4,166,1 1,166,1 1,166,1 1,166,1 1,166,1
ADDLINE 0,0,0 0,0,0 12,0,2 0,0,0 1,134,1 1,134,1 5,134,1 1,134,1 1,134,1
ADDLINE 0,0,0 12,0,2 0,0,0 1,146,1 1,146,1 1,146,1 1,146,1 2,146,1 5,146,1
ADDLINE 5,159,1 0,0,0 1,159,1 12,0,2 1,159,1 0,0,0 0,0,0 0,0,0 3,159,1
ADDLINE 1,172,1 0,0,0 1,172,1 12,0,2 1,172,1 1,172,1 1,172,1 1,172,1 4,172,1
ADDLINE 1,138,1 0,0,0 1,138,1 12,0,2 0,0,0 0,0,0 0,0,0 0,0,0 0,0,0
ADDLINE 1,151,1 0,0,0 1,151,1 1,151,1 2,151,1 12,0,2 1,151,1 1,151,1 1,151,1
ADDLINE 1,164,1 0,0,0 12,0,2 0,0,0 2,164,1 0,0,0 0,0,0 0,0,0 1,164,1
ADDLINE 5,178,1 1,178,1 1,178,1 0,0,0 1,178,1 4,178,1 1,178,1 12,0,2 1,178,1
ADDLINE 4,143,1 0,0,0 1,143,1 12,0,2 0,0,0 0,0,0 1,143,1 0,0,0 3,143,1
ADDLINE 1,156,1 0,0,0 5,156,1 1,156,1 1,156,1 12,0,2 1,156,1 0,0,0 1,156,1
ADDLINE 0,0,0 0,0,0 0,0,0 0,0,0 1,169,1 0,0,0 1,169,1 12,0,2 0,0,0
ADDLINE 1,183,1 1,183,1 1,183,1 1,183,1 2,183,1 12,0,2 1,183,1 1,183,1 1,183,1
ADDLINE 1,147,1 5,147,1 1,147,1 0,0,0 12,0,2 0,0,0 3,147,1 2,147,1 1,147,1
ADDLINE 5,161,1 1,161,1 1,161,1 0,0,0 12,0,2 1,161,1 1,161,1 1,161,1 1,161,1
ADDLINE 1,175,1 1,175,1 1,175,1 1,175,1 12,0,2 5,175,1 4,175,1 5,175,1 1,175,1
ADDLINE 1,189,1 1,189,1 1,189,1 2,189,1 0,0,0 12,0,2 1,189,1 1,189,1 4,189,1
ADDLINE 1,151,1 1,151,1 1,151,1 1,151,1 1,151,1 0,0,0 12,0,2 0,0,0 0,0,0
1,96,1 3,96,1 1,96,1 12,0,2 1,96,1 1,96,1 4,96,1 1,96,1 1,96,1
1,95,1 10,0,2 1,95,1 1,95,1 1,95,1 1,95,1 18,95,1 12,0,2 15,0,2
1,94,1 2,94,1 2,94,1 12,0,2 1,94,1 3,94,1 1,94,1 4,94,1 1,94,1
4,93,1 1,93,1 1,93,1 0,0,0 20,93,1 0,0,0 12,0,2 0,0,0 8,0,2
1,92,1 1,92,1 4,92,1 1,92,1 1,92,1 12,0,2 1,92,1 2,92,1 1,92,1
1,91,1 1,91,1 5,91,1 14,0,2 1,91,1 12,0,2 1,91,1 1,91,1 2,91,1
0,0,0 0,0,0 0,0,0 0,0,0 0,0,0 0,0,0 0,0,0 0,0,0 0,0,0
0,0,0 0,0,0 0,0,0 0,0,0 0,0,0 0,0,0 0,0,0 0,0,0 0,0,0
0,0,0 0,0,0 0,0,0 0,0,0 0,0,0 0,0,0 0,0,0 0,0,0 0,0,0