MODE 0
BALL 108
STARS 0/0/14875 35
ADDLINE 4,107,1 1,107,1 1,107,1 1,107,1 12,0,2 1,107,1 5,107,1 1,107,1 1,107,1
ADDLINE 1,108,1 1,108,1 2,108,1 1,108,1 0,0,0 12,0,2 0,0,0 0,0,0 1,108,1
ADDLINE 1,109,1 1,109,1 16,109,1 1,109,1 1,109,1 1,109,1 1,109,1 12,0,2 0,0,0
ADDLINE 1,120,1 1,120,1 19,120,1 1,120,1 1,120,1 1,120,1 1,120,1 1,120,1 12,0,2
ADDLINE 1,121,1 1,121,1 1,121,1 1,121,1 1,121,1 1,121,1 0,0,0 12,0,2 0,0,0
ADDLINE 20,132,1 1,132,1 1,132,1 1,132,1 0,0,0 7,0,2 12,0,2 4,132,1 1,132,1
ADDLINE 1,286,1 1,286,1 4,143,1 1,143,1 0,0,0 12,0,2 0,0,0 1,143,1 2,143,1
ADDLINE 1,155,1 1,155,1 1,155,1 1,155,1 1,155,1 1,310,1 11,0,2 12,0,2 2,155,1
ADDLINE 1,125,1 1,125,1 3,125,1 1,125,1 0,0,0 12,0,2 0,0,0 0,0,0 1,125,1
ADDLINE 1,137,1 1,137,1 4,137,1 1,137,1 3,137,1 1,137,1 1,137,1 5,137,1 12,0,2
ADDLINE 1,149,1 1,149,1 4,149,1 1,149,1 1,149,1 0,0,0 12,0,2 0,0,0 0,0,0
ADDLINE 3,161,1 1,161,1 1,161,1 1,161,1 1,161,1 0,0,0 0,0,0 12,0,2 1,161,1
ADDLINE 1,129,1 1,129,1 1,129,1 1,129,1 2,129,1 1,129,1 5,129,1 12,0,2 0,0,0
ADDLINE 1,284,1 1,284,1 1,284,1 1,284,1 1,284,1 1,284,1 12,0,2 8,0,2 0,0,0
ADDLINE 1,154,1 7,0,2 1,308,1 1,308,1 20,154,1 1,308,1 12,0,2 0,0,0 0,0,0
ADDLINE 1,166,1 1,332,1 1,332,1 1,332,1 1,332,1 12,0,2 0,0,0 0,0,0 0,0,0
ADDLINE 3,134,1 1,134,1 1,134,1 1,134,1 1,134,1 12,0,2 0,0,0 0,0,0 0,0,0
ADDLINE 1,146,1 1,146,1 1,146,1 5,146,1 2,146,1 0,0,0 0,0,0 12,0,2 0,0,0
ADDLINE 1,159,1 0,0,0 1,159,1 0,0,0 1,159,1 12,0,2 2,159,1 0,0,0 1,159,1
ADDLINE 3,172,1 0,0,0 0,0,0 0,0,0 4,172,1 0,0,0 2,172,1 12,0,2 1,172,1
ADDLINE 1,138,1 1,138,1 1,138,1 1,276,1 1,276,1 0,0,0 1,138,1 12,0,2 1,138,1
ADDLINE 0,0,0 12,0,2 0,0,0 0,0,0 7,0,2 0,0,0 1,151,1 0,0,0 1,151,1
ADDLINE 1,164,1 1,164,1 1,164,1 1,328,1 1,328,1 1,328,1 1,164,1 12,0,2 1,164,1
ADDLINE 4,178,1 0,0,0 0,0,0 0,0,0 0,0,0 0,0,0 0,0,0 12,0,2 3,178,1
ADDLINE 1,143,1 1,143,1 1,143,1 1,143,1 1,143,1 12,0,2 1,143,1 1,143,1 4,143,1
ADDLINE 0,0,0 12,0,2 1,312,1 1,312,1 1,312,1 1,312,1 1,312,1 1,312,1 16,156,1
ADDLINE 1,169,1 0,0,0 1,338,1 0,0,0 1,338,1 5,169,1 1,169,1 12,0,2 2,169,1
ADDLINE 2,183,1 1,366,1 12,0,2 20,183,1 1,366,1 1,183,1 1,183,1 1,183,1 1,183,1
ADDLINE 1,147,1 17,147,1 1,294,1 1,294,1 12,0,2 1,147,1 3,147,1 1,147,1 1,147,1
ADDLINE 1,322,1 1,322,1 1,322,1 19,161,1 1,322,1 0,0,0 12,0,2 1,322,1 1,322,1
ADDLINE 1,175,1 2,175,1 1,350,1 20,175,1 1,350,1 3,175,1 12,0,2 0,0,0 0,0,0
ADDLINE 1,378,1 1,378,1 1,378,1 1,378,1 1,378,1 1,189,1 1,189,1 1,189,1 12,0,2
ADDLINE 19,151,1 1,302,1 1,302,1 1,302,1 1,302,1 1,302,1 1,302,1 12,0,2 8,0,2
1,96,1 1,96,1 1,96,1 1,96,1 3,96,1 0,0,0 12,0,2 1,96,1 1,96,1
1,95,1 1,95,1 4,95,1 1,95,1 1,95,1 12,0,2 2,95,1 1,95,1 1,95,1
0,0,0 0,0,0 0,0,0 12,0,2 0,0,0 0,0,0 1,94,1 1,94,1 2,94,1
0,0,0 12,0,2 1,93,1 1,93,1 1,93,1 18,93,1 1,93,1 16,93,1 1,93,1
1,92,1 20,92,1 1,92,1 0,0,0 0,0,0 12,0,2 0,0,0 11,0,2 10,0,2
2,91,1 1,91,1 1,91,1 1,91,1 1,91,1 1,91,1 3,91,1 1,91,1 12,0,2
0,0,0 0,0,0 0,0,0 0,0,0 0,0,0 0,0,0 0,0,0 0,0,0 0,0,0
0,0,0 0,0,0 0,0,0 0,0,0 0,0,0 0,0,0 0,0,0 0,0,0 0,0,0
0,0,0 0,0,0 0,0,0 0,0,0 0,0,0 0,0,0 0,0,0 0,0,0 0,0,0