MODE 0
BALL 108
STARS 0/0/14595 35
ADDLINE 1,107,1 1,107,1 1,107,1 1,107,1 1,107,1 1,107,1 12,0,2 1,107,1 4,107,1
ADDLINE 3,108,1 0,0,0 0,0,0 0,0,0 12,0,2 0,0,0 0,0,0 1,108,1 2,108,1
ADDLINE 1,109,1 0,0,0 12,0,2 0,0,0 1,109,1 4,109,1 1,109,1 1,109,1 1,109,1
ADDLINE 1,120,1 2,120,1 1,120,1 0,0,0 12,0,2 1,120,1 1,120,1 1,120,1 5,120,1
ADDLINE 1,121,1 1,121,1 1,121,1 1,121,1 12,0,2 1,121,1 1,121,1 1,121,1 3,121,1
ADDLINE 1,132,1 1,132,1 1,132,1 0,0,0 12,0,2 3,132,1 1,132,1 2,132,1 5,132,1
ADDLINE 1,143,1 1,143,1 1,143,1 0,0,0 12,0,2 1,143,1 1,143,1 5,143,1 2,143,1
ADDLINE 5,155,1 1,155,1 1,155,1 1,155,1 0,0,0 12,0,2 1,155,1 1,155,1 1,155,1
ADDLINE 4,125,1 1,125,1 2,125,1 1,125,1 1,125,1 0,0,0 12,0,2 1,125,1 1,125,1
ADDLINE 1,137,1 4,137,1 1,137,1 12,0,2 1,137,1 1,137,1 1,137,1 1,137,1 1,137,1
ADDLINE 1,149,1 1,149,1 1,149,1 0,0,0 12,0,2 0,0,0 4,149,1 5,149,1 2,149,1
ADDLINE 1,161,1 1,161,1 1,161,1 0,0,0 12,0,2 0,0,0 1,161,1 1,161,1 2,161,1
ADDLINE 1,129,1 1,129,1 1,129,1 0,0,0 0,0,0 0,0,0 12,0,2 1,129,1 1,129,1
ADDLINE 1,142,1 1,142,1 5,142,1 0,0,0 0,0,0 12,0,2 0,0,0 5,142,1 4,142,1
ADDLINE 1,154,1 1,154,1 1,154,1 0,0,0 12,0,2 1,154,1 1,154,1 3,154,1 1,154,1
ADDLINE 1,166,1 1,166,1 1,166,1 1,166,1 0,0,0 12,0,2 1,166,1 4,166,1 4,166,1
ADDLINE 2,134,1 1,134,1 1,134,1 0,0,0 12,0,2 0,0,0 1,134,1 1,134,1 1,134,1
ADDLINE 5,146,1 0,0,0 12,0,2 0,0,0 5,146,1 1,146,1 1,146,1 1,146,1 1,146,1
ADDLINE 1,159,1 0,0,0 1,159,1 0,0,0 1,159,1 12,0,2 0,0,0 0,0,0 0,0,0
ADDLINE 5,172,1 0,0,0 1,172,1 0,0,0 1,172,1 12,0,2 1,172,1 4,172,1 1,172,1
ADDLINE 2,138,1 0,0,0 0,0,0 12,0,2 1,138,1 0,0,0 1,138,1 0,0,0 1,138,1
ADDLINE 1,151,1 1,151,1 1,151,1 1,151,1 5,151,1 0,0,0 4,151,1 12,0,2 1,151,1
ADDLINE 0,0,0 0,0,0 12,0,2 0,0,0 1,164,1 0,0,0 1,164,1 0,0,0 1,164,1
ADDLINE 2,178,1 1,178,1 4,178,1 0,0,0 1,178,1 12,0,2 1,178,1 0,0,0 1,178,1
ADDLINE 1,143,1 0,0,0 5,143,1 0,0,0 1,143,1 12,0,2 1,143,1 0,0,0 1,143,1
ADDLINE 1,156,1 0,0,0 4,156,1 0,0,0 1,156,1 12,0,2 1,156,1 0,0,0 1,156,1
ADDLINE 1,169,1 0,0,0 3,169,1 12,0,2 1,169,1 0,0,0 3,169,1 0,0,0 1,169,1
ADDLINE 12,0,2 1,183,1 1,183,1 1,183,1 5,183,1 1,183,1 1,183,1 1,183,1 1,183,1
ADDLINE 12,0,2 1,147,1 1,147,1 1,147,1 3,147,1 1,147,1 1,147,1 1,147,1 4,147,1
ADDLINE 0,0,0 12,0,2 0,0,0 3,161,1 1,161,1 1,161,1 5,161,1 4,161,1 1,161,1
ADDLINE 1,175,1 1,175,1 0,0,0 12,0,2 0,0,0 0,0,0 0,0,0 3,175,1 4,175,1
ADDLINE 1,189,1 1,189,1 4,189,1 1,189,1 1,189,1 1,189,1 12,0,2 1,189,1 1,189,1
ADDLINE 1,151,1 1,151,1 1,151,1 5,151,1 1,151,1 1,151,1 0,0,0 12,0,2 0,0,0
1,96,1 12,0,2 1,96,1 4,96,1 1,96,1 3,96,1 1,96,1 1,96,1 1,96,1
4,95,1 15,0,2 2,95,1 12,0,2 2,95,1 1,95,1 1,95,1 1,95,1 1,95,1
1,94,1 0,0,0 1,94,1 12,0,2 1,94,1 1,94,1 3,94,1 1,94,1 1,94,1
0,0,0 17,93,1 0,0,0 1,93,1 1,93,1 0,0,0 12,0,2 1,93,1 0,0,0
1,92,1 16,92,1 3,92,1 12,0,2 1,92,1 1,92,1 1,92,1 1,92,1 1,92,1
21,91,1 1,92,1 5,91,1 0,0,0 5,91,1 0,0,0 14,0,2 12,0,2 4,91,1
0,0,0 0,0,0 0,0,0 0,0,0 0,0,0 0,0,0 0,0,0 0,0,0 0,0,0
0,0,0 0,0,0 0,0,0 0,0,0 0,0,0 0,0,0 0,0,0 0,0,0 0,0,0
0,0,0 0,0,0 0,0,0 0,0,0 0,0,0 0,0,0 0,0,0 0,0,0 0,0,0