MODE 0
BALL 108
STARS 0/0/15575 35
ADDLINE 12,0,2 1,107,1 1,107,1 1,107,1 1,107,1 1,107,1 1,107,1 1,107,1 1,107,1
ADDLINE 0,0,0 12,0,2 1,108,1 1,108,1 1,108,1 1,108,1 1,108,1 1,108,1 1,108,1
ADDLINE 0,0,0 12,0,2 1,109,1 1,109,1 1,109,1 1,109,1 1,109,1 1,109,1 1,109,1
ADDLINE 12,0,2 1,120,1 1,120,1 1,120,1 1,120,1 1,120,1 1,120,1 1,120,1 1,120,1
ADDLINE 0,0,0 12,0,2 0,0,0 0,0,0 0,0,0 0,0,0 1,121,1 1,121,1 1,121,1
ADDLINE 1,132,1 1,132,1 1,132,1 1,132,1 1,132,1 12,0,2 1,132,1 1,132,1 1,132,1
ADDLINE 1,143,1 1,143,1 1,143,1 0,0,0 0,0,0 12,0,2 1,143,1 1,143,1 1,143,1
ADDLINE 1,155,1 1,155,1 1,155,1 0,0,0 0,0,0 12,0,2 0,0,0 0,0,0 1,155,1
ADDLINE 1,250,1 1,250,1 1,250,1 1,250,1 1,250,1 16,125,1 1,250,1 12,0,2 1,250,1
ADDLINE 1,274,1 1,274,1 1,137,1 1,137,1 1,137,1 1,137,1 1,137,1 1,137,1 12,0,2
ADDLINE 19,149,1 1,298,1 1,298,1 1,298,1 12,0,2 1,298,1 1,298,1 1,298,1 0,0,0
ADDLINE 1,322,1 1,322,1 1,322,1 19,161,1 1,322,1 12,0,2 1,322,1 1,322,1 0,0,0
ADDLINE 1,129,1 1,129,1 1,258,1 1,258,1 1,258,1 1,129,1 1,129,1 1,129,1 12,0,2
ADDLINE 1,142,1 1,284,1 1,284,1 1,142,1 0,0,0 12,0,2 0,0,0 0,0,0 0,0,0
ADDLINE 1,154,1 17,154,1 1,308,1 1,154,1 0,0,0 12,0,2 1,154,1 1,154,1 1,154,1
ADDLINE 1,166,1 1,332,1 1,332,1 1,166,1 1,166,1 12,0,2 1,166,1 1,166,1 1,166,1
ADDLINE 1,134,1 1,134,1 1,134,1 1,134,1 0,0,0 12,0,2 1,134,1 1,134,1 1,134,1
ADDLINE 1,146,1 1,146,1 1,146,1 0,0,0 12,0,2 1,146,1 1,146,1 1,292,1 1,292,1
ADDLINE 1,159,1 0,0,0 1,159,1 12,0,2 1,159,1 0,0,0 1,159,1 0,0,0 17,159,1
ADDLINE 0,0,0 1,344,1 1,344,1 1,344,1 16,172,1 1,344,1 12,0,2 1,344,1 1,344,1
ADDLINE 1,138,1 0,0,0 12,0,2 1,138,1 1,138,1 1,138,1 1,138,1 1,138,1 1,138,1
ADDLINE 1,151,1 12,0,2 0,0,0 0,0,0 0,0,0 0,0,0 0,0,0 0,0,0 0,0,0
ADDLINE 1,164,1 12,0,2 1,164,1 1,164,1 1,164,1 1,164,1 1,164,1 1,164,1 1,164,1
ADDLINE 0,0,0 12,0,2 1,178,1 0,0,0 0,0,0 0,0,0 0,0,0 1,356,1 1,356,1
ADDLINE 1,286,1 1,286,1 1,286,1 0,0,0 1,286,1 12,0,2 1,286,1 1,286,1 19,143,1
ADDLINE 1,156,1 0,0,0 0,0,0 0,0,0 1,156,1 0,0,0 12,0,2 1,312,1 0,0,0
ADDLINE 1,169,1 1,169,1 12,0,2 1,169,1 1,338,1 1,338,1 1,338,1 1,169,1 1,169,1
ADDLINE 1,183,1 1,366,1 1,366,1 1,366,1 12,0,2 20,183,1 1,366,1 1,183,1 1,183,1
ADDLINE 1,294,1 1,294,1 19,147,1 1,294,1 0,0,0 1,294,1 12,0,2 1,294,1 1,294,1
ADDLINE 1,161,1 1,322,1 1,322,1 1,322,1 0,0,0 0,0,0 12,0,2 1,161,1 1,161,1
ADDLINE 1,175,1 1,175,1 1,175,1 1,175,1 0,0,0 12,0,2 0,0,0 1,350,1 1,175,1
ADDLINE 1,189,1 1,189,1 1,189,1 1,378,1 1,378,1 1,378,1 17,189,1 12,0,2 0,0,0
ADDLINE 1,302,1 1,302,1 1,302,1 1,302,1 19,151,1 12,0,2 1,302,1 1,302,1 0,0,0
0,0,0 12,0,2 0,0,0 1,96,1 1,96,1 1,96,1 1,96,1 1,96,1 1,96,1
0,0,0 12,0,2 1,95,1 1,95,1 1,95,1 1,95,1 1,95,1 1,95,1 19,95,1
1,94,1 0,0,0 0,0,0 0,0,0 0,0,0 12,0,2 1,94,1 1,94,1 1,94,1
17,93,1 1,93,1 1,93,1 1,93,1 16,93,1 12,0,2 1,93,1 1,93,1 1,93,1
1,92,1 1,92,1 1,92,1 1,92,1 1,92,1 18,92,1 1,10,1 12,0,2 0,0,0
1,91,1 1,91,1 1,91,1 1,91,1 1,91,1 1,91,1 1,91,1 1,91,1 12,0,2
0,0,0 0,0,0 0,0,0 0,0,0 0,0,0 0,0,0 0,0,0 0,0,0 0,0,0
0,0,0 0,0,0 0,0,0 0,0,0 0,0,0 0,0,0 0,0,0 0,0,0 0,0,0
0,0,0 0,0,0 0,0,0 0,0,0 0,0,0 0,0,0 0,0,0 0,0,0 0,0,0