MODE 0
BALL 108
STARS 0/0/14490 35
ADDLINE 1,107,1 1,107,1 1,107,1 12,0,2 4,107,1 1,107,1 2,107,1 5,107,1 1,107,1
ADDLINE 1,108,1 1,108,1 1,108,1 0,0,0 0,0,0 12,0,2 1,108,1 1,108,1 1,108,1
ADDLINE 1,109,1 4,109,1 1,109,1 5,109,1 0,0,0 12,0,2 1,109,1 1,109,1 1,109,1
ADDLINE 4,120,1 0,0,0 0,0,0 0,0,0 12,0,2 1,120,1 1,120,1 1,120,1 3,120,1
ADDLINE 1,121,1 0,0,0 12,0,2 1,121,1 4,121,1 1,121,1 1,121,1 3,121,1 1,121,1
ADDLINE 1,132,1 1,132,1 12,0,2 1,132,1 1,132,1 1,132,1 2,132,1 1,132,1 1,132,1
ADDLINE 1,143,1 1,143,1 0,0,0 12,0,2 3,143,1 1,143,1 1,143,1 1,143,1 1,143,1
ADDLINE 1,155,1 1,155,1 2,155,1 0,0,0 12,0,2 1,155,1 5,155,1 2,155,1 1,155,1
ADDLINE 5,125,1 1,125,1 1,125,1 1,125,1 0,0,0 0,0,0 0,0,0 12,0,2 1,125,1
ADDLINE 12,0,2 1,137,1 1,137,1 1,137,1 1,137,1 1,137,1 1,137,1 3,137,1 1,137,1
ADDLINE 0,0,0 0,0,0 12,0,2 2,149,1 3,149,1 4,149,1 1,149,1 4,149,1 1,149,1
ADDLINE 1,161,1 1,161,1 0,0,0 12,0,2 0,0,0 0,0,0 1,161,1 1,161,1 1,161,1
ADDLINE 1,129,1 1,129,1 1,129,1 1,129,1 3,129,1 12,0,2 1,129,1 2,129,1 1,129,1
ADDLINE 0,0,0 12,0,2 0,0,0 0,0,0 0,0,0 0,0,0 2,142,1 1,142,1 1,142,1
ADDLINE 12,0,2 1,154,1 5,154,1 1,154,1 1,154,1 1,154,1 1,154,1 1,154,1 5,154,1
ADDLINE 0,0,0 12,0,2 1,166,1 1,166,1 1,166,1 2,166,1 1,166,1 1,166,1 1,166,1
ADDLINE 0,0,0 12,0,2 1,134,1 1,134,1 1,134,1 1,134,1 1,134,1 1,134,1 2,134,1
ADDLINE 0,0,0 12,0,2 1,146,1 5,146,1 1,146,1 3,146,1 1,146,1 1,146,1 3,146,1
ADDLINE 1,159,1 0,0,0 1,159,1 12,0,2 1,159,1 1,159,1 1,159,1 1,159,1 1,159,1
ADDLINE 0,0,0 0,0,0 2,172,1 0,0,0 0,0,0 12,0,2 0,0,0 0,0,0 1,172,1
ADDLINE 4,138,1 0,0,0 4,138,1 1,138,1 1,138,1 12,0,2 1,138,1 5,138,1 1,138,1
ADDLINE 2,151,1 0,0,0 0,0,0 12,0,2 1,151,1 0,0,0 0,0,0 0,0,0 0,0,0
ADDLINE 3,164,1 12,0,2 1,164,1 1,164,1 1,164,1 5,164,1 1,164,1 1,164,1 1,164,1
ADDLINE 0,0,0 0,0,0 1,178,1 12,0,2 0,0,0 0,0,0 0,0,0 0,0,0 1,178,1
ADDLINE 2,143,1 1,143,1 1,143,1 0,0,0 2,143,1 1,143,1 1,143,1 12,0,2 1,143,1
ADDLINE 0,0,0 0,0,0 1,156,1 0,0,0 1,156,1 0,0,0 1,156,1 12,0,2 4,156,1
ADDLINE 1,169,1 1,169,1 1,169,1 0,0,0 1,169,1 12,0,2 3,169,1 0,0,0 1,169,1
ADDLINE 1,183,1 5,183,1 12,0,2 1,183,1 1,183,1 1,183,1 1,183,1 1,183,1 1,183,1
ADDLINE 5,147,1 1,147,1 12,0,2 1,147,1 1,147,1 3,147,1 3,147,1 1,147,1 1,147,1
ADDLINE 0,0,0 12,0,2 0,0,0 2,161,1 1,161,1 1,161,1 1,161,1 1,161,1 2,161,1
ADDLINE 12,0,2 4,175,1 1,175,1 1,175,1 1,175,1 2,175,1 1,175,1 1,175,1 4,175,1
ADDLINE 0,0,0 12,0,2 0,0,0 0,0,0 0,0,0 1,189,1 1,189,1 1,189,1 1,189,1
ADDLINE 5,151,1 1,151,1 1,151,1 1,151,1 12,0,2 1,151,1 1,151,1 1,151,1 5,151,1
17,96,1 4,96,1 5,96,1 1,96,1 1,96,1 16,96,1 12,0,2 0,0,0 0,0,0
1,95,1 1,95,1 1,95,1 1,95,1 1,95,1 1,95,1 22,0,2 12,0,2 0,0,0
5,94,1 1,94,1 20,94,1 2,94,1 1,94,1 12,0,2 0,0,0 0,0,0 0,0,0
1,93,1 1,93,1 4,93,1 1,93,1 1,93,1 12,0,2 0,0,0 0,0,0 0,0,0
5,92,1 3,92,1 1,92,1 1,92,1 5,92,1 21,92,1 12,0,2 1,92,1 0,0,0
1,91,1 1,91,1 1,91,1 1,91,1 0,0,0 18,91,1 12,0,2 0,0,0 0,0,0
0,0,0 0,0,0 0,0,0 0,0,0 0,0,0 0,0,0 0,0,0 0,0,0 0,0,0
0,0,0 0,0,0 0,0,0 0,0,0 0,0,0 0,0,0 0,0,0 0,0,0 0,0,0
0,0,0 0,0,0 0,0,0 0,0,0 0,0,0 0,0,0 0,0,0 0,0,0 0,0,0