MODE 0
BALL 108
STARS 0/0/14455 35
ADDLINE 1,107,1 3,107,1 3,107,1 2,107,1 1,107,1 12,0,2 1,107,1 5,107,1 1,107,1
ADDLINE 1,108,1 5,108,1 1,108,1 1,108,1 1,108,1 12,0,2 1,108,1 1,108,1 1,108,1
ADDLINE 1,109,1 1,109,1 1,109,1 1,109,1 1,109,1 12,0,2 1,109,1 7,0,2 1,109,1
ADDLINE 2,120,1 1,120,1 1,120,1 5,120,1 1,120,1 12,0,2 1,120,1 1,120,1 1,120,1
ADDLINE 1,121,1 0,0,0 0,0,0 11,0,2 0,0,0 12,0,2 1,121,1 1,121,1 1,121,1
ADDLINE 1,132,1 0,0,0 12,0,2 0,0,0 0,0,0 3,132,1 3,132,1 1,132,1 1,132,1
ADDLINE 1,143,1 1,143,1 2,143,1 1,143,1 0,0,0 0,0,0 12,0,2 0,0,0 1,143,1
ADDLINE 1,155,1 1,155,1 1,155,1 4,155,1 1,155,1 1,155,1 1,155,1 12,0,2 1,155,1
ADDLINE 1,125,1 4,125,1 3,125,1 1,125,1 2,125,1 1,125,1 1,125,1 12,0,2 0,0,0
ADDLINE 12,0,2 1,137,1 1,137,1 1,137,1 5,137,1 1,137,1 1,137,1 2,137,1 5,137,1
ADDLINE 0,0,0 0,0,0 12,0,2 0,0,0 1,149,1 1,149,1 1,149,1 1,149,1 3,149,1
ADDLINE 0,0,0 0,0,0 12,0,2 0,0,0 1,161,1 1,161,1 1,161,1 1,161,1 1,161,1
ADDLINE 11,0,2 0,0,0 0,0,0 12,0,2 1,129,1 1,129,1 3,129,1 1,129,1 1,129,1
ADDLINE 1,284,1 1,284,1 8,0,2 12,0,2 1,284,1 1,284,1 1,284,1 1,284,1 1,284,1
ADDLINE 10,0,2 0,0,0 12,0,2 1,308,1 1,308,1 1,308,1 1,308,1 1,308,1 1,308,1
ADDLINE 0,0,0 12,0,2 0,0,0 0,0,0 1,166,1 1,166,1 1,166,1 3,166,1 1,166,1
ADDLINE 0,0,0 12,0,2 0,0,0 0,0,0 1,134,1 1,134,1 3,134,1 1,134,1 5,134,1
ADDLINE 0,0,0 12,0,2 0,0,0 4,146,1 1,146,1 1,146,1 1,146,1 1,146,1 1,146,1
ADDLINE 1,318,1 10,0,2 1,318,1 0,0,0 1,318,1 12,0,2 1,318,1 0,0,0 1,318,1
ADDLINE 1,172,1 0,0,0 1,344,1 12,0,2 4,172,1 0,0,0 0,0,0 0,0,0 5,172,1
ADDLINE 1,138,1 0,0,0 1,138,1 12,0,2 1,138,1 1,138,1 1,138,1 0,0,0 1,138,1
ADDLINE 4,151,1 0,0,0 1,151,1 0,0,0 0,0,0 0,0,0 1,151,1 12,0,2 1,151,1
ADDLINE 3,164,1 0,0,0 1,328,1 11,0,2 1,328,1 1,164,1 1,164,1 12,0,2 1,164,1
ADDLINE 1,178,1 0,0,0 1,356,1 0,0,0 0,0,0 12,0,2 1,356,1 0,0,0 1,178,1
ADDLINE 2,143,1 0,0,0 1,143,1 5,143,1 1,143,1 12,0,2 7,0,2 0,0,0 1,286,1
ADDLINE 0,0,0 0,0,0 1,312,1 12,0,2 1,312,1 0,0,0 1,312,1 0,0,0 10,0,2
ADDLINE 1,169,1 0,0,0 1,169,1 12,0,2 1,338,1 11,0,2 1,338,1 1,338,1 1,338,1
ADDLINE 1,183,1 1,183,1 1,366,1 1,366,1 1,366,1 12,0,2 1,366,1 3,183,1 1,183,1
ADDLINE 1,294,1 1,294,1 1,294,1 10,0,2 12,0,2 0,0,0 1,294,1 1,294,1 1,294,1
ADDLINE 2,161,1 1,161,1 1,322,1 7,0,2 12,0,2 1,161,1 1,161,1 1,161,1 1,161,1
ADDLINE 1,175,1 1,175,1 1,350,1 1,350,1 12,0,2 1,175,1 1,175,1 1,175,1 1,175,1
ADDLINE 4,189,1 1,189,1 2,189,1 3,189,1 0,0,0 12,0,2 1,189,1 1,189,1 1,189,1
ADDLINE 1,151,1 3,151,1 1,151,1 1,151,1 1,151,1 12,0,2 0,0,0 0,0,0 0,0,0
1,96,1 0,0,0 1,96,1 9,0,2 5,96,1 0,0,0 0,0,0 12,0,2 1,96,1
1,95,1 1,95,1 3,95,1 12,0,2 1,95,1 1,95,1 1,95,1 2,95,1 1,95,1
0,0,0 0,0,0 12,0,2 11,0,2 1,94,1 2,94,1 1,94,1 1,94,1 1,94,1
1,93,1 1,93,1 1,93,1 12,0,2 1,93,1 1,93,1 1,93,1 4,93,1 1,93,1
1,92,1 11,0,2 1,92,1 12,0,2 1,92,1 5,92,1 1,92,1 6,92,1 1,92,1
3,91,1 0,0,0 1,91,1 12,0,2 5,91,1 1,91,1 4,91,1 1,91,1 1,91,1
0,0,0 0,0,0 0,0,0 0,0,0 0,0,0 0,0,0 0,0,0 0,0,0 0,0,0
0,0,0 0,0,0 0,0,0 0,0,0 0,0,0 0,0,0 0,0,0 0,0,0 0,0,0
0,0,0 0,0,0 0,0,0 0,0,0 0,0,0 0,0,0 0,0,0 0,0,0 0,0,0