MODE 0
BALL 108
STARS 0/0/14350 35
ADDLINE 1,107,1 4,107,1 1,107,1 1,107,1 12,0,2 1,107,1 1,107,1 2,107,1 1,107,1
ADDLINE 1,108,1 1,108,1 4,108,1 1,108,1 0,0,0 0,0,0 0,0,0 12,0,2 1,108,1
ADDLINE 1,109,1 1,109,1 1,109,1 3,109,1 1,109,1 1,109,1 3,109,1 12,0,2 0,0,0
ADDLINE 1,120,1 1,120,1 1,120,1 1,120,1 1,120,1 1,120,1 1,120,1 2,120,1 12,0,2
ADDLINE 1,121,1 1,121,1 5,121,1 2,121,1 3,121,1 1,121,1 12,0,2 0,0,0 0,0,0
ADDLINE 1,132,1 1,132,1 1,132,1 1,132,1 0,0,0 12,0,2 0,0,0 3,132,1 1,132,1
ADDLINE 1,143,1 1,143,1 1,143,1 1,143,1 0,0,0 12,0,2 0,0,0 5,143,1 5,143,1
ADDLINE 1,155,1 1,155,1 1,155,1 1,155,1 1,155,1 4,155,1 0,0,0 12,0,2 1,155,1
ADDLINE 1,125,1 1,125,1 1,125,1 1,125,1 0,0,0 12,0,2 0,0,0 0,0,0 2,125,1
ADDLINE 1,137,1 1,137,1 4,137,1 3,137,1 1,137,1 1,137,1 1,137,1 3,137,1 12,0,2
ADDLINE 1,149,1 4,149,1 1,149,1 5,149,1 1,149,1 12,0,2 0,0,0 0,0,0 0,0,0
ADDLINE 1,161,1 1,161,1 1,161,1 1,161,1 1,161,1 0,0,0 0,0,0 12,0,2 1,161,1
ADDLINE 1,129,1 2,129,1 2,129,1 1,129,1 1,129,1 1,129,1 1,129,1 12,0,2 0,0,0
ADDLINE 5,142,1 1,142,1 1,142,1 1,142,1 3,142,1 1,142,1 12,0,2 0,0,0 0,0,0
ADDLINE 3,154,1 1,154,1 1,154,1 1,154,1 1,154,1 1,154,1 0,0,0 12,0,2 0,0,0
ADDLINE 1,166,1 1,166,1 1,166,1 1,166,1 1,166,1 12,0,2 0,0,0 0,0,0 0,0,0
ADDLINE 3,134,1 1,134,1 1,134,1 1,134,1 3,134,1 0,0,0 12,0,2 0,0,0 0,0,0
ADDLINE 2,146,1 1,146,1 5,146,1 1,146,1 1,146,1 0,0,0 12,0,2 0,0,0 0,0,0
ADDLINE 1,159,1 2,159,1 1,159,1 1,159,1 1,159,1 12,0,2 5,159,1 1,159,1 1,159,1
ADDLINE 1,172,1 0,0,0 0,0,0 0,0,0 1,172,1 12,0,2 1,172,1 0,0,0 0,0,0
ADDLINE 1,138,1 0,0,0 1,138,1 12,0,2 1,138,1 5,138,1 3,138,1 0,0,0 1,138,1
ADDLINE 1,151,1 0,0,0 1,151,1 0,0,0 0,0,0 0,0,0 4,151,1 12,0,2 5,151,1
ADDLINE 5,164,1 0,0,0 1,164,1 1,164,1 3,164,1 12,0,2 1,164,1 0,0,0 1,164,1
ADDLINE 1,178,1 0,0,0 1,178,1 0,0,0 1,178,1 0,0,0 0,0,0 12,0,2 1,178,1
ADDLINE 1,143,1 0,0,0 3,143,1 12,0,2 4,143,1 0,0,0 4,143,1 1,143,1 1,143,1
ADDLINE 1,156,1 0,0,0 5,156,1 0,0,0 12,0,2 0,0,0 1,156,1 0,0,0 0,0,0
ADDLINE 1,169,1 0,0,0 1,169,1 12,0,2 1,169,1 1,169,1 1,169,1 0,0,0 1,169,1
ADDLINE 1,183,1 1,183,1 12,0,2 1,183,1 5,183,1 1,183,1 1,183,1 1,183,1 1,183,1
ADDLINE 1,147,1 1,147,1 0,0,0 12,0,2 0,0,0 2,147,1 1,147,1 1,147,1 1,147,1
ADDLINE 2,161,1 1,161,1 1,161,1 1,161,1 0,0,0 12,0,2 0,0,0 3,161,1 3,161,1
ADDLINE 1,175,1 1,175,1 1,175,1 1,175,1 1,175,1 1,175,1 0,0,0 12,0,2 0,0,0
ADDLINE 1,189,1 1,189,1 1,189,1 1,189,1 1,189,1 1,189,1 3,189,1 1,189,1 12,0,2
ADDLINE 5,151,1 2,151,1 3,151,1 1,151,1 1,151,1 1,151,1 2,151,1 12,0,2 0,0,0
1,96,1 1,96,1 1,96,1 1,96,1 1,96,1 20,96,1 12,0,2 0,0,0 0,0,0
1,95,1 1,95,1 2,95,1 1,95,1 2,95,1 1,95,1 12,0,2 0,0,0 0,0,0
1,18,1 1,18,1 4,18,1 1,94,1 6,94,1 0,0,0 12,0,2 0,0,0 0,0,0
19,93,1 1,93,1 2,18,1 3,93,1 4,93,1 0,0,0 12,0,2 0,0,0 1,93,1
1,92,1 1,92,1 9,0,2 1,92,1 2,92,1 12,0,2 0,0,0 0,0,0 1,92,1
4,91,1 1,91,1 8,0,2 1,91,1 1,91,1 1,91,1 1,91,1 12,0,2 1,91,1
0,0,0 0,0,0 0,0,0 0,0,0 0,0,0 0,0,0 0,0,0 0,0,0 0,0,0
0,0,0 0,0,0 0,0,0 0,0,0 0,0,0 0,0,0 0,0,0 0,0,0 0,0,0
0,0,0 0,0,0 0,0,0 0,0,0 0,0,0 0,0,0 0,0,0 0,0,0 0,0,0