MODE 0
BALL 108
STARS 0/0/14490 35
ADDLINE 1,107,1 1,107,1 3,107,1 1,107,1 1,107,1 2,107,1 12,0,2 1,107,1 1,107,1
ADDLINE 1,108,1 0,0,0 0,0,0 0,0,0 0,0,0 0,0,0 12,0,2 1,108,1 1,108,1
ADDLINE 5,109,1 0,0,0 12,0,2 0,0,0 1,109,1 2,109,1 1,109,1 1,109,1 1,109,1
ADDLINE 1,120,1 1,120,1 1,120,1 0,0,0 12,0,2 1,120,1 3,120,1 4,120,1 5,120,1
ADDLINE 1,121,1 1,121,1 4,121,1 1,121,1 12,0,2 1,121,1 1,121,1 1,121,1 1,121,1
ADDLINE 1,132,1 1,132,1 3,132,1 0,0,0 12,0,2 1,132,1 1,132,1 1,132,1 5,132,1
ADDLINE 1,143,1 5,143,1 1,143,1 0,0,0 12,0,2 1,143,1 1,143,1 1,143,1 1,143,1
ADDLINE 1,155,1 1,155,1 1,155,1 4,155,1 0,0,0 12,0,2 1,155,1 2,155,1 1,155,1
ADDLINE 1,125,1 1,125,1 4,125,1 1,125,1 1,125,1 0,0,0 12,0,2 5,125,1 1,125,1
ADDLINE 2,137,1 1,137,1 1,137,1 12,0,2 1,137,1 1,137,1 1,137,1 4,137,1 2,137,1
ADDLINE 1,149,1 1,149,1 1,149,1 0,0,0 12,0,2 0,0,0 1,149,1 1,149,1 1,149,1
ADDLINE 4,161,1 1,161,1 1,161,1 0,0,0 12,0,2 0,0,0 1,161,1 3,161,1 1,161,1
ADDLINE 4,129,1 1,129,1 1,129,1 0,0,0 0,0,0 0,0,0 12,0,2 1,129,1 1,129,1
ADDLINE 1,142,1 2,142,1 1,142,1 0,0,0 0,0,0 0,0,0 12,0,2 1,142,1 1,142,1
ADDLINE 1,154,1 5,154,1 1,154,1 0,0,0 12,0,2 1,154,1 1,154,1 1,154,1 4,154,1
ADDLINE 1,166,1 1,166,1 1,166,1 1,166,1 0,0,0 12,0,2 1,166,1 1,166,1 4,166,1
ADDLINE 5,134,1 1,134,1 3,134,1 0,0,0 0,0,0 12,0,2 1,134,1 1,134,1 3,134,1
ADDLINE 1,146,1 0,0,0 0,0,0 12,0,2 1,146,1 1,146,1 1,146,1 4,146,1 1,146,1
ADDLINE 4,159,1 1,159,1 5,159,1 0,0,0 1,159,1 1,159,1 1,159,1 12,0,2 5,159,1
ADDLINE 1,172,1 0,0,0 1,172,1 12,0,2 0,0,0 0,0,0 1,172,1 0,0,0 1,172,1
ADDLINE 1,138,1 0,0,0 1,138,1 3,138,1 1,138,1 12,0,2 1,138,1 0,0,0 1,138,1
ADDLINE 1,151,1 0,0,0 0,0,0 0,0,0 1,151,1 12,0,2 3,151,1 0,0,0 4,151,1
ADDLINE 1,164,1 0,0,0 1,164,1 0,0,0 1,164,1 0,0,0 1,164,1 12,0,2 1,164,1
ADDLINE 1,178,1 0,0,0 1,178,1 0,0,0 2,178,1 0,0,0 1,178,1 12,0,2 0,0,0
ADDLINE 1,143,1 1,143,1 1,143,1 0,0,0 1,143,1 12,0,2 1,143,1 3,143,1 5,143,1
ADDLINE 0,0,0 0,0,0 0,0,0 0,0,0 1,156,1 12,0,2 1,156,1 0,0,0 0,0,0
ADDLINE 1,169,1 0,0,0 3,169,1 1,169,1 1,169,1 0,0,0 1,169,1 12,0,2 2,169,1
ADDLINE 12,0,2 1,183,1 1,183,1 1,183,1 3,183,1 1,183,1 1,183,1 1,183,1 2,183,1
ADDLINE 12,0,2 1,147,1 1,147,1 1,147,1 1,147,1 3,147,1 1,147,1 4,147,1 2,147,1
ADDLINE 0,0,0 12,0,2 0,0,0 1,161,1 4,161,1 1,161,1 1,161,1 1,161,1 1,161,1
ADDLINE 1,175,1 1,175,1 0,0,0 0,0,0 0,0,0 0,0,0 12,0,2 1,175,1 1,175,1
ADDLINE 5,189,1 1,189,1 1,189,1 3,189,1 4,189,1 1,189,1 12,0,2 1,189,1 1,189,1
ADDLINE 1,151,1 1,151,1 1,151,1 1,151,1 1,151,1 4,151,1 0,0,0 12,0,2 0,0,0
0,0,0 1,96,1 1,96,1 1,96,1 12,0,2 4,96,1 1,96,1 5,96,1 0,0,0
0,0,0 4,95,1 3,95,1 1,95,1 12,0,2 1,95,1 1,95,1 20,95,1 0,0,0
12,0,2 1,94,1 1,94,1 9,0,2 1,94,1 10,0,2 1,94,1 1,94,1 15,0,2
12,0,2 1,93,1 1,93,1 3,93,1 1,93,1 1,93,1 1,93,1 5,93,1 1,93,1
0,0,0 16,92,1 2,92,1 1,92,1 1,92,1 1,92,1 12,0,2 2,92,1 3,92,1
12,0,2 1,91,1 5,91,1 1,91,1 1,91,1 1,91,1 14,0,2 1,91,1 1,91,1
0,0,0 0,0,0 0,0,0 0,0,0 0,0,0 0,0,0 0,0,0 0,0,0 0,0,0
0,0,0 0,0,0 0,0,0 0,0,0 0,0,0 0,0,0 0,0,0 0,0,0 0,0,0
0,0,0 0,0,0 0,0,0 0,0,0 0,0,0 0,0,0 0,0,0 0,0,0 0,0,0