MODE 0
BALL 108
STARS 0/0/14805 35
ADDLINE 1,107,1 12,0,2 1,107,1 1,107,1 1,107,1 1,107,1 1,107,1 1,107,1 1,107,1
ADDLINE 1,108,1 0,0,0 12,0,2 0,0,0 1,108,1 1,108,1 1,108,1 1,108,1 1,108,1
ADDLINE 10,0,2 12,0,2 0,0,0 0,0,0 1,109,1 1,109,1 1,109,1 1,109,1 1,109,1
ADDLINE 12,0,2 1,120,1 1,120,1 1,120,1 1,120,1 1,120,1 1,120,1 1,120,1 1,120,1
ADDLINE 0,0,0 0,0,0 12,0,2 17,121,1 1,121,1 1,121,1 1,121,1 1,121,1 1,121,1
ADDLINE 0,0,0 0,0,0 12,0,2 1,132,1 1,132,1 1,132,1 1,132,1 1,132,1 1,132,1
ADDLINE 0,0,0 12,0,2 1,286,1 1,286,1 1,286,1 16,143,1 1,286,1 1,286,1 1,286,1
ADDLINE 1,155,1 0,0,0 12,0,2 0,0,0 0,0,0 1,310,1 1,310,1 1,155,1 1,155,1
ADDLINE 1,125,1 1,125,1 1,125,1 1,125,1 0,0,0 7,0,2 0,0,0 12,0,2 1,125,1
ADDLINE 1,274,1 1,274,1 1,274,1 12,0,2 16,137,1 1,274,1 1,274,1 1,274,1 1,274,1
ADDLINE 1,298,1 1,298,1 19,149,1 0,0,0 12,0,2 1,298,1 1,298,1 1,298,1 1,298,1
ADDLINE 1,322,1 1,322,1 1,322,1 1,322,1 20,161,1 1,322,1 0,0,0 12,0,2 10,0,2
ADDLINE 1,129,1 1,129,1 1,129,1 1,258,1 1,258,1 1,258,1 1,258,1 1,258,1 12,0,2
ADDLINE 1,142,1 1,142,1 1,142,1 1,142,1 1,284,1 20,142,1 1,284,1 12,0,2 0,0,0
ADDLINE 1,308,1 1,308,1 16,154,1 1,308,1 1,308,1 1,308,1 1,308,1 12,0,2 0,0,0
ADDLINE 7,0,2 1,332,1 1,332,1 1,332,1 0,0,0 0,0,0 12,0,2 0,0,0 0,0,0
ADDLINE 1,268,1 1,268,1 19,134,1 1,268,1 1,268,1 1,268,1 12,0,2 1,268,1 0,0,0
ADDLINE 1,146,1 1,292,1 1,292,1 1,292,1 1,146,1 1,146,1 12,0,2 0,0,0 0,0,0
ADDLINE 1,159,1 0,0,0 1,159,1 1,159,1 1,159,1 12,0,2 1,159,1 0,0,0 1,159,1
ADDLINE 1,172,1 0,0,0 12,0,2 0,0,0 1,172,1 0,0,0 1,172,1 0,0,0 1,172,1
ADDLINE 1,138,1 1,138,1 1,138,1 0,0,0 1,138,1 1,138,1 1,138,1 12,0,2 1,138,1
ADDLINE 1,151,1 0,0,0 1,151,1 0,0,0 11,0,2 0,0,0 12,0,2 0,0,0 1,151,1
ADDLINE 1,164,1 12,0,2 1,164,1 1,328,1 1,328,1 1,328,1 1,164,1 1,164,1 1,164,1
ADDLINE 1,178,1 0,0,0 1,356,1 1,356,1 1,178,1 0,0,0 12,0,2 0,0,0 0,0,0
ADDLINE 1,143,1 1,286,1 20,143,1 12,0,2 1,143,1 0,0,0 1,143,1 0,0,0 1,143,1
ADDLINE 1,156,1 1,312,1 20,156,1 1,312,1 0,0,0 12,0,2 1,156,1 0,0,0 1,156,1
ADDLINE 1,169,1 1,338,1 1,338,1 1,338,1 1,169,1 1,169,1 1,169,1 12,0,2 1,169,1
ADDLINE 1,183,1 1,183,1 1,183,1 1,183,1 1,183,1 1,183,1 1,183,1 1,183,1 12,0,2
ADDLINE 1,147,1 1,147,1 1,147,1 1,294,1 11,0,2 0,0,0 12,0,2 0,0,0 0,0,0
ADDLINE 1,161,1 1,161,1 1,161,1 1,322,1 12,0,2 0,0,0 1,322,1 7,0,2 0,0,0
ADDLINE 1,175,1 1,350,1 1,350,1 1,350,1 1,350,1 1,175,1 1,350,1 17,175,1 12,0,2
ADDLINE 1,378,1 7,0,2 1,378,1 20,189,1 0,0,0 12,0,2 1,378,1 0,0,0 10,0,2
ADDLINE 1,302,1 1,302,1 1,302,1 1,302,1 10,0,2 12,0,2 1,302,1 1,302,1 1,302,1
1,96,1 1,96,1 1,96,1 1,96,1 15,0,2 1,96,1 12,0,2 16,96,1 1,96,1
1,95,1 1,95,1 1,95,1 1,95,1 8,0,2 1,95,1 12,0,2 1,95,1 1,95,1
0,0,0 12,0,2 0,0,0 1,94,1 0,0,0 1,94,1 0,0,0 1,94,1 1,94,1
1,93,1 1,93,1 1,93,1 1,93,1 1,93,1 1,93,1 12,0,2 1,93,1 1,93,1
0,0,0 1,92,1 0,0,0 14,0,2 12,0,2 0,0,0 0,0,0 0,0,0 0,0,0
1,91,1 1,91,1 19,91,1 1,91,1 12,0,2 1,91,1 1,91,1 1,91,1 1,91,1
0,0,0 0,0,0 0,0,0 0,0,0 0,0,0 0,0,0 0,0,0 0,0,0 0,0,0
0,0,0 0,0,0 0,0,0 0,0,0 0,0,0 0,0,0 0,0,0 0,0,0 0,0,0
0,0,0 0,0,0 0,0,0 0,0,0 0,0,0 0,0,0 0,0,0 0,0,0 0,0,0