MODE 0
BALL 108
STARS 0/0/14525 35
ADDLINE 1,107,1 1,107,1 1,107,1 12,0,2 3,107,1 1,107,1 4,107,1 1,107,1 1,107,1
ADDLINE 3,108,1 2,108,1 1,108,1 0,0,0 0,0,0 12,0,2 1,108,1 1,108,1 1,108,1
ADDLINE 1,109,1 1,109,1 1,109,1 1,109,1 0,0,0 12,0,2 2,109,1 1,109,1 1,109,1
ADDLINE 1,120,1 0,0,0 12,0,2 8,0,2 0,0,0 1,120,1 1,120,1 1,120,1 1,120,1
ADDLINE 1,121,1 8,0,2 12,0,2 1,121,1 1,121,1 1,121,1 1,121,1 1,121,1 1,121,1
ADDLINE 1,132,1 1,132,1 12,0,2 1,132,1 3,132,1 1,132,1 1,132,1 4,132,1 1,132,1
ADDLINE 1,143,1 1,143,1 0,0,0 12,0,2 1,143,1 1,143,1 1,143,1 1,143,1 3,143,1
ADDLINE 1,155,1 2,155,1 1,155,1 0,0,0 12,0,2 1,310,1 1,155,1 5,155,1 1,155,1
ADDLINE 1,250,1 1,250,1 1,250,1 1,250,1 10,0,2 0,0,0 12,0,2 0,0,0 1,250,1
ADDLINE 12,0,2 1,137,1 1,137,1 1,274,1 1,274,1 1,274,1 1,137,1 1,137,1 1,137,1
ADDLINE 0,0,0 0,0,0 12,0,2 1,149,1 1,149,1 1,149,1 1,149,1 5,149,1 1,149,1
ADDLINE 1,161,1 4,161,1 0,0,0 0,0,0 0,0,0 12,0,2 2,161,1 1,161,1 5,161,1
ADDLINE 1,129,1 2,129,1 5,129,1 1,129,1 1,129,1 12,0,2 1,129,1 1,129,1 1,129,1
ADDLINE 0,0,0 12,0,2 0,0,0 0,0,0 0,0,0 0,0,0 1,142,1 2,142,1 1,142,1
ADDLINE 12,0,2 1,154,1 1,154,1 3,154,1 1,154,1 1,154,1 5,154,1 1,154,1 1,154,1
ADDLINE 0,0,0 12,0,2 1,166,1 1,166,1 5,166,1 1,166,1 3,166,1 1,166,1 1,166,1
ADDLINE 10,0,2 12,0,2 1,268,1 1,268,1 1,268,1 1,268,1 1,268,1 1,268,1 1,268,1
ADDLINE 11,0,2 12,0,2 1,146,1 1,146,1 1,146,1 1,146,1 1,146,1 4,146,1 3,146,1
ADDLINE 1,318,1 0,0,0 0,0,0 0,0,0 1,159,1 0,0,0 1,159,1 12,0,2 1,159,1
ADDLINE 5,172,1 0,0,0 1,172,1 0,0,0 1,172,1 12,0,2 1,172,1 0,0,0 3,172,1
ADDLINE 1,138,1 0,0,0 1,276,1 12,0,2 4,138,1 0,0,0 0,0,0 0,0,0 1,138,1
ADDLINE 1,302,1 10,0,2 1,302,1 12,0,2 1,302,1 1,302,1 1,302,1 1,302,1 1,302,1
ADDLINE 1,164,1 0,0,0 1,328,1 0,0,0 0,0,0 12,0,2 0,0,0 0,0,0 0,0,0
ADDLINE 5,178,1 1,178,1 2,178,1 0,0,0 1,178,1 12,0,2 1,178,1 1,178,1 1,178,1
ADDLINE 8,0,2 0,0,0 1,286,1 0,0,0 1,286,1 12,0,2 0,0,0 0,0,0 1,286,1
ADDLINE 1,312,1 10,0,2 1,312,1 1,312,1 1,312,1 1,312,1 1,312,1 12,0,2 1,312,1
ADDLINE 1,169,1 0,0,0 1,338,1 12,0,2 0,0,0 0,0,0 2,169,1 0,0,0 1,169,1
ADDLINE 1,183,1 5,183,1 12,0,2 4,183,1 2,183,1 1,183,1 1,183,1 1,183,1 1,183,1
ADDLINE 1,147,1 1,294,1 12,0,2 1,294,1 1,147,1 1,147,1 1,147,1 1,147,1 5,147,1
ADDLINE 0,0,0 12,0,2 10,0,2 1,322,1 1,322,1 1,322,1 1,322,1 1,322,1 1,322,1
ADDLINE 12,0,2 1,350,1 1,350,1 1,350,1 1,175,1 4,175,1 4,175,1 1,175,1 1,175,1
ADDLINE 0,0,0 0,0,0 0,0,0 0,0,0 12,0,2 1,189,1 5,189,1 1,189,1 1,189,1
ADDLINE 1,151,1 1,151,1 1,151,1 2,151,1 12,0,2 1,151,1 1,151,1 1,151,1 1,151,1
1,96,1 1,96,1 1,96,1 0,0,0 1,96,1 1,96,1 1,96,1 12,0,2 10,0,2
1,95,1 1,95,1 1,95,1 12,0,2 0,0,0 0,0,0 1,95,1 1,95,1 0,0,0
17,94,1 2,94,1 3,94,1 1,94,1 16,94,1 12,0,2 1,94,1 1,94,1 0,0,0
1,93,1 5,93,1 1,93,1 12,0,2 9,0,2 0,0,0 3,93,1 1,93,1 0,0,0
5,92,1 0,0,0 12,0,2 1,92,1 11,0,2 1,92,1 1,92,1 1,92,1 2,92,1
1,91,1 0,0,0 1,91,1 1,91,1 12,0,2 1,91,1 1,91,1 1,91,1 1,91,1
0,0,0 0,0,0 0,0,0 0,0,0 0,0,0 0,0,0 0,0,0 0,0,0 0,0,0
0,0,0 0,0,0 0,0,0 0,0,0 0,0,0 0,0,0 0,0,0 0,0,0 0,0,0
0,0,0 0,0,0 0,0,0 0,0,0 0,0,0 0,0,0 0,0,0 0,0,0 0,0,0