MODE 0
BALL 108
STARS 0/0/14630 35
ADDLINE 3,107,1 1,107,1 1,107,1 1,107,1 5,107,1 12,0,2 1,107,1 4,107,1 3,107,1
ADDLINE 1,108,1 1,108,1 1,108,1 1,108,1 1,108,1 12,0,2 1,108,1 1,108,1 1,108,1
ADDLINE 5,109,1 1,109,1 1,109,1 4,109,1 1,109,1 12,0,2 1,109,1 1,109,1 1,109,1
ADDLINE 5,120,1 1,120,1 1,120,1 1,120,1 1,120,1 12,0,2 1,120,1 1,120,1 1,120,1
ADDLINE 1,121,1 0,0,0 0,0,0 12,0,2 0,0,0 0,0,0 1,121,1 1,121,1 1,121,1
ADDLINE 3,132,1 0,0,0 0,0,0 12,0,2 0,0,0 1,132,1 2,132,1 5,132,1 1,132,1
ADDLINE 1,143,1 1,143,1 1,143,1 1,143,1 0,0,0 12,0,2 0,0,0 0,0,0 1,143,1
ADDLINE 1,155,1 2,155,1 2,155,1 1,155,1 3,155,1 1,155,1 1,155,1 12,0,2 1,155,1
ADDLINE 1,125,1 1,125,1 3,125,1 1,125,1 4,125,1 1,125,1 1,125,1 12,0,2 0,0,0
ADDLINE 12,0,2 1,137,1 1,137,1 1,137,1 3,137,1 1,137,1 1,137,1 4,137,1 1,137,1
ADDLINE 0,0,0 12,0,2 0,0,0 0,0,0 1,149,1 1,149,1 4,149,1 1,149,1 1,149,1
ADDLINE 0,0,0 12,0,2 0,0,0 0,0,0 1,161,1 1,161,1 5,161,1 1,161,1 1,161,1
ADDLINE 0,0,0 0,0,0 0,0,0 12,0,2 1,129,1 1,129,1 1,129,1 1,129,1 1,129,1
ADDLINE 1,142,1 2,142,1 0,0,0 12,0,2 1,142,1 1,142,1 4,142,1 1,142,1 4,142,1
ADDLINE 0,0,0 12,0,2 0,0,0 3,154,1 1,154,1 1,154,1 1,154,1 1,154,1 1,154,1
ADDLINE 0,0,0 0,0,0 12,0,2 0,0,0 1,166,1 1,166,1 1,166,1 1,166,1 1,166,1
ADDLINE 0,0,0 0,0,0 0,0,0 12,0,2 4,134,1 1,134,1 1,134,1 2,134,1 3,134,1
ADDLINE 0,0,0 12,0,2 0,0,0 1,146,1 1,146,1 1,146,1 4,146,1 1,146,1 1,146,1
ADDLINE 1,159,1 0,0,0 4,159,1 1,159,1 1,159,1 1,159,1 1,159,1 12,0,2 1,159,1
ADDLINE 1,172,1 0,0,0 1,172,1 0,0,0 0,0,0 12,0,2 1,172,1 0,0,0 1,172,1
ADDLINE 1,138,1 3,138,1 3,138,1 0,0,0 1,138,1 0,0,0 1,138,1 12,0,2 2,138,1
ADDLINE 0,0,0 0,0,0 1,151,1 0,0,0 1,151,1 0,0,0 0,0,0 12,0,2 1,151,1
ADDLINE 2,164,1 0,0,0 5,164,1 12,0,2 1,164,1 1,164,1 1,164,1 1,164,1 3,164,1
ADDLINE 0,0,0 0,0,0 1,178,1 0,0,0 1,178,1 12,0,2 0,0,0 0,0,0 0,0,0
ADDLINE 1,143,1 0,0,0 1,143,1 12,0,2 1,143,1 1,143,1 3,143,1 1,143,1 1,143,1
ADDLINE 1,156,1 0,0,0 1,156,1 0,0,0 1,156,1 0,0,0 0,0,0 12,0,2 3,156,1
ADDLINE 1,169,1 0,0,0 1,169,1 0,0,0 4,169,1 12,0,2 1,169,1 0,0,0 2,169,1
ADDLINE 4,183,1 1,183,1 1,183,1 1,183,1 1,183,1 12,0,2 2,183,1 1,183,1 1,183,1
ADDLINE 3,147,1 1,147,1 4,147,1 0,0,0 12,0,2 0,0,0 1,147,1 1,147,1 1,147,1
ADDLINE 1,161,1 1,161,1 1,161,1 0,0,0 12,0,2 1,161,1 1,161,1 3,161,1 1,161,1
ADDLINE 4,175,1 1,175,1 1,175,1 1,175,1 12,0,2 1,175,1 1,175,1 1,175,1 2,175,1
ADDLINE 1,189,1 1,189,1 1,189,1 1,189,1 0,0,0 12,0,2 3,189,1 1,189,1 1,189,1
ADDLINE 1,151,1 2,151,1 3,151,1 1,151,1 1,151,1 12,0,2 0,0,0 0,0,0 0,0,0
12,0,2 1,96,1 0,0,0 0,0,0 0,0,0 1,96,1 1,96,1 5,96,1 0,0,0
1,95,1 1,95,1 1,95,1 5,95,1 12,0,2 1,95,1 2,95,1 3,95,1 0,0,0
1,94,1 1,94,1 1,94,1 1,94,1 11,0,2 0,0,0 12,0,2 1,94,1 0,0,0
5,93,1 17,93,1 1,93,1 1,93,1 12,0,2 1,93,1 4,93,1 16,93,1 1,93,1
1,92,1 1,92,1 1,92,1 1,92,1 12,0,2 1,92,1 1,92,1 5,92,1 1,92,1
4,91,1 1,91,1 1,91,1 1,91,1 12,0,2 1,91,1 3,91,1 3,91,1 1,91,1
0,0,0 0,0,0 0,0,0 0,0,0 0,0,0 0,0,0 0,0,0 0,0,0 0,0,0
0,0,0 0,0,0 0,0,0 0,0,0 0,0,0 0,0,0 0,0,0 0,0,0 0,0,0
0,0,0 0,0,0 0,0,0 0,0,0 0,0,0 0,0,0 0,0,0 0,0,0 0,0,0