MODE 0
BALL 108
STARS 0/0/14245 35
ADDLINE 1,107,1 4,107,1 1,107,1 1,107,1 12,0,2 3,107,1 1,107,1 1,107,1 1,107,1
ADDLINE 1,108,1 1,108,1 1,108,1 1,108,1 0,0,0 0,0,0 0,0,0 12,0,2 3,108,1
ADDLINE 1,109,1 1,109,1 1,109,1 1,109,1 4,109,1 1,109,1 5,109,1 12,0,2 0,0,0
ADDLINE 1,120,1 1,120,1 4,120,1 1,120,1 1,120,1 3,120,1 2,120,1 1,120,1 12,0,2
ADDLINE 1,121,1 4,121,1 1,121,1 1,121,1 1,121,1 1,121,1 0,0,0 12,0,2 0,0,0
ADDLINE 1,132,1 1,132,1 1,132,1 3,132,1 0,0,0 12,0,2 0,0,0 1,132,1 1,132,1
ADDLINE 1,143,1 5,143,1 1,143,1 1,143,1 0,0,0 0,0,0 12,0,2 1,143,1 1,143,1
ADDLINE 3,155,1 1,155,1 1,155,1 1,155,1 1,155,1 1,155,1 0,0,0 12,0,2 1,155,1
ADDLINE 1,125,1 2,125,1 3,125,1 1,125,1 0,0,0 0,0,0 12,0,2 0,0,0 1,125,1
ADDLINE 1,137,1 2,137,1 1,137,1 5,137,1 3,137,1 1,137,1 1,137,1 1,137,1 12,0,2
ADDLINE 1,149,1 1,149,1 1,149,1 1,149,1 1,149,1 0,0,0 12,0,2 0,0,0 0,0,0
ADDLINE 1,161,1 5,161,1 3,161,1 1,161,1 1,161,1 0,0,0 12,0,2 0,0,0 1,161,1
ADDLINE 3,129,1 1,129,1 1,129,1 2,129,1 1,129,1 1,129,1 1,129,1 12,0,2 0,0,0
ADDLINE 5,142,1 3,142,1 1,142,1 1,142,1 1,142,1 1,142,1 0,0,0 12,0,2 0,0,0
ADDLINE 1,154,1 1,154,1 1,154,1 1,154,1 1,154,1 2,154,1 0,0,0 12,0,2 0,0,0
ADDLINE 1,166,1 1,166,1 1,166,1 1,166,1 3,166,1 0,0,0 12,0,2 0,0,0 0,0,0
ADDLINE 5,134,1 1,134,1 3,134,1 1,134,1 4,134,1 12,0,2 0,0,0 0,0,0 0,0,0
ADDLINE 1,146,1 1,146,1 1,146,1 1,146,1 1,146,1 0,0,0 0,0,0 12,0,2 0,0,0
ADDLINE 3,159,1 12,0,2 3,159,1 1,159,1 1,159,1 1,159,1 1,159,1 1,159,1 2,159,1
ADDLINE 1,172,1 0,0,0 1,172,1 0,0,0 12,0,2 0,0,0 0,0,0 0,0,0 0,0,0
ADDLINE 1,138,1 0,0,0 1,138,1 12,0,2 1,138,1 1,138,1 4,138,1 1,138,1 1,138,1
ADDLINE 1,151,1 0,0,0 1,151,1 0,0,0 1,151,1 12,0,2 0,0,0 0,0,0 1,151,1
ADDLINE 1,164,1 1,164,1 1,164,1 0,0,0 5,164,1 0,0,0 2,164,1 12,0,2 4,164,1
ADDLINE 0,0,0 0,0,0 1,178,1 0,0,0 1,178,1 0,0,0 1,178,1 12,0,2 5,178,1
ADDLINE 1,143,1 0,0,0 1,143,1 12,0,2 1,143,1 2,143,1 1,143,1 0,0,0 1,143,1
ADDLINE 1,156,1 0,0,0 1,156,1 12,0,2 0,0,0 0,0,0 0,0,0 0,0,0 1,156,1
ADDLINE 3,169,1 0,0,0 1,169,1 1,169,1 1,169,1 4,169,1 1,169,1 12,0,2 4,169,1
ADDLINE 1,183,1 5,183,1 12,0,2 2,183,1 1,183,1 1,183,1 1,183,1 1,183,1 1,183,1
ADDLINE 3,147,1 1,147,1 0,0,0 12,0,2 0,0,0 1,147,1 5,147,1 1,147,1 2,147,1
ADDLINE 1,161,1 1,161,1 1,161,1 1,161,1 0,0,0 12,0,2 0,0,0 1,161,1 1,161,1
ADDLINE 1,175,1 1,175,1 1,175,1 1,175,1 3,175,1 2,175,1 12,0,2 0,0,0 0,0,0
ADDLINE 1,189,1 5,189,1 1,189,1 1,189,1 1,189,1 1,189,1 1,189,1 1,189,1 12,0,2
ADDLINE 2,151,1 1,151,1 1,151,1 1,151,1 1,151,1 1,151,1 3,151,1 12,0,2 0,0,0
4,96,1 0,0,0 0,0,0 0,0,0 0,0,0 12,0,2 1,96,1 3,96,1 3,96,1
0,0,0 12,0,2 16,95,1 1,95,1 1,95,1 1,95,1 1,95,1 1,95,1 1,95,1
0,0,0 12,0,2 0,0,0 0,0,0 0,0,0 0,0,0 1,94,1 5,94,1 1,94,1
4,93,1 17,93,1 15,0,2 5,93,1 1,93,1 11,0,2 12,0,2 0,0,0 0,0,0
1,92,1 1,92,1 1,92,1 1,92,1 1,92,1 1,92,1 12,0,2 0,0,0 14,0,2
1,91,1 1,91,1 1,91,1 4,91,1 2,91,1 1,91,1 0,0,0 12,0,2 1,91,1
0,0,0 0,0,0 0,0,0 0,0,0 0,0,0 0,0,0 0,0,0 0,0,0 0,0,0
0,0,0 0,0,0 0,0,0 0,0,0 0,0,0 0,0,0 0,0,0 0,0,0 0,0,0
0,0,0 0,0,0 0,0,0 0,0,0 0,0,0 0,0,0 0,0,0 0,0,0 0,0,0