MODE 0
BALL 108
STARS 0/0/15400 35
ADDLINE 1,107,1 1,107,1 1,107,1 1,107,1 1,107,1 4,107,1 12,0,2 5,107,1 1,107,1
ADDLINE 2,108,1 0,0,0 0,0,0 0,0,0 12,0,2 0,0,0 0,0,0 1,108,1 1,108,1
ADDLINE 1,109,1 0,0,0 12,0,2 1,109,1 1,109,1 16,109,1 1,109,1 1,109,1 1,109,1
ADDLINE 1,120,1 1,120,1 17,120,1 1,120,1 12,0,2 1,120,1 1,120,1 1,120,1 1,120,1
ADDLINE 1,121,1 1,121,1 1,121,1 1,121,1 12,0,2 1,121,1 1,121,1 3,121,1 3,121,1
ADDLINE 1,132,1 2,132,1 1,132,1 0,0,0 12,0,2 1,132,1 5,132,1 1,132,1 1,132,1
ADDLINE 1,143,1 1,143,1 1,143,1 0,0,0 12,0,2 3,143,1 1,143,1 3,143,1 1,143,1
ADDLINE 1,155,1 2,155,1 5,155,1 1,155,1 0,0,0 12,0,2 1,155,1 1,155,1 1,155,1
ADDLINE 1,125,1 1,125,1 1,125,1 1,125,1 1,125,1 0,0,0 12,0,2 2,125,1 1,125,1
ADDLINE 1,137,1 1,274,1 1,274,1 12,0,2 1,137,1 1,137,1 4,137,1 5,137,1 1,137,1
ADDLINE 1,298,1 19,149,1 1,298,1 0,0,0 1,298,1 12,0,2 1,298,1 1,298,1 1,298,1
ADDLINE 1,161,1 1,322,1 1,322,1 0,0,0 12,0,2 0,0,0 1,322,1 17,161,1 1,161,1
ADDLINE 1,258,1 1,258,1 1,258,1 0,0,0 1,258,1 1,258,1 12,0,2 16,129,1 1,258,1
ADDLINE 2,142,1 5,142,1 1,142,1 0,0,0 0,0,0 12,0,2 0,0,0 1,142,1 1,142,1
ADDLINE 1,154,1 1,154,1 1,154,1 0,0,0 12,0,2 4,154,1 1,154,1 1,154,1 1,154,1
ADDLINE 1,166,1 1,332,1 1,332,1 1,166,1 0,0,0 12,0,2 1,166,1 3,166,1 4,166,1
ADDLINE 1,268,1 19,134,1 1,268,1 0,0,0 12,0,2 1,268,1 1,268,1 1,268,1 1,268,1
ADDLINE 5,146,1 0,0,0 12,0,2 0,0,0 1,146,1 1,146,1 1,146,1 1,146,1 1,146,1
ADDLINE 2,159,1 0,0,0 1,159,1 12,0,2 1,159,1 1,159,1 1,159,1 1,159,1 1,159,1
ADDLINE 0,0,0 12,0,2 1,344,1 0,0,0 1,344,1 0,0,0 0,0,0 0,0,0 0,0,0
ADDLINE 1,138,1 3,138,1 1,276,1 17,138,1 1,276,1 12,0,2 1,138,1 4,138,1 1,138,1
ADDLINE 0,0,0 12,0,2 1,302,1 1,302,1 1,302,1 0,0,0 0,0,0 0,0,0 1,151,1
ADDLINE 2,164,1 1,164,1 1,164,1 0,0,0 1,164,1 1,164,1 1,164,1 12,0,2 5,164,1
ADDLINE 16,178,1 1,356,1 1,356,1 12,0,2 1,356,1 1,356,1 1,356,1 1,356,1 0,0,0
ADDLINE 1,143,1 0,0,0 1,143,1 1,143,1 1,143,1 12,0,2 1,143,1 4,143,1 1,143,1
ADDLINE 0,0,0 0,0,0 1,156,1 0,0,0 0,0,0 0,0,0 0,0,0 12,0,2 5,156,1
ADDLINE 1,169,1 1,169,1 1,338,1 12,0,2 1,338,1 1,169,1 4,169,1 1,169,1 2,169,1
ADDLINE 12,0,2 1,366,1 1,366,1 19,183,1 1,366,1 1,366,1 1,366,1 1,366,1 1,366,1
ADDLINE 12,0,2 2,147,1 1,294,1 1,294,1 1,294,1 1,147,1 1,147,1 1,147,1 3,147,1
ADDLINE 0,0,0 1,322,1 12,0,2 1,161,1 1,161,1 1,161,1 1,161,1 5,161,1 1,161,1
ADDLINE 20,175,1 1,350,1 0,0,0 0,0,0 12,0,2 1,350,1 0,0,0 1,175,1 2,175,1
ADDLINE 1,378,1 1,378,1 1,189,1 1,378,1 17,189,1 1,378,1 12,0,2 1,189,1 3,189,1
ADDLINE 1,151,1 1,151,1 1,151,1 1,302,1 1,302,1 1,302,1 12,0,2 0,0,0 0,0,0
1,96,1 16,96,1 2,96,1 12,0,2 1,96,1 3,96,1 1,96,1 1,96,1 1,96,1
1,95,1 1,95,1 1,95,1 0,0,0 12,0,2 0,0,0 1,95,1 1,95,1 1,95,1
4,94,1 1,94,1 1,94,1 0,0,0 1,94,1 12,0,2 2,94,1 1,94,1 1,94,1
1,93,1 10,0,2 4,93,1 11,0,2 2,93,1 12,0,2 0,0,0 0,0,0 1,93,1
16,92,1 0,0,0 1,92,1 1,92,1 1,92,1 12,0,2 1,92,1 5,92,1 17,92,1
0,0,0 12,0,2 1,91,1 0,0,0 0,0,0 0,0,0 1,91,1 1,91,1 4,91,1
0,0,0 0,0,0 0,0,0 0,0,0 0,0,0 0,0,0 0,0,0 0,0,0 0,0,0
0,0,0 0,0,0 0,0,0 0,0,0 0,0,0 0,0,0 0,0,0 0,0,0 0,0,0
0,0,0 0,0,0 0,0,0 0,0,0 0,0,0 0,0,0 0,0,0 0,0,0 0,0,0