MODE 0
BALL 120
STARS 0/0/15120 35
ADDLINE 2,117,1 1,117,1 1,117,1 12,0,2 1,117,1 1,117,1 1,117,1 1,117,1 1,117,1
ADDLINE 4,118,1 1,118,1 4,118,1 0,0,0 0,0,0 12,0,2 1,118,1 5,118,1 1,118,1
ADDLINE 0,0,0 0,0,0 8,0,2 0,0,0 0,0,0 12,0,2 1,119,1 1,119,1 1,119,1
ADDLINE 0,0,0 12,0,2 1,131,1 3,131,1 2,131,1 1,131,1 1,131,1 1,131,1 1,131,1
ADDLINE 1,132,1 0,0,0 0,0,0 0,0,0 12,0,2 1,132,1 4,132,1 1,132,1 1,132,1
ADDLINE 1,144,1 1,144,1 1,144,1 1,144,1 10,0,2 12,0,2 1,144,1 1,144,1 1,144,1
ADDLINE 1,312,1 19,156,1 1,312,1 0,0,0 12,0,2 1,312,1 1,312,1 1,312,1 1,312,1
ADDLINE 1,338,1 1,338,1 1,338,1 8,0,2 12,0,2 1,338,1 1,338,1 1,338,1 1,338,1
ADDLINE 1,136,1 4,136,1 1,136,1 1,136,1 12,0,2 1,136,1 1,136,1 2,136,1 1,136,1
ADDLINE 1,298,1 1,298,1 16,149,1 1,298,1 1,298,1 1,298,1 1,298,1 12,0,2 1,298,1
ADDLINE 2,162,1 0,0,0 0,0,0 0,0,0 0,0,0 12,0,2 1,162,1 0,0,0 1,162,1
ADDLINE 1,175,1 0,0,0 1,175,1 1,175,1 4,175,1 12,0,2 1,175,1 1,350,1 1,350,1
ADDLINE 1,280,1 0,0,0 0,0,0 12,0,2 1,280,1 0,0,0 1,280,1 0,0,0 10,0,2
ADDLINE 1,154,1 3,154,1 4,154,1 0,0,0 1,154,1 12,0,2 1,154,1 0,0,0 1,308,1
ADDLINE 0,0,0 12,0,2 1,167,1 0,0,0 1,167,1 0,0,0 0,0,0 0,0,0 1,167,1
ADDLINE 1,360,1 8,0,2 1,360,1 12,0,2 1,360,1 1,360,1 1,360,1 1,360,1 1,360,1
ADDLINE 1,145,1 0,0,0 1,145,1 12,0,2 0,0,0 0,0,0 17,145,1 1,290,1 0,0,0
ADDLINE 1,316,1 1,316,1 1,316,1 1,316,1 1,316,1 1,316,1 16,158,1 12,0,2 1,316,1
ADDLINE 1,172,1 3,172,1 4,172,1 1,172,1 1,172,1 1,172,1 1,344,1 1,344,1 12,0,2
ADDLINE 1,186,1 2,186,1 1,186,1 1,186,1 1,186,1 3,186,1 1,372,1 20,186,1 12,0,2
ADDLINE 1,149,1 1,149,1 1,149,1 1,149,1 1,149,1 1,149,1 1,298,1 1,298,1 12,0,2
ADDLINE 1,163,1 1,163,1 1,163,1 0,0,0 0,0,0 12,0,2 0,0,0 0,0,0 0,0,0
ADDLINE 1,177,1 1,177,1 1,177,1 0,0,0 1,354,1 1,354,1 12,0,2 0,0,0 1,177,1
ADDLINE 3,192,1 1,384,1 1,384,1 1,192,1 1,384,1 17,192,1 1,384,1 12,0,2 2,192,1
ADDLINE 1,154,1 17,154,1 1,308,1 0,0,0 1,308,1 12,0,2 0,0,0 0,0,0 5,154,1
ADDLINE 2,168,1 1,336,1 7,0,2 12,0,2 1,168,1 1,168,1 1,168,1 1,168,1 1,168,1
ADDLINE 0,0,0 0,0,0 12,0,2 1,364,1 3,182,1 1,182,1 1,182,1 1,182,1 1,182,1
ADDLINE 12,0,2 1,394,1 1,394,1 1,394,1 1,197,1 1,197,1 3,197,1 1,197,1 1,197,1
ADDLINE 0,0,0 12,0,2 10,0,2 1,316,1 1,316,1 1,316,1 1,316,1 1,316,1 1,316,1
ADDLINE 1,173,1 1,346,1 0,0,0 0,0,0 12,0,2 0,0,0 4,173,1 1,346,1 17,173,1
ADDLINE 1,188,1 1,188,1 1,188,1 1,188,1 4,188,1 12,0,2 1,376,1 1,376,1 1,376,1
ADDLINE 0,0,0 11,0,2 12,0,2 0,0,0 0,0,0 0,0,0 17,203,1 1,406,1 1,203,1
ADDLINE 12,0,2 1,324,1 1,324,1 1,162,1 1,162,1 1,324,1 1,324,1 1,324,1 5,162,1
0,0,0 1,105,1 12,0,2 15,0,2 1,105,1 3,105,1 1,105,1 0,0,0 1,105,1
5,104,1 1,104,1 12,0,2 1,104,1 1,104,1 1,104,1 1,104,1 1,104,1 1,104,1
1,103,1 1,103,1 8,0,2 1,103,1 6,103,1 1,103,1 6,103,1 12,0,2 0,0,0
2,102,1 14,0,2 1,102,1 0,0,0 1,102,1 12,0,2 1,102,1 1,102,1 3,102,1
1,101,1 0,0,0 1,101,1 0,0,0 0,0,0 12,0,2 1,101,1 0,0,0 0,0,0
1,100,1 10,0,2 1,100,1 12,0,2 1,100,1 1,100,1 1,100,1 1,100,1 1,100,1
0,0,0 0,0,0 0,0,0 0,0,0 0,0,0 0,0,0 0,0,0 0,0,0 0,0,0
0,0,0 0,0,0 0,0,0 0,0,0 0,0,0 0,0,0 0,0,0 0,0,0 0,0,0
0,0,0 0,0,0 0,0,0 0,0,0 0,0,0 0,0,0 0,0,0 0,0,0 0,0,0