MODE 0
BALL 120
STARS 0/0/15225 35
ADDLINE 5,117,1 1,117,1 12,0,2 4,117,1 1,117,1 1,117,1 1,117,1 5,117,1 1,117,1
ADDLINE 1,118,1 1,118,1 0,0,0 12,0,2 4,118,1 1,118,1 1,118,1 1,118,1 1,118,1
ADDLINE 0,0,0 0,0,0 12,0,2 0,0,0 1,119,1 1,119,1 1,119,1 1,119,1 3,119,1
ADDLINE 0,0,0 0,0,0 12,0,2 0,0,0 1,131,1 5,131,1 1,131,1 1,131,1 2,131,1
ADDLINE 1,132,1 1,132,1 2,132,1 0,0,0 12,0,2 5,132,1 1,132,1 1,132,1 1,132,1
ADDLINE 1,144,1 1,144,1 1,144,1 1,144,1 0,0,0 12,0,2 4,144,1 1,144,1 1,144,1
ADDLINE 1,156,1 1,156,1 0,0,0 12,0,2 0,0,0 0,0,0 1,156,1 1,156,1 1,156,1
ADDLINE 3,169,1 1,169,1 0,0,0 0,0,0 0,0,0 12,0,2 2,169,1 1,169,1 1,169,1
ADDLINE 5,136,1 1,136,1 1,136,1 1,136,1 2,136,1 0,0,0 0,0,0 12,0,2 0,0,0
ADDLINE 12,0,2 1,149,1 1,149,1 1,149,1 1,149,1 1,149,1 1,149,1 2,149,1 1,149,1
ADDLINE 0,0,0 12,0,2 0,0,0 0,0,0 1,162,1 2,162,1 1,162,1 1,162,1 5,162,1
ADDLINE 1,175,1 4,175,1 1,175,1 0,0,0 0,0,0 12,0,2 0,0,0 1,175,1 1,175,1
ADDLINE 2,140,1 2,140,1 1,140,1 1,140,1 1,140,1 0,0,0 12,0,2 4,140,1 1,140,1
ADDLINE 1,154,1 1,154,1 1,154,1 1,154,1 1,154,1 0,0,0 0,0,0 12,0,2 0,0,0
ADDLINE 1,167,1 1,167,1 3,167,1 1,167,1 1,167,1 1,167,1 0,0,0 12,0,2 0,0,0
ADDLINE 0,0,0 0,0,0 0,0,0 0,0,0 0,0,0 12,0,2 0,0,0 1,180,1 1,180,1
ADDLINE 0,0,0 12,0,2 1,145,1 1,145,1 5,145,1 3,145,1 1,145,1 1,145,1 2,145,1
ADDLINE 1,158,1 0,0,0 0,0,0 0,0,0 12,0,2 5,158,1 1,158,1 1,158,1 1,158,1
ADDLINE 5,172,1 1,172,1 1,172,1 2,172,1 1,172,1 1,172,1 1,172,1 12,0,2 1,172,1
ADDLINE 2,186,1 1,186,1 1,186,1 1,186,1 1,186,1 3,186,1 1,186,1 12,0,2 1,186,1
ADDLINE 0,0,0 0,0,0 0,0,0 0,0,0 12,0,2 0,0,0 0,0,0 0,0,0 1,149,1
ADDLINE 12,0,2 1,163,1 1,163,1 4,163,1 4,163,1 2,163,1 1,163,1 1,163,1 1,163,1
ADDLINE 12,0,2 1,177,1 2,177,1 1,177,1 1,177,1 1,177,1 1,177,1 1,177,1 1,177,1
ADDLINE 0,0,0 12,0,2 0,0,0 3,192,1 3,192,1 1,192,1 1,192,1 1,192,1 1,192,1
ADDLINE 1,154,1 1,154,1 12,0,2 1,154,1 1,154,1 1,154,1 1,154,1 2,154,1 1,154,1
ADDLINE 1,168,1 1,168,1 12,0,2 1,168,1 1,168,1 1,168,1 1,168,1 4,168,1 1,168,1
ADDLINE 4,182,1 1,182,1 0,0,0 12,0,2 0,0,0 0,0,0 2,182,1 5,182,1 1,182,1
ADDLINE 1,197,1 1,197,1 3,197,1 1,197,1 2,197,1 2,197,1 12,0,2 1,197,1 1,197,1
ADDLINE 1,158,1 3,158,1 5,158,1 1,158,1 1,158,1 1,158,1 12,0,2 0,0,0 0,0,0
ADDLINE 1,173,1 1,173,1 1,173,1 1,173,1 1,173,1 1,173,1 5,173,1 1,173,1 12,0,2
ADDLINE 1,188,1 1,188,1 1,188,1 1,188,1 4,188,1 3,188,1 5,188,1 1,188,1 12,0,2
ADDLINE 5,203,1 1,203,1 1,203,1 1,203,1 1,203,1 1,203,1 1,203,1 1,203,1 12,0,2
ADDLINE 1,162,1 1,162,1 1,162,1 3,162,1 4,162,1 1,162,1 1,162,1 12,0,2 0,0,0
2,105,1 3,105,1 6,105,1 1,105,1 1,105,1 1,105,1 1,105,1 12,0,2 0,0,0
4,104,1 16,104,1 1,104,1 1,104,1 1,104,1 1,104,1 1,104,1 1,104,1 12,0,2
1,103,1 3,103,1 1,103,1 0,0,0 9,0,2 12,0,2 0,0,0 0,0,0 11,0,2
4,102,1 1,102,1 1,102,1 0,0,0 0,0,0 12,0,2 0,0,0 1,102,1 1,102,1
1,101,1 6,101,1 2,101,1 0,0,0 8,0,2 0,0,0 12,0,2 5,101,1 1,101,1
1,100,1 1,100,1 1,100,1 0,0,0 0,0,0 12,0,2 0,0,0 0,0,0 5,100,1
0,0,0 0,0,0 0,0,0 0,0,0 0,0,0 0,0,0 0,0,0 0,0,0 0,0,0
0,0,0 0,0,0 0,0,0 0,0,0 0,0,0 0,0,0 0,0,0 0,0,0 0,0,0
0,0,0 0,0,0 0,0,0 0,0,0 0,0,0 0,0,0 0,0,0 0,0,0 0,0,0