MODE 0
BALL 120
STARS 0/0/13895 35
ADDLINE 1,117,1 0,0,0 12,0,2 0,0,0 1,117,1 1,117,1 1,117,1 1,117,1 1,117,1
ADDLINE 0,0,0 1,118,1 1,118,1 12,0,2 1,118,1 1,118,1 1,118,1 1,118,1 1,118,1
ADDLINE 0,0,0 1,119,1 1,119,1 8,0,2 12,0,2 0,0,0 1,119,1 1,119,1 1,119,1
ADDLINE 0,0,0 1,131,1 1,131,1 1,131,1 12,0,2 0,0,0 1,131,1 7,0,2 1,131,1
ADDLINE 0,0,0 1,132,1 1,132,1 1,132,1 12,0,2 1,132,1 1,132,1 1,132,1 1,132,1
ADDLINE 0,0,0 1,144,1 1,144,1 0,0,0 12,0,2 1,144,1 1,144,1 1,144,1 1,144,1
ADDLINE 7,0,2 1,312,1 12,0,2 1,156,1 1,156,1 1,156,1 1,156,1 1,156,1 1,156,1
ADDLINE 1,338,1 0,0,0 12,0,2 1,169,1 1,169,1 1,169,1 1,169,1 1,169,1 1,169,1
ADDLINE 1,136,1 0,0,0 12,0,2 1,136,1 1,136,1 1,136,1 1,136,1 0,0,0 1,136,1
ADDLINE 1,149,1 0,0,0 1,149,1 0,0,0 1,149,1 12,0,2 11,0,2 0,0,0 1,149,1
ADDLINE 1,162,1 0,0,0 1,162,1 0,0,0 1,162,1 12,0,2 1,324,1 1,324,1 1,162,1
ADDLINE 1,175,1 0,0,0 1,175,1 0,0,0 1,175,1 0,0,0 1,175,1 12,0,2 0,0,0
ADDLINE 1,140,1 0,0,0 1,140,1 12,0,2 1,140,1 0,0,0 1,140,1 0,0,0 1,140,1
ADDLINE 1,154,1 0,0,0 1,154,1 0,0,0 12,0,2 0,0,0 1,308,1 11,0,2 1,154,1
ADDLINE 1,167,1 0,0,0 1,334,1 1,334,1 1,167,1 1,167,1 1,334,1 12,0,2 1,167,1
ADDLINE 1,180,1 0,0,0 7,0,2 12,0,2 0,0,0 0,0,0 0,0,0 0,0,0 1,180,1
ADDLINE 1,145,1 0,0,0 1,290,1 12,0,2 1,145,1 1,145,1 1,145,1 1,145,1 1,145,1
ADDLINE 1,158,1 0,0,0 0,0,0 0,0,0 1,158,1 12,0,2 0,0,0 0,0,0 1,158,1
ADDLINE 12,0,2 1,172,1 1,172,1 1,172,1 1,172,1 1,172,1 1,172,1 1,172,1 1,172,1
ADDLINE 0,0,0 0,0,0 12,0,2 0,0,0 0,0,0 0,0,0 0,0,0 0,0,0 1,186,1
ADDLINE 1,149,1 1,149,1 1,149,1 1,149,1 1,149,1 1,149,1 1,149,1 12,0,2 1,149,1
ADDLINE 1,163,1 1,163,1 1,163,1 1,163,1 1,163,1 1,163,1 1,163,1 12,0,2 0,0,0
ADDLINE 1,177,1 1,177,1 1,177,1 1,177,1 1,177,1 1,177,1 12,0,2 0,0,0 0,0,0
ADDLINE 1,192,1 1,192,1 1,192,1 1,192,1 1,192,1 1,192,1 12,0,2 1,192,1 1,192,1
ADDLINE 1,154,1 1,154,1 1,154,1 1,154,1 1,154,1 1,154,1 12,0,2 1,308,1 1,308,1
ADDLINE 1,168,1 1,168,1 1,168,1 1,168,1 1,168,1 1,168,1 12,0,2 0,0,0 7,0,2
ADDLINE 1,182,1 1,182,1 1,182,1 12,0,2 0,0,0 0,0,0 0,0,0 0,0,0 0,0,0
ADDLINE 1,197,1 1,197,1 1,197,1 1,197,1 1,197,1 12,0,2 1,197,1 1,197,1 1,197,1
ADDLINE 1,158,1 1,158,1 1,158,1 0,0,0 12,0,2 11,0,2 1,316,1 1,158,1 1,158,1
ADDLINE 1,346,1 1,346,1 1,346,1 8,0,2 12,0,2 1,346,1 1,346,1 1,346,1 1,346,1
ADDLINE 1,188,1 1,188,1 1,188,1 1,188,1 12,0,2 1,188,1 1,188,1 1,188,1 1,188,1
ADDLINE 1,203,1 1,203,1 1,203,1 1,406,1 11,0,2 12,0,2 1,406,1 1,406,1 1,203,1
ADDLINE 1,162,1 1,162,1 1,162,1 1,324,1 1,324,1 12,0,2 7,0,2 0,0,0 0,0,0
0,0,0 0,0,0 1,105,1 0,0,0 12,0,2 0,0,0 1,105,1 0,0,0 0,0,0
1,104,1 1,104,1 1,104,1 0,0,0 1,104,1 12,0,2 1,104,1 1,104,1 1,104,1
15,0,2 0,0,0 6,103,1 0,0,0 1,103,1 0,0,0 0,0,0 12,0,2 1,103,1
1,102,1 1,102,1 1,102,1 12,0,2 1,102,1 1,102,1 1,102,1 1,102,1 1,102,1
1,101,1 0,0,0 0,0,0 12,0,2 1,101,1 14,0,2 0,0,0 0,0,0 0,0,0
1,100,1 0,0,0 1,100,1 1,100,1 1,100,1 12,0,2 1,100,1 1,100,1 1,100,1
0,0,0 0,0,0 0,0,0 0,0,0 0,0,0 0,0,0 0,0,0 0,0,0 0,0,0
0,0,0 0,0,0 0,0,0 0,0,0 0,0,0 0,0,0 0,0,0 0,0,0 0,0,0
0,0,0 0,0,0 0,0,0 0,0,0 0,0,0 0,0,0 0,0,0 0,0,0 0,0,0