MODE 0
BALL 120
STARS 0/0/14455 35
ADDLINE 1,117,1 1,117,1 1,117,1 1,117,1 1,117,1 1,117,1 1,117,1 12,0,2 1,117,1
ADDLINE 0,0,0 0,0,0 0,0,0 0,0,0 0,0,0 0,0,0 12,0,2 0,0,0 1,118,1
ADDLINE 0,0,0 12,0,2 1,119,1 1,119,1 1,119,1 1,119,1 1,119,1 1,119,1 1,119,1
ADDLINE 1,131,1 0,0,0 12,0,2 17,131,1 1,131,1 1,131,1 1,131,1 1,131,1 1,131,1
ADDLINE 1,132,1 1,132,1 12,0,2 1,132,1 1,132,1 19,132,1 1,132,1 1,132,1 1,132,1
ADDLINE 1,144,1 1,144,1 0,0,0 12,0,2 1,144,1 1,144,1 1,144,1 1,144,1 1,144,1
ADDLINE 1,156,1 1,156,1 1,156,1 12,0,2 1,156,1 1,312,1 1,312,1 1,312,1 1,156,1
ADDLINE 1,169,1 0,0,0 0,0,0 12,0,2 1,169,1 1,338,1 17,169,1 1,338,1 1,169,1
ADDLINE 1,136,1 0,0,0 12,0,2 0,0,0 0,0,0 1,272,1 1,272,1 1,272,1 1,136,1
ADDLINE 1,149,1 0,0,0 1,149,1 1,149,1 1,149,1 1,149,1 1,149,1 12,0,2 1,149,1
ADDLINE 1,162,1 0,0,0 0,0,0 0,0,0 12,0,2 0,0,0 1,162,1 0,0,0 0,0,0
ADDLINE 1,175,1 1,175,1 1,175,1 1,175,1 1,175,1 12,0,2 1,175,1 1,175,1 1,175,1
ADDLINE 0,0,0 0,0,0 0,0,0 0,0,0 1,140,1 0,0,0 0,0,0 12,0,2 1,140,1
ADDLINE 1,154,1 1,154,1 1,154,1 1,154,1 1,154,1 1,154,1 1,154,1 12,0,2 1,154,1
ADDLINE 0,0,0 12,0,2 0,0,0 0,0,0 0,0,0 0,0,0 1,167,1 0,0,0 1,167,1
ADDLINE 1,180,1 1,180,1 1,180,1 0,0,0 1,180,1 12,0,2 1,360,1 0,0,0 1,180,1
ADDLINE 0,0,0 0,0,0 0,0,0 0,0,0 1,145,1 12,0,2 20,145,1 1,290,1 0,0,0
ADDLINE 1,158,1 1,158,1 12,0,2 1,158,1 1,158,1 1,316,1 1,316,1 1,316,1 1,158,1
ADDLINE 12,0,2 1,172,1 1,172,1 1,172,1 1,172,1 1,344,1 1,344,1 1,344,1 1,172,1
ADDLINE 0,0,0 12,0,2 1,186,1 1,186,1 1,186,1 1,372,1 20,186,1 1,372,1 1,186,1
ADDLINE 0,0,0 12,0,2 1,149,1 1,149,1 1,149,1 1,298,1 1,298,1 1,298,1 1,149,1
ADDLINE 12,0,2 1,163,1 1,163,1 1,163,1 1,163,1 1,163,1 1,163,1 1,163,1 1,163,1
ADDLINE 0,0,0 0,0,0 12,0,2 0,0,0 0,0,0 1,177,1 1,177,1 1,177,1 1,177,1
ADDLINE 1,192,1 1,192,1 1,192,1 1,192,1 0,0,0 0,0,0 0,0,0 12,0,2 0,0,0
ADDLINE 1,154,1 1,154,1 1,154,1 1,154,1 1,154,1 1,154,1 1,154,1 1,154,1 12,0,2
ADDLINE 1,336,1 1,336,1 1,168,1 1,168,1 12,0,2 0,0,0 0,0,0 0,0,0 0,0,0
ADDLINE 20,182,1 1,364,1 1,182,1 1,182,1 0,0,0 12,0,2 0,0,0 0,0,0 0,0,0
ADDLINE 1,394,1 1,394,1 1,197,1 1,197,1 1,197,1 1,197,1 12,0,2 1,394,1 1,394,1
ADDLINE 1,158,1 1,158,1 1,158,1 1,158,1 1,158,1 0,0,0 12,0,2 1,316,1 20,158,1
ADDLINE 1,173,1 0,0,0 12,0,2 0,0,0 0,0,0 0,0,0 1,173,1 1,346,1 1,346,1
ADDLINE 0,0,0 12,0,2 16,188,1 1,376,1 1,376,1 1,376,1 1,376,1 1,376,1 1,376,1
ADDLINE 12,0,2 1,203,1 1,203,1 1,203,1 1,203,1 1,203,1 1,406,1 20,203,1 1,203,1
ADDLINE 0,0,0 0,0,0 12,0,2 1,162,1 1,162,1 1,162,1 1,324,1 1,324,1 1,162,1
0,0,0 0,0,0 1,105,1 12,0,2 0,0,0 0,0,0 1,105,1 0,0,0 1,21,1
1,104,1 1,104,1 1,104,1 1,104,1 1,104,1 1,104,1 1,104,1 12,0,2 16,20,1
1,103,1 0,0,0 12,0,2 0,0,0 1,103,1 0,0,0 0,0,0 0,0,0 1,20,1
19,102,1 1,102,1 1,102,1 0,0,0 1,102,1 12,0,2 1,102,1 1,102,1 1,20,1
1,101,1 12,0,2 1,101,1 0,0,0 0,0,0 0,0,0 1,101,1 0,0,0 7,0,2
1,100,1 0,0,0 18,100,1 1,100,1 1,100,1 12,0,2 1,100,1 8,0,2 1,20,1
0,0,0 0,0,0 0,0,0 0,0,0 0,0,0 0,0,0 0,0,0 0,0,0 0,0,0
0,0,0 0,0,0 0,0,0 0,0,0 0,0,0 0,0,0 0,0,0 0,0,0 0,0,0
0,0,0 0,0,0 0,0,0 0,0,0 0,0,0 0,0,0 0,0,0 0,0,0 0,0,0