MODE 0
BALL 120
STARS 0/0/13720 35
ADDLINE 1,117,1 1,117,1 1,117,1 4,117,1 3,117,1 1,117,1 1,117,1 1,117,1 12,0,2
ADDLINE 1,118,1 5,118,1 1,118,1 1,118,1 1,118,1 1,118,1 12,0,2 0,0,0 7,0,2
ADDLINE 1,119,1 1,119,1 5,119,1 4,119,1 1,119,1 1,119,1 0,0,0 12,0,2 0,0,0
ADDLINE 1,131,1 4,131,1 5,131,1 1,131,1 1,131,1 1,131,1 1,131,1 3,131,1 12,0,2
ADDLINE 1,132,1 1,132,1 3,132,1 1,132,1 1,132,1 1,132,1 1,132,1 12,0,2 0,0,0
ADDLINE 0,0,0 0,0,0 0,0,0 0,0,0 0,0,0 12,0,2 0,0,0 0,0,0 1,144,1
ADDLINE 0,0,0 12,0,2 0,0,0 1,156,1 5,156,1 1,312,1 1,312,1 1,312,1 1,156,1
ADDLINE 1,169,1 1,169,1 0,0,0 12,0,2 3,169,1 1,338,1 7,0,2 1,338,1 1,169,1
ADDLINE 1,136,1 1,136,1 1,136,1 0,0,0 12,0,2 1,272,1 1,272,1 1,272,1 2,136,1
ADDLINE 2,149,1 0,0,0 1,149,1 4,149,1 1,149,1 12,0,2 1,149,1 1,149,1 5,149,1
ADDLINE 1,162,1 0,0,0 0,0,0 0,0,0 1,162,1 12,0,2 1,162,1 0,0,0 1,162,1
ADDLINE 5,175,1 1,175,1 1,175,1 0,0,0 1,175,1 0,0,0 1,175,1 12,0,2 1,175,1
ADDLINE 2,140,1 0,0,0 0,0,0 0,0,0 0,0,0 0,0,0 1,140,1 12,0,2 0,0,0
ADDLINE 3,154,1 1,154,1 1,154,1 1,154,1 1,154,1 1,154,1 4,154,1 12,0,2 1,154,1
ADDLINE 0,0,0 0,0,0 1,167,1 12,0,2 0,0,0 0,0,0 1,167,1 0,0,0 1,167,1
ADDLINE 1,180,1 0,0,0 1,180,1 0,0,0 1,180,1 0,0,0 1,180,1 12,0,2 1,180,1
ADDLINE 3,145,1 0,0,0 11,0,2 12,0,2 1,145,1 0,0,0 1,145,1 0,0,0 4,145,1
ADDLINE 1,158,1 1,316,1 1,316,1 0,0,0 1,316,1 12,0,2 1,158,1 1,158,1 2,158,1
ADDLINE 1,344,1 1,344,1 1,344,1 1,344,1 10,0,2 12,0,2 1,344,1 1,344,1 1,344,1
ADDLINE 1,186,1 7,0,2 1,372,1 0,0,0 1,372,1 12,0,2 1,186,1 1,186,1 1,186,1
ADDLINE 1,149,1 1,298,1 0,0,0 2,149,1 4,149,1 12,0,2 1,149,1 1,149,1 1,149,1
ADDLINE 1,163,1 4,163,1 0,0,0 2,163,1 1,163,1 12,0,2 5,163,1 1,163,1 1,163,1
ADDLINE 0,0,0 12,0,2 1,177,1 1,177,1 1,177,1 1,177,1 1,177,1 1,177,1 4,177,1
ADDLINE 0,0,0 12,0,2 0,0,0 1,192,1 1,384,1 11,0,2 1,384,1 1,192,1 1,192,1
ADDLINE 1,154,1 1,154,1 1,154,1 0,0,0 1,308,1 0,0,0 12,0,2 0,0,0 0,0,0
ADDLINE 2,168,1 1,168,1 3,168,1 1,168,1 12,0,2 0,0,0 4,168,1 1,168,1 0,0,0
ADDLINE 1,182,1 3,182,1 1,182,1 1,182,1 1,182,1 1,182,1 1,182,1 12,0,2 0,0,0
ADDLINE 1,197,1 12,0,2 1,197,1 1,197,1 4,197,1 1,197,1 1,197,1 1,197,1 1,197,1
ADDLINE 0,0,0 12,0,2 2,158,1 1,158,1 1,158,1 1,158,1 4,158,1 5,158,1 1,158,1
ADDLINE 12,0,2 1,173,1 1,173,1 2,173,1 5,173,1 1,173,1 1,173,1 1,173,1 1,173,1
ADDLINE 0,0,0 12,0,2 0,0,0 0,0,0 1,188,1 1,188,1 4,188,1 5,188,1 1,188,1
ADDLINE 0,0,0 0,0,0 0,0,0 12,0,2 1,203,1 4,203,1 1,203,1 1,203,1 1,203,1
ADDLINE 0,0,0 0,0,0 11,0,2 12,0,2 0,0,0 2,162,1 1,162,1 1,162,1 1,162,1
1,105,1 0,0,0 1,105,1 0,0,0 1,105,1 1,105,1 6,105,1 12,0,2 1,105,1
0,0,0 12,0,2 1,104,1 0,0,0 0,0,0 0,0,0 3,104,1 0,0,0 2,104,1
5,103,1 1,103,1 1,103,1 1,103,1 17,103,1 0,0,0 1,103,1 12,0,2 1,103,1
0,0,0 0,0,0 0,0,0 9,0,2 1,102,1 0,0,0 1,102,1 12,0,2 5,102,1
1,101,1 1,101,1 2,101,1 0,0,0 1,101,1 12,0,2 21,101,1 0,0,0 1,101,1
1,100,1 12,0,2 0,0,0 0,0,0 3,100,1 0,0,0 0,0,0 0,0,0 0,0,0
0,0,0 0,0,0 0,0,0 0,0,0 0,0,0 0,0,0 0,0,0 0,0,0 0,0,0
0,0,0 0,0,0 0,0,0 0,0,0 0,0,0 0,0,0 0,0,0 0,0,0 0,0,0
0,0,0 0,0,0 0,0,0 0,0,0 0,0,0 0,0,0 0,0,0 0,0,0 0,0,0