MODE 0
BALL 120
STARS 0/0/15505 35
ADDLINE 1,117,1 1,117,1 1,117,1 5,117,1 5,117,1 1,117,1 1,117,1 2,117,1 12,0,2
ADDLINE 1,118,1 1,118,1 1,118,1 0,0,0 0,0,0 0,0,0 12,0,2 0,0,0 0,0,0
ADDLINE 1,119,1 1,119,1 1,119,1 0,0,0 12,0,2 0,0,0 1,119,1 3,119,1 1,119,1
ADDLINE 1,131,1 1,131,1 1,131,1 1,131,1 1,131,1 0,0,0 12,0,2 1,131,1 4,131,1
ADDLINE 1,132,1 3,132,1 1,132,1 1,132,1 1,132,1 3,132,1 0,0,0 12,0,2 1,132,1
ADDLINE 1,144,1 2,144,1 1,144,1 0,0,0 0,0,0 0,0,0 0,0,0 12,0,2 1,144,1
ADDLINE 1,156,1 1,156,1 0,0,0 12,0,2 2,156,1 1,156,1 1,156,1 2,156,1 3,156,1
ADDLINE 1,169,1 1,169,1 12,0,2 1,169,1 1,169,1 4,169,1 1,169,1 1,169,1 1,169,1
ADDLINE 3,136,1 1,136,1 0,0,0 12,0,2 1,136,1 1,136,1 4,136,1 1,136,1 1,136,1
ADDLINE 1,149,1 1,149,1 12,0,2 2,149,1 1,149,1 4,149,1 1,149,1 1,149,1 1,149,1
ADDLINE 1,162,1 1,162,1 0,0,0 1,162,1 1,162,1 0,0,0 12,0,2 0,0,0 1,162,1
ADDLINE 1,175,1 12,0,2 5,175,1 1,175,1 1,175,1 2,175,1 1,175,1 4,175,1 1,175,1
ADDLINE 1,140,1 12,0,2 5,140,1 1,140,1 1,140,1 1,140,1 1,140,1 1,140,1 1,140,1
ADDLINE 2,154,1 0,0,0 1,154,1 0,0,0 1,154,1 0,0,0 0,0,0 12,0,2 0,0,0
ADDLINE 1,167,1 0,0,0 1,167,1 12,0,2 1,167,1 1,167,1 4,167,1 1,167,1 2,167,1
ADDLINE 4,180,1 0,0,0 0,0,0 12,0,2 1,180,1 1,180,1 1,180,1 2,180,1 5,180,1
ADDLINE 1,145,1 1,145,1 1,145,1 12,0,2 1,145,1 1,145,1 4,145,1 1,145,1 1,145,1
ADDLINE 0,0,0 0,0,0 1,158,1 0,0,0 0,0,0 0,0,0 0,0,0 12,0,2 0,0,0
ADDLINE 12,0,2 2,172,1 3,172,1 1,172,1 1,172,1 2,172,1 1,172,1 1,172,1 1,172,1
ADDLINE 0,0,0 0,0,0 0,0,0 0,0,0 0,0,0 12,0,2 1,186,1 1,186,1 1,186,1
ADDLINE 1,149,1 1,149,1 1,149,1 1,149,1 0,0,0 12,0,2 4,149,1 1,149,1 1,149,1
ADDLINE 0,0,0 0,0,0 0,0,0 12,0,2 0,0,0 1,163,1 3,163,1 1,163,1 1,163,1
ADDLINE 12,0,2 1,177,1 2,177,1 1,177,1 1,177,1 1,177,1 1,177,1 2,177,1 5,177,1
ADDLINE 0,0,0 12,0,2 1,192,1 1,192,1 5,192,1 1,192,1 1,192,1 1,192,1 1,192,1
ADDLINE 1,154,1 12,0,2 1,154,1 1,154,1 4,154,1 1,154,1 1,154,1 2,154,1 5,154,1
ADDLINE 1,168,1 12,0,2 1,168,1 1,168,1 4,168,1 1,168,1 1,168,1 1,168,1 1,168,1
ADDLINE 1,182,1 0,0,0 0,0,0 0,0,0 0,0,0 12,0,2 0,0,0 0,0,0 1,182,1
ADDLINE 2,197,1 1,197,1 3,197,1 12,0,2 1,197,1 3,197,1 1,197,1 1,197,1 1,197,1
ADDLINE 1,158,1 1,158,1 2,158,1 0,0,0 12,0,2 0,0,0 1,158,1 1,158,1 1,158,1
ADDLINE 1,173,1 5,173,1 1,173,1 0,0,0 0,0,0 12,0,2 1,173,1 1,173,1 1,173,1
ADDLINE 1,188,1 1,188,1 5,188,1 0,0,0 0,0,0 12,0,2 0,0,0 1,188,1 1,188,1
ADDLINE 2,203,1 1,203,1 2,203,1 0,0,0 0,0,0 0,0,0 12,0,2 4,203,1 1,203,1
ADDLINE 1,162,1 1,162,1 1,162,1 0,0,0 12,0,2 1,162,1 1,162,1 1,162,1 1,162,1
4,105,1 1,105,1 1,105,1 0,0,0 1,105,1 4,105,1 1,105,1 12,0,2 0,0,0
1,104,1 5,104,1 1,104,1 0,0,0 18,104,1 1,104,1 1,104,1 12,0,2 1,104,1
1,103,1 1,103,1 1,103,1 22,0,2 12,0,2 0,0,0 0,0,0 0,0,0 2,103,1
4,102,1 1,102,1 1,102,1 4,102,1 1,102,1 12,0,2 1,102,1 1,102,1 1,102,1
0,0,0 12,0,2 2,101,1 0,0,0 0,0,0 11,0,2 1,101,1 5,101,1 1,101,1
19,100,1 2,100,1 1,100,1 1,100,1 1,100,1 12,0,2 1,100,1 1,100,1 1,100,1
0,0,0 0,0,0 0,0,0 0,0,0 0,0,0 0,0,0 0,0,0 0,0,0 0,0,0
0,0,0 0,0,0 0,0,0 0,0,0 0,0,0 0,0,0 0,0,0 0,0,0 0,0,0
0,0,0 0,0,0 0,0,0 0,0,0 0,0,0 0,0,0 0,0,0 0,0,0 0,0,0