MODE 0
BALL 120
STARS 0/0/14840 35
ADDLINE 1,117,1 1,117,1 1,117,1 1,117,1 12,0,2 1,117,1 17,117,1 1,117,1 1,117,1
ADDLINE 1,118,1 7,0,2 1,118,1 0,0,0 12,0,2 1,118,1 1,118,1 1,118,1 1,118,1
ADDLINE 0,0,0 0,0,0 0,0,0 12,0,2 1,119,1 1,119,1 1,119,1 1,119,1 1,119,1
ADDLINE 12,0,2 1,131,1 1,131,1 1,131,1 1,131,1 19,131,1 1,131,1 1,131,1 1,131,1
ADDLINE 12,0,2 1,132,1 1,132,1 1,132,1 1,132,1 1,132,1 1,132,1 1,132,1 1,132,1
ADDLINE 0,0,0 0,0,0 8,0,2 0,0,0 0,0,0 12,0,2 0,0,0 1,144,1 17,144,1
ADDLINE 1,156,1 1,156,1 1,156,1 1,156,1 1,156,1 0,0,0 12,0,2 1,312,1 1,312,1
ADDLINE 1,169,1 1,169,1 1,169,1 0,0,0 0,0,0 12,0,2 1,169,1 1,169,1 1,169,1
ADDLINE 1,136,1 1,136,1 1,136,1 0,0,0 0,0,0 12,0,2 1,136,1 1,136,1 1,136,1
ADDLINE 12,0,2 0,0,0 1,149,1 0,0,0 0,0,0 0,0,0 1,149,1 0,0,0 0,0,0
ADDLINE 1,162,1 1,162,1 1,162,1 0,0,0 1,162,1 0,0,0 1,162,1 12,0,2 1,162,1
ADDLINE 0,0,0 0,0,0 8,0,2 12,0,2 1,350,1 0,0,0 1,350,1 0,0,0 1,350,1
ADDLINE 1,140,1 1,140,1 1,140,1 1,280,1 1,280,1 0,0,0 1,140,1 12,0,2 1,280,1
ADDLINE 1,308,1 0,0,0 0,0,0 0,0,0 10,0,2 12,0,2 1,308,1 0,0,0 17,154,1
ADDLINE 1,167,1 0,0,0 1,167,1 1,334,1 1,334,1 12,0,2 1,167,1 1,334,1 1,334,1
ADDLINE 1,180,1 0,0,0 0,0,0 0,0,0 1,180,1 12,0,2 1,180,1 0,0,0 0,0,0
ADDLINE 1,290,1 1,290,1 16,145,1 0,0,0 1,290,1 1,290,1 1,290,1 12,0,2 1,290,1
ADDLINE 0,0,0 0,0,0 1,158,1 0,0,0 1,316,1 1,316,1 12,0,2 0,0,0 1,158,1
ADDLINE 1,344,1 0,0,0 1,344,1 12,0,2 19,172,1 1,344,1 1,344,1 1,344,1 1,344,1
ADDLINE 0,0,0 1,186,1 1,186,1 12,0,2 20,186,1 1,372,1 1,186,1 1,186,1 1,186,1
ADDLINE 11,0,2 1,298,1 1,149,1 0,0,0 1,298,1 12,0,2 1,149,1 1,149,1 1,149,1
ADDLINE 0,0,0 1,326,1 1,163,1 1,163,1 0,0,0 12,0,2 1,163,1 1,163,1 1,163,1
ADDLINE 0,0,0 1,177,1 1,177,1 1,177,1 12,0,2 1,177,1 1,177,1 1,177,1 1,177,1
ADDLINE 0,0,0 1,192,1 1,192,1 12,0,2 0,0,0 1,192,1 1,192,1 1,192,1 1,192,1
ADDLINE 0,0,0 1,154,1 12,0,2 1,154,1 1,308,1 1,308,1 1,308,1 1,154,1 1,154,1
ADDLINE 1,336,1 0,0,0 12,0,2 1,168,1 1,336,1 17,168,1 1,336,1 1,168,1 1,168,1
ADDLINE 20,182,1 1,364,1 8,0,2 1,364,1 1,364,1 1,364,1 1,364,1 12,0,2 1,364,1
ADDLINE 1,394,1 1,394,1 1,197,1 1,197,1 1,197,1 1,197,1 1,197,1 12,0,2 1,197,1
ADDLINE 1,158,1 1,158,1 1,158,1 1,158,1 1,158,1 1,158,1 1,158,1 12,0,2 0,0,0
ADDLINE 1,173,1 1,173,1 1,173,1 1,173,1 0,0,0 12,0,2 0,0,0 0,0,0 0,0,0
ADDLINE 1,188,1 1,188,1 1,188,1 1,188,1 12,0,2 1,188,1 1,188,1 1,188,1 1,188,1
ADDLINE 0,0,0 0,0,0 12,0,2 0,0,0 0,0,0 1,203,1 1,203,1 1,203,1 1,203,1
ADDLINE 12,0,2 20,162,1 1,324,1 1,162,1 1,162,1 1,162,1 1,162,1 1,162,1 1,162,1
1,105,1 1,105,1 1,105,1 1,105,1 1,105,1 0,0,0 1,105,1 12,0,2 1,105,1
1,104,1 12,0,2 0,0,0 0,0,0 20,104,1 0,0,0 0,0,0 7,0,2 0,0,0
1,103,1 0,0,0 1,103,1 12,0,2 1,103,1 1,103,1 1,103,1 1,103,1 1,103,1
0,0,0 0,0,0 1,102,1 12,0,2 0,0,0 0,0,0 0,0,0 0,0,0 1,102,1
1,101,1 1,101,1 1,101,1 1,101,1 1,101,1 1,101,1 1,101,1 12,0,2 1,101,1
1,100,1 1,100,1 1,100,1 12,0,2 1,100,1 1,100,1 19,100,1 0,0,0 0,0,0
0,0,0 0,0,0 0,0,0 0,0,0 0,0,0 0,0,0 0,0,0 0,0,0 0,0,0
0,0,0 0,0,0 0,0,0 0,0,0 0,0,0 0,0,0 0,0,0 0,0,0 0,0,0
0,0,0 0,0,0 0,0,0 0,0,0 0,0,0 0,0,0 0,0,0 0,0,0 0,0,0