MODE 0
BALL 120
STARS 0/0/14070 35
ADDLINE 1,117,1 1,117,1 1,117,1 1,117,1 12,0,2 1,117,1 1,117,1 1,117,1 4,117,1
ADDLINE 0,0,0 12,0,2 0,0,0 8,0,2 0,0,0 1,118,1 1,118,1 1,118,1 1,118,1
ADDLINE 0,0,0 0,0,0 12,0,2 1,119,1 1,119,1 1,119,1 5,119,1 1,119,1 3,119,1
ADDLINE 1,131,1 1,131,1 12,0,2 3,131,1 3,131,1 1,131,1 1,131,1 1,131,1 4,131,1
ADDLINE 1,132,1 1,132,1 12,0,2 1,132,1 1,132,1 1,132,1 1,132,1 1,132,1 1,132,1
ADDLINE 1,144,1 5,144,1 0,0,0 5,144,1 0,0,0 0,0,0 12,0,2 0,0,0 1,144,1
ADDLINE 1,156,1 1,156,1 1,156,1 5,156,1 1,156,1 1,156,1 0,0,0 12,0,2 5,156,1
ADDLINE 1,169,1 1,169,1 1,169,1 4,169,1 1,169,1 1,169,1 12,0,2 4,169,1 1,169,1
ADDLINE 1,272,1 1,272,1 1,136,1 1,136,1 1,136,1 3,136,1 0,0,0 12,0,2 1,136,1
ADDLINE 7,0,2 0,0,0 0,0,0 0,0,0 2,149,1 0,0,0 12,0,2 0,0,0 1,149,1
ADDLINE 1,324,1 1,324,1 1,162,1 0,0,0 1,162,1 0,0,0 1,162,1 12,0,2 4,162,1
ADDLINE 1,175,1 0,0,0 1,175,1 0,0,0 1,175,1 12,0,2 3,175,1 0,0,0 1,175,1
ADDLINE 1,140,1 11,0,2 1,280,1 0,0,0 1,140,1 12,0,2 1,140,1 1,140,1 1,140,1
ADDLINE 1,308,1 0,0,0 0,0,0 0,0,0 12,0,2 0,0,0 1,308,1 0,0,0 8,0,2
ADDLINE 1,167,1 1,167,1 5,167,1 1,167,1 1,167,1 1,167,1 2,167,1 12,0,2 4,167,1
ADDLINE 0,0,0 0,0,0 12,0,2 0,0,0 0,0,0 0,0,0 0,0,0 0,0,0 2,180,1
ADDLINE 1,145,1 12,0,2 1,145,1 5,145,1 4,145,1 1,145,1 1,145,1 1,145,1 1,145,1
ADDLINE 0,0,0 0,0,0 1,158,1 0,0,0 12,0,2 1,158,1 1,158,1 1,158,1 0,0,0
ADDLINE 1,172,1 1,172,1 3,172,1 1,172,1 4,172,1 1,172,1 4,172,1 12,0,2 1,172,1
ADDLINE 0,0,0 0,0,0 0,0,0 0,0,0 0,0,0 0,0,0 0,0,0 12,0,2 1,186,1
ADDLINE 0,0,0 12,0,2 1,149,1 1,149,1 1,149,1 1,149,1 2,149,1 1,149,1 1,149,1
ADDLINE 1,163,1 0,0,0 12,0,2 5,163,1 1,163,1 1,163,1 1,163,1 1,163,1 1,163,1
ADDLINE 1,177,1 1,177,1 12,0,2 3,177,1 1,177,1 1,177,1 1,354,1 1,354,1 1,177,1
ADDLINE 1,192,1 1,384,1 11,0,2 12,0,2 5,192,1 1,192,1 1,384,1 7,0,2 4,192,1
ADDLINE 1,154,1 1,308,1 1,308,1 12,0,2 1,154,1 1,154,1 1,308,1 1,308,1 3,154,1
ADDLINE 1,168,1 11,0,2 0,0,0 12,0,2 1,168,1 4,168,1 1,168,1 1,168,1 1,168,1
ADDLINE 1,364,1 0,0,0 8,0,2 0,0,0 12,0,2 1,364,1 1,364,1 1,364,1 1,364,1
ADDLINE 1,197,1 1,197,1 3,197,1 1,197,1 1,197,1 1,197,1 1,197,1 12,0,2 1,197,1
ADDLINE 5,158,1 3,158,1 0,0,0 12,0,2 0,0,0 0,0,0 0,0,0 0,0,0 1,158,1
ADDLINE 1,173,1 1,173,1 0,0,0 12,0,2 2,173,1 1,173,1 1,173,1 1,173,1 1,173,1
ADDLINE 0,0,0 0,0,0 12,0,2 0,0,0 1,188,1 1,188,1 1,188,1 1,188,1 1,188,1
ADDLINE 0,0,0 12,0,2 3,203,1 1,203,1 3,203,1 1,406,1 1,406,1 1,406,1 1,203,1
ADDLINE 1,162,1 12,0,2 5,162,1 4,162,1 1,162,1 1,324,1 7,0,2 1,324,1 1,162,1
5,105,1 1,105,1 1,105,1 0,0,0 1,105,1 0,0,0 7,0,2 12,0,2 1,105,1
0,0,0 12,0,2 1,104,1 0,0,0 0,0,0 0,0,0 1,104,1 22,0,2 3,104,1
1,103,1 0,0,0 2,103,1 0,0,0 1,103,1 1,103,1 1,103,1 12,0,2 1,103,1
0,0,0 0,0,0 17,102,1 0,0,0 1,102,1 10,0,2 0,0,0 12,0,2 4,102,1
1,101,1 1,101,1 1,101,1 5,101,1 1,101,1 12,0,2 1,101,1 1,101,1 1,101,1
0,0,0 0,0,0 12,0,2 0,0,0 21,100,1 0,0,0 2,100,1 0,0,0 4,100,1
0,0,0 0,0,0 0,0,0 0,0,0 0,0,0 0,0,0 0,0,0 0,0,0 0,0,0
0,0,0 0,0,0 0,0,0 0,0,0 0,0,0 0,0,0 0,0,0 0,0,0 0,0,0
0,0,0 0,0,0 0,0,0 0,0,0 0,0,0 0,0,0 0,0,0 0,0,0 0,0,0