MODE 0
BALL 120
STARS 0/0/15855 35
ADDLINE 5,117,1 5,117,1 1,117,1 1,117,1 2,117,1 1,117,1 1,117,1 12,0,2 1,117,1
ADDLINE 1,118,1 1,118,1 1,118,1 1,118,1 0,0,0 0,0,0 12,0,2 0,0,0 1,118,1
ADDLINE 1,119,1 1,119,1 1,119,1 4,119,1 0,0,0 0,0,0 12,0,2 0,0,0 0,0,0
ADDLINE 1,131,1 1,131,1 1,131,1 5,131,1 4,131,1 1,131,1 1,131,1 2,131,1 12,0,2
ADDLINE 1,132,1 2,132,1 1,132,1 1,132,1 1,132,1 1,132,1 1,132,1 12,0,2 0,0,0
ADDLINE 4,144,1 1,144,1 1,144,1 1,144,1 1,144,1 0,0,0 0,0,0 12,0,2 1,144,1
ADDLINE 1,156,1 2,156,1 0,0,0 0,0,0 12,0,2 0,0,0 1,156,1 1,156,1 1,156,1
ADDLINE 5,169,1 1,169,1 12,0,2 1,169,1 1,169,1 3,169,1 5,169,1 1,169,1 1,169,1
ADDLINE 1,136,1 1,136,1 0,0,0 12,0,2 1,136,1 1,136,1 1,136,1 3,136,1 1,136,1
ADDLINE 1,149,1 1,149,1 3,149,1 1,149,1 1,149,1 1,149,1 12,0,2 1,149,1 1,149,1
ADDLINE 1,162,1 1,162,1 0,0,0 12,0,2 1,162,1 1,162,1 4,162,1 0,0,0 1,162,1
ADDLINE 5,175,1 3,175,1 12,0,2 5,175,1 1,175,1 1,175,1 4,175,1 1,175,1 1,175,1
ADDLINE 12,0,2 1,140,1 0,0,0 1,140,1 2,140,1 1,140,1 0,0,0 4,140,1 0,0,0
ADDLINE 2,154,1 1,154,1 0,0,0 1,154,1 1,154,1 1,154,1 12,0,2 1,154,1 1,154,1
ADDLINE 0,0,0 0,0,0 0,0,0 0,0,0 0,0,0 0,0,0 12,0,2 5,167,1 1,167,1
ADDLINE 0,0,0 4,180,1 4,180,1 1,180,1 1,180,1 2,180,1 12,0,2 1,180,1 2,180,1
ADDLINE 0,0,0 1,145,1 1,145,1 1,145,1 12,0,2 1,145,1 0,0,0 1,145,1 1,145,1
ADDLINE 1,158,1 1,158,1 1,158,1 1,158,1 0,0,0 3,158,1 12,0,2 1,158,1 1,158,1
ADDLINE 1,172,1 1,172,1 2,172,1 12,0,2 3,172,1 1,172,1 3,172,1 1,172,1 1,172,1
ADDLINE 1,186,1 0,0,0 12,0,2 0,0,0 4,186,1 1,186,1 1,186,1 1,186,1 1,186,1
ADDLINE 0,0,0 12,0,2 4,149,1 1,149,1 1,149,1 1,149,1 1,149,1 1,149,1 1,149,1
ADDLINE 0,0,0 12,0,2 1,163,1 4,163,1 1,163,1 1,163,1 1,163,1 1,163,1 1,163,1
ADDLINE 0,0,0 12,0,2 2,177,1 1,177,1 1,177,1 5,177,1 1,177,1 1,177,1 2,177,1
ADDLINE 1,192,1 0,0,0 0,0,0 0,0,0 0,0,0 0,0,0 0,0,0 12,0,2 0,0,0
ADDLINE 1,154,1 1,154,1 1,154,1 1,154,1 4,154,1 3,154,1 1,154,1 1,154,1 12,0,2
ADDLINE 3,168,1 1,168,1 1,168,1 1,168,1 5,168,1 1,168,1 1,168,1 1,168,1 12,0,2
ADDLINE 1,182,1 1,182,1 1,182,1 5,182,1 1,182,1 0,0,0 12,0,2 0,0,0 0,0,0
ADDLINE 1,197,1 12,0,2 1,197,1 1,197,1 5,197,1 1,197,1 1,197,1 1,197,1 1,197,1
ADDLINE 1,158,1 0,0,0 12,0,2 1,158,1 5,158,1 4,158,1 1,158,1 1,158,1 1,158,1
ADDLINE 0,0,0 0,0,0 12,0,2 1,173,1 3,173,1 1,173,1 1,173,1 1,173,1 3,173,1
ADDLINE 12,0,2 1,188,1 1,188,1 1,188,1 1,188,1 1,188,1 1,188,1 1,188,1 1,188,1
ADDLINE 0,0,0 0,0,0 0,0,0 12,0,2 5,203,1 1,203,1 1,203,1 2,203,1 3,203,1
ADDLINE 5,162,1 1,162,1 1,162,1 0,0,0 0,0,0 0,0,0 12,0,2 1,162,1 1,162,1
0,0,0 10,0,2 0,0,0 12,0,2 4,105,1 0,0,0 17,105,1 1,105,1 1,105,1
5,104,1 1,104,1 1,104,1 1,104,1 1,104,1 12,0,2 3,104,1 1,104,1 1,104,1
1,103,1 1,103,1 5,103,1 12,0,2 1,103,1 11,0,2 1,103,1 0,0,0 0,0,0
1,102,1 20,102,1 1,102,1 0,0,0 1,102,1 12,0,2 1,102,1 1,102,1 3,102,1
0,0,0 12,0,2 3,101,1 0,0,0 0,0,0 0,0,0 1,101,1 1,101,1 1,101,1
2,100,1 0,0,0 1,100,1 1,100,1 1,100,1 12,0,2 5,100,1 21,100,1 1,100,1
0,0,0 0,0,0 0,0,0 0,0,0 0,0,0 0,0,0 0,0,0 0,0,0 0,0,0
0,0,0 0,0,0 0,0,0 0,0,0 0,0,0 0,0,0 0,0,0 0,0,0 0,0,0
0,0,0 0,0,0 0,0,0 0,0,0 0,0,0 0,0,0 0,0,0 0,0,0 0,0,0