MODE 0
BALL 120
STARS 0/0/15190 35
ADDLINE 1,117,1 1,117,1 12,0,2 1,117,1 1,117,1 17,117,1 1,117,1 5,117,1 1,117,1
ADDLINE 0,0,0 12,0,2 0,0,0 1,118,1 1,118,1 1,118,1 1,118,1 1,118,1 3,118,1
ADDLINE 0,0,0 1,119,1 1,119,1 1,119,1 12,0,2 1,119,1 1,119,1 19,119,1 1,119,1
ADDLINE 3,131,1 1,131,1 1,131,1 0,0,0 12,0,2 1,131,1 1,131,1 1,131,1 5,131,1
ADDLINE 1,132,1 1,132,1 1,132,1 0,0,0 12,0,2 1,132,1 1,132,1 4,132,1 1,132,1
ADDLINE 0,0,0 12,0,2 1,144,1 1,144,1 1,144,1 1,144,1 1,144,1 1,144,1 16,144,1
ADDLINE 0,0,0 0,0,0 12,0,2 0,0,0 4,156,1 3,156,1 1,156,1 1,156,1 1,156,1
ADDLINE 0,0,0 12,0,2 0,0,0 0,0,0 1,338,1 1,338,1 1,338,1 1,169,1 1,169,1
ADDLINE 0,0,0 12,0,2 1,272,1 1,272,1 1,272,1 19,136,1 1,272,1 1,272,1 1,272,1
ADDLINE 1,149,1 0,0,0 0,0,0 0,0,0 1,298,1 0,0,0 12,0,2 0,0,0 0,0,0
ADDLINE 1,324,1 1,324,1 1,162,1 0,0,0 1,162,1 12,0,2 2,162,1 3,162,1 1,162,1
ADDLINE 19,175,1 1,350,1 1,350,1 1,350,1 1,350,1 1,350,1 1,350,1 12,0,2 0,0,0
ADDLINE 1,280,1 1,280,1 1,140,1 1,140,1 1,140,1 5,140,1 1,140,1 12,0,2 2,140,1
ADDLINE 20,154,1 1,308,1 1,154,1 0,0,0 12,0,2 0,0,0 1,154,1 0,0,0 1,154,1
ADDLINE 1,334,1 0,0,0 1,334,1 1,334,1 1,167,1 0,0,0 3,167,1 12,0,2 1,167,1
ADDLINE 1,360,1 1,360,1 19,180,1 1,360,1 1,360,1 12,0,2 0,0,0 1,360,1 1,360,1
ADDLINE 1,145,1 1,290,1 1,290,1 12,0,2 1,145,1 1,145,1 1,145,1 0,0,0 3,145,1
ADDLINE 1,158,1 0,0,0 1,158,1 0,0,0 12,0,2 0,0,0 5,158,1 0,0,0 1,158,1
ADDLINE 1,172,1 1,172,1 5,172,1 1,172,1 2,172,1 4,172,1 1,172,1 1,172,1 12,0,2
ADDLINE 4,186,1 1,186,1 1,186,1 1,186,1 1,186,1 1,186,1 12,0,2 0,0,0 0,0,0
ADDLINE 1,298,1 1,298,1 1,298,1 1,298,1 16,149,1 1,298,1 1,298,1 12,0,2 0,0,0
ADDLINE 1,163,1 1,163,1 1,326,1 17,163,1 1,326,1 1,326,1 1,326,1 1,326,1 12,0,2
ADDLINE 1,177,1 4,177,1 1,354,1 1,354,1 1,354,1 1,354,1 17,177,1 12,0,2 0,0,0
ADDLINE 0,0,0 0,0,0 0,0,0 0,0,0 0,0,0 0,0,0 1,384,1 12,0,2 1,192,1
ADDLINE 0,0,0 0,0,0 12,0,2 1,154,1 2,154,1 1,154,1 1,154,1 1,154,1 1,154,1
ADDLINE 1,336,1 1,336,1 0,0,0 12,0,2 1,336,1 1,336,1 1,336,1 1,336,1 16,168,1
ADDLINE 1,182,1 5,182,1 1,182,1 0,0,0 12,0,2 1,364,1 1,364,1 1,364,1 1,182,1
ADDLINE 1,197,1 1,197,1 5,197,1 12,0,2 1,197,1 1,394,1 20,197,1 1,394,1 1,197,1
ADDLINE 1,158,1 1,158,1 0,0,0 12,0,2 1,158,1 1,316,1 1,316,1 1,316,1 1,158,1
ADDLINE 0,0,0 0,0,0 12,0,2 3,173,1 1,173,1 1,173,1 1,173,1 3,173,1 4,173,1
ADDLINE 12,0,2 3,188,1 1,188,1 1,188,1 1,188,1 1,188,1 1,188,1 1,188,1 5,188,1
ADDLINE 12,0,2 1,203,1 1,203,1 1,203,1 1,203,1 1,203,1 4,203,1 3,203,1 1,203,1
ADDLINE 12,0,2 1,162,1 1,162,1 1,162,1 1,162,1 5,162,1 1,162,1 4,162,1 1,162,1
0,0,0 0,0,0 1,105,1 0,0,0 1,105,1 0,0,0 12,0,2 0,0,0 3,105,1
5,104,1 0,0,0 1,104,1 12,0,2 1,104,1 9,0,2 1,104,1 1,104,1 1,104,1
1,103,1 12,0,2 0,0,0 0,0,0 4,103,1 0,0,0 1,103,1 0,0,0 7,0,2
1,102,1 1,102,1 1,102,1 1,102,1 5,102,1 0,0,0 1,102,1 12,0,2 1,102,1
1,101,1 0,0,0 12,0,2 0,0,0 1,101,1 0,0,0 2,101,1 0,0,0 1,102,1
1,100,1 20,100,1 3,100,1 0,0,0 1,100,1 0,0,0 1,100,1 12,0,2 1,100,1
0,0,0 0,0,0 0,0,0 0,0,0 0,0,0 0,0,0 0,0,0 0,0,0 0,0,0
0,0,0 0,0,0 0,0,0 0,0,0 0,0,0 0,0,0 0,0,0 0,0,0 0,0,0
0,0,0 0,0,0 0,0,0 0,0,0 0,0,0 0,0,0 0,0,0 0,0,0 0,0,0