MODE 0
BALL 120
STARS 0/0/14385 35
ADDLINE 1,117,1 1,117,1 1,117,1 1,117,1 1,117,1 1,117,1 1,117,1 12,0,2 1,117,1
ADDLINE 1,118,1 1,118,1 1,118,1 1,118,1 1,118,1 1,118,1 1,118,1 12,0,2 1,118,1
ADDLINE 0,0,0 0,0,0 0,0,0 12,0,2 0,0,0 0,0,0 0,0,0 0,0,0 1,119,1
ADDLINE 12,0,2 1,131,1 1,131,1 1,131,1 1,131,1 1,131,1 1,131,1 1,131,1 1,131,1
ADDLINE 12,0,2 1,132,1 1,132,1 1,132,1 1,132,1 1,132,1 1,132,1 1,132,1 1,132,1
ADDLINE 0,0,0 12,0,2 0,0,0 1,144,1 1,144,1 1,144,1 1,144,1 1,144,1 1,144,1
ADDLINE 1,156,1 1,156,1 12,0,2 1,156,1 1,156,1 1,156,1 1,156,1 1,156,1 1,156,1
ADDLINE 1,169,1 1,169,1 12,0,2 1,169,1 1,169,1 1,169,1 1,169,1 1,169,1 1,169,1
ADDLINE 1,136,1 1,136,1 0,0,0 12,0,2 0,0,0 0,0,0 1,136,1 1,136,1 1,136,1
ADDLINE 1,149,1 11,0,2 1,149,1 0,0,0 1,149,1 0,0,0 12,0,2 0,0,0 1,149,1
ADDLINE 1,162,1 11,0,2 1,162,1 12,0,2 1,162,1 1,162,1 1,162,1 1,162,1 1,162,1
ADDLINE 1,175,1 0,0,0 1,175,1 0,0,0 0,0,0 0,0,0 0,0,0 12,0,2 0,0,0
ADDLINE 1,140,1 0,0,0 1,140,1 1,140,1 1,140,1 12,0,2 1,140,1 1,140,1 1,140,1
ADDLINE 1,154,1 0,0,0 0,0,0 12,0,2 1,154,1 0,0,0 0,0,0 8,0,2 1,154,1
ADDLINE 1,167,1 1,167,1 1,167,1 0,0,0 1,167,1 1,167,1 1,167,1 12,0,2 1,167,1
ADDLINE 1,180,1 0,0,0 1,180,1 0,0,0 0,0,0 12,0,2 1,180,1 0,0,0 1,180,1
ADDLINE 1,145,1 0,0,0 1,145,1 1,145,1 1,145,1 0,0,0 1,145,1 12,0,2 1,145,1
ADDLINE 12,0,2 0,0,0 0,0,0 0,0,0 1,158,1 0,0,0 1,158,1 0,0,0 0,0,0
ADDLINE 1,172,1 12,0,2 1,172,1 1,172,1 1,172,1 1,172,1 1,172,1 1,172,1 1,172,1
ADDLINE 1,186,1 11,0,2 12,0,2 0,0,0 0,0,0 1,186,1 1,186,1 1,186,1 1,186,1
ADDLINE 1,149,1 1,149,1 1,149,1 1,149,1 12,0,2 1,149,1 1,149,1 1,149,1 1,149,1
ADDLINE 0,0,0 12,0,2 0,0,0 0,0,0 0,0,0 1,163,1 1,163,1 1,163,1 1,163,1
ADDLINE 10,0,2 0,0,0 0,0,0 12,0,2 0,0,0 1,177,1 1,177,1 1,177,1 1,177,1
ADDLINE 1,192,1 1,192,1 1,192,1 1,192,1 12,0,2 1,192,1 1,192,1 1,192,1 1,192,1
ADDLINE 1,154,1 1,154,1 1,154,1 1,154,1 10,0,2 0,0,0 12,0,2 1,154,1 1,154,1
ADDLINE 1,168,1 1,168,1 1,168,1 1,168,1 1,168,1 8,0,2 12,0,2 1,168,1 1,168,1
ADDLINE 1,182,1 1,182,1 1,182,1 1,182,1 0,0,0 12,0,2 1,182,1 1,182,1 1,182,1
ADDLINE 12,0,2 1,197,1 1,197,1 1,197,1 1,197,1 1,197,1 1,197,1 1,197,1 1,197,1
ADDLINE 8,0,2 12,0,2 0,0,0 0,0,0 1,158,1 1,158,1 1,158,1 1,158,1 1,158,1
ADDLINE 0,0,0 0,0,0 0,0,0 12,0,2 1,173,1 1,173,1 1,173,1 1,173,1 1,173,1
ADDLINE 0,0,0 12,0,2 0,0,0 1,188,1 1,188,1 1,188,1 1,188,1 1,188,1 1,188,1
ADDLINE 1,200,1 1,200,1 10,0,2 12,0,2 1,200,1 1,200,1 1,200,1 1,200,1 1,200,1
ADDLINE 1,162,1 0,0,0 12,0,2 0,0,0 1,162,1 1,162,1 1,162,1 1,162,1 1,162,1
1,105,1 0,0,0 1,105,1 1,105,1 1,105,1 12,0,2 1,105,1 1,105,1 1,105,1
1,104,1 0,0,0 1,104,1 8,0,2 12,0,2 0,0,0 0,0,0 0,0,0 1,104,1
1,103,1 0,0,0 16,103,1 12,0,2 1,103,1 1,103,1 1,103,1 1,103,1 1,103,1
1,102,1 0,0,0 1,102,1 12,0,2 1,102,1 0,0,0 1,102,1 0,0,0 0,0,0
1,101,1 11,0,2 1,101,1 0,0,0 1,101,1 0,0,0 1,101,1 12,0,2 1,101,1
10,0,2 0,0,0 1,100,1 12,0,2 0,0,0 0,0,0 1,100,1 0,0,0 0,0,0
0,0,0 0,0,0 0,0,0 0,0,0 0,0,0 0,0,0 0,0,0 0,0,0 0,0,0
0,0,0 0,0,0 0,0,0 0,0,0 0,0,0 0,0,0 0,0,0 0,0,0 0,0,0
0,0,0 0,0,0 0,0,0 0,0,0 0,0,0 0,0,0 0,0,0 0,0,0 0,0,0