MODE 0
BALL 120
STARS 0/0/15995 35
ADDLINE 4,117,1 1,117,1 12,0,2 1,117,1 1,117,1 5,117,1 1,117,1 1,117,1 1,117,1
ADDLINE 1,118,1 0,0,0 12,0,2 1,118,1 1,118,1 1,118,1 1,118,1 1,118,1 1,118,1
ADDLINE 0,0,0 12,0,2 2,119,1 5,119,1 2,119,1 1,119,1 1,119,1 4,119,1 1,119,1
ADDLINE 0,0,0 12,0,2 3,131,1 1,131,1 2,131,1 1,131,1 3,131,1 1,131,1 1,131,1
ADDLINE 1,132,1 0,0,0 12,0,2 1,132,1 1,132,1 1,132,1 1,132,1 4,132,1 1,132,1
ADDLINE 1,144,1 1,144,1 0,0,0 12,0,2 0,0,0 0,0,0 0,0,0 1,144,1 1,144,1
ADDLINE 0,0,0 0,0,0 0,0,0 0,0,0 0,0,0 12,0,2 0,0,0 1,156,1 1,156,1
ADDLINE 12,0,2 5,169,1 4,169,1 1,169,1 1,169,1 1,169,1 1,169,1 4,169,1 1,169,1
ADDLINE 0,0,0 12,0,2 0,0,0 1,136,1 1,136,1 1,136,1 2,136,1 1,136,1 1,136,1
ADDLINE 1,149,1 0,0,0 1,149,1 12,0,2 0,0,0 0,0,0 1,149,1 1,149,1 1,149,1
ADDLINE 1,162,1 0,0,0 0,0,0 0,0,0 3,162,1 12,0,2 1,162,1 1,162,1 1,162,1
ADDLINE 1,175,1 2,175,1 1,175,1 0,0,0 5,175,1 1,175,1 12,0,2 2,175,1 1,175,1
ADDLINE 2,140,1 1,140,1 1,140,1 0,0,0 1,140,1 12,0,2 0,0,0 1,140,1 4,140,1
ADDLINE 0,0,0 0,0,0 0,0,0 0,0,0 12,0,2 1,154,1 1,154,1 1,154,1 2,154,1
ADDLINE 0,0,0 0,0,0 0,0,0 5,167,1 1,167,1 12,0,2 1,167,1 1,167,1 1,167,1
ADDLINE 1,180,1 1,180,1 0,0,0 1,180,1 1,180,1 12,0,2 1,180,1 1,180,1 4,180,1
ADDLINE 1,145,1 1,145,1 0,0,0 12,0,2 3,145,1 0,0,0 5,145,1 1,145,1 1,145,1
ADDLINE 4,158,1 1,158,1 1,158,1 0,0,0 0,0,0 0,0,0 12,0,2 1,158,1 1,158,1
ADDLINE 5,172,1 4,172,1 1,172,1 1,172,1 1,172,1 12,0,2 2,172,1 1,172,1 1,172,1
ADDLINE 0,0,0 12,0,2 0,0,0 0,0,0 0,0,0 0,0,0 1,186,1 1,186,1 2,186,1
ADDLINE 0,0,0 12,0,2 1,149,1 1,149,1 1,149,1 1,149,1 1,149,1 1,149,1 1,149,1
ADDLINE 1,163,1 0,0,0 0,0,0 12,0,2 0,0,0 3,163,1 1,163,1 1,163,1 2,163,1
ADDLINE 1,177,1 1,177,1 0,0,0 0,0,0 12,0,2 1,177,1 1,177,1 1,177,1 1,177,1
ADDLINE 1,192,1 1,192,1 0,0,0 12,0,2 1,192,1 1,192,1 1,192,1 4,192,1 4,192,1
ADDLINE 1,154,1 0,0,0 12,0,2 0,0,0 1,154,1 2,154,1 1,154,1 1,154,1 1,154,1
ADDLINE 1,168,1 0,0,0 12,0,2 4,168,1 1,168,1 1,168,1 1,168,1 1,168,1 1,168,1
ADDLINE 1,182,1 2,182,1 0,0,0 12,0,2 1,182,1 3,182,1 1,182,1 4,182,1 1,182,1
ADDLINE 1,197,1 1,197,1 1,197,1 1,197,1 4,197,1 1,197,1 1,197,1 12,0,2 1,197,1
ADDLINE 1,158,1 1,158,1 2,158,1 1,158,1 4,158,1 5,158,1 0,0,0 12,0,2 1,158,1
ADDLINE 5,173,1 1,173,1 0,0,0 0,0,0 0,0,0 0,0,0 12,0,2 1,173,1 1,173,1
ADDLINE 1,188,1 4,188,1 0,0,0 12,0,2 4,188,1 1,188,1 1,188,1 1,188,1 1,188,1
ADDLINE 1,200,1 1,200,1 1,200,1 12,0,2 1,200,1 1,200,1 1,200,1 1,200,1 5,200,1
ADDLINE 5,162,1 2,162,1 0,0,0 12,0,2 1,162,1 1,162,1 1,162,1 1,162,1 2,162,1
ADDLINE 1,178,1 1,178,1 0,0,0 0,0,0 12,0,2 2,178,1 1,178,1 4,178,1 3,178,1
ADDLINE 1,193,1 1,193,1 1,193,1 1,193,1 0,0,0 0,0,0 12,0,2 1,193,1 1,193,1
ADDLINE 1,200,1 1,200,1 1,200,1 1,200,1 1,200,1 2,200,1 12,0,2 4,200,1 1,200,1
1,105,1 1,105,1 0,0,0 12,0,2 1,105,1 3,105,1 1,105,1 1,105,1 1,105,1
1,104,1 8,0,2 12,0,2 0,0,0 1,104,1 1,104,1 5,104,1 1,104,1 1,104,1
0,0,0 12,0,2 3,103,1 4,103,1 1,103,1 1,103,1 1,103,1 5,103,1 1,103,1
0,0,0 12,0,2 10,0,2 1,102,1 1,102,1 1,102,1 6,102,1 4,102,1 1,102,1
1,101,1 11,0,2 12,0,2 1,101,1 2,101,1 1,101,1 1,101,1 4,101,1 3,101,1
1,100,1 0,0,0 0,0,0 12,0,2 0,0,0 0,0,0 0,0,0 1,100,1 1,100,1
0,0,0 0,0,0 0,0,0 0,0,0 0,0,0 0,0,0 0,0,0 0,0,0 0,0,0
0,0,0 0,0,0 0,0,0 0,0,0 0,0,0 0,0,0 0,0,0 0,0,0 0,0,0
0,0,0 0,0,0 0,0,0 0,0,0 0,0,0 0,0,0 0,0,0 0,0,0 0,0,0