MODE 0
BALL 120
STARS 0/0/16030 35
ADDLINE 1,117,1 1,117,1 12,0,2 1,117,1 4,117,1 5,117,1 1,117,1 1,117,1 1,117,1
ADDLINE 2,118,1 1,118,1 0,0,0 12,0,2 0,0,0 4,118,1 1,118,1 1,118,1 1,118,1
ADDLINE 2,119,1 1,119,1 0,0,0 0,0,0 12,0,2 1,119,1 1,119,1 1,119,1 1,119,1
ADDLINE 0,0,0 0,0,0 12,0,2 1,131,1 1,131,1 1,131,1 1,131,1 1,131,1 1,131,1
ADDLINE 0,0,0 12,0,2 0,0,0 0,0,0 0,0,0 1,132,1 1,132,1 3,132,1 1,132,1
ADDLINE 0,0,0 0,0,0 0,0,0 0,0,0 12,0,2 5,144,1 3,144,1 1,144,1 2,144,1
ADDLINE 0,0,0 12,0,2 4,156,1 1,156,1 1,156,1 1,156,1 3,156,1 1,156,1 3,156,1
ADDLINE 0,0,0 12,0,2 1,169,1 1,169,1 1,169,1 1,169,1 1,169,1 1,169,1 1,169,1
ADDLINE 0,0,0 0,0,0 0,0,0 12,0,2 0,0,0 0,0,0 1,136,1 2,136,1 1,136,1
ADDLINE 1,149,1 0,0,0 1,149,1 1,149,1 1,149,1 1,149,1 3,149,1 12,0,2 1,149,1
ADDLINE 4,162,1 3,162,1 1,162,1 2,162,1 1,162,1 1,162,1 1,162,1 12,0,2 1,162,1
ADDLINE 0,0,0 0,0,0 1,175,1 1,175,1 1,175,1 2,175,1 1,175,1 12,0,2 1,175,1
ADDLINE 1,140,1 12,0,2 1,140,1 5,140,1 1,140,1 1,140,1 1,140,1 1,140,1 1,140,1
ADDLINE 0,0,0 0,0,0 5,154,1 0,0,0 0,0,0 0,0,0 12,0,2 0,0,0 0,0,0
ADDLINE 1,167,1 0,0,0 3,167,1 2,167,1 1,167,1 12,0,2 1,167,1 0,0,0 1,167,1
ADDLINE 1,180,1 0,0,0 1,180,1 5,180,1 1,180,1 0,0,0 1,180,1 12,0,2 4,180,1
ADDLINE 1,145,1 0,0,0 5,145,1 1,145,1 1,145,1 1,145,1 1,145,1 12,0,2 1,145,1
ADDLINE 3,158,1 0,0,0 1,158,1 1,158,1 1,158,1 0,0,0 4,158,1 12,0,2 1,158,1
ADDLINE 1,172,1 1,172,1 1,172,1 5,172,1 2,172,1 1,172,1 12,0,2 1,172,1 1,172,1
ADDLINE 1,186,1 1,186,1 4,186,1 1,186,1 0,0,0 12,0,2 0,0,0 1,186,1 1,186,1
ADDLINE 1,149,1 1,149,1 4,149,1 1,149,1 12,0,2 0,0,0 0,0,0 0,0,0 0,0,0
ADDLINE 2,163,1 1,163,1 1,163,1 1,163,1 1,163,1 0,0,0 0,0,0 12,0,2 0,0,0
ADDLINE 0,0,0 0,0,0 12,0,2 0,0,0 0,0,0 0,0,0 4,177,1 1,177,1 1,177,1
ADDLINE 0,0,0 12,0,2 1,192,1 1,192,1 1,192,1 1,192,1 3,192,1 1,192,1 3,192,1
ADDLINE 1,154,1 12,0,2 4,154,1 1,154,1 3,154,1 1,154,1 1,154,1 1,154,1 1,154,1
ADDLINE 1,168,1 12,0,2 1,168,1 1,168,1 1,168,1 1,168,1 1,168,1 5,168,1 1,168,1
ADDLINE 1,182,1 0,0,0 12,0,2 5,182,1 4,182,1 3,182,1 1,182,1 1,182,1 1,182,1
ADDLINE 1,197,1 1,197,1 1,197,1 1,197,1 12,0,2 5,197,1 1,197,1 2,197,1 1,197,1
ADDLINE 1,158,1 5,158,1 3,158,1 1,158,1 0,0,0 12,0,2 0,0,0 1,158,1 3,158,1
ADDLINE 1,173,1 1,173,1 1,173,1 1,173,1 0,0,0 0,0,0 12,0,2 1,173,1 1,173,1
ADDLINE 1,188,1 1,188,1 4,188,1 1,188,1 0,0,0 0,0,0 12,0,2 0,0,0 1,188,1
ADDLINE 3,200,1 1,200,1 1,200,1 1,200,1 5,200,1 3,200,1 1,200,1 12,0,2 0,0,0
ADDLINE 1,162,1 1,162,1 1,162,1 1,162,1 1,162,1 0,0,0 12,0,2 0,0,0 0,0,0
ADDLINE 1,178,1 1,178,1 1,178,1 1,178,1 1,178,1 0,0,0 12,0,2 1,178,1 5,178,1
ADDLINE 4,193,1 1,193,1 1,193,1 1,193,1 3,193,1 1,193,1 0,0,0 12,0,2 0,0,0
ADDLINE 1,200,1 1,200,1 1,200,1 1,200,1 4,200,1 1,200,1 5,200,1 12,0,2 0,0,0
0,0,0 2,105,1 9,0,2 0,0,0 0,0,0 6,105,1 0,0,0 12,0,2 0,0,0
1,104,1 1,104,1 12,0,2 2,104,1 1,104,1 1,104,1 1,104,1 3,104,1 0,0,0
0,0,0 0,0,0 12,0,2 1,103,1 1,103,1 1,103,1 4,103,1 1,103,1 0,0,0
1,102,1 1,102,1 12,0,2 1,102,1 1,102,1 1,102,1 1,102,1 2,102,1 0,0,0
1,101,1 5,101,1 12,0,2 1,101,1 1,101,1 1,101,1 20,101,1 1,101,1 0,0,0
1,100,1 1,100,1 12,0,2 2,100,1 4,100,1 1,100,1 4,100,1 1,100,1 5,100,1
0,0,0 0,0,0 0,0,0 0,0,0 0,0,0 0,0,0 0,0,0 0,0,0 0,0,0
0,0,0 0,0,0 0,0,0 0,0,0 0,0,0 0,0,0 0,0,0 0,0,0 0,0,0
0,0,0 0,0,0 0,0,0 0,0,0 0,0,0 0,0,0 0,0,0 0,0,0 0,0,0