MODE 0
BALL 120
STARS 0/0/15925 35
ADDLINE 12,0,2 1,117,1 3,117,1 1,117,1 1,117,1 1,117,1 1,117,1 1,117,1 1,117,1
ADDLINE 0,0,0 12,0,2 1,118,1 1,118,1 1,118,1 4,118,1 1,118,1 1,118,1 1,118,1
ADDLINE 2,119,1 12,0,2 1,119,1 1,119,1 1,119,1 3,119,1 1,119,1 2,119,1 1,119,1
ADDLINE 1,131,1 0,0,0 12,0,2 0,0,0 1,131,1 5,131,1 1,131,1 1,131,1 1,131,1
ADDLINE 0,0,0 1,132,1 1,132,1 12,0,2 1,132,1 1,132,1 16,132,1 1,132,1 1,132,1
ADDLINE 0,0,0 0,0,0 0,0,0 12,0,2 3,144,1 1,144,1 1,144,1 4,144,1 1,144,1
ADDLINE 1,156,1 1,156,1 0,0,0 12,0,2 3,156,1 1,156,1 1,156,1 2,156,1 1,156,1
ADDLINE 1,169,1 19,169,1 1,169,1 1,169,1 1,169,1 12,0,2 1,169,1 1,169,1 0,0,0
ADDLINE 1,136,1 1,136,1 1,136,1 19,136,1 1,136,1 1,136,1 12,0,2 1,136,1 0,0,0
ADDLINE 1,149,1 1,149,1 1,149,1 1,149,1 1,149,1 12,0,2 1,149,1 1,149,1 1,149,1
ADDLINE 0,0,0 0,0,0 12,0,2 0,0,0 0,0,0 1,162,1 1,162,1 8,0,2 0,0,0
ADDLINE 1,175,1 5,175,1 4,175,1 1,175,1 1,175,1 17,175,1 1,175,1 12,0,2 1,175,1
ADDLINE 12,0,2 0,0,0 1,140,1 0,0,0 1,140,1 1,140,1 1,140,1 0,0,0 0,0,0
ADDLINE 1,154,1 8,0,2 1,154,1 1,154,1 1,154,1 12,0,2 1,154,1 1,154,1 1,154,1
ADDLINE 16,167,1 1,167,1 1,167,1 1,167,1 1,167,1 12,0,2 1,167,1 1,167,1 0,0,0
ADDLINE 2,180,1 5,180,1 1,180,1 1,180,1 1,180,1 1,180,1 12,0,2 1,180,1 1,180,1
ADDLINE 1,145,1 0,0,0 0,0,0 0,0,0 1,145,1 12,0,2 0,0,0 0,0,0 1,145,1
ADDLINE 4,158,1 1,158,1 1,158,1 1,158,1 17,158,1 1,158,1 1,158,1 12,0,2 5,158,1
ADDLINE 1,172,1 16,172,1 1,172,1 1,172,1 12,0,2 1,172,1 1,172,1 1,172,1 1,172,1
ADDLINE 0,0,0 0,0,0 0,0,0 12,0,2 0,0,0 1,186,1 1,186,1 1,186,1 5,186,1
ADDLINE 0,0,0 12,0,2 0,0,0 1,149,1 1,149,1 1,149,1 1,149,1 1,149,1 2,149,1
ADDLINE 1,163,1 4,163,1 12,0,2 1,163,1 1,163,1 3,163,1 1,163,1 1,163,1 1,163,1
ADDLINE 1,177,1 1,177,1 12,0,2 17,177,1 1,177,1 1,177,1 1,177,1 1,177,1 1,177,1
ADDLINE 1,192,1 1,192,1 7,0,2 1,192,1 0,0,0 0,0,0 12,0,2 0,0,0 2,192,1
ADDLINE 1,154,1 1,154,1 1,154,1 1,154,1 1,154,1 1,154,1 7,0,2 12,0,2 1,154,1
ADDLINE 1,168,1 1,168,1 20,168,1 1,168,1 2,168,1 1,168,1 12,0,2 1,168,1 1,168,1
ADDLINE 3,182,1 1,182,1 1,182,1 1,182,1 1,182,1 1,182,1 0,0,0 12,0,2 1,182,1
ADDLINE 1,197,1 3,197,1 1,197,1 5,197,1 1,197,1 1,197,1 1,197,1 1,197,1 12,0,2
ADDLINE 1,158,1 1,158,1 3,158,1 1,158,1 0,0,0 12,0,2 0,0,0 0,0,0 0,0,0
ADDLINE 1,173,1 1,173,1 1,173,1 4,173,1 0,0,0 0,0,0 12,0,2 0,0,0 0,0,0
ADDLINE 1,188,1 3,188,1 2,188,1 1,188,1 1,188,1 3,188,1 1,188,1 1,188,1 12,0,2
ADDLINE 1,200,1 1,200,1 1,200,1 4,200,1 0,0,0 0,0,0 12,0,2 0,0,0 0,0,0
ADDLINE 1,162,1 1,162,1 1,162,1 1,162,1 0,0,0 12,0,2 1,162,1 4,162,1 1,162,1
ADDLINE 1,178,1 1,178,1 1,178,1 1,178,1 1,178,1 12,0,2 16,178,1 1,178,1 1,178,1
ADDLINE 3,193,1 1,193,1 20,193,1 1,193,1 11,0,2 12,0,2 1,193,1 1,193,1 1,193,1
ADDLINE 1,200,1 19,200,1 1,200,1 8,0,2 12,0,2 1,200,1 1,200,1 1,200,1 1,200,1
1,105,1 0,0,0 1,105,1 1,105,1 19,105,1 1,105,1 1,105,1 12,0,2 1,105,1
1,104,1 0,0,0 3,104,1 15,0,2 1,104,1 12,0,2 4,104,1 0,0,0 1,104,1
1,103,1 0,0,0 1,103,1 12,0,2 1,103,1 0,0,0 1,103,1 1,103,1 1,103,1
0,0,0 0,0,0 1,102,1 1,102,1 20,102,1 1,102,1 1,102,1 12,0,2 14,0,2
1,101,1 0,0,0 1,101,1 12,0,2 1,101,1 1,101,1 1,101,1 11,0,2 4,101,1
12,0,2 0,0,0 1,100,1 0,0,0 0,0,0 0,0,0 3,100,1 0,0,0 0,0,0
0,0,0 0,0,0 0,0,0 0,0,0 0,0,0 0,0,0 0,0,0 0,0,0 0,0,0
0,0,0 0,0,0 0,0,0 0,0,0 0,0,0 0,0,0 0,0,0 0,0,0 0,0,0
0,0,0 0,0,0 0,0,0 0,0,0 0,0,0 0,0,0 0,0,0 0,0,0 0,0,0