MODE 0
BALL 120
STARS 0/0/15715 35
ADDLINE 1,117,1 1,117,1 12,0,2 1,117,1 1,117,1 1,117,1 1,117,1 1,117,1 1,117,1
ADDLINE 1,118,1 1,118,1 0,0,0 12,0,2 16,118,1 1,118,1 1,118,1 1,118,1 1,118,1
ADDLINE 0,0,0 12,0,2 0,0,0 0,0,0 1,119,1 17,119,1 1,119,1 1,119,1 1,119,1
ADDLINE 0,0,0 12,0,2 0,0,0 0,0,0 1,131,1 1,131,1 1,131,1 1,131,1 1,131,1
ADDLINE 1,132,1 1,132,1 1,132,1 1,132,1 12,0,2 1,132,1 1,132,1 1,132,1 1,132,1
ADDLINE 1,144,1 1,144,1 1,144,1 19,144,1 1,144,1 12,0,2 1,144,1 1,144,1 1,144,1
ADDLINE 1,156,1 1,156,1 1,312,1 1,312,1 0,0,0 12,0,2 1,156,1 1,156,1 1,156,1
ADDLINE 1,169,1 1,169,1 0,0,0 0,0,0 12,0,2 0,0,0 1,169,1 1,169,1 1,169,1
ADDLINE 1,136,1 1,136,1 1,136,1 1,136,1 1,136,1 12,0,2 0,0,0 0,0,0 0,0,0
ADDLINE 1,149,1 0,0,0 1,298,1 12,0,2 1,298,1 0,0,0 0,0,0 0,0,0 1,149,1
ADDLINE 1,162,1 0,0,0 1,324,1 20,162,1 1,324,1 12,0,2 1,162,1 1,162,1 1,162,1
ADDLINE 0,0,0 0,0,0 1,350,1 1,350,1 0,0,0 0,0,0 1,175,1 12,0,2 0,0,0
ADDLINE 1,140,1 1,140,1 1,140,1 0,0,0 1,140,1 1,140,1 1,140,1 12,0,2 1,140,1
ADDLINE 0,0,0 0,0,0 0,0,0 0,0,0 1,154,1 12,0,2 1,154,1 0,0,0 1,154,1
ADDLINE 1,167,1 1,167,1 1,167,1 1,167,1 1,167,1 0,0,0 1,167,1 12,0,2 1,334,1
ADDLINE 1,180,1 0,0,0 0,0,0 0,0,0 0,0,0 0,0,0 1,180,1 12,0,2 17,180,1
ADDLINE 1,145,1 0,0,0 1,145,1 12,0,2 1,145,1 1,145,1 1,145,1 0,0,0 1,290,1
ADDLINE 1,158,1 0,0,0 1,158,1 0,0,0 1,158,1 0,0,0 12,0,2 0,0,0 1,158,1
ADDLINE 1,172,1 1,172,1 1,172,1 1,172,1 1,172,1 1,172,1 1,172,1 12,0,2 1,172,1
ADDLINE 1,186,1 1,186,1 1,186,1 1,186,1 1,186,1 1,186,1 1,186,1 12,0,2 1,186,1
ADDLINE 0,0,0 0,0,0 0,0,0 12,0,2 0,0,0 0,0,0 0,0,0 0,0,0 1,298,1
ADDLINE 12,0,2 1,163,1 1,163,1 1,163,1 1,163,1 1,163,1 1,163,1 1,326,1 20,163,1
ADDLINE 12,0,2 1,177,1 1,177,1 1,177,1 1,177,1 1,177,1 1,177,1 1,354,1 1,354,1
ADDLINE 0,0,0 12,0,2 1,384,1 1,384,1 16,192,1 1,384,1 1,384,1 1,384,1 1,384,1
ADDLINE 1,154,1 1,154,1 12,0,2 1,308,1 17,154,1 1,308,1 1,154,1 1,154,1 1,154,1
ADDLINE 1,168,1 1,168,1 12,0,2 1,336,1 1,336,1 1,336,1 1,168,1 1,336,1 1,336,1
ADDLINE 1,364,1 1,364,1 0,0,0 1,364,1 12,0,2 1,364,1 1,364,1 1,364,1 19,182,1
ADDLINE 12,0,2 1,197,1 1,197,1 1,197,1 1,197,1 1,197,1 1,197,1 1,394,1 1,394,1
ADDLINE 0,0,0 12,0,2 1,158,1 1,158,1 1,158,1 1,158,1 1,158,1 1,158,1 1,158,1
ADDLINE 1,173,1 0,0,0 12,0,2 0,0,0 0,0,0 1,173,1 1,173,1 1,173,1 1,173,1
ADDLINE 1,188,1 0,0,0 12,0,2 0,0,0 0,0,0 1,188,1 1,188,1 1,188,1 1,188,1
ADDLINE 1,406,1 0,0,0 12,0,2 16,203,1 1,406,1 1,406,1 1,406,1 1,406,1 1,406,1
ADDLINE 1,162,1 1,162,1 0,0,0 12,0,2 0,0,0 1,162,1 1,162,1 1,162,1 1,162,1
ADDLINE 1,178,1 1,178,1 1,178,1 0,0,0 12,0,2 1,178,1 1,178,1 1,178,1 1,178,1
ADDLINE 1,193,1 1,193,1 1,193,1 0,0,0 0,0,0 0,0,0 12,0,2 1,193,1 1,193,1
ADDLINE 1,208,1 1,208,1 1,208,1 1,208,1 1,208,1 1,208,1 12,0,2 1,208,1 1,208,1
0,0,0 12,0,2 1,105,1 0,0,0 17,105,1 0,0,0 0,0,0 0,0,0 1,105,1
1,104,1 1,104,1 1,104,1 12,0,2 1,104,1 1,104,1 16,104,1 1,104,1 1,104,1
1,103,1 1,103,1 1,103,1 12,0,2 1,103,1 0,0,0 0,0,0 0,0,0 0,0,0
1,102,1 9,0,2 1,102,1 1,20,1 1,102,1 1,102,1 1,102,1 12,0,2 1,102,1
1,101,1 11,0,2 1,101,1 0,0,0 1,101,1 0,0,0 0,0,0 12,0,2 1,101,1
16,100,1 0,0,0 1,100,1 12,0,2 1,100,1 0,0,0 1,100,1 1,100,1 1,100,1
0,0,0 0,0,0 0,0,0 0,0,0 0,0,0 0,0,0 0,0,0 0,0,0 0,0,0
0,0,0 0,0,0 0,0,0 0,0,0 0,0,0 0,0,0 0,0,0 0,0,0 0,0,0
0,0,0 0,0,0 0,0,0 0,0,0 0,0,0 0,0,0 0,0,0 0,0,0 0,0,0