MODE 0
BALL 120
STARS 0/0/16310 35
ADDLINE 12,0,2 1,117,1 1,117,1 1,117,1 1,117,1 1,117,1 5,117,1 1,117,1 1,117,1
ADDLINE 0,0,0 0,0,0 0,0,0 0,0,0 12,0,2 0,0,0 0,0,0 0,0,0 1,118,1
ADDLINE 1,119,1 4,119,1 3,119,1 4,119,1 1,119,1 1,119,1 1,119,1 12,0,2 1,119,1
ADDLINE 1,131,1 1,131,1 1,131,1 1,131,1 1,131,1 1,131,1 4,131,1 12,0,2 0,0,0
ADDLINE 3,132,1 1,132,1 1,132,1 1,132,1 2,132,1 1,132,1 12,0,2 0,0,0 0,0,0
ADDLINE 1,144,1 3,144,1 1,144,1 1,144,1 1,144,1 1,144,1 12,0,2 4,144,1 1,144,1
ADDLINE 1,156,1 1,156,1 5,156,1 5,156,1 1,156,1 1,156,1 12,0,2 1,156,1 1,156,1
ADDLINE 1,169,1 1,169,1 1,169,1 4,169,1 1,169,1 1,169,1 12,0,2 0,0,0 0,0,0
ADDLINE 1,136,1 2,136,1 1,136,1 0,0,0 0,0,0 0,0,0 0,0,0 12,0,2 0,0,0
ADDLINE 1,149,1 1,149,1 1,149,1 0,0,0 4,149,1 1,149,1 1,149,1 12,0,2 0,0,0
ADDLINE 1,162,1 5,162,1 2,162,1 0,0,0 1,162,1 1,162,1 1,162,1 12,0,2 1,162,1
ADDLINE 0,0,0 0,0,0 1,175,1 12,0,2 1,175,1 1,175,1 2,175,1 0,0,0 1,175,1
ADDLINE 1,140,1 1,140,1 3,140,1 12,0,2 1,140,1 4,140,1 1,140,1 1,140,1 1,140,1
ADDLINE 1,154,1 0,0,0 0,0,0 0,0,0 0,0,0 0,0,0 0,0,0 12,0,2 0,0,0
ADDLINE 5,167,1 0,0,0 1,167,1 1,167,1 1,167,1 1,167,1 5,167,1 12,0,2 1,167,1
ADDLINE 1,180,1 0,0,0 1,180,1 1,180,1 3,180,1 1,180,1 1,180,1 12,0,2 1,180,1
ADDLINE 1,145,1 1,145,1 1,145,1 5,145,1 4,145,1 1,145,1 1,145,1 12,0,2 1,145,1
ADDLINE 4,158,1 0,0,0 3,158,1 1,158,1 1,158,1 1,158,1 5,158,1 12,0,2 1,158,1
ADDLINE 4,172,1 1,172,1 1,172,1 5,172,1 1,172,1 12,0,2 1,172,1 1,172,1 1,172,1
ADDLINE 1,186,1 1,186,1 1,186,1 3,186,1 1,186,1 0,0,0 12,0,2 1,186,1 1,186,1
ADDLINE 5,149,1 1,149,1 1,149,1 3,149,1 4,149,1 0,0,0 12,0,2 1,149,1 1,149,1
ADDLINE 1,163,1 1,163,1 1,163,1 1,163,1 1,163,1 0,0,0 12,0,2 1,163,1 4,163,1
ADDLINE 1,177,1 4,177,1 0,0,0 0,0,0 12,0,2 0,0,0 0,0,0 1,177,1 1,177,1
ADDLINE 1,192,1 1,192,1 0,0,0 0,0,0 0,0,0 12,0,2 1,192,1 5,192,1 3,192,1
ADDLINE 5,154,1 1,154,1 1,154,1 1,154,1 1,154,1 12,0,2 0,0,0 0,0,0 0,0,0
ADDLINE 1,168,1 1,168,1 3,168,1 1,168,1 5,168,1 1,168,1 0,0,0 12,0,2 0,0,0
ADDLINE 2,182,1 1,182,1 1,182,1 1,182,1 0,0,0 12,0,2 0,0,0 1,182,1 1,182,1
ADDLINE 1,197,1 1,197,1 1,197,1 12,0,2 1,197,1 1,197,1 3,197,1 3,197,1 1,197,1
ADDLINE 1,158,1 1,158,1 2,158,1 0,0,0 0,0,0 12,0,2 1,158,1 2,158,1 1,158,1
ADDLINE 4,173,1 1,173,1 1,173,1 1,173,1 0,0,0 12,0,2 1,173,1 1,173,1 1,173,1
ADDLINE 1,188,1 0,0,0 0,0,0 12,0,2 0,0,0 1,188,1 1,188,1 4,188,1 1,188,1
ADDLINE 5,203,1 0,0,0 12,0,2 3,203,1 1,203,1 1,203,1 1,203,1 1,203,1 1,203,1
ADDLINE 1,162,1 4,162,1 12,0,2 1,162,1 1,162,1 1,162,1 5,162,1 1,162,1 1,162,1
ADDLINE 1,178,1 1,178,1 0,0,0 12,0,2 1,178,1 3,178,1 1,178,1 1,178,1 5,178,1
ADDLINE 1,193,1 1,193,1 1,193,1 0,0,0 12,0,2 1,193,1 1,193,1 1,193,1 1,193,1
ADDLINE 1,208,1 2,208,1 2,208,1 1,208,1 0,0,0 12,0,2 0,0,0 0,0,0 3,208,1
1,105,1 1,105,1 12,0,2 1,105,1 1,105,1 1,105,1 1,105,1 1,105,1 1,105,1
1,104,1 20,104,1 0,0,0 15,0,2 0,0,0 12,0,2 0,0,0 1,104,1 0,0,0
5,103,1 1,103,1 1,103,1 1,103,1 3,103,1 4,103,1 3,103,1 4,103,1 12,0,2
2,102,1 0,0,0 0,0,0 0,0,0 12,0,2 1,102,1 0,0,0 17,102,1 5,102,1
1,101,1 3,101,1 1,101,1 1,101,1 1,101,1 3,101,1 1,101,1 1,101,1 12,0,2
12,0,2 1,100,1 0,0,0 1,100,1 0,0,0 18,100,1 14,0,2 1,100,1 0,0,0
0,0,0 0,0,0 0,0,0 0,0,0 0,0,0 0,0,0 0,0,0 0,0,0 0,0,0
0,0,0 0,0,0 0,0,0 0,0,0 0,0,0 0,0,0 0,0,0 0,0,0 0,0,0
0,0,0 0,0,0 0,0,0 0,0,0 0,0,0 0,0,0 0,0,0 0,0,0 0,0,0