MODE 0
BALL 120
STARS 0/0/14910 35
ADDLINE 3,117,1 1,117,1 12,0,2 1,117,1 1,117,1 4,117,1 1,117,1 1,117,1 1,117,1
ADDLINE 1,118,1 1,118,1 0,0,0 0,0,0 12,0,2 1,118,1 1,118,1 1,118,1 4,118,1
ADDLINE 1,119,1 1,119,1 1,119,1 1,119,1 0,0,0 0,0,0 12,0,2 1,119,1 2,119,1
ADDLINE 1,131,1 1,131,1 1,131,1 4,131,1 3,131,1 1,131,1 12,0,2 4,131,1 1,131,1
ADDLINE 1,132,1 1,132,1 1,132,1 1,132,1 0,0,0 12,0,2 0,0,0 3,132,1 1,132,1
ADDLINE 1,144,1 1,144,1 2,144,1 2,144,1 12,0,2 1,144,1 1,144,1 1,144,1 1,144,1
ADDLINE 1,156,1 2,156,1 1,156,1 1,156,1 0,0,0 11,0,2 12,0,2 1,156,1 4,156,1
ADDLINE 1,169,1 1,169,1 0,0,0 0,0,0 12,0,2 0,0,0 0,0,0 4,169,1 3,169,1
ADDLINE 1,136,1 0,0,0 12,0,2 1,136,1 1,136,1 1,136,1 1,136,1 1,136,1 1,136,1
ADDLINE 1,149,1 0,0,0 1,149,1 0,0,0 1,149,1 0,0,0 1,149,1 12,0,2 1,149,1
ADDLINE 4,162,1 0,0,0 3,162,1 0,0,0 4,162,1 12,0,2 0,0,0 0,0,0 1,162,1
ADDLINE 1,175,1 0,0,0 5,175,1 0,0,0 1,175,1 1,175,1 1,175,1 12,0,2 1,175,1
ADDLINE 5,140,1 0,0,0 1,140,1 0,0,0 0,0,0 12,0,2 1,140,1 0,0,0 2,140,1
ADDLINE 1,154,1 0,0,0 3,154,1 12,0,2 1,154,1 1,154,1 1,154,1 0,0,0 1,154,1
ADDLINE 2,167,1 0,0,0 1,167,1 0,0,0 12,0,2 0,0,0 1,167,1 0,0,0 1,167,1
ADDLINE 1,180,1 0,0,0 1,180,1 1,180,1 1,360,1 0,0,0 1,360,1 12,0,2 1,180,1
ADDLINE 0,0,0 0,0,0 1,290,1 12,0,2 1,290,1 10,0,2 1,290,1 0,0,0 0,0,0
ADDLINE 2,158,1 0,0,0 1,158,1 0,0,0 1,316,1 12,0,2 1,316,1 1,158,1 3,158,1
ADDLINE 2,172,1 1,172,1 1,172,1 12,0,2 1,172,1 1,172,1 1,172,1 1,172,1 1,172,1
ADDLINE 1,186,1 1,186,1 4,186,1 12,0,2 5,186,1 5,186,1 1,186,1 1,186,1 1,186,1
ADDLINE 0,0,0 0,0,0 0,0,0 12,0,2 1,149,1 1,149,1 1,149,1 1,149,1 2,149,1
ADDLINE 7,0,2 12,0,2 0,0,0 1,163,1 1,163,1 1,163,1 5,163,1 3,163,1 1,163,1
ADDLINE 1,354,1 1,354,1 0,0,0 12,0,2 0,0,0 1,177,1 1,177,1 1,177,1 1,177,1
ADDLINE 1,384,1 1,384,1 1,384,1 1,384,1 8,0,2 0,0,0 12,0,2 0,0,0 1,384,1
ADDLINE 1,154,1 1,154,1 3,154,1 1,154,1 2,154,1 1,154,1 1,154,1 12,0,2 0,0,0
ADDLINE 1,168,1 1,168,1 1,168,1 1,168,1 1,168,1 1,168,1 12,0,2 0,0,0 0,0,0
ADDLINE 4,182,1 1,182,1 1,182,1 3,182,1 0,0,0 0,0,0 12,0,2 1,182,1 4,182,1
ADDLINE 1,197,1 1,197,1 1,197,1 1,197,1 1,197,1 1,197,1 12,0,2 2,197,1 4,197,1
ADDLINE 5,158,1 1,158,1 1,158,1 1,158,1 1,158,1 5,158,1 12,0,2 0,0,0 0,0,0
ADDLINE 1,173,1 2,173,1 4,173,1 1,173,1 1,173,1 1,173,1 1,173,1 1,173,1 12,0,2
ADDLINE 1,188,1 1,188,1 1,188,1 3,188,1 1,188,1 1,188,1 1,188,1 1,188,1 12,0,2
ADDLINE 1,203,1 1,203,1 4,203,1 1,203,1 5,203,1 1,203,1 5,203,1 1,406,1 12,0,2
ADDLINE 1,324,1 1,324,1 1,324,1 1,324,1 1,324,1 1,324,1 1,324,1 12,0,2 10,0,2
ADDLINE 1,356,1 0,0,0 12,0,2 0,0,0 0,0,0 8,0,2 0,0,0 0,0,0 1,356,1
ADDLINE 1,193,1 0,0,0 12,0,2 1,193,1 1,193,1 1,193,1 1,193,1 1,193,1 1,193,1
ADDLINE 5,208,1 1,208,1 0,0,0 12,0,2 0,0,0 0,0,0 2,208,1 4,208,1 1,208,1
1,105,1 1,105,1 11,0,2 1,105,1 3,105,1 1,105,1 12,0,2 1,105,1 4,105,1
7,0,2 0,0,0 0,0,0 0,0,0 12,0,2 0,0,0 7,0,2 15,0,2 17,104,1
1,103,1 1,103,1 1,103,1 1,103,1 2,103,1 1,103,1 1,103,1 12,0,2 1,103,1
3,102,1 0,0,0 0,0,0 0,0,0 0,0,0 12,0,2 1,102,1 0,0,0 1,102,1
1,101,1 0,0,0 1,101,1 12,0,2 5,101,1 1,101,1 2,101,1 0,0,0 1,101,1
1,100,1 14,0,2 1,100,1 0,0,0 12,0,2 0,0,0 1,100,1 0,0,0 1,100,1
0,0,0 0,0,0 0,0,0 0,0,0 0,0,0 0,0,0 0,0,0 0,0,0 0,0,0
0,0,0 0,0,0 0,0,0 0,0,0 0,0,0 0,0,0 0,0,0 0,0,0 0,0,0
0,0,0 0,0,0 0,0,0 0,0,0 0,0,0 0,0,0 0,0,0 0,0,0 0,0,0