MODE 0
BALL 120
STARS 0/0/15645 35
ADDLINE 1,117,1 12,0,2 1,117,1 2,117,1 1,117,1 1,117,1 5,117,1 1,117,1 1,117,1
ADDLINE 1,118,1 0,0,0 12,0,2 0,0,0 5,118,1 1,118,1 4,118,1 1,118,1 1,118,1
ADDLINE 1,119,1 1,119,1 1,119,1 0,0,0 12,0,2 0,0,0 0,0,0 4,119,1 1,119,1
ADDLINE 1,131,1 0,0,0 0,0,0 12,0,2 0,0,0 0,0,0 0,0,0 1,131,1 1,131,1
ADDLINE 1,132,1 0,0,0 12,0,2 4,132,1 3,132,1 1,132,1 2,132,1 1,132,1 1,132,1
ADDLINE 0,0,0 12,0,2 0,0,0 1,144,1 3,144,1 1,144,1 1,144,1 1,144,1 1,144,1
ADDLINE 0,0,0 12,0,2 1,156,1 1,156,1 1,156,1 1,156,1 1,156,1 5,156,1 5,156,1
ADDLINE 1,169,1 0,0,0 0,0,0 12,0,2 4,169,1 1,169,1 3,169,1 3,169,1 1,169,1
ADDLINE 1,136,1 1,136,1 0,0,0 12,0,2 1,136,1 1,136,1 1,136,1 1,136,1 1,136,1
ADDLINE 0,0,0 1,149,1 12,0,2 1,149,1 4,149,1 1,149,1 1,149,1 1,149,1 1,149,1
ADDLINE 0,0,0 1,162,1 12,0,2 2,162,1 1,162,1 1,162,1 5,162,1 1,162,1 1,162,1
ADDLINE 0,0,0 2,175,1 12,0,2 0,0,0 4,175,1 1,175,1 1,175,1 1,175,1 1,175,1
ADDLINE 0,0,0 0,0,0 1,140,1 12,0,2 5,140,1 1,140,1 1,140,1 1,140,1 1,140,1
ADDLINE 1,154,1 1,154,1 1,154,1 0,0,0 1,154,1 12,0,2 3,154,1 1,154,1 1,154,1
ADDLINE 0,0,0 0,0,0 0,0,0 0,0,0 5,167,1 12,0,2 0,0,0 1,167,1 4,167,1
ADDLINE 0,0,0 0,0,0 0,0,0 12,0,2 0,0,0 1,180,1 0,0,0 0,0,0 1,180,1
ADDLINE 1,145,1 1,145,1 1,145,1 1,145,1 0,0,0 12,0,2 1,145,1 0,0,0 3,145,1
ADDLINE 1,158,1 1,158,1 1,158,1 2,158,1 4,158,1 0,0,0 12,0,2 0,0,0 0,0,0
ADDLINE 4,172,1 1,172,1 12,0,2 3,172,1 3,172,1 1,172,1 5,172,1 1,172,1 1,172,1
ADDLINE 1,186,1 0,0,0 12,0,2 1,186,1 1,186,1 1,186,1 1,186,1 1,186,1 1,186,1
ADDLINE 0,0,0 12,0,2 1,149,1 1,149,1 1,149,1 1,149,1 1,149,1 4,149,1 5,149,1
ADDLINE 0,0,0 12,0,2 1,163,1 1,163,1 1,163,1 1,163,1 1,163,1 4,163,1 1,163,1
ADDLINE 1,177,1 0,0,0 12,0,2 1,177,1 1,177,1 1,177,1 1,177,1 3,177,1 1,177,1
ADDLINE 1,192,1 1,192,1 0,0,0 0,0,0 0,0,0 12,0,2 0,0,0 5,192,1 3,192,1
ADDLINE 0,0,0 12,0,2 0,0,0 0,0,0 0,0,0 0,0,0 0,0,0 1,154,1 1,154,1
ADDLINE 12,0,2 1,168,1 1,168,1 1,168,1 1,168,1 3,168,1 1,168,1 1,168,1 5,168,1
ADDLINE 0,0,0 12,0,2 0,0,0 1,182,1 1,182,1 1,182,1 1,182,1 2,182,1 3,182,1
ADDLINE 1,197,1 2,197,1 1,197,1 1,197,1 1,197,1 12,0,2 1,197,1 1,197,1 1,197,1
ADDLINE 1,158,1 1,158,1 1,158,1 0,0,0 0,0,0 12,0,2 1,158,1 1,158,1 4,158,1
ADDLINE 3,173,1 2,173,1 3,173,1 0,0,0 12,0,2 1,173,1 1,173,1 1,173,1 1,173,1
ADDLINE 1,188,1 4,188,1 1,188,1 1,188,1 12,0,2 1,188,1 2,188,1 1,188,1 1,188,1
ADDLINE 3,203,1 1,203,1 1,203,1 1,203,1 0,0,0 12,0,2 4,203,1 1,203,1 1,203,1
ADDLINE 3,162,1 1,162,1 1,162,1 1,162,1 1,162,1 12,0,2 0,0,0 0,0,0 0,0,0
ADDLINE 1,178,1 1,178,1 4,178,1 1,178,1 0,0,0 0,0,0 0,0,0 12,0,2 0,0,0
ADDLINE 1,193,1 1,193,1 5,193,1 0,0,0 12,0,2 1,193,1 1,193,1 1,193,1 1,193,1
ADDLINE 1,208,1 1,208,1 0,0,0 12,0,2 1,208,1 3,208,1 1,208,1 1,208,1 5,208,1
1,105,1 1,105,1 1,105,1 1,105,1 1,105,1 1,105,1 12,0,2 8,0,2 0,0,0
1,104,1 17,104,1 3,104,1 1,104,1 1,104,1 1,104,1 12,0,2 8,0,2 15,0,2
5,103,1 4,103,1 1,103,1 5,103,1 1,103,1 3,103,1 1,103,1 1,103,1 12,0,2
1,102,1 1,102,1 1,102,1 2,102,1 1,102,1 1,102,1 20,102,1 1,102,1 12,0,2
2,101,1 3,101,1 1,101,1 1,101,1 1,101,1 0,0,0 0,0,0 12,0,2 0,0,0
1,100,1 4,100,1 1,100,1 14,0,2 12,0,2 0,0,0 1,100,1 1,100,1 3,100,1
0,0,0 0,0,0 0,0,0 0,0,0 0,0,0 0,0,0 0,0,0 0,0,0 0,0,0
0,0,0 0,0,0 0,0,0 0,0,0 0,0,0 0,0,0 0,0,0 0,0,0 0,0,0
0,0,0 0,0,0 0,0,0 0,0,0 0,0,0 0,0,0 0,0,0 0,0,0 0,0,0