MODE 0
BALL 120
STARS 0/0/15750 35
ADDLINE 12,0,2 1,117,1 4,117,1 1,117,1 1,117,1 3,117,1 1,117,1 5,117,1 1,117,1
ADDLINE 0,0,0 12,0,2 1,118,1 1,118,1 1,118,1 4,118,1 1,118,1 1,118,1 3,118,1
ADDLINE 0,0,0 12,0,2 5,119,1 1,119,1 1,119,1 1,119,1 1,119,1 1,119,1 1,119,1
ADDLINE 12,0,2 3,131,1 1,131,1 5,131,1 1,131,1 1,131,1 1,131,1 1,131,1 3,131,1
ADDLINE 0,0,0 0,0,0 0,0,0 0,0,0 12,0,2 2,132,1 1,132,1 1,132,1 1,132,1
ADDLINE 1,144,1 1,144,1 1,144,1 1,144,1 0,0,0 0,0,0 12,0,2 0,0,0 0,0,0
ADDLINE 2,156,1 1,156,1 1,156,1 1,156,1 1,156,1 1,156,1 1,156,1 1,156,1 12,0,2
ADDLINE 1,169,1 1,169,1 1,169,1 4,169,1 0,0,0 0,0,0 12,0,2 0,0,0 0,0,0
ADDLINE 4,136,1 1,136,1 1,136,1 3,136,1 12,0,2 0,0,0 0,0,0 0,0,0 0,0,0
ADDLINE 5,149,1 2,149,1 1,149,1 1,149,1 1,149,1 12,0,2 1,149,1 1,149,1 1,149,1
ADDLINE 0,0,0 1,162,1 1,162,1 12,0,2 0,0,0 1,162,1 0,0,0 0,0,0 1,162,1
ADDLINE 5,175,1 1,175,1 1,175,1 12,0,2 3,175,1 1,175,1 1,175,1 1,175,1 3,175,1
ADDLINE 1,140,1 0,0,0 5,140,1 12,0,2 1,140,1 1,140,1 2,140,1 3,140,1 2,140,1
ADDLINE 1,154,1 0,0,0 1,154,1 12,0,2 1,154,1 1,154,1 1,154,1 1,154,1 1,154,1
ADDLINE 1,167,1 0,0,0 12,0,2 0,0,0 0,0,0 0,0,0 1,167,1 0,0,0 0,0,0
ADDLINE 1,180,1 1,180,1 1,180,1 1,180,1 1,180,1 0,0,0 1,180,1 12,0,2 1,180,1
ADDLINE 3,145,1 1,145,1 1,145,1 0,0,0 1,145,1 0,0,0 1,145,1 12,0,2 1,145,1
ADDLINE 1,158,1 1,158,1 4,158,1 0,0,0 2,158,1 12,0,2 3,158,1 0,0,0 4,158,1
ADDLINE 1,172,1 1,172,1 12,0,2 1,172,1 1,172,1 1,172,1 1,172,1 2,172,1 5,172,1
ADDLINE 1,186,1 3,186,1 0,0,0 0,0,0 12,0,2 1,186,1 1,186,1 1,186,1 1,186,1
ADDLINE 1,149,1 1,149,1 0,0,0 12,0,2 0,0,0 3,149,1 1,149,1 2,149,1 1,149,1
ADDLINE 0,0,0 0,0,0 12,0,2 1,163,1 1,163,1 4,163,1 1,163,1 3,163,1 2,163,1
ADDLINE 0,0,0 0,0,0 0,0,0 0,0,0 12,0,2 1,177,1 2,177,1 1,177,1 1,177,1
ADDLINE 0,0,0 0,0,0 0,0,0 0,0,0 12,0,2 1,192,1 1,192,1 1,192,1 1,192,1
ADDLINE 0,0,0 12,0,2 4,154,1 1,154,1 1,154,1 3,154,1 1,154,1 1,154,1 1,154,1
ADDLINE 0,0,0 12,0,2 1,168,1 4,168,1 1,168,1 1,168,1 1,168,1 1,168,1 1,168,1
ADDLINE 0,0,0 0,0,0 0,0,0 0,0,0 0,0,0 12,0,2 1,182,1 1,182,1 2,182,1
ADDLINE 12,0,2 1,197,1 1,197,1 4,197,1 4,197,1 2,197,1 5,197,1 1,197,1 1,197,1
ADDLINE 0,0,0 0,0,0 12,0,2 0,0,0 1,158,1 1,158,1 1,158,1 1,158,1 1,158,1
ADDLINE 0,0,0 0,0,0 12,0,2 0,0,0 1,173,1 1,173,1 1,173,1 1,173,1 1,173,1
ADDLINE 0,0,0 0,0,0 0,0,0 12,0,2 3,188,1 1,188,1 1,188,1 1,188,1 1,188,1
ADDLINE 1,203,1 1,203,1 0,0,0 12,0,2 1,203,1 1,203,1 1,203,1 1,203,1 1,203,1
ADDLINE 0,0,0 12,0,2 0,0,0 1,162,1 1,162,1 5,162,1 1,162,1 4,162,1 5,162,1
ADDLINE 0,0,0 0,0,0 12,0,2 0,0,0 1,178,1 5,178,1 1,178,1 1,178,1 1,178,1
ADDLINE 0,0,0 0,0,0 0,0,0 12,0,2 1,193,1 2,193,1 1,193,1 1,193,1 1,193,1
ADDLINE 0,0,0 0,0,0 12,0,2 4,208,1 2,208,1 1,208,1 1,208,1 1,208,1 1,208,1
0,0,0 3,105,1 16,105,1 1,105,1 1,105,1 1,105,1 12,0,2 1,105,1 0,0,0
12,0,2 1,104,1 5,104,1 1,104,1 1,104,1 1,104,1 1,104,1 1,104,1 0,0,0
0,0,0 2,103,1 0,0,0 0,0,0 0,0,0 0,0,0 0,0,0 12,0,2 3,103,1
1,102,1 4,102,1 12,0,2 2,102,1 1,102,1 1,102,1 1,102,1 2,102,1 1,102,1
1,101,1 1,101,1 10,0,2 1,101,1 12,0,2 5,101,1 1,101,1 6,101,1 1,101,1
4,100,1 5,100,1 11,0,2 1,100,1 12,0,2 1,100,1 1,100,1 1,100,1 1,100,1
0,0,0 0,0,0 0,0,0 0,0,0 0,0,0 0,0,0 0,0,0 0,0,0 0,0,0
0,0,0 0,0,0 0,0,0 0,0,0 0,0,0 0,0,0 0,0,0 0,0,0 0,0,0
0,0,0 0,0,0 0,0,0 0,0,0 0,0,0 0,0,0 0,0,0 0,0,0 0,0,0