MODE 0
BALL 120
STARS 0/0/15330 35
ADDLINE 1,117,1 1,117,1 1,117,1 1,117,1 12,0,2 1,117,1 1,117,1 1,117,1 1,117,1
ADDLINE 0,0,0 0,0,0 12,0,2 1,118,1 0,0,0 1,118,1 1,118,1 1,118,1 1,118,1
ADDLINE 12,0,2 1,119,1 17,119,1 1,119,1 1,119,1 1,119,1 1,119,1 1,119,1 1,119,1
ADDLINE 0,0,0 11,0,2 12,0,2 1,131,1 1,131,1 1,131,1 1,131,1 17,131,1 1,131,1
ADDLINE 1,132,1 1,132,1 0,0,0 0,0,0 12,0,2 0,0,0 1,132,1 1,132,1 1,132,1
ADDLINE 1,144,1 19,144,1 1,144,1 1,144,1 1,144,1 12,0,2 1,144,1 1,144,1 1,144,1
ADDLINE 1,312,1 20,156,1 1,312,1 1,312,1 1,312,1 12,0,2 0,0,0 0,0,0 10,0,2
ADDLINE 1,338,1 1,338,1 1,338,1 1,338,1 1,338,1 1,338,1 1,338,1 12,0,2 10,0,2
ADDLINE 1,136,1 1,136,1 1,136,1 1,272,1 1,272,1 1,272,1 11,0,2 12,0,2 1,272,1
ADDLINE 1,149,1 1,149,1 1,149,1 1,298,1 17,149,1 1,298,1 1,298,1 12,0,2 1,149,1
ADDLINE 0,0,0 12,0,2 1,162,1 1,324,1 1,324,1 0,0,0 1,162,1 0,0,0 1,162,1
ADDLINE 1,175,1 0,0,0 1,175,1 1,175,1 1,175,1 0,0,0 1,175,1 12,0,2 1,350,1
ADDLINE 0,0,0 12,0,2 1,140,1 0,0,0 0,0,0 0,0,0 1,140,1 0,0,0 7,0,2
ADDLINE 1,154,1 0,0,0 1,154,1 12,0,2 1,154,1 1,154,1 1,154,1 0,0,0 1,308,1
ADDLINE 1,167,1 0,0,0 1,167,1 0,0,0 1,167,1 0,0,0 12,0,2 0,0,0 1,167,1
ADDLINE 1,180,1 1,180,1 1,180,1 0,0,0 1,180,1 12,0,2 1,180,1 1,180,1 1,180,1
ADDLINE 12,0,2 0,0,0 0,0,0 0,0,0 1,145,1 0,0,0 1,145,1 0,0,0 0,0,0
ADDLINE 1,158,1 1,158,1 1,158,1 1,158,1 1,158,1 0,0,0 1,158,1 12,0,2 1,158,1
ADDLINE 12,0,2 1,344,1 1,344,1 1,344,1 1,344,1 16,172,1 1,344,1 1,344,1 1,344,1
ADDLINE 12,0,2 1,186,1 1,186,1 1,186,1 1,186,1 1,372,1 17,186,1 1,372,1 1,186,1
ADDLINE 0,0,0 0,0,0 0,0,0 0,0,0 12,0,2 0,0,0 1,298,1 1,298,1 1,149,1
ADDLINE 1,163,1 1,163,1 0,0,0 12,0,2 0,0,0 0,0,0 0,0,0 1,326,1 1,163,1
ADDLINE 0,0,0 12,0,2 0,0,0 1,177,1 1,354,1 1,354,1 1,354,1 20,177,1 1,177,1
ADDLINE 11,0,2 0,0,0 12,0,2 1,192,1 1,384,1 7,0,2 1,384,1 1,384,1 1,192,1
ADDLINE 1,308,1 0,0,0 12,0,2 1,154,1 1,308,1 1,308,1 1,308,1 1,154,1 1,154,1
ADDLINE 1,168,1 12,0,2 1,168,1 1,168,1 1,168,1 1,168,1 1,168,1 1,168,1 1,168,1
ADDLINE 1,182,1 0,0,0 12,0,2 1,182,1 1,364,1 1,364,1 1,364,1 1,182,1 1,182,1
ADDLINE 1,197,1 1,197,1 1,197,1 1,197,1 1,394,1 17,197,1 1,394,1 1,197,1 12,0,2
ADDLINE 1,158,1 1,158,1 1,158,1 1,158,1 1,316,1 1,316,1 0,0,0 12,0,2 0,0,0
ADDLINE 1,173,1 1,173,1 1,173,1 1,173,1 1,173,1 0,0,0 12,0,2 0,0,0 1,173,1
ADDLINE 1,376,1 1,376,1 1,188,1 1,188,1 1,188,1 1,188,1 1,188,1 12,0,2 0,0,0
ADDLINE 7,0,2 1,406,1 1,406,1 1,203,1 1,203,1 1,203,1 12,0,2 0,0,0 0,0,0
ADDLINE 1,324,1 17,162,1 1,324,1 1,162,1 1,162,1 1,162,1 12,0,2 0,0,0 0,0,0
ADDLINE 1,178,1 1,356,1 1,356,1 1,178,1 1,178,1 0,0,0 0,0,0 12,0,2 0,0,0
ADDLINE 1,193,1 1,193,1 1,193,1 1,193,1 1,193,1 12,0,2 0,0,0 0,0,0 0,0,0
ADDLINE 1,416,1 1,416,1 1,416,1 16,208,1 1,416,1 1,416,1 1,416,1 12,0,2 0,0,0
1,105,1 0,0,0 1,105,1 0,0,0 1,105,1 0,0,0 1,105,1 12,0,2 0,0,0
1,104,1 0,0,0 1,104,1 1,104,1 1,104,1 12,0,2 1,104,1 1,104,1 1,104,1
1,103,1 0,0,0 1,103,1 0,0,0 12,0,2 0,0,0 0,0,0 0,0,0 1,103,1
1,102,1 11,0,2 1,102,1 12,0,2 1,102,1 0,0,0 1,102,1 1,102,1 1,102,1
1,101,1 1,20,1 1,101,1 12,0,2 1,101,1 1,101,1 16,101,1 1,101,1 0,0,0
1,100,1 10,0,2 1,100,1 0,0,0 1,100,1 0,0,0 20,100,1 12,0,2 1,100,1
0,0,0 0,0,0 0,0,0 0,0,0 0,0,0 0,0,0 0,0,0 0,0,0 0,0,0
0,0,0 0,0,0 0,0,0 0,0,0 0,0,0 0,0,0 0,0,0 0,0,0 0,0,0
0,0,0 0,0,0 0,0,0 0,0,0 0,0,0 0,0,0 0,0,0 0,0,0 0,0,0