MODE 0
BALL 120
STARS 0/0/14805 35
ADDLINE 1,117,1 1,117,1 1,117,1 1,117,1 1,117,1 1,117,1 5,117,1 12,0,2 3,117,1
ADDLINE 1,118,1 1,118,1 1,118,1 1,118,1 4,118,1 1,118,1 1,118,1 12,0,2 5,118,1
ADDLINE 1,119,1 1,119,1 3,119,1 1,119,1 4,119,1 1,119,1 1,119,1 12,0,2 1,119,1
ADDLINE 1,131,1 1,131,1 4,131,1 0,0,0 0,0,0 12,0,2 0,0,0 7,0,2 3,131,1
ADDLINE 1,132,1 1,132,1 1,132,1 0,0,0 0,0,0 12,0,2 11,0,2 1,132,1 1,132,1
ADDLINE 1,144,1 1,144,1 1,144,1 0,0,0 12,0,2 10,0,2 0,0,0 1,144,1 1,144,1
ADDLINE 1,156,1 1,156,1 1,156,1 0,0,0 0,0,0 0,0,0 12,0,2 0,0,0 0,0,0
ADDLINE 1,169,1 1,169,1 5,169,1 1,169,1 1,169,1 1,169,1 2,169,1 5,169,1 12,0,2
ADDLINE 1,136,1 1,136,1 4,136,1 1,136,1 1,136,1 1,136,1 1,136,1 12,0,2 0,0,0
ADDLINE 1,149,1 11,0,2 1,298,1 1,149,1 1,149,1 12,0,2 5,149,1 0,0,0 4,149,1
ADDLINE 1,162,1 0,0,0 12,0,2 0,0,0 1,162,1 0,0,0 1,162,1 0,0,0 1,162,1
ADDLINE 1,175,1 1,175,1 1,175,1 0,0,0 3,175,1 1,175,1 5,175,1 12,0,2 1,175,1
ADDLINE 1,140,1 0,0,0 4,140,1 0,0,0 0,0,0 0,0,0 12,0,2 0,0,0 1,140,1
ADDLINE 1,154,1 12,0,2 1,154,1 3,154,1 1,154,1 1,154,1 1,154,1 1,154,1 2,154,1
ADDLINE 1,167,1 0,0,0 0,0,0 12,0,2 1,167,1 0,0,0 0,0,0 11,0,2 0,0,0
ADDLINE 4,180,1 7,0,2 1,360,1 0,0,0 1,360,1 0,0,0 1,360,1 12,0,2 1,180,1
ADDLINE 1,290,1 0,0,0 1,290,1 12,0,2 10,0,2 0,0,0 1,290,1 0,0,0 1,290,1
ADDLINE 1,158,1 0,0,0 1,158,1 1,316,1 1,316,1 1,316,1 5,158,1 12,0,2 1,158,1
ADDLINE 1,172,1 1,172,1 12,0,2 1,172,1 1,172,1 1,172,1 2,172,1 3,172,1 1,172,1
ADDLINE 3,186,1 1,372,1 11,0,2 12,0,2 1,186,1 1,186,1 1,186,1 4,186,1 1,186,1
ADDLINE 0,0,0 0,0,0 12,0,2 11,0,2 1,298,1 1,149,1 1,149,1 1,149,1 1,149,1
ADDLINE 0,0,0 0,0,0 12,0,2 0,0,0 1,326,1 1,163,1 1,163,1 1,163,1 1,163,1
ADDLINE 1,177,1 3,177,1 1,177,1 0,0,0 12,0,2 2,177,1 1,177,1 1,177,1 1,177,1
ADDLINE 1,192,1 1,192,1 3,192,1 1,192,1 0,0,0 12,0,2 1,192,1 5,192,1 1,192,1
ADDLINE 1,154,1 1,308,1 0,0,0 12,0,2 0,0,0 0,0,0 1,154,1 1,154,1 1,154,1
ADDLINE 1,168,1 1,336,1 7,0,2 0,0,0 0,0,0 12,0,2 2,168,1 5,168,1 1,168,1
ADDLINE 1,182,1 1,364,1 1,364,1 1,364,1 1,182,1 12,0,2 0,0,0 0,0,0 0,0,0
ADDLINE 12,0,2 3,197,1 1,197,1 1,197,1 1,197,1 1,197,1 2,197,1 1,197,1 3,197,1
ADDLINE 12,0,2 4,158,1 1,158,1 1,158,1 4,158,1 1,158,1 1,158,1 1,158,1 1,158,1
ADDLINE 0,0,0 12,0,2 0,0,0 1,173,1 1,173,1 1,173,1 2,173,1 1,173,1 1,173,1
ADDLINE 1,188,1 1,188,1 0,0,0 0,0,0 0,0,0 12,0,2 0,0,0 2,188,1 1,188,1
ADDLINE 1,203,1 1,203,1 1,203,1 1,203,1 1,203,1 1,203,1 12,0,2 5,203,1 5,203,1
ADDLINE 1,162,1 1,162,1 3,162,1 1,162,1 1,324,1 1,324,1 0,0,0 12,0,2 0,0,0
ADDLINE 1,178,1 1,178,1 1,178,1 1,178,1 1,356,1 7,0,2 1,356,1 12,0,2 0,0,0
ADDLINE 2,193,1 5,193,1 1,193,1 1,193,1 1,386,1 1,386,1 1,386,1 12,0,2 0,0,0
ADDLINE 4,208,1 1,208,1 1,208,1 1,208,1 1,208,1 0,0,0 12,0,2 0,0,0 0,0,0
1,105,1 0,0,0 0,0,0 15,0,2 0,0,0 0,0,0 12,0,2 0,0,0 0,0,0
1,104,1 12,0,2 1,104,1 5,104,1 4,104,1 1,104,1 1,104,1 1,104,1 1,104,1
1,103,1 0,0,0 0,0,0 12,0,2 0,0,0 0,0,0 1,103,1 0,0,0 0,0,0
1,102,1 1,102,1 1,102,1 1,102,1 1,102,1 10,0,2 1,102,1 12,0,2 1,102,1
1,101,1 0,0,0 0,0,0 12,0,2 1,101,1 8,0,2 1,101,1 0,0,0 1,101,1
1,100,1 14,0,2 1,100,1 2,100,1 5,100,1 0,0,0 1,100,1 12,0,2 1,100,1
0,0,0 0,0,0 0,0,0 0,0,0 0,0,0 0,0,0 0,0,0 0,0,0 0,0,0
0,0,0 0,0,0 0,0,0 0,0,0 0,0,0 0,0,0 0,0,0 0,0,0 0,0,0
0,0,0 0,0,0 0,0,0 0,0,0 0,0,0 0,0,0 0,0,0 0,0,0 0,0,0