MODE 0
BALL 120
STARS 0/0/15295 35
ADDLINE 1,117,1 1,117,1 1,117,1 1,117,1 1,117,1 12,0,2 1,117,1 1,117,1 1,117,1
ADDLINE 2,118,1 1,118,1 5,118,1 5,118,1 0,0,0 12,0,2 1,118,1 1,118,1 4,118,1
ADDLINE 0,0,0 12,0,2 0,0,0 0,0,0 0,0,0 4,119,1 1,119,1 1,119,1 1,119,1
ADDLINE 12,0,2 1,131,1 1,131,1 1,131,1 4,131,1 1,131,1 1,131,1 5,131,1 1,131,1
ADDLINE 12,0,2 1,132,1 1,132,1 1,132,1 4,132,1 3,132,1 1,132,1 1,132,1 5,132,1
ADDLINE 0,0,0 0,0,0 12,0,2 0,0,0 0,0,0 1,144,1 1,144,1 1,144,1 1,144,1
ADDLINE 3,156,1 0,0,0 12,0,2 0,0,0 0,0,0 1,156,1 1,156,1 1,156,1 1,156,1
ADDLINE 1,169,1 12,0,2 1,169,1 1,169,1 1,169,1 4,169,1 1,169,1 1,169,1 1,169,1
ADDLINE 4,136,1 0,0,0 12,0,2 0,0,0 0,0,0 0,0,0 1,136,1 2,136,1 1,136,1
ADDLINE 1,149,1 1,149,1 5,149,1 0,0,0 12,0,2 4,149,1 1,149,1 1,149,1 0,0,0
ADDLINE 1,162,1 1,162,1 3,162,1 0,0,0 1,162,1 12,0,2 1,162,1 1,162,1 0,0,0
ADDLINE 1,175,1 5,175,1 12,0,2 1,175,1 1,175,1 1,175,1 0,0,0 0,0,0 0,0,0
ADDLINE 1,140,1 1,140,1 0,0,0 1,140,1 2,140,1 4,140,1 1,140,1 12,0,2 1,140,1
ADDLINE 1,154,1 1,154,1 0,0,0 0,0,0 1,154,1 1,154,1 1,154,1 12,0,2 4,154,1
ADDLINE 1,167,1 3,167,1 1,167,1 0,0,0 12,0,2 0,0,0 0,0,0 0,0,0 1,167,1
ADDLINE 1,180,1 2,180,1 1,180,1 0,0,0 1,180,1 4,180,1 1,180,1 12,0,2 1,180,1
ADDLINE 1,145,1 1,145,1 3,145,1 0,0,0 1,145,1 12,0,2 0,0,0 0,0,0 1,145,1
ADDLINE 1,158,1 2,158,1 0,0,0 0,0,0 0,0,0 12,0,2 1,158,1 1,158,1 1,158,1
ADDLINE 1,172,1 4,172,1 12,0,2 1,172,1 1,172,1 1,172,1 1,172,1 1,172,1 2,172,1
ADDLINE 1,186,1 4,186,1 0,0,0 0,0,0 0,0,0 12,0,2 0,0,0 1,186,1 2,186,1
ADDLINE 1,149,1 1,149,1 1,149,1 1,149,1 1,149,1 5,149,1 0,0,0 12,0,2 1,149,1
ADDLINE 1,163,1 1,163,1 1,163,1 2,163,1 0,0,0 12,0,2 0,0,0 0,0,0 1,163,1
ADDLINE 1,177,1 4,177,1 0,0,0 12,0,2 0,0,0 1,177,1 5,177,1 1,177,1 1,177,1
ADDLINE 1,192,1 1,192,1 12,0,2 1,192,1 1,192,1 1,192,1 4,192,1 5,192,1 1,192,1
ADDLINE 1,154,1 1,154,1 0,0,0 12,0,2 2,154,1 1,154,1 5,154,1 1,154,1 1,154,1
ADDLINE 1,168,1 1,168,1 1,168,1 0,0,0 12,0,2 1,168,1 1,168,1 2,168,1 1,168,1
ADDLINE 4,182,1 0,0,0 12,0,2 0,0,0 0,0,0 1,182,1 5,182,1 1,182,1 1,182,1
ADDLINE 1,197,1 1,197,1 4,197,1 1,197,1 1,197,1 5,197,1 12,0,2 1,197,1 1,197,1
ADDLINE 1,158,1 0,0,0 0,0,0 0,0,0 12,0,2 0,0,0 0,0,0 2,158,1 1,158,1
ADDLINE 1,173,1 0,0,0 12,0,2 0,0,0 1,173,1 1,173,1 1,173,1 2,173,1 1,173,1
ADDLINE 1,188,1 1,188,1 4,188,1 0,0,0 12,0,2 1,188,1 1,188,1 1,188,1 1,188,1
ADDLINE 1,203,1 1,203,1 4,203,1 1,203,1 12,0,2 1,203,1 5,203,1 3,203,1 1,203,1
ADDLINE 5,162,1 1,162,1 1,162,1 0,0,0 12,0,2 1,162,1 1,162,1 3,162,1 1,162,1
ADDLINE 1,178,1 1,178,1 1,178,1 0,0,0 12,0,2 1,178,1 5,178,1 1,178,1 1,178,1
ADDLINE 3,193,1 1,193,1 5,193,1 1,193,1 0,0,0 12,0,2 1,193,1 1,193,1 4,193,1
ADDLINE 1,208,1 1,208,1 3,208,1 1,208,1 1,208,1 0,0,0 12,0,2 1,208,1 1,208,1
1,105,1 1,105,1 1,105,1 1,105,1 1,105,1 2,105,1 12,0,2 0,0,0 0,0,0
1,104,1 1,104,1 0,0,0 0,0,0 12,0,2 0,0,0 15,0,2 9,0,2 0,0,0
3,103,1 1,103,1 0,0,0 12,0,2 1,103,1 1,103,1 1,103,1 5,103,1 2,103,1
0,0,0 12,0,2 0,0,0 22,0,2 2,102,1 19,102,1 1,102,1 1,102,1 3,102,1
0,0,0 0,0,0 12,0,2 0,0,0 5,101,1 1,101,1 1,101,1 1,101,1 1,101,1
8,0,2 0,0,0 12,0,2 14,0,2 1,100,1 1,100,1 1,100,1 1,100,1 2,100,1
0,0,0 0,0,0 0,0,0 0,0,0 0,0,0 0,0,0 0,0,0 0,0,0 0,0,0
0,0,0 0,0,0 0,0,0 0,0,0 0,0,0 0,0,0 0,0,0 0,0,0 0,0,0
0,0,0 0,0,0 0,0,0 0,0,0 0,0,0 0,0,0 0,0,0 0,0,0 0,0,0