MODE 0
BALL 120
STARS 0/0/16170 35
ADDLINE 1,117,1 0,0,0 12,0,2 0,0,0 1,117,1 1,117,1 4,117,1 1,117,1 1,117,1
ADDLINE 0,0,0 1,118,1 1,118,1 12,0,2 5,118,1 1,118,1 1,118,1 1,118,1 1,118,1
ADDLINE 0,0,0 1,119,1 1,119,1 12,0,2 0,0,0 0,0,0 4,119,1 2,119,1 1,119,1
ADDLINE 0,0,0 3,131,1 1,131,1 1,131,1 0,0,0 12,0,2 1,131,1 1,131,1 4,131,1
ADDLINE 0,0,0 1,132,1 1,132,1 1,132,1 12,0,2 4,132,1 1,132,1 5,132,1 1,132,1
ADDLINE 0,0,0 1,144,1 1,144,1 12,0,2 0,0,0 1,144,1 3,144,1 1,144,1 1,144,1
ADDLINE 0,0,0 2,156,1 12,0,2 5,156,1 1,156,1 1,156,1 2,156,1 1,156,1 1,156,1
ADDLINE 3,169,1 0,0,0 12,0,2 1,169,1 1,169,1 1,169,1 1,169,1 5,169,1 1,169,1
ADDLINE 1,136,1 0,0,0 0,0,0 1,136,1 1,136,1 1,136,1 1,136,1 12,0,2 1,136,1
ADDLINE 1,149,1 2,149,1 1,149,1 0,0,0 1,149,1 12,0,2 3,149,1 0,0,0 1,149,1
ADDLINE 4,162,1 1,162,1 1,162,1 3,162,1 1,162,1 12,0,2 1,162,1 2,162,1 1,162,1
ADDLINE 1,175,1 1,175,1 1,175,1 0,0,0 1,175,1 12,0,2 1,175,1 1,175,1 1,175,1
ADDLINE 1,140,1 1,140,1 3,140,1 0,0,0 1,140,1 12,0,2 1,140,1 1,140,1 5,140,1
ADDLINE 0,0,0 0,0,0 1,154,1 12,0,2 0,0,0 0,0,0 0,0,0 1,154,1 1,154,1
ADDLINE 4,167,1 0,0,0 1,167,1 1,167,1 1,167,1 12,0,2 3,167,1 1,167,1 1,167,1
ADDLINE 1,180,1 0,0,0 1,180,1 1,180,1 1,180,1 0,0,0 1,180,1 12,0,2 0,0,0
ADDLINE 1,145,1 1,145,1 4,145,1 1,145,1 3,145,1 12,0,2 1,145,1 5,145,1 3,145,1
ADDLINE 0,0,0 0,0,0 1,158,1 0,0,0 0,0,0 0,0,0 12,0,2 0,0,0 1,158,1
ADDLINE 12,0,2 1,172,1 1,172,1 1,172,1 2,172,1 1,172,1 2,172,1 1,172,1 4,172,1
ADDLINE 0,0,0 0,0,0 0,0,0 0,0,0 0,0,0 12,0,2 0,0,0 0,0,0 1,186,1
ADDLINE 1,149,1 1,149,1 1,149,1 1,149,1 1,149,1 1,149,1 1,149,1 12,0,2 3,149,1
ADDLINE 1,163,1 1,163,1 1,163,1 1,163,1 1,163,1 1,163,1 1,163,1 12,0,2 0,0,0
ADDLINE 1,177,1 1,177,1 1,177,1 1,177,1 1,177,1 2,177,1 0,0,0 12,0,2 0,0,0
ADDLINE 5,192,1 4,192,1 1,192,1 1,192,1 2,192,1 1,192,1 12,0,2 1,192,1 5,192,1
ADDLINE 1,154,1 1,154,1 1,154,1 1,154,1 1,154,1 1,154,1 12,0,2 1,154,1 5,154,1
ADDLINE 1,168,1 1,168,1 1,168,1 1,168,1 1,168,1 4,168,1 0,0,0 12,0,2 0,0,0
ADDLINE 4,182,1 1,182,1 3,182,1 0,0,0 0,0,0 0,0,0 0,0,0 12,0,2 0,0,0
ADDLINE 12,0,2 1,197,1 1,197,1 1,197,1 1,197,1 1,197,1 1,197,1 1,197,1 1,197,1
ADDLINE 12,0,2 4,158,1 4,158,1 1,158,1 2,158,1 1,158,1 1,158,1 2,158,1 3,158,1
ADDLINE 0,0,0 12,0,2 0,0,0 3,173,1 1,173,1 1,173,1 1,173,1 1,173,1 1,173,1
ADDLINE 1,188,1 4,188,1 0,0,0 0,0,0 0,0,0 12,0,2 1,188,1 5,188,1 1,188,1
ADDLINE 1,203,1 1,203,1 4,203,1 1,203,1 0,0,0 12,0,2 1,203,1 1,203,1 3,203,1
ADDLINE 1,162,1 1,162,1 1,162,1 1,162,1 0,0,0 12,0,2 1,162,1 1,162,1 5,162,1
ADDLINE 1,178,1 0,0,0 0,0,0 0,0,0 0,0,0 12,0,2 2,178,1 1,178,1 3,178,1
ADDLINE 0,0,0 12,0,2 2,193,1 1,193,1 1,193,1 5,193,1 1,193,1 1,193,1 1,193,1
ADDLINE 0,0,0 12,0,2 1,208,1 1,208,1 1,208,1 1,208,1 1,208,1 1,208,1 1,208,1
1,105,1 1,105,1 1,105,1 1,105,1 12,0,2 2,105,1 1,105,1 1,105,1 1,105,1
3,104,1 1,104,1 1,104,1 6,104,1 12,0,2 3,104,1 5,104,1 5,104,1 1,104,1
1,103,1 1,103,1 1,103,1 1,103,1 12,0,2 16,103,1 2,103,1 1,103,1 1,103,1
0,0,0 0,0,0 0,0,0 5,102,1 0,0,0 12,0,2 0,0,0 1,102,1 7,0,2
5,101,1 1,101,1 1,101,1 1,101,1 1,101,1 10,0,2 12,0,2 1,101,1 1,101,1
1,100,1 0,0,0 12,0,2 0,0,0 0,0,0 4,100,1 1,100,1 19,100,1 0,0,0
0,0,0 0,0,0 0,0,0 0,0,0 0,0,0 0,0,0 0,0,0 0,0,0 0,0,0
0,0,0 0,0,0 0,0,0 0,0,0 0,0,0 0,0,0 0,0,0 0,0,0 0,0,0
0,0,0 0,0,0 0,0,0 0,0,0 0,0,0 0,0,0 0,0,0 0,0,0 0,0,0