MODE 0
BALL 120
STARS 0/0/16205 35
ADDLINE 3,117,1 1,117,1 1,117,1 1,117,1 1,117,1 12,0,2 1,117,1 5,117,1 1,117,1
ADDLINE 0,0,0 12,0,2 0,0,0 0,0,0 0,0,0 0,0,0 1,118,1 1,118,1 1,118,1
ADDLINE 0,0,0 12,0,2 1,119,1 2,119,1 1,119,1 1,119,1 5,119,1 1,119,1 1,119,1
ADDLINE 1,131,1 0,0,0 0,0,0 0,0,0 12,0,2 1,131,1 1,131,1 4,131,1 1,131,1
ADDLINE 2,132,1 1,132,1 0,0,0 0,0,0 12,0,2 17,132,1 1,132,1 1,132,1 3,132,1
ADDLINE 1,144,1 1,144,1 0,0,0 12,0,2 1,144,1 1,144,1 1,144,1 1,144,1 1,144,1
ADDLINE 1,156,1 0,0,0 12,0,2 0,0,0 1,156,1 1,156,1 1,312,1 1,312,1 1,156,1
ADDLINE 1,169,1 0,0,0 12,0,2 4,169,1 1,338,1 1,338,1 1,338,1 17,169,1 5,169,1
ADDLINE 1,136,1 1,136,1 0,0,0 12,0,2 1,272,1 20,136,1 1,272,1 1,272,1 1,136,1
ADDLINE 0,0,0 0,0,0 0,0,0 0,0,0 1,298,1 12,0,2 0,0,0 0,0,0 0,0,0
ADDLINE 1,162,1 1,162,1 1,162,1 0,0,0 1,162,1 12,0,2 1,162,1 1,162,1 3,162,1
ADDLINE 4,175,1 0,0,0 0,0,0 12,0,2 1,175,1 0,0,0 1,175,1 0,0,0 5,175,1
ADDLINE 2,140,1 0,0,0 1,140,1 1,140,1 3,140,1 12,0,2 1,140,1 0,0,0 1,140,1
ADDLINE 1,154,1 1,308,1 1,308,1 12,0,2 1,154,1 0,0,0 1,154,1 0,0,0 0,0,0
ADDLINE 1,167,1 1,334,1 17,167,1 1,334,1 1,167,1 12,0,2 1,167,1 0,0,0 5,167,1
ADDLINE 1,180,1 1,360,1 1,360,1 0,0,0 4,180,1 0,0,0 1,180,1 12,0,2 1,180,1
ADDLINE 5,145,1 0,0,0 1,145,1 1,145,1 1,145,1 0,0,0 1,145,1 12,0,2 1,145,1
ADDLINE 0,0,0 1,316,1 16,158,1 1,316,1 1,316,1 1,316,1 1,316,1 12,0,2 1,316,1
ADDLINE 1,172,1 1,172,1 12,0,2 1,172,1 3,172,1 1,172,1 5,172,1 1,172,1 2,172,1
ADDLINE 5,186,1 1,186,1 0,0,0 12,0,2 1,372,1 1,186,1 1,186,1 1,186,1 1,186,1
ADDLINE 1,298,1 1,298,1 1,298,1 19,149,1 1,298,1 12,0,2 0,0,0 1,298,1 1,298,1
ADDLINE 1,163,1 1,163,1 1,326,1 1,326,1 1,326,1 1,163,1 12,0,2 1,163,1 2,163,1
ADDLINE 1,354,1 1,354,1 1,354,1 19,177,1 0,0,0 12,0,2 1,354,1 1,354,1 1,354,1
ADDLINE 1,384,1 1,384,1 1,384,1 1,384,1 12,0,2 1,384,1 19,192,1 1,384,1 1,384,1
ADDLINE 1,308,1 1,308,1 1,308,1 1,308,1 0,0,0 1,308,1 12,0,2 19,154,1 1,308,1
ADDLINE 17,168,1 1,336,1 0,0,0 12,0,2 0,0,0 0,0,0 0,0,0 1,336,1 1,168,1
ADDLINE 1,364,1 0,0,0 12,0,2 1,182,1 1,182,1 3,182,1 1,182,1 5,182,1 1,182,1
ADDLINE 1,197,1 12,0,2 1,197,1 5,197,1 1,197,1 3,197,1 1,197,1 3,197,1 1,197,1
ADDLINE 1,158,1 0,0,0 0,0,0 12,0,2 1,158,1 1,158,1 1,158,1 1,158,1 5,158,1
ADDLINE 1,173,1 1,173,1 2,173,1 0,0,0 12,0,2 1,173,1 1,173,1 1,173,1 1,173,1
ADDLINE 1,188,1 1,188,1 2,188,1 1,188,1 0,0,0 12,0,2 1,376,1 1,376,1 1,188,1
ADDLINE 1,406,1 1,406,1 1,406,1 0,0,0 1,406,1 12,0,2 1,406,1 19,203,1 1,406,1
ADDLINE 0,0,0 0,0,0 0,0,0 12,0,2 4,162,1 1,162,1 1,324,1 1,324,1 1,162,1
ADDLINE 12,0,2 1,178,1 2,178,1 1,178,1 3,178,1 1,178,1 1,178,1 5,178,1 1,178,1
ADDLINE 0,0,0 12,0,2 1,193,1 1,193,1 2,193,1 1,193,1 1,193,1 1,193,1 1,193,1
ADDLINE 1,416,1 0,0,0 12,0,2 1,416,1 1,416,1 1,416,1 1,416,1 16,208,1 1,416,1
1,105,1 1,105,1 20,105,1 1,105,1 2,105,1 0,0,0 1,105,1 12,0,2 1,105,1
0,0,0 0,0,0 1,104,1 1,104,1 1,104,1 12,0,2 1,104,1 0,0,0 1,104,1
1,103,1 5,103,1 3,103,1 12,0,2 20,103,1 1,103,1 1,103,1 1,103,1 1,103,1
1,102,1 0,0,0 1,102,1 12,0,2 15,0,2 1,102,1 0,0,0 0,0,0 1,102,1
5,101,1 0,0,0 1,101,1 4,101,1 1,101,1 1,101,1 1,101,1 12,0,2 1,101,1
2,100,1 14,0,2 12,0,2 0,0,0 0,0,0 0,0,0 1,100,1 0,0,0 1,100,1
0,0,0 0,0,0 0,0,0 0,0,0 0,0,0 0,0,0 0,0,0 0,0,0 0,0,0
0,0,0 0,0,0 0,0,0 0,0,0 0,0,0 0,0,0 0,0,0 0,0,0 0,0,0
0,0,0 0,0,0 0,0,0 0,0,0 0,0,0 0,0,0 0,0,0 0,0,0 0,0,0