MODE 0
BALL 120
STARS 0/0/17045 35
ADDLINE 1,117,1 12,0,2 4,117,1 1,117,1 1,117,1 1,117,1 1,117,1 1,117,1 1,117,1
ADDLINE 3,118,1 0,0,0 0,0,0 0,0,0 12,0,2 1,118,1 1,118,1 5,118,1 1,118,1
ADDLINE 5,119,1 1,119,1 1,119,1 3,119,1 12,0,2 1,119,1 1,119,1 1,119,1 1,119,1
ADDLINE 0,0,0 0,0,0 0,0,0 12,0,2 0,0,0 1,131,1 3,131,1 1,131,1 1,131,1
ADDLINE 0,0,0 0,0,0 0,0,0 0,0,0 12,0,2 4,132,1 1,132,1 1,132,1 1,132,1
ADDLINE 1,144,1 1,144,1 5,144,1 1,144,1 12,0,2 1,144,1 5,144,1 1,144,1 1,144,1
ADDLINE 1,156,1 1,156,1 4,156,1 1,156,1 0,0,0 0,0,0 12,0,2 2,156,1 1,156,1
ADDLINE 1,169,1 1,169,1 1,169,1 4,169,1 1,169,1 0,0,0 12,0,2 2,169,1 1,169,1
ADDLINE 5,136,1 1,136,1 1,136,1 1,136,1 0,0,0 12,0,2 1,136,1 1,136,1 1,136,1
ADDLINE 1,149,1 1,149,1 1,149,1 1,149,1 0,0,0 12,0,2 0,0,0 1,149,1 0,0,0
ADDLINE 1,162,1 1,162,1 2,162,1 1,162,1 12,0,2 4,162,1 1,162,1 1,162,1 4,162,1
ADDLINE 1,175,1 1,175,1 1,175,1 2,175,1 12,0,2 1,175,1 5,175,1 1,175,1 1,175,1
ADDLINE 4,140,1 1,140,1 1,140,1 1,140,1 12,0,2 3,140,1 4,140,1 1,140,1 1,140,1
ADDLINE 0,0,0 0,0,0 0,0,0 0,0,0 0,0,0 0,0,0 12,0,2 1,154,1 0,0,0
ADDLINE 1,167,1 1,167,1 1,167,1 2,167,1 1,167,1 1,167,1 12,0,2 1,167,1 0,0,0
ADDLINE 3,180,1 2,180,1 12,0,2 1,180,1 0,0,0 0,0,0 0,0,0 1,180,1 0,0,0
ADDLINE 1,145,1 2,145,1 0,0,0 1,145,1 4,145,1 1,145,1 12,0,2 1,145,1 1,145,1
ADDLINE 1,158,1 1,158,1 0,0,0 1,158,1 1,158,1 1,158,1 12,0,2 1,158,1 1,158,1
ADDLINE 1,172,1 1,172,1 1,172,1 12,0,2 4,172,1 3,172,1 1,172,1 1,172,1 1,172,1
ADDLINE 1,186,1 1,186,1 2,186,1 0,0,0 0,0,0 12,0,2 1,186,1 1,186,1 1,186,1
ADDLINE 0,0,0 0,0,0 0,0,0 0,0,0 0,0,0 12,0,2 1,149,1 4,149,1 1,149,1
ADDLINE 0,0,0 12,0,2 1,163,1 1,163,1 1,163,1 1,163,1 5,163,1 1,163,1 1,163,1
ADDLINE 4,177,1 0,0,0 0,0,0 0,0,0 12,0,2 1,177,1 1,177,1 1,177,1 1,177,1
ADDLINE 1,192,1 1,192,1 2,192,1 1,192,1 0,0,0 12,0,2 4,192,1 1,192,1 2,192,1
ADDLINE 2,154,1 2,154,1 1,154,1 0,0,0 12,0,2 0,0,0 1,154,1 1,154,1 1,154,1
ADDLINE 1,168,1 1,168,1 1,168,1 0,0,0 12,0,2 1,168,1 3,168,1 3,168,1 1,168,1
ADDLINE 1,182,1 1,182,1 1,182,1 1,182,1 12,0,2 1,182,1 4,182,1 1,182,1 1,182,1
ADDLINE 12,0,2 1,197,1 1,197,1 2,197,1 1,197,1 5,197,1 1,197,1 1,197,1 2,197,1
ADDLINE 0,0,0 0,0,0 0,0,0 0,0,0 12,0,2 1,158,1 1,158,1 1,158,1 1,158,1
ADDLINE 1,173,1 1,173,1 1,173,1 1,173,1 12,0,2 3,173,1 1,173,1 1,173,1 3,173,1
ADDLINE 0,0,0 0,0,0 12,0,2 0,0,0 0,0,0 1,188,1 1,188,1 1,188,1 1,188,1
ADDLINE 12,0,2 1,203,1 1,203,1 1,203,1 1,203,1 1,203,1 1,203,1 3,203,1 3,203,1
ADDLINE 12,0,2 2,162,1 1,162,1 1,162,1 1,162,1 1,162,1 5,162,1 5,162,1 1,162,1
ADDLINE 0,0,0 12,0,2 0,0,0 0,0,0 1,178,1 1,178,1 1,178,1 1,178,1 1,178,1
ADDLINE 1,193,1 1,193,1 5,193,1 0,0,0 12,0,2 1,193,1 1,193,1 1,193,1 2,193,1
ADDLINE 5,208,1 1,208,1 3,208,1 2,208,1 0,0,0 12,0,2 1,208,1 1,208,1 1,208,1
15,0,2 12,0,2 7,0,2 0,0,0 0,0,0 0,0,0 1,105,1 1,105,1 1,105,1
5,104,1 1,104,1 4,104,1 1,104,1 1,104,1 12,0,2 1,104,1 1,104,1 1,104,1
1,103,1 1,103,1 2,103,1 5,103,1 1,103,1 0,0,0 1,103,1 12,0,2 0,0,0
1,102,1 1,102,1 1,102,1 1,102,1 3,102,1 12,0,2 1,102,1 1,102,1 1,102,1
0,0,0 0,0,0 0,0,0 0,0,0 1,101,1 0,0,0 4,101,1 12,0,2 14,0,2
1,100,1 1,100,1 1,100,1 17,100,1 12,0,2 2,100,1 1,100,1 8,0,2 3,100,1
0,0,0 0,0,0 0,0,0 0,0,0 0,0,0 0,0,0 0,0,0 0,0,0 0,0,0
0,0,0 0,0,0 0,0,0 0,0,0 0,0,0 0,0,0 0,0,0 0,0,0 0,0,0
0,0,0 0,0,0 0,0,0 0,0,0 0,0,0 0,0,0 0,0,0 0,0,0 0,0,0