MODE 0
BALL 120
STARS 0/0/15750 35
ADDLINE 1,117,1 1,117,1 1,117,1 1,117,1 12,0,2 16,117,1 1,117,1 1,117,1 1,117,1
ADDLINE 1,118,1 0,0,0 0,0,0 12,0,2 0,0,0 1,118,1 1,118,1 1,118,1 1,118,1
ADDLINE 1,119,1 12,0,2 1,119,1 1,119,1 1,119,1 1,119,1 19,119,1 1,119,1 1,119,1
ADDLINE 1,131,1 0,0,0 8,0,2 12,0,2 1,131,1 1,131,1 16,131,1 1,131,1 1,131,1
ADDLINE 1,132,1 1,132,1 1,132,1 0,0,0 12,0,2 0,0,0 1,132,1 20,132,1 1,132,1
ADDLINE 17,144,1 1,144,1 3,144,1 0,0,0 12,0,2 0,0,0 1,144,1 1,144,1 1,144,1
ADDLINE 1,312,1 1,312,1 1,156,1 0,0,0 12,0,2 1,156,1 1,156,1 1,156,1 1,156,1
ADDLINE 7,0,2 0,0,0 0,0,0 12,0,2 0,0,0 1,169,1 1,169,1 4,169,1 1,169,1
ADDLINE 0,0,0 0,0,0 12,0,2 0,0,0 0,0,0 5,136,1 1,136,1 2,136,1 1,136,1
ADDLINE 1,149,1 0,0,0 1,149,1 0,0,0 1,149,1 0,0,0 0,0,0 12,0,2 1,149,1
ADDLINE 1,324,1 0,0,0 1,324,1 1,324,1 16,162,1 12,0,2 1,324,1 1,324,1 1,324,1
ADDLINE 3,175,1 0,0,0 0,0,0 0,0,0 12,0,2 0,0,0 4,175,1 0,0,0 7,0,2
ADDLINE 1,140,1 1,140,1 1,140,1 1,140,1 1,140,1 1,140,1 1,140,1 12,0,2 1,280,1
ADDLINE 5,154,1 0,0,0 12,0,2 0,0,0 0,0,0 0,0,0 3,154,1 0,0,0 1,154,1
ADDLINE 5,167,1 0,0,0 4,167,1 0,0,0 1,167,1 12,0,2 1,167,1 0,0,0 1,167,1
ADDLINE 1,180,1 0,0,0 4,180,1 0,0,0 1,180,1 0,0,0 12,0,2 0,0,0 1,180,1
ADDLINE 1,145,1 0,0,0 1,290,1 12,0,2 2,145,1 0,0,0 1,145,1 1,145,1 1,145,1
ADDLINE 0,0,0 11,0,2 17,158,1 1,316,1 3,158,1 0,0,0 1,158,1 12,0,2 0,0,0
ADDLINE 1,172,1 1,344,1 1,344,1 1,344,1 2,172,1 1,172,1 1,172,1 12,0,2 1,172,1
ADDLINE 1,186,1 1,372,1 1,372,1 1,186,1 1,186,1 1,186,1 3,186,1 12,0,2 1,186,1
ADDLINE 1,149,1 7,0,2 1,298,1 1,149,1 2,149,1 4,149,1 1,149,1 12,0,2 1,149,1
ADDLINE 1,163,1 1,326,1 1,326,1 0,0,0 0,0,0 12,0,2 0,0,0 0,0,0 1,163,1
ADDLINE 1,177,1 1,177,1 5,177,1 0,0,0 0,0,0 0,0,0 12,0,2 3,177,1 1,177,1
ADDLINE 1,384,1 16,192,1 1,384,1 0,0,0 1,384,1 12,0,2 1,384,1 1,384,1 1,384,1
ADDLINE 1,154,1 4,154,1 1,154,1 0,0,0 0,0,0 0,0,0 12,0,2 0,0,0 0,0,0
ADDLINE 3,168,1 1,168,1 5,168,1 1,168,1 1,336,1 1,336,1 1,336,1 1,168,1 12,0,2
ADDLINE 1,182,1 1,182,1 1,182,1 1,182,1 1,364,1 17,182,1 1,364,1 12,0,2 0,0,0
ADDLINE 12,0,2 1,394,1 1,394,1 1,394,1 1,394,1 16,197,1 1,394,1 1,394,1 1,394,1
ADDLINE 0,0,0 0,0,0 0,0,0 0,0,0 12,0,2 0,0,0 0,0,0 1,316,1 1,158,1
ADDLINE 1,173,1 3,173,1 1,346,1 1,346,1 1,346,1 0,0,0 12,0,2 17,173,1 1,173,1
ADDLINE 1,376,1 1,376,1 1,376,1 17,188,1 1,376,1 12,0,2 1,376,1 1,376,1 1,188,1
ADDLINE 7,0,2 1,406,1 1,406,1 1,406,1 1,406,1 0,0,0 12,0,2 3,203,1 1,203,1
ADDLINE 1,324,1 1,324,1 1,162,1 5,162,1 1,162,1 1,162,1 0,0,0 12,0,2 1,162,1
ADDLINE 1,178,1 1,178,1 4,178,1 1,178,1 1,178,1 0,0,0 12,0,2 0,0,0 5,178,1
ADDLINE 1,193,1 1,193,1 3,193,1 1,193,1 1,386,1 12,0,2 1,386,1 1,193,1 1,193,1
ADDLINE 1,416,1 1,416,1 1,416,1 1,416,1 1,416,1 10,0,2 12,0,2 0,0,0 1,416,1
5,105,1 1,105,1 5,105,1 6,105,1 1,105,1 1,105,1 1,105,1 1,105,1 12,0,2
0,0,0 0,0,0 0,0,0 1,104,1 0,0,0 0,0,0 12,0,2 0,0,0 0,0,0
1,103,1 1,103,1 0,0,0 2,103,1 12,0,2 1,103,1 3,103,1 1,103,1 1,103,1
0,0,0 12,0,2 0,0,0 1,102,1 0,0,0 0,0,0 0,0,0 1,102,1 0,0,0
11,0,2 1,101,1 0,0,0 1,101,1 3,101,1 4,101,1 12,0,2 1,101,1 0,0,0
12,0,2 1,100,1 1,100,1 1,100,1 1,100,1 16,100,1 1,100,1 1,100,1 9,0,2
0,0,0 0,0,0 0,0,0 0,0,0 0,0,0 0,0,0 0,0,0 0,0,0 0,0,0
0,0,0 0,0,0 0,0,0 0,0,0 0,0,0 0,0,0 0,0,0 0,0,0 0,0,0
0,0,0 0,0,0 0,0,0 0,0,0 0,0,0 0,0,0 0,0,0 0,0,0 0,0,0