MODE 0
BALL 120
STARS 0/0/16170 35
ADDLINE 1,117,1 12,0,2 1,117,1 1,117,1 2,117,1 1,117,1 5,117,1 4,117,1 5,117,1
ADDLINE 1,118,1 12,0,2 1,118,1 1,118,1 1,118,1 1,118,1 1,118,1 1,118,1 1,118,1
ADDLINE 0,0,0 12,0,2 1,119,1 2,119,1 1,119,1 1,119,1 4,119,1 1,119,1 1,119,1
ADDLINE 0,0,0 12,0,2 0,0,0 0,0,0 1,131,1 5,131,1 1,131,1 1,131,1 5,131,1
ADDLINE 0,0,0 0,0,0 0,0,0 12,0,2 1,132,1 1,132,1 1,132,1 1,132,1 1,132,1
ADDLINE 0,0,0 12,0,2 0,0,0 0,0,0 1,144,1 1,144,1 1,144,1 2,144,1 3,144,1
ADDLINE 1,156,1 1,156,1 0,0,0 12,0,2 1,156,1 1,156,1 2,156,1 3,156,1 1,156,1
ADDLINE 1,169,1 4,169,1 0,0,0 0,0,0 0,0,0 12,0,2 0,0,0 0,0,0 0,0,0
ADDLINE 1,136,1 2,136,1 1,136,1 1,136,1 1,136,1 1,136,1 0,0,0 12,0,2 0,0,0
ADDLINE 0,0,0 0,0,0 0,0,0 12,0,2 0,0,0 0,0,0 0,0,0 0,0,0 1,149,1
ADDLINE 0,0,0 12,0,2 1,162,1 1,162,1 1,162,1 1,162,1 1,162,1 0,0,0 3,162,1
ADDLINE 1,175,1 1,175,1 12,0,2 1,175,1 3,175,1 2,175,1 5,175,1 1,175,1 0,0,0
ADDLINE 1,140,1 1,140,1 0,0,0 12,0,2 0,0,0 0,0,0 0,0,0 0,0,0 0,0,0
ADDLINE 3,154,1 0,0,0 1,154,1 1,154,1 12,0,2 1,154,1 1,154,1 4,154,1 1,154,1
ADDLINE 1,167,1 4,167,1 1,167,1 1,167,1 2,167,1 1,167,1 0,0,0 12,0,2 0,0,0
ADDLINE 1,180,1 1,180,1 1,180,1 1,180,1 1,180,1 1,180,1 0,0,0 12,0,2 0,0,0
ADDLINE 0,0,0 5,145,1 2,145,1 5,145,1 1,145,1 1,145,1 12,0,2 1,145,1 1,145,1
ADDLINE 0,0,0 0,0,0 0,0,0 4,158,1 1,158,1 1,158,1 12,0,2 0,0,0 1,158,1
ADDLINE 1,172,1 4,172,1 1,172,1 1,172,1 1,172,1 12,0,2 1,172,1 1,172,1 5,172,1
ADDLINE 1,186,1 1,186,1 1,186,1 1,186,1 0,0,0 12,0,2 2,186,1 4,186,1 5,186,1
ADDLINE 0,0,0 0,0,0 12,0,2 0,0,0 0,0,0 1,149,1 1,149,1 1,149,1 1,149,1
ADDLINE 12,0,2 1,163,1 1,163,1 1,163,1 1,163,1 1,163,1 1,163,1 1,163,1 1,163,1
ADDLINE 12,0,2 1,177,1 3,177,1 1,177,1 1,177,1 2,177,1 3,177,1 5,177,1 1,177,1
ADDLINE 0,0,0 0,0,0 12,0,2 0,0,0 0,0,0 5,192,1 1,192,1 1,192,1 1,192,1
ADDLINE 1,154,1 0,0,0 0,0,0 0,0,0 12,0,2 2,154,1 4,154,1 1,154,1 1,154,1
ADDLINE 1,168,1 12,0,2 2,168,1 1,168,1 1,168,1 1,168,1 1,168,1 5,168,1 1,168,1
ADDLINE 1,182,1 0,0,0 0,0,0 0,0,0 0,0,0 12,0,2 1,182,1 1,182,1 1,182,1
ADDLINE 12,0,2 1,197,1 5,197,1 5,197,1 1,197,1 1,197,1 1,197,1 2,197,1 1,197,1
ADDLINE 0,0,0 12,0,2 0,0,0 0,0,0 1,158,1 1,158,1 1,158,1 4,158,1 1,158,1
ADDLINE 0,0,0 0,0,0 0,0,0 12,0,2 1,173,1 1,173,1 1,173,1 1,173,1 1,173,1
ADDLINE 0,0,0 0,0,0 12,0,2 1,188,1 4,188,1 1,188,1 1,188,1 1,188,1 5,188,1
ADDLINE 1,203,1 1,203,1 0,0,0 12,0,2 1,203,1 1,203,1 1,203,1 1,203,1 1,203,1
ADDLINE 5,162,1 0,0,0 12,0,2 0,0,0 1,162,1 3,162,1 1,162,1 4,162,1 1,162,1
ADDLINE 1,178,1 0,0,0 0,0,0 12,0,2 0,0,0 2,178,1 4,178,1 1,178,1 4,178,1
ADDLINE 1,193,1 1,193,1 5,193,1 0,0,0 12,0,2 1,193,1 1,193,1 1,193,1 1,193,1
ADDLINE 1,208,1 1,208,1 1,208,1 12,0,2 5,208,1 1,208,1 1,208,1 1,208,1 1,208,1
1,105,1 3,105,1 2,105,1 1,105,1 1,105,1 15,0,2 12,0,2 1,105,1 2,105,1
1,104,1 1,104,1 1,104,1 1,104,1 0,0,0 12,0,2 19,104,1 1,104,1 1,104,1
4,103,1 1,103,1 1,103,1 1,103,1 0,0,0 12,0,2 0,0,0 1,103,1 3,103,1
3,102,1 4,102,1 1,102,1 20,102,1 1,102,1 0,0,0 12,0,2 1,102,1 1,102,1
1,101,1 1,101,1 1,101,1 1,101,1 0,0,0 12,0,2 3,101,1 1,101,1 1,101,1
4,100,1 18,100,1 14,0,2 0,0,0 12,0,2 1,100,1 1,100,1 2,100,1 1,100,1
0,0,0 0,0,0 0,0,0 0,0,0 0,0,0 0,0,0 0,0,0 0,0,0 0,0,0
0,0,0 0,0,0 0,0,0 0,0,0 0,0,0 0,0,0 0,0,0 0,0,0 0,0,0
0,0,0 0,0,0 0,0,0 0,0,0 0,0,0 0,0,0 0,0,0 0,0,0 0,0,0