MODE 0
BALL 120
STARS 0/0/16485 35
ADDLINE 5,117,1 1,117,1 12,0,2 2,117,1 1,117,1 1,117,1 1,117,1 1,117,1 1,117,1
ADDLINE 0,0,0 12,0,2 0,0,0 4,118,1 1,118,1 1,118,1 5,118,1 1,118,1 1,118,1
ADDLINE 0,0,0 0,0,0 0,0,0 0,0,0 12,0,2 1,119,1 1,119,1 1,119,1 1,119,1
ADDLINE 1,131,1 1,131,1 1,131,1 0,0,0 12,0,2 4,131,1 1,131,1 4,131,1 1,131,1
ADDLINE 1,132,1 1,132,1 1,132,1 0,0,0 12,0,2 1,132,1 1,132,1 5,132,1 1,132,1
ADDLINE 0,0,0 0,0,0 12,0,2 0,0,0 0,0,0 2,144,1 1,144,1 1,144,1 1,144,1
ADDLINE 0,0,0 0,0,0 12,0,2 0,0,0 1,156,1 1,156,1 5,156,1 2,156,1 1,156,1
ADDLINE 0,0,0 0,0,0 0,0,0 12,0,2 1,169,1 1,169,1 1,169,1 1,169,1 1,169,1
ADDLINE 0,0,0 12,0,2 4,136,1 1,136,1 1,136,1 1,136,1 4,136,1 1,136,1 1,136,1
ADDLINE 0,0,0 0,0,0 12,0,2 0,0,0 1,149,1 0,0,0 0,0,0 0,0,0 0,0,0
ADDLINE 3,162,1 4,162,1 1,162,1 12,0,2 1,162,1 1,162,1 1,162,1 1,162,1 1,162,1
ADDLINE 1,175,1 1,175,1 2,175,1 12,0,2 3,175,1 1,175,1 1,175,1 1,175,1 1,175,1
ADDLINE 1,140,1 1,140,1 1,140,1 12,0,2 1,140,1 1,140,1 1,140,1 1,140,1 3,140,1
ADDLINE 1,154,1 0,0,0 0,0,0 12,0,2 2,154,1 0,0,0 0,0,0 0,0,0 0,0,0
ADDLINE 1,167,1 1,167,1 4,167,1 1,167,1 1,167,1 1,167,1 1,167,1 12,0,2 2,167,1
ADDLINE 1,180,1 0,0,0 1,180,1 1,180,1 1,180,1 1,180,1 1,180,1 12,0,2 1,180,1
ADDLINE 1,145,1 0,0,0 2,145,1 1,145,1 4,145,1 1,145,1 1,145,1 12,0,2 5,145,1
ADDLINE 1,158,1 0,0,0 0,0,0 0,0,0 12,0,2 0,0,0 2,158,1 0,0,0 0,0,0
ADDLINE 1,172,1 1,172,1 1,172,1 2,172,1 1,172,1 1,172,1 1,172,1 3,172,1 12,0,2
ADDLINE 1,186,1 2,186,1 4,186,1 1,186,1 3,186,1 1,186,1 12,0,2 0,0,0 0,0,0
ADDLINE 1,149,1 1,149,1 1,149,1 1,149,1 1,149,1 1,149,1 12,0,2 0,0,0 0,0,0
ADDLINE 1,163,1 4,163,1 5,163,1 1,163,1 1,163,1 4,163,1 1,163,1 1,163,1 12,0,2
ADDLINE 1,177,1 1,177,1 1,177,1 1,177,1 1,177,1 2,177,1 1,177,1 12,0,2 0,0,0
ADDLINE 0,0,0 0,0,0 0,0,0 0,0,0 0,0,0 0,0,0 12,0,2 0,0,0 1,192,1
ADDLINE 0,0,0 12,0,2 0,0,0 1,154,1 4,154,1 1,154,1 1,154,1 1,154,1 5,154,1
ADDLINE 3,168,1 1,168,1 0,0,0 12,0,2 1,168,1 1,168,1 1,168,1 1,168,1 1,168,1
ADDLINE 5,182,1 1,182,1 1,182,1 0,0,0 12,0,2 1,182,1 1,182,1 1,182,1 3,182,1
ADDLINE 12,0,2 5,197,1 1,197,1 1,197,1 1,197,1 1,197,1 3,197,1 1,197,1 1,197,1
ADDLINE 0,0,0 12,0,2 1,158,1 4,158,1 1,158,1 5,158,1 1,158,1 1,158,1 1,158,1
ADDLINE 0,0,0 12,0,2 4,173,1 1,173,1 1,173,1 1,173,1 3,173,1 1,173,1 1,173,1
ADDLINE 12,0,2 1,188,1 1,188,1 1,188,1 1,188,1 2,188,1 1,188,1 1,188,1 1,188,1
ADDLINE 0,0,0 0,0,0 0,0,0 0,0,0 12,0,2 0,0,0 4,203,1 1,203,1 1,203,1
ADDLINE 1,162,1 2,162,1 1,162,1 1,162,1 3,162,1 12,0,2 1,162,1 3,162,1 1,162,1
ADDLINE 1,178,1 1,178,1 5,178,1 0,0,0 12,0,2 0,0,0 1,178,1 1,178,1 1,178,1
ADDLINE 1,193,1 1,193,1 1,193,1 0,0,0 0,0,0 0,0,0 0,0,0 12,0,2 3,193,1
ADDLINE 5,208,1 1,208,1 1,208,1 1,208,1 1,208,1 4,208,1 1,208,1 12,0,2 1,208,1
1,105,1 1,105,1 5,105,1 12,0,2 1,105,1 1,105,1 1,105,1 1,105,1 4,105,1
1,104,1 2,104,1 16,104,1 12,0,2 2,104,1 4,104,1 1,104,1 1,104,1 1,104,1
1,103,1 1,103,1 1,103,1 12,0,2 1,103,1 1,103,1 1,103,1 1,103,1 5,103,1
1,102,1 12,0,2 15,0,2 11,0,2 0,0,0 0,0,0 0,0,0 0,0,0 0,0,0
1,101,1 1,101,1 4,101,1 1,101,1 1,101,1 12,0,2 4,101,1 1,101,1 1,101,1
3,100,1 0,0,0 14,0,2 12,0,2 1,100,1 0,0,0 1,100,1 1,100,1 5,100,1
0,0,0 0,0,0 0,0,0 0,0,0 0,0,0 0,0,0 0,0,0 0,0,0 0,0,0
0,0,0 0,0,0 0,0,0 0,0,0 0,0,0 0,0,0 0,0,0 0,0,0 0,0,0
0,0,0 0,0,0 0,0,0 0,0,0 0,0,0 0,0,0 0,0,0 0,0,0 0,0,0