MODE 0
BALL 120
STARS 0/0/16205 35
ADDLINE 1,117,1 1,117,1 4,117,1 1,117,1 1,117,1 1,117,1 1,117,1 1,117,1 12,0,2
ADDLINE 2,118,1 1,118,1 3,118,1 0,0,0 0,0,0 0,0,0 0,0,0 12,0,2 0,0,0
ADDLINE 3,119,1 1,119,1 1,119,1 0,0,0 0,0,0 12,0,2 1,119,1 1,119,1 1,119,1
ADDLINE 4,131,1 4,131,1 1,131,1 1,131,1 1,131,1 0,0,0 12,0,2 5,131,1 1,131,1
ADDLINE 1,132,1 1,132,1 1,132,1 1,132,1 1,132,1 3,132,1 0,0,0 12,0,2 1,132,1
ADDLINE 1,144,1 1,144,1 1,144,1 0,0,0 12,0,2 0,0,0 0,0,0 0,0,0 1,144,1
ADDLINE 1,156,1 1,156,1 0,0,0 12,0,2 1,156,1 1,156,1 1,156,1 1,156,1 1,156,1
ADDLINE 5,169,1 1,169,1 12,0,2 3,169,1 1,169,1 4,169,1 1,169,1 1,169,1 5,169,1
ADDLINE 1,136,1 4,136,1 0,0,0 12,0,2 1,136,1 3,136,1 1,136,1 1,136,1 1,136,1
ADDLINE 1,149,1 0,0,0 0,0,0 0,0,0 12,0,2 1,149,1 2,149,1 4,149,1 1,149,1
ADDLINE 1,162,1 0,0,0 12,0,2 0,0,0 0,0,0 0,0,0 0,0,0 1,162,1 1,162,1
ADDLINE 3,175,1 1,175,1 3,175,1 1,175,1 0,0,0 1,175,1 1,175,1 12,0,2 0,0,0
ADDLINE 1,140,1 3,140,1 1,140,1 1,140,1 12,0,2 5,140,1 1,140,1 1,140,1 0,0,0
ADDLINE 1,154,1 4,154,1 1,154,1 1,154,1 1,154,1 1,154,1 1,154,1 1,154,1 12,0,2
ADDLINE 1,167,1 1,167,1 5,167,1 3,167,1 0,0,0 0,0,0 12,0,2 1,167,1 0,0,0
ADDLINE 4,180,1 1,180,1 2,180,1 0,0,0 12,0,2 1,180,1 1,180,1 0,0,0 0,0,0
ADDLINE 0,0,0 0,0,0 0,0,0 12,0,2 3,145,1 1,145,1 1,145,1 0,0,0 0,0,0
ADDLINE 0,0,0 0,0,0 12,0,2 1,158,1 1,158,1 1,158,1 1,158,1 1,158,1 0,0,0
ADDLINE 12,0,2 1,172,1 1,172,1 1,172,1 1,172,1 1,172,1 1,172,1 2,172,1 1,172,1
ADDLINE 0,0,0 0,0,0 0,0,0 12,0,2 0,0,0 0,0,0 2,186,1 1,186,1 1,186,1
ADDLINE 1,149,1 1,149,1 5,149,1 1,149,1 0,0,0 12,0,2 1,149,1 1,149,1 4,149,1
ADDLINE 0,0,0 0,0,0 12,0,2 0,0,0 0,0,0 1,163,1 1,163,1 1,163,1 1,163,1
ADDLINE 12,0,2 5,177,1 4,177,1 1,177,1 1,177,1 1,177,1 1,177,1 1,177,1 1,177,1
ADDLINE 0,0,0 12,0,2 1,192,1 4,192,1 5,192,1 1,192,1 2,192,1 1,192,1 1,192,1
ADDLINE 1,154,1 12,0,2 1,154,1 2,154,1 1,154,1 5,154,1 5,154,1 1,154,1 1,154,1
ADDLINE 1,168,1 12,0,2 1,168,1 1,168,1 1,168,1 1,168,1 1,168,1 1,168,1 4,168,1
ADDLINE 1,182,1 0,0,0 12,0,2 0,0,0 0,0,0 0,0,0 0,0,0 0,0,0 1,182,1
ADDLINE 1,197,1 12,0,2 3,197,1 1,197,1 5,197,1 1,197,1 1,197,1 5,197,1 1,197,1
ADDLINE 1,158,1 12,0,2 2,158,1 1,158,1 1,158,1 1,158,1 1,158,1 3,158,1 1,158,1
ADDLINE 1,173,1 12,0,2 1,173,1 2,173,1 1,173,1 1,173,1 1,173,1 1,173,1 1,173,1
ADDLINE 1,188,1 0,0,0 0,0,0 12,0,2 3,188,1 1,188,1 1,188,1 5,188,1 1,188,1
ADDLINE 4,203,1 1,203,1 1,203,1 0,0,0 0,0,0 12,0,2 0,0,0 1,203,1 1,203,1
ADDLINE 1,162,1 4,162,1 1,162,1 1,162,1 1,162,1 0,0,0 12,0,2 1,162,1 1,162,1
ADDLINE 2,178,1 1,178,1 1,178,1 3,178,1 1,178,1 0,0,0 12,0,2 0,0,0 0,0,0
ADDLINE 1,193,1 4,193,1 1,193,1 1,193,1 3,193,1 1,193,1 12,0,2 0,0,0 0,0,0
ADDLINE 1,208,1 1,208,1 1,208,1 1,208,1 1,208,1 0,0,0 12,0,2 1,208,1 1,208,1
0,0,0 0,0,0 12,0,2 16,105,1 1,105,1 2,105,1 1,105,1 4,105,1 1,105,1
1,104,1 1,104,1 10,0,2 0,0,0 0,0,0 12,0,2 0,0,0 3,104,1 1,104,1
1,103,1 2,103,1 1,103,1 1,103,1 1,103,1 0,0,0 12,0,2 1,103,1 1,103,1
1,102,1 4,102,1 1,102,1 1,102,1 1,102,1 12,0,2 8,0,2 1,102,1 1,102,1
1,101,1 1,101,1 20,101,1 0,0,0 0,0,0 12,0,2 0,0,0 3,101,1 5,101,1
1,100,1 1,100,1 3,100,1 0,0,0 0,0,0 0,0,0 12,0,2 0,0,0 0,0,0
0,0,0 0,0,0 0,0,0 0,0,0 0,0,0 0,0,0 0,0,0 0,0,0 0,0,0
0,0,0 0,0,0 0,0,0 0,0,0 0,0,0 0,0,0 0,0,0 0,0,0 0,0,0
0,0,0 0,0,0 0,0,0 0,0,0 0,0,0 0,0,0 0,0,0 0,0,0 0,0,0