MODE 0
BALL 120
STARS 0/0/17220 35
ADDLINE 1,117,1 3,117,1 1,117,1 1,117,1 1,117,1 1,117,1 3,117,1 12,0,2 2,117,1
ADDLINE 1,118,1 1,118,1 5,118,1 1,118,1 1,118,1 1,118,1 1,118,1 12,0,2 1,118,1
ADDLINE 0,0,0 0,0,0 0,0,0 12,0,2 0,0,0 0,0,0 0,0,0 0,0,0 1,119,1
ADDLINE 12,0,2 1,131,1 1,131,1 1,131,1 1,131,1 1,131,1 3,131,1 4,131,1 1,131,1
ADDLINE 12,0,2 1,132,1 1,132,1 1,132,1 4,132,1 1,132,1 3,132,1 5,132,1 1,132,1
ADDLINE 0,0,0 0,0,0 12,0,2 1,144,1 1,144,1 5,144,1 1,144,1 1,144,1 1,144,1
ADDLINE 1,156,1 1,156,1 12,0,2 1,156,1 1,156,1 2,156,1 1,156,1 1,156,1 1,156,1
ADDLINE 1,169,1 1,169,1 12,0,2 1,169,1 1,169,1 1,169,1 1,169,1 1,169,1 1,169,1
ADDLINE 5,136,1 1,136,1 0,0,0 0,0,0 12,0,2 0,0,0 3,136,1 5,136,1 3,136,1
ADDLINE 12,0,2 1,149,1 1,149,1 1,149,1 1,149,1 3,149,1 0,0,0 0,0,0 0,0,0
ADDLINE 2,162,1 1,162,1 1,162,1 1,162,1 1,162,1 1,162,1 12,0,2 1,162,1 3,162,1
ADDLINE 0,0,0 1,175,1 2,175,1 1,175,1 1,175,1 5,175,1 12,0,2 1,175,1 0,0,0
ADDLINE 0,0,0 1,140,1 1,140,1 1,140,1 4,140,1 1,140,1 12,0,2 1,140,1 2,140,1
ADDLINE 0,0,0 0,0,0 1,154,1 12,0,2 0,0,0 1,154,1 0,0,0 1,154,1 0,0,0
ADDLINE 3,167,1 1,167,1 12,0,2 1,167,1 1,167,1 1,167,1 1,167,1 4,167,1 0,0,0
ADDLINE 0,0,0 1,180,1 12,0,2 1,180,1 1,180,1 1,180,1 1,180,1 1,180,1 0,0,0
ADDLINE 0,0,0 1,145,1 12,0,2 2,145,1 1,145,1 4,145,1 1,145,1 1,145,1 5,145,1
ADDLINE 0,0,0 4,158,1 12,0,2 1,158,1 0,0,0 0,0,0 0,0,0 0,0,0 0,0,0
ADDLINE 1,172,1 12,0,2 1,172,1 1,172,1 1,172,1 1,172,1 1,172,1 1,172,1 1,172,1
ADDLINE 2,186,1 0,0,0 0,0,0 12,0,2 0,0,0 1,186,1 1,186,1 1,186,1 3,186,1
ADDLINE 4,149,1 1,149,1 1,149,1 1,149,1 12,0,2 3,149,1 1,149,1 4,149,1 1,149,1
ADDLINE 0,0,0 12,0,2 0,0,0 0,0,0 0,0,0 5,163,1 5,163,1 1,163,1 1,163,1
ADDLINE 0,0,0 12,0,2 0,0,0 0,0,0 0,0,0 1,177,1 1,177,1 1,177,1 1,177,1
ADDLINE 1,192,1 4,192,1 2,192,1 1,192,1 12,0,2 1,192,1 1,192,1 1,192,1 1,192,1
ADDLINE 4,154,1 1,154,1 2,154,1 1,154,1 0,0,0 0,0,0 12,0,2 3,154,1 3,154,1
ADDLINE 1,168,1 1,168,1 1,168,1 1,168,1 4,168,1 0,0,0 12,0,2 1,168,1 1,168,1
ADDLINE 1,182,1 1,182,1 1,182,1 1,182,1 0,0,0 12,0,2 1,182,1 1,182,1 1,182,1
ADDLINE 1,197,1 1,197,1 1,197,1 1,197,1 2,197,1 12,0,2 1,197,1 2,197,1 1,197,1
ADDLINE 3,158,1 1,158,1 1,158,1 1,158,1 1,158,1 0,0,0 0,0,0 12,0,2 1,158,1
ADDLINE 1,173,1 4,173,1 4,173,1 1,173,1 3,173,1 1,173,1 1,173,1 12,0,2 1,173,1
ADDLINE 1,188,1 1,188,1 1,188,1 1,188,1 1,188,1 1,188,1 0,0,0 12,0,2 2,188,1
ADDLINE 0,0,0 0,0,0 0,0,0 0,0,0 12,0,2 0,0,0 0,0,0 1,203,1 1,203,1
ADDLINE 12,0,2 1,162,1 4,162,1 5,162,1 5,162,1 1,162,1 1,162,1 1,162,1 1,162,1
ADDLINE 12,0,2 1,178,1 1,178,1 1,178,1 4,178,1 3,178,1 1,178,1 1,178,1 1,178,1
ADDLINE 0,0,0 0,0,0 12,0,2 1,193,1 1,193,1 3,193,1 1,193,1 1,193,1 4,193,1
ADDLINE 1,208,1 1,208,1 0,0,0 12,0,2 1,208,1 1,208,1 5,208,1 1,208,1 1,208,1
2,105,1 1,105,1 1,105,1 1,105,1 1,105,1 0,0,0 0,0,0 12,0,2 1,105,1
1,104,1 1,104,1 1,104,1 1,104,1 5,104,1 12,0,2 1,104,1 6,104,1 1,104,1
0,0,0 0,0,0 0,0,0 12,0,2 0,0,0 11,0,2 5,103,1 1,103,1 4,103,1
1,102,1 12,0,2 19,102,1 5,102,1 1,102,1 1,20,1 1,102,1 5,102,1 1,102,1
3,101,1 0,0,0 1,101,1 1,101,1 3,101,1 12,0,2 1,101,1 1,101,1 1,101,1
1,100,1 8,0,2 2,100,1 1,100,1 2,100,1 12,0,2 1,100,1 1,100,1 1,100,1
0,0,0 0,0,0 0,0,0 0,0,0 0,0,0 0,0,0 0,0,0 0,0,0 0,0,0
0,0,0 0,0,0 0,0,0 0,0,0 0,0,0 0,0,0 0,0,0 0,0,0 0,0,0
0,0,0 0,0,0 0,0,0 0,0,0 0,0,0 0,0,0 0,0,0 0,0,0 0,0,0