MODE 0
BALL 120
STARS 0/0/16590 35
ADDLINE 1,117,1 1,117,1 1,117,1 1,117,1 4,117,1 1,117,1 12,0,2 1,117,1 1,117,1
ADDLINE 17,118,1 1,118,1 2,118,1 1,118,1 2,118,1 1,118,1 12,0,2 1,118,1 1,118,1
ADDLINE 1,119,1 1,119,1 1,119,1 1,119,1 1,119,1 3,119,1 0,0,0 12,0,2 1,119,1
ADDLINE 1,131,1 1,131,1 1,131,1 1,131,1 1,131,1 2,131,1 1,131,1 12,0,2 5,131,1
ADDLINE 1,132,1 1,132,1 16,132,1 1,132,1 1,132,1 0,0,0 1,132,1 12,0,2 1,132,1
ADDLINE 0,0,0 0,0,0 0,0,0 0,0,0 12,0,2 0,0,0 3,144,1 1,144,1 1,144,1
ADDLINE 0,0,0 12,0,2 1,156,1 1,156,1 1,156,1 1,156,1 4,156,1 2,156,1 4,156,1
ADDLINE 0,0,0 12,0,2 1,169,1 3,169,1 1,169,1 1,169,1 1,169,1 1,169,1 1,169,1
ADDLINE 0,0,0 0,0,0 0,0,0 0,0,0 0,0,0 12,0,2 1,272,1 1,272,1 1,136,1
ADDLINE 1,149,1 0,0,0 1,149,1 0,0,0 1,149,1 0,0,0 17,149,1 12,0,2 1,149,1
ADDLINE 1,162,1 5,162,1 1,162,1 0,0,0 1,162,1 1,324,1 1,324,1 12,0,2 2,162,1
ADDLINE 0,0,0 0,0,0 1,175,1 0,0,0 0,0,0 12,0,2 1,350,1 0,0,0 0,0,0
ADDLINE 1,140,1 12,0,2 1,140,1 1,140,1 1,140,1 1,280,1 20,140,1 1,280,1 3,140,1
ADDLINE 1,308,1 0,0,0 1,308,1 12,0,2 1,308,1 1,308,1 1,308,1 1,308,1 16,154,1
ADDLINE 1,334,1 0,0,0 16,167,1 1,334,1 1,334,1 1,334,1 1,334,1 12,0,2 1,334,1
ADDLINE 1,180,1 0,0,0 4,180,1 0,0,0 0,0,0 12,0,2 1,180,1 0,0,0 1,180,1
ADDLINE 1,145,1 0,0,0 1,290,1 12,0,2 5,145,1 1,145,1 1,145,1 0,0,0 1,145,1
ADDLINE 0,0,0 1,316,1 19,158,1 1,316,1 12,0,2 1,316,1 1,316,1 1,316,1 1,316,1
ADDLINE 4,172,1 1,344,1 1,344,1 12,0,2 1,172,1 1,344,1 1,344,1 1,344,1 1,172,1
ADDLINE 0,0,0 1,372,1 1,372,1 12,0,2 1,372,1 1,372,1 19,186,1 1,372,1 1,372,1
ADDLINE 0,0,0 19,149,1 1,298,1 12,0,2 1,298,1 1,298,1 1,298,1 1,298,1 1,298,1
ADDLINE 0,0,0 1,326,1 1,326,1 0,0,0 0,0,0 0,0,0 1,326,1 12,0,2 1,163,1
ADDLINE 0,0,0 1,177,1 1,177,1 12,0,2 1,354,1 1,354,1 17,177,1 1,354,1 1,177,1
ADDLINE 0,0,0 5,192,1 1,192,1 12,0,2 20,192,1 1,384,1 1,384,1 1,384,1 3,192,1
ADDLINE 0,0,0 1,308,1 12,0,2 1,308,1 1,308,1 19,154,1 1,308,1 1,308,1 1,308,1
ADDLINE 0,0,0 1,336,1 12,0,2 1,336,1 1,336,1 16,168,1 1,336,1 1,336,1 1,336,1
ADDLINE 0,0,0 0,0,0 12,0,2 2,182,1 1,182,1 1,182,1 1,182,1 4,182,1 1,182,1
ADDLINE 1,197,1 1,197,1 1,197,1 1,197,1 1,197,1 3,197,1 12,0,2 1,197,1 5,197,1
ADDLINE 1,158,1 4,158,1 1,158,1 4,158,1 1,158,1 0,0,0 12,0,2 1,158,1 3,158,1
ADDLINE 1,173,1 0,0,0 0,0,0 1,346,1 12,0,2 0,0,0 1,173,1 1,173,1 1,173,1
ADDLINE 0,0,0 12,0,2 1,376,1 19,188,1 1,376,1 1,376,1 1,376,1 1,376,1 1,376,1
ADDLINE 12,0,2 5,203,1 1,406,1 1,406,1 1,406,1 1,203,1 1,203,1 1,203,1 1,203,1
ADDLINE 0,0,0 12,0,2 0,0,0 1,324,1 1,324,1 2,162,1 1,162,1 1,162,1 1,162,1
ADDLINE 0,0,0 1,356,1 12,0,2 19,178,1 1,356,1 1,356,1 1,356,1 1,356,1 1,356,1
ADDLINE 0,0,0 12,0,2 1,386,1 1,386,1 1,386,1 1,193,1 1,193,1 1,193,1 1,193,1
ADDLINE 5,208,1 0,0,0 0,0,0 0,0,0 12,0,2 1,208,1 4,208,1 1,208,1 1,208,1
1,105,1 0,0,0 19,105,1 12,0,2 1,105,1 1,105,1 1,105,1 0,0,0 1,105,1
3,104,1 0,0,0 3,104,1 12,0,2 0,0,0 0,0,0 0,0,0 0,0,0 1,104,1
1,103,1 0,0,0 1,103,1 2,103,1 4,103,1 1,103,1 1,103,1 12,0,2 17,103,1
1,102,1 0,0,0 0,0,0 0,0,0 12,0,2 0,0,0 6,102,1 0,0,0 1,102,1
1,101,1 0,0,0 1,101,1 1,101,1 4,101,1 12,0,2 2,101,1 1,101,1 1,101,1
1,100,1 0,0,0 0,0,0 0,0,0 1,100,1 0,0,0 12,0,2 0,0,0 0,0,0
0,0,0 0,0,0 0,0,0 0,0,0 0,0,0 0,0,0 0,0,0 0,0,0 0,0,0
0,0,0 0,0,0 0,0,0 0,0,0 0,0,0 0,0,0 0,0,0 0,0,0 0,0,0
0,0,0 0,0,0 0,0,0 0,0,0 0,0,0 0,0,0 0,0,0 0,0,0 0,0,0