MODE 0
BALL 120
STARS 0/0/15120 35
ADDLINE 1,117,1 1,117,1 1,117,1 1,117,1 1,117,1 12,0,2 1,117,1 1,117,1 1,117,1
ADDLINE 1,118,1 1,118,1 1,118,1 1,118,1 0,0,0 12,0,2 1,118,1 1,118,1 1,118,1
ADDLINE 0,0,0 0,0,0 8,0,2 12,0,2 0,0,0 1,119,1 1,119,1 1,119,1 1,119,1
ADDLINE 12,0,2 1,131,1 1,131,1 1,131,1 1,131,1 1,131,1 1,131,1 1,131,1 1,131,1
ADDLINE 12,0,2 1,132,1 1,132,1 1,132,1 1,132,1 1,132,1 1,132,1 1,132,1 1,132,1
ADDLINE 0,0,0 0,0,0 12,0,2 0,0,0 0,0,0 1,144,1 1,144,1 1,144,1 1,144,1
ADDLINE 1,156,1 0,0,0 0,0,0 0,0,0 12,0,2 1,156,1 1,156,1 1,156,1 1,156,1
ADDLINE 1,169,1 12,0,2 1,169,1 1,169,1 1,169,1 1,169,1 1,169,1 1,169,1 1,169,1
ADDLINE 1,136,1 0,0,0 0,0,0 12,0,2 0,0,0 0,0,0 1,136,1 1,136,1 1,136,1
ADDLINE 1,149,1 0,0,0 1,149,1 1,149,1 1,149,1 1,149,1 1,149,1 12,0,2 1,149,1
ADDLINE 1,162,1 0,0,0 12,0,2 0,0,0 1,162,1 0,0,0 0,0,0 0,0,0 1,162,1
ADDLINE 1,175,1 0,0,0 1,175,1 1,175,1 1,175,1 12,0,2 1,175,1 1,175,1 1,175,1
ADDLINE 1,140,1 0,0,0 0,0,0 0,0,0 0,0,0 0,0,0 1,140,1 12,0,2 0,0,0
ADDLINE 1,154,1 1,154,1 1,154,1 1,154,1 1,154,1 1,154,1 1,154,1 12,0,2 1,154,1
ADDLINE 0,0,0 0,0,0 1,167,1 0,0,0 0,0,0 0,0,0 0,0,0 12,0,2 1,167,1
ADDLINE 1,180,1 11,0,2 1,360,1 12,0,2 1,180,1 1,180,1 1,180,1 1,180,1 1,180,1
ADDLINE 1,145,1 0,0,0 12,0,2 0,0,0 1,145,1 0,0,0 0,0,0 0,0,0 0,0,0
ADDLINE 1,316,1 1,316,1 1,316,1 1,316,1 1,316,1 8,0,2 1,316,1 12,0,2 1,316,1
ADDLINE 1,172,1 1,172,1 12,0,2 1,172,1 1,172,1 1,172,1 1,172,1 1,172,1 1,172,1
ADDLINE 1,186,1 1,186,1 0,0,0 0,0,0 12,0,2 0,0,0 0,0,0 1,186,1 1,186,1
ADDLINE 1,149,1 1,149,1 1,149,1 1,149,1 1,149,1 1,149,1 0,0,0 12,0,2 1,149,1
ADDLINE 1,163,1 1,163,1 1,163,1 1,163,1 0,0,0 12,0,2 0,0,0 0,0,0 1,163,1
ADDLINE 1,177,1 1,177,1 0,0,0 11,0,2 12,0,2 1,177,1 1,177,1 1,177,1 1,177,1
ADDLINE 1,192,1 1,192,1 12,0,2 1,384,1 1,384,1 1,192,1 1,192,1 1,192,1 1,192,1
ADDLINE 1,154,1 1,154,1 0,0,0 12,0,2 1,308,1 1,154,1 1,154,1 1,154,1 1,154,1
ADDLINE 1,336,1 1,336,1 1,336,1 10,0,2 12,0,2 1,336,1 1,336,1 1,336,1 1,336,1
ADDLINE 1,182,1 0,0,0 0,0,0 0,0,0 12,0,2 1,182,1 1,182,1 1,182,1 1,182,1
ADDLINE 1,394,1 12,0,2 1,197,1 1,197,1 1,197,1 1,197,1 1,197,1 1,197,1 1,197,1
ADDLINE 10,0,2 12,0,2 1,316,1 1,316,1 1,316,1 1,316,1 1,316,1 1,316,1 1,316,1
ADDLINE 12,0,2 1,346,1 1,173,1 1,173,1 1,173,1 1,173,1 1,173,1 1,173,1 1,173,1
ADDLINE 0,0,0 12,0,2 0,0,0 0,0,0 1,188,1 1,188,1 1,188,1 1,188,1 1,188,1
ADDLINE 0,0,0 12,0,2 0,0,0 0,0,0 1,203,1 1,203,1 1,203,1 1,203,1 1,203,1
ADDLINE 0,0,0 12,0,2 0,0,0 0,0,0 0,0,0 1,162,1 1,162,1 1,162,1 1,162,1
ADDLINE 1,178,1 1,178,1 1,178,1 1,178,1 0,0,0 0,0,0 0,0,0 12,0,2 1,178,1
ADDLINE 1,193,1 1,193,1 1,193,1 1,193,1 1,193,1 1,386,1 7,0,2 12,0,2 1,193,1
ADDLINE 1,208,1 1,208,1 1,208,1 1,208,1 1,208,1 1,416,1 12,0,2 1,416,1 1,208,1
0,0,0 0,0,0 12,0,2 0,0,0 1,105,1 0,0,0 11,0,2 0,0,0 1,105,1
1,104,1 0,0,0 1,104,1 1,104,1 1,104,1 0,0,0 1,104,1 12,0,2 1,104,1
0,0,0 0,0,0 1,103,1 12,0,2 0,0,0 0,0,0 1,103,1 0,0,0 1,103,1
1,102,1 1,102,1 1,102,1 8,0,2 1,102,1 12,0,2 1,102,1 1,102,1 1,102,1
1,101,1 0,0,0 1,101,1 0,0,0 1,101,1 10,0,2 1,101,1 12,0,2 0,0,0
1,100,1 0,0,0 1,100,1 12,0,2 1,100,1 1,100,1 1,100,1 0,0,0 1,100,1
0,0,0 0,0,0 0,0,0 0,0,0 0,0,0 0,0,0 0,0,0 0,0,0 0,0,0
0,0,0 0,0,0 0,0,0 0,0,0 0,0,0 0,0,0 0,0,0 0,0,0 0,0,0
0,0,0 0,0,0 0,0,0 0,0,0 0,0,0 0,0,0 0,0,0 0,0,0 0,0,0