MODE 0
BALL 120
STARS 0/0/16450 35
ADDLINE 1,117,1 1,117,1 1,117,1 1,117,1 12,0,2 1,117,1 1,117,1 1,117,1 1,117,1
ADDLINE 0,0,0 0,0,0 0,0,0 0,0,0 12,0,2 1,118,1 1,118,1 1,118,1 1,118,1
ADDLINE 0,0,0 0,0,0 0,0,0 12,0,2 1,119,1 1,119,1 1,119,1 1,119,1 1,119,1
ADDLINE 1,131,1 1,131,1 1,131,1 0,0,0 0,0,0 12,0,2 1,131,1 1,131,1 1,131,1
ADDLINE 1,132,1 20,132,1 1,132,1 1,132,1 1,132,1 12,0,2 0,0,0 0,0,0 0,0,0
ADDLINE 1,144,1 19,144,1 1,144,1 1,144,1 1,144,1 1,144,1 1,144,1 1,144,1 12,0,2
ADDLINE 1,156,1 1,312,1 1,312,1 17,156,1 1,312,1 1,156,1 1,156,1 1,156,1 12,0,2
ADDLINE 1,169,1 1,169,1 1,338,1 1,338,1 1,338,1 1,169,1 0,0,0 12,0,2 0,0,0
ADDLINE 1,136,1 1,136,1 1,136,1 1,136,1 1,136,1 1,136,1 0,0,0 12,0,2 0,0,0
ADDLINE 1,149,1 0,0,0 1,149,1 1,149,1 1,149,1 1,149,1 1,149,1 12,0,2 1,149,1
ADDLINE 1,324,1 1,324,1 16,162,1 1,324,1 1,324,1 12,0,2 1,324,1 1,324,1 0,0,0
ADDLINE 1,175,1 1,175,1 1,175,1 0,0,0 1,175,1 0,0,0 1,175,1 12,0,2 1,175,1
ADDLINE 0,0,0 0,0,0 0,0,0 12,0,2 1,140,1 0,0,0 1,140,1 0,0,0 1,140,1
ADDLINE 1,308,1 1,308,1 16,154,1 1,308,1 1,308,1 12,0,2 1,308,1 1,308,1 1,308,1
ADDLINE 0,0,0 0,0,0 1,167,1 0,0,0 1,167,1 12,0,2 0,0,0 0,0,0 1,167,1
ADDLINE 1,180,1 0,0,0 1,180,1 0,0,0 1,180,1 1,180,1 1,180,1 12,0,2 1,180,1
ADDLINE 0,0,0 0,0,0 1,145,1 0,0,0 0,0,0 0,0,0 1,145,1 12,0,2 1,145,1
ADDLINE 1,158,1 1,158,1 1,158,1 0,0,0 1,158,1 0,0,0 1,158,1 12,0,2 1,158,1
ADDLINE 1,172,1 12,0,2 1,172,1 1,172,1 1,172,1 1,172,1 1,172,1 1,172,1 1,172,1
ADDLINE 1,186,1 0,0,0 0,0,0 12,0,2 1,186,1 1,186,1 1,186,1 1,186,1 1,186,1
ADDLINE 1,298,1 1,298,1 1,298,1 0,0,0 1,298,1 12,0,2 1,298,1 16,149,1 1,298,1
ADDLINE 1,163,1 0,0,0 0,0,0 12,0,2 0,0,0 0,0,0 0,0,0 1,163,1 1,163,1
ADDLINE 1,177,1 0,0,0 12,0,2 1,177,1 1,177,1 1,177,1 1,354,1 1,354,1 1,177,1
ADDLINE 0,0,0 12,0,2 0,0,0 1,192,1 1,192,1 1,192,1 1,384,1 17,192,1 1,192,1
ADDLINE 0,0,0 12,0,2 1,154,1 1,154,1 1,154,1 1,154,1 1,308,1 1,308,1 1,154,1
ADDLINE 1,336,1 0,0,0 12,0,2 1,336,1 1,336,1 1,336,1 1,336,1 16,168,1 1,336,1
ADDLINE 1,182,1 1,182,1 0,0,0 12,0,2 1,182,1 1,364,1 17,182,1 1,364,1 1,182,1
ADDLINE 1,197,1 1,197,1 1,197,1 1,197,1 1,197,1 1,394,1 12,0,2 1,394,1 1,197,1
ADDLINE 1,158,1 0,0,0 0,0,0 0,0,0 0,0,0 12,0,2 0,0,0 1,158,1 1,158,1
ADDLINE 1,173,1 0,0,0 0,0,0 12,0,2 1,173,1 1,173,1 1,173,1 1,173,1 1,173,1
ADDLINE 1,188,1 1,188,1 1,188,1 0,0,0 12,0,2 1,188,1 1,188,1 1,188,1 1,188,1
ADDLINE 1,406,1 1,406,1 1,406,1 1,406,1 12,0,2 1,406,1 1,406,1 1,406,1 16,203,1
ADDLINE 1,162,1 1,162,1 1,162,1 0,0,0 12,0,2 1,162,1 1,162,1 1,162,1 1,162,1
ADDLINE 1,178,1 1,178,1 1,178,1 0,0,0 12,0,2 1,178,1 1,178,1 1,178,1 1,178,1
ADDLINE 1,386,1 1,386,1 1,386,1 16,193,1 0,0,0 12,0,2 1,386,1 1,386,1 1,386,1
ADDLINE 1,208,1 1,208,1 1,208,1 1,208,1 1,208,1 0,0,0 12,0,2 1,208,1 1,208,1
19,105,1 1,105,1 1,105,1 1,105,1 1,105,1 1,105,1 1,105,1 12,0,2 17,105,1
0,0,0 1,104,1 1,104,1 12,0,2 0,0,0 0,0,0 1,104,1 0,0,0 1,104,1
1,103,1 1,103,1 1,103,1 0,0,0 1,103,1 12,0,2 1,103,1 0,0,0 1,103,1
0,0,0 0,0,0 0,0,0 0,0,0 1,102,1 0,0,0 1,102,1 12,0,2 1,102,1
1,101,1 1,101,1 1,101,1 1,101,1 18,101,1 0,0,0 1,101,1 12,0,2 1,101,1
1,100,1 0,0,0 1,100,1 12,0,2 0,0,0 0,0,0 1,100,1 0,0,0 0,0,0
0,0,0 0,0,0 0,0,0 0,0,0 0,0,0 0,0,0 0,0,0 0,0,0 0,0,0
0,0,0 0,0,0 0,0,0 0,0,0 0,0,0 0,0,0 0,0,0 0,0,0 0,0,0
0,0,0 0,0,0 0,0,0 0,0,0 0,0,0 0,0,0 0,0,0 0,0,0 0,0,0