MODE 0
BALL 120
STARS 0/0/16030 35
ADDLINE 1,117,1 3,117,1 12,0,2 1,117,1 4,117,1 3,117,1 1,117,1 1,117,1 1,117,1
ADDLINE 1,118,1 1,118,1 0,0,0 12,0,2 0,0,0 2,118,1 1,118,1 2,118,1 1,118,1
ADDLINE 1,119,1 1,119,1 0,0,0 0,0,0 12,0,2 1,119,1 1,119,1 1,119,1 1,119,1
ADDLINE 0,0,0 12,0,2 0,0,0 5,131,1 1,131,1 1,131,1 4,131,1 1,131,1 1,131,1
ADDLINE 0,0,0 12,0,2 0,0,0 0,0,0 0,0,0 1,132,1 4,132,1 1,132,1 1,132,1
ADDLINE 0,0,0 12,0,2 0,0,0 0,0,0 0,0,0 2,144,1 1,144,1 1,144,1 1,144,1
ADDLINE 0,0,0 12,0,2 1,156,1 1,156,1 1,156,1 1,156,1 2,156,1 1,156,1 1,156,1
ADDLINE 0,0,0 12,0,2 3,169,1 1,169,1 1,169,1 1,169,1 1,169,1 1,169,1 2,169,1
ADDLINE 0,0,0 12,0,2 0,0,0 0,0,0 0,0,0 0,0,0 4,136,1 1,136,1 1,136,1
ADDLINE 1,149,1 0,0,0 2,149,1 1,149,1 12,0,2 1,149,1 4,149,1 1,149,1 1,149,1
ADDLINE 0,0,0 0,0,0 1,162,1 3,162,1 0,0,0 0,0,0 12,0,2 0,0,0 4,162,1
ADDLINE 12,0,2 0,0,0 1,175,1 1,175,1 1,175,1 1,175,1 1,175,1 0,0,0 0,0,0
ADDLINE 0,0,0 0,0,0 1,140,1 2,140,1 12,0,2 0,0,0 0,0,0 0,0,0 0,0,0
ADDLINE 0,0,0 3,154,1 0,0,0 12,0,2 0,0,0 1,154,1 1,154,1 1,154,1 1,154,1
ADDLINE 0,0,0 1,167,1 4,167,1 12,0,2 1,167,1 4,167,1 1,167,1 1,167,1 1,167,1
ADDLINE 0,0,0 1,180,1 0,0,0 12,0,2 1,180,1 1,180,1 1,180,1 1,180,1 1,180,1
ADDLINE 0,0,0 0,0,0 12,0,2 1,145,1 5,145,1 1,145,1 1,145,1 1,145,1 1,145,1
ADDLINE 0,0,0 12,0,2 1,158,1 5,158,1 1,158,1 3,158,1 3,158,1 1,158,1 4,158,1
ADDLINE 1,172,1 1,172,1 1,172,1 1,172,1 1,172,1 1,172,1 12,0,2 1,172,1 1,172,1
ADDLINE 2,186,1 1,186,1 3,186,1 5,186,1 0,0,0 12,0,2 0,0,0 1,186,1 1,186,1
ADDLINE 3,149,1 1,149,1 1,149,1 1,149,1 0,0,0 0,0,0 0,0,0 12,0,2 0,0,0
ADDLINE 1,163,1 1,163,1 1,163,1 1,163,1 1,163,1 0,0,0 12,0,2 0,0,0 0,0,0
ADDLINE 0,0,0 0,0,0 12,0,2 0,0,0 0,0,0 0,0,0 1,177,1 2,177,1 4,177,1
ADDLINE 0,0,0 12,0,2 1,192,1 5,192,1 4,192,1 1,192,1 1,192,1 1,192,1 1,192,1
ADDLINE 1,154,1 12,0,2 1,154,1 1,154,1 1,154,1 1,154,1 4,154,1 1,154,1 3,154,1
ADDLINE 3,168,1 12,0,2 4,168,1 1,168,1 5,168,1 1,168,1 1,168,1 1,168,1 1,168,1
ADDLINE 1,182,1 0,0,0 12,0,2 1,182,1 1,182,1 1,182,1 1,182,1 5,182,1 1,182,1
ADDLINE 1,197,1 12,0,2 1,197,1 1,197,1 2,197,1 1,197,1 1,197,1 1,197,1 1,197,1
ADDLINE 1,158,1 0,0,0 12,0,2 0,0,0 4,158,1 1,158,1 2,158,1 3,158,1 1,158,1
ADDLINE 1,173,1 1,173,1 1,173,1 0,0,0 12,0,2 1,173,1 1,173,1 1,173,1 3,173,1
ADDLINE 1,188,1 1,188,1 1,188,1 1,188,1 0,0,0 12,0,2 1,188,1 3,188,1 1,188,1
ADDLINE 1,203,1 5,203,1 1,203,1 0,0,0 12,0,2 0,0,0 1,203,1 2,203,1 1,203,1
ADDLINE 0,0,0 0,0,0 12,0,2 0,0,0 1,162,1 1,162,1 1,162,1 3,162,1 1,162,1
ADDLINE 12,0,2 1,178,1 1,178,1 1,178,1 1,178,1 1,178,1 3,178,1 5,178,1 1,178,1
ADDLINE 0,0,0 12,0,2 1,193,1 1,193,1 1,193,1 2,193,1 5,193,1 1,193,1 3,193,1
ADDLINE 1,208,1 0,0,0 0,0,0 0,0,0 12,0,2 0,0,0 1,208,1 1,208,1 1,208,1
1,105,1 1,105,1 1,105,1 2,105,1 12,0,2 0,0,0 0,0,0 0,0,0 0,0,0
1,104,1 1,104,1 3,104,1 1,104,1 0,0,0 0,0,0 10,0,2 12,0,2 11,0,2
2,103,1 1,103,1 4,103,1 1,103,1 1,103,1 1,103,1 1,103,1 1,103,1 12,0,2
1,102,1 4,102,1 1,102,1 2,102,1 12,0,2 0,0,0 0,0,0 0,0,0 0,0,0
0,0,0 7,0,2 7,0,2 12,0,2 10,0,2 1,101,1 1,101,1 1,101,1 1,101,1
12,0,2 1,100,1 1,100,1 1,100,1 1,100,1 3,100,1 1,100,1 2,100,1 1,100,1
0,0,0 0,0,0 0,0,0 0,0,0 0,0,0 0,0,0 0,0,0 0,0,0 0,0,0
0,0,0 0,0,0 0,0,0 0,0,0 0,0,0 0,0,0 0,0,0 0,0,0 0,0,0
0,0,0 0,0,0 0,0,0 0,0,0 0,0,0 0,0,0 0,0,0 0,0,0 0,0,0