MODE 0
BALL 120
STARS 0/0/17185 35
ADDLINE 5,117,1 1,117,1 1,117,1 1,117,1 5,117,1 1,117,1 1,117,1 12,0,2 4,117,1
ADDLINE 4,118,1 1,118,1 1,118,1 1,118,1 0,0,0 0,0,0 12,0,2 0,0,0 1,118,1
ADDLINE 1,119,1 1,119,1 2,119,1 1,119,1 12,0,2 1,119,1 1,119,1 1,119,1 1,119,1
ADDLINE 1,131,1 1,131,1 1,131,1 1,131,1 0,0,0 0,0,0 12,0,2 0,0,0 4,131,1
ADDLINE 1,132,1 1,132,1 1,132,1 5,132,1 0,0,0 12,0,2 0,0,0 0,0,0 5,132,1
ADDLINE 3,144,1 1,144,1 1,144,1 1,144,1 12,0,2 1,144,1 1,144,1 1,144,1 1,144,1
ADDLINE 5,156,1 1,156,1 1,156,1 1,156,1 12,0,2 0,0,0 0,0,0 0,0,0 0,0,0
ADDLINE 1,169,1 1,169,1 2,169,1 4,169,1 1,169,1 1,169,1 1,169,1 12,0,2 0,0,0
ADDLINE 1,136,1 1,136,1 1,136,1 1,136,1 2,136,1 1,136,1 5,136,1 12,0,2 1,136,1
ADDLINE 1,149,1 1,149,1 1,149,1 1,149,1 1,149,1 12,0,2 1,149,1 1,149,1 1,149,1
ADDLINE 4,162,1 1,162,1 1,162,1 1,162,1 1,162,1 0,0,0 0,0,0 12,0,2 2,162,1
ADDLINE 1,175,1 2,175,1 1,175,1 1,175,1 4,175,1 12,0,2 3,175,1 3,175,1 1,175,1
ADDLINE 2,140,1 0,0,0 12,0,2 0,0,0 1,140,1 0,0,0 1,140,1 5,140,1 1,140,1
ADDLINE 1,154,1 1,154,1 1,154,1 0,0,0 1,154,1 12,0,2 1,154,1 1,154,1 4,154,1
ADDLINE 0,0,0 0,0,0 2,167,1 0,0,0 1,167,1 12,0,2 1,167,1 1,167,1 1,167,1
ADDLINE 3,180,1 1,180,1 2,180,1 0,0,0 1,180,1 12,0,2 1,180,1 1,180,1 4,180,1
ADDLINE 12,0,2 2,145,1 1,145,1 0,0,0 1,145,1 0,0,0 1,145,1 0,0,0 0,0,0
ADDLINE 1,158,1 1,158,1 1,158,1 0,0,0 1,158,1 1,158,1 1,158,1 12,0,2 1,158,1
ADDLINE 12,0,2 4,172,1 1,172,1 5,172,1 1,172,1 1,172,1 2,172,1 5,172,1 1,172,1
ADDLINE 0,0,0 12,0,2 1,186,1 1,186,1 1,186,1 2,186,1 1,186,1 1,186,1 1,186,1
ADDLINE 1,149,1 12,0,2 1,149,1 1,149,1 1,149,1 1,149,1 1,149,1 1,149,1 4,149,1
ADDLINE 1,163,1 0,0,0 12,0,2 0,0,0 1,163,1 1,163,1 1,163,1 1,163,1 3,163,1
ADDLINE 0,0,0 0,0,0 0,0,0 12,0,2 4,177,1 1,177,1 2,177,1 1,177,1 1,177,1
ADDLINE 0,0,0 12,0,2 0,0,0 0,0,0 1,192,1 1,192,1 1,192,1 1,192,1 3,192,1
ADDLINE 1,154,1 2,154,1 0,0,0 12,0,2 1,154,1 1,154,1 4,154,1 1,154,1 1,154,1
ADDLINE 1,168,1 1,168,1 0,0,0 0,0,0 12,0,2 0,0,0 0,0,0 0,0,0 0,0,0
ADDLINE 5,182,1 1,182,1 1,182,1 2,182,1 1,182,1 1,182,1 12,0,2 0,0,0 0,0,0
ADDLINE 1,197,1 12,0,2 1,197,1 4,197,1 1,197,1 4,197,1 1,197,1 1,197,1 1,197,1
ADDLINE 0,0,0 12,0,2 1,158,1 3,158,1 5,158,1 1,158,1 1,158,1 1,158,1 5,158,1
ADDLINE 12,0,2 3,173,1 1,173,1 1,173,1 1,173,1 1,173,1 1,173,1 1,173,1 1,173,1
ADDLINE 0,0,0 0,0,0 12,0,2 0,0,0 2,188,1 5,188,1 4,188,1 1,188,1 5,188,1
ADDLINE 0,0,0 12,0,2 0,0,0 0,0,0 1,203,1 1,203,1 1,203,1 1,203,1 1,203,1
ADDLINE 0,0,0 12,0,2 1,162,1 1,162,1 1,162,1 1,162,1 1,162,1 1,162,1 1,162,1
ADDLINE 1,178,1 0,0,0 12,0,2 1,178,1 1,178,1 4,178,1 1,178,1 1,178,1 4,178,1
ADDLINE 1,193,1 5,193,1 0,0,0 12,0,2 0,0,0 0,0,0 0,0,0 1,193,1 1,193,1
ADDLINE 1,208,1 1,208,1 1,208,1 1,208,1 1,208,1 2,208,1 12,0,2 1,208,1 5,208,1
3,105,1 0,0,0 1,105,1 19,105,1 1,105,1 1,105,1 1,105,1 12,0,2 1,105,1
0,0,0 0,0,0 1,104,1 12,0,2 1,104,1 1,104,1 4,104,1 0,0,0 1,104,1
2,103,1 0,0,0 1,103,1 0,0,0 2,103,1 1,103,1 1,103,1 12,0,2 1,103,1
4,102,1 11,0,2 2,102,1 22,0,2 0,0,0 0,0,0 12,0,2 0,0,0 1,102,1
1,101,1 0,0,0 4,101,1 20,101,1 1,101,1 1,101,1 1,101,1 12,0,2 1,101,1
0,0,0 12,0,2 1,100,1 1,100,1 1,100,1 1,100,1 1,100,1 0,0,0 1,100,1
0,0,0 0,0,0 0,0,0 0,0,0 0,0,0 0,0,0 0,0,0 0,0,0 0,0,0
0,0,0 0,0,0 0,0,0 0,0,0 0,0,0 0,0,0 0,0,0 0,0,0 0,0,0
0,0,0 0,0,0 0,0,0 0,0,0 0,0,0 0,0,0 0,0,0 0,0,0 0,0,0