MODE 0
BALL 120
STARS 0/0/15995 35
ADDLINE 1,117,1 1,117,1 12,0,2 1,117,1 1,117,1 1,117,1 1,117,1 1,117,1 1,117,1
ADDLINE 5,118,1 1,118,1 12,0,2 1,118,1 1,118,1 20,118,1 1,118,1 1,118,1 3,118,1
ADDLINE 1,119,1 2,119,1 0,0,0 12,0,2 1,119,1 1,119,1 1,119,1 1,119,1 1,119,1
ADDLINE 1,131,1 1,131,1 1,131,1 12,0,2 1,131,1 1,131,1 1,131,1 1,131,1 19,131,1
ADDLINE 4,132,1 1,132,1 0,0,0 12,0,2 1,132,1 1,132,1 1,132,1 1,132,1 1,132,1
ADDLINE 1,144,1 1,144,1 0,0,0 0,0,0 0,0,0 0,0,0 0,0,0 12,0,2 3,144,1
ADDLINE 1,156,1 0,0,0 0,0,0 0,0,0 12,0,2 0,0,0 0,0,0 0,0,0 4,156,1
ADDLINE 1,169,1 0,0,0 12,0,2 1,338,1 1,338,1 1,338,1 3,169,1 1,169,1 1,169,1
ADDLINE 1,272,1 1,272,1 0,0,0 12,0,2 10,0,2 1,272,1 1,272,1 1,272,1 1,272,1
ADDLINE 1,298,1 1,298,1 1,298,1 10,0,2 16,149,1 1,298,1 1,298,1 12,0,2 0,0,0
ADDLINE 4,162,1 0,0,0 1,324,1 1,324,1 1,324,1 12,0,2 1,162,1 1,324,1 1,324,1
ADDLINE 0,0,0 12,0,2 1,175,1 0,0,0 0,0,0 0,0,0 1,175,1 0,0,0 7,0,2
ADDLINE 1,140,1 5,140,1 2,140,1 0,0,0 1,140,1 12,0,2 1,280,1 11,0,2 1,280,1
ADDLINE 1,154,1 0,0,0 0,0,0 0,0,0 1,154,1 12,0,2 1,308,1 0,0,0 1,154,1
ADDLINE 1,334,1 1,334,1 1,334,1 1,334,1 1,334,1 8,0,2 1,334,1 12,0,2 1,334,1
ADDLINE 1,180,1 0,0,0 0,0,0 11,0,2 1,360,1 12,0,2 1,180,1 0,0,0 0,0,0
ADDLINE 1,145,1 0,0,0 1,290,1 12,0,2 1,290,1 0,0,0 5,145,1 1,145,1 1,145,1
ADDLINE 0,0,0 12,0,2 1,158,1 0,0,0 1,158,1 0,0,0 0,0,0 0,0,0 4,158,1
ADDLINE 1,172,1 1,172,1 4,172,1 12,0,2 1,172,1 1,172,1 1,172,1 1,172,1 3,172,1
ADDLINE 1,186,1 1,372,1 1,372,1 12,0,2 1,186,1 1,186,1 1,186,1 5,186,1 3,186,1
ADDLINE 1,149,1 1,298,1 17,149,1 0,0,0 12,0,2 0,0,0 1,149,1 1,149,1 1,149,1
ADDLINE 1,163,1 1,326,1 1,326,1 1,326,1 1,163,1 0,0,0 12,0,2 1,163,1 1,163,1
ADDLINE 1,177,1 1,177,1 1,177,1 5,177,1 3,177,1 0,0,0 12,0,2 1,177,1 4,177,1
ADDLINE 5,192,1 0,0,0 0,0,0 0,0,0 12,0,2 0,0,0 1,192,1 1,192,1 1,192,1
ADDLINE 1,154,1 0,0,0 12,0,2 1,308,1 2,154,1 1,154,1 4,154,1 1,154,1 1,154,1
ADDLINE 0,0,0 12,0,2 10,0,2 1,336,1 1,336,1 1,336,1 1,336,1 1,336,1 1,336,1
ADDLINE 7,0,2 0,0,0 0,0,0 0,0,0 0,0,0 0,0,0 12,0,2 1,182,1 1,182,1
ADDLINE 1,394,1 1,394,1 16,197,1 1,394,1 1,394,1 1,394,1 1,394,1 12,0,2 1,394,1
ADDLINE 1,158,1 1,316,1 20,158,1 1,316,1 2,158,1 1,158,1 1,158,1 12,0,2 0,0,0
ADDLINE 1,173,1 1,346,1 1,346,1 1,346,1 0,0,0 0,0,0 0,0,0 12,0,2 0,0,0
ADDLINE 1,188,1 1,188,1 1,188,1 1,188,1 12,0,2 3,188,1 1,188,1 1,188,1 1,188,1
ADDLINE 0,0,0 0,0,0 12,0,2 0,0,0 0,0,0 1,203,1 1,203,1 1,203,1 5,203,1
ADDLINE 12,0,2 3,162,1 1,162,1 4,162,1 1,324,1 1,324,1 1,324,1 1,162,1 1,162,1
ADDLINE 0,0,0 12,0,2 1,178,1 1,178,1 1,356,1 20,178,1 1,356,1 1,178,1 5,178,1
ADDLINE 3,193,1 12,0,2 1,193,1 1,193,1 1,386,1 1,386,1 1,386,1 1,386,1 1,386,1
ADDLINE 1,416,1 0,0,0 12,0,2 1,416,1 1,416,1 1,416,1 1,416,1 1,416,1 19,208,1
0,0,0 1,105,1 1,105,1 0,0,0 19,105,1 1,105,1 1,105,1 12,0,2 1,105,1
1,104,1 1,104,1 1,104,1 0,0,0 1,104,1 1,104,1 1,104,1 12,0,2 1,104,1
1,103,1 0,0,0 1,103,1 0,0,0 3,103,1 12,0,2 1,103,1 0,0,0 2,103,1
5,102,1 0,0,0 1,102,1 12,0,2 1,102,1 0,0,0 2,102,1 0,0,0 1,102,1
1,101,1 20,101,1 0,0,0 11,0,2 0,0,0 12,0,2 1,101,1 0,0,0 0,0,0
1,100,1 1,100,1 12,0,2 1,100,1 1,100,1 2,100,1 1,100,1 1,100,1 4,100,1
0,0,0 0,0,0 0,0,0 0,0,0 0,0,0 0,0,0 0,0,0 0,0,0 0,0,0
0,0,0 0,0,0 0,0,0 0,0,0 0,0,0 0,0,0 0,0,0 0,0,0 0,0,0
0,0,0 0,0,0 0,0,0 0,0,0 0,0,0 0,0,0 0,0,0 0,0,0 0,0,0