MODE 0
BALL 120
STARS 0/0/16135 35
ADDLINE 0,0,0 0,0,0 1,117,1 12,0,2 1,117,1 1,117,1 1,117,1 1,117,1 1,117,1
ADDLINE 0,0,0 3,118,1 1,118,1 12,0,2 1,118,1 2,118,1 1,118,1 5,118,1 3,118,1
ADDLINE 0,0,0 12,0,2 0,0,0 0,0,0 1,119,1 1,119,1 1,119,1 1,119,1 1,119,1
ADDLINE 0,0,0 0,0,0 12,0,2 1,131,1 1,131,1 4,131,1 1,131,1 3,131,1 1,131,1
ADDLINE 0,0,0 1,132,1 12,0,2 0,0,0 2,132,1 1,132,1 1,132,1 1,132,1 1,132,1
ADDLINE 0,0,0 0,0,0 0,0,0 12,0,2 1,144,1 4,144,1 1,144,1 1,144,1 1,144,1
ADDLINE 0,0,0 0,0,0 0,0,0 0,0,0 12,0,2 1,156,1 1,156,1 1,156,1 2,156,1
ADDLINE 0,0,0 12,0,2 0,0,0 0,0,0 0,0,0 4,169,1 1,169,1 1,169,1 1,169,1
ADDLINE 0,0,0 12,0,2 0,0,0 0,0,0 3,136,1 1,136,1 1,136,1 1,136,1 1,136,1
ADDLINE 0,0,0 1,149,1 1,149,1 1,149,1 1,149,1 2,149,1 12,0,2 0,0,0 3,149,1
ADDLINE 12,0,2 0,0,0 0,0,0 1,162,1 4,162,1 1,162,1 1,162,1 0,0,0 0,0,0
ADDLINE 1,175,1 0,0,0 12,0,2 4,175,1 1,175,1 1,175,1 1,175,1 1,175,1 0,0,0
ADDLINE 1,140,1 12,0,2 0,0,0 0,0,0 0,0,0 2,140,1 1,140,1 4,140,1 0,0,0
ADDLINE 1,154,1 1,154,1 3,154,1 1,154,1 0,0,0 1,154,1 1,154,1 12,0,2 0,0,0
ADDLINE 2,167,1 1,167,1 1,167,1 0,0,0 12,0,2 1,167,1 1,167,1 0,0,0 0,0,0
ADDLINE 1,180,1 1,180,1 1,180,1 12,0,2 0,0,0 1,180,1 1,180,1 1,180,1 0,0,0
ADDLINE 1,145,1 4,145,1 1,145,1 2,145,1 0,0,0 12,0,2 1,145,1 1,145,1 0,0,0
ADDLINE 3,158,1 1,158,1 1,158,1 1,158,1 4,158,1 12,0,2 0,0,0 0,0,0 0,0,0
ADDLINE 1,172,1 1,172,1 1,172,1 1,172,1 4,172,1 1,172,1 1,172,1 12,0,2 5,172,1
ADDLINE 1,186,1 2,186,1 4,186,1 1,186,1 0,0,0 0,0,0 0,0,0 12,0,2 1,186,1
ADDLINE 1,149,1 1,149,1 1,149,1 1,149,1 12,0,2 0,0,0 0,0,0 0,0,0 0,0,0
ADDLINE 5,163,1 1,163,1 3,163,1 1,163,1 1,163,1 1,163,1 1,163,1 4,163,1 12,0,2
ADDLINE 1,177,1 1,177,1 1,177,1 3,177,1 1,177,1 1,177,1 1,177,1 12,0,2 0,0,0
ADDLINE 1,192,1 1,192,1 4,192,1 1,192,1 1,192,1 0,0,0 12,0,2 0,0,0 1,192,1
ADDLINE 1,154,1 1,154,1 0,0,0 0,0,0 0,0,0 12,0,2 1,154,1 1,154,1 1,154,1
ADDLINE 1,168,1 1,168,1 12,0,2 1,168,1 1,168,1 1,168,1 1,168,1 5,168,1 3,168,1
ADDLINE 1,182,1 5,182,1 0,0,0 12,0,2 1,182,1 2,182,1 1,182,1 2,182,1 1,182,1
ADDLINE 4,197,1 1,197,1 12,0,2 1,197,1 1,197,1 1,197,1 5,197,1 1,197,1 1,197,1
ADDLINE 0,0,0 12,0,2 0,0,0 1,158,1 1,158,1 1,158,1 1,158,1 1,158,1 2,158,1
ADDLINE 0,0,0 0,0,0 12,0,2 0,0,0 1,173,1 1,173,1 4,173,1 5,173,1 1,173,1
ADDLINE 0,0,0 0,0,0 0,0,0 12,0,2 4,188,1 4,188,1 5,188,1 3,188,1 1,188,1
ADDLINE 0,0,0 0,0,0 0,0,0 12,0,2 0,0,0 1,203,1 1,203,1 1,203,1 1,203,1
ADDLINE 1,162,1 1,162,1 1,162,1 0,0,0 12,0,2 1,162,1 1,162,1 1,162,1 1,162,1
ADDLINE 1,178,1 1,178,1 1,178,1 12,0,2 1,178,1 1,178,1 1,178,1 2,178,1 1,178,1
ADDLINE 5,193,1 1,193,1 1,193,1 0,0,0 12,0,2 1,193,1 1,193,1 4,193,1 1,193,1
ADDLINE 1,208,1 4,208,1 1,208,1 5,208,1 0,0,0 12,0,2 1,208,1 1,208,1 2,208,1
1,105,1 1,105,1 1,105,1 1,105,1 1,105,1 1,105,1 1,105,1 15,0,2 12,0,2
1,104,1 1,104,1 3,104,1 5,104,1 12,0,2 0,0,0 4,104,1 1,104,1 0,0,0
5,103,1 1,103,1 6,103,1 0,0,0 1,103,1 0,0,0 0,0,0 12,0,2 0,0,0
0,0,0 14,0,2 0,0,0 1,102,1 1,102,1 12,0,2 1,102,1 1,102,1 1,102,1
0,0,0 12,0,2 5,101,1 1,101,1 2,101,1 1,101,1 1,101,1 2,101,1 4,101,1
1,100,1 1,100,1 10,0,2 1,100,1 4,100,1 12,0,2 1,100,1 1,100,1 1,100,1
0,0,0 0,0,0 0,0,0 0,0,0 0,0,0 0,0,0 0,0,0 0,0,0 0,0,0
0,0,0 0,0,0 0,0,0 0,0,0 0,0,0 0,0,0 0,0,0 0,0,0 0,0,0
0,0,0 0,0,0 0,0,0 0,0,0 0,0,0 0,0,0 0,0,0 0,0,0 0,0,0