MODE 0
BALL 120
STARS 0/0/15330 35
ADDLINE 1,117,1 1,117,1 1,117,1 1,117,1 12,0,2 1,117,1 1,117,1 1,117,1 5,117,1
ADDLINE 1,118,1 3,118,1 1,118,1 1,118,1 12,0,2 1,118,1 1,118,1 1,118,1 1,118,1
ADDLINE 1,119,1 2,119,1 1,119,1 1,119,1 0,0,0 12,0,2 1,119,1 3,119,1 2,119,1
ADDLINE 5,131,1 1,131,1 1,131,1 0,0,0 0,0,0 12,0,2 1,131,1 2,131,1 1,131,1
ADDLINE 0,0,0 0,0,0 11,0,2 12,0,2 1,132,1 1,132,1 1,132,1 3,132,1 5,132,1
ADDLINE 0,0,0 0,0,0 0,0,0 0,0,0 12,0,2 1,144,1 1,144,1 1,144,1 1,144,1
ADDLINE 1,156,1 1,156,1 2,156,1 5,156,1 0,0,0 12,0,2 0,0,0 0,0,0 0,0,0
ADDLINE 1,169,1 1,169,1 1,169,1 1,169,1 1,169,1 1,169,1 1,169,1 3,169,1 12,0,2
ADDLINE 1,272,1 1,272,1 1,272,1 1,272,1 1,272,1 1,272,1 1,272,1 12,0,2 8,0,2
ADDLINE 1,149,1 11,0,2 1,298,1 1,149,1 2,149,1 0,0,0 1,149,1 12,0,2 4,149,1
ADDLINE 1,162,1 0,0,0 12,0,2 0,0,0 0,0,0 0,0,0 1,162,1 0,0,0 4,162,1
ADDLINE 1,175,1 1,175,1 1,175,1 1,175,1 3,175,1 12,0,2 1,175,1 1,175,1 1,175,1
ADDLINE 0,0,0 0,0,0 1,140,1 0,0,0 0,0,0 12,0,2 1,140,1 0,0,0 0,0,0
ADDLINE 1,154,1 0,0,0 1,154,1 12,0,2 5,154,1 1,154,1 1,154,1 0,0,0 1,154,1
ADDLINE 0,0,0 0,0,0 2,167,1 0,0,0 3,167,1 0,0,0 1,167,1 12,0,2 0,0,0
ADDLINE 3,180,1 0,0,0 1,180,1 0,0,0 1,180,1 12,0,2 5,180,1 2,180,1 1,180,1
ADDLINE 1,145,1 0,0,0 1,145,1 0,0,0 12,0,2 0,0,0 1,145,1 0,0,0 2,145,1
ADDLINE 1,158,1 0,0,0 1,158,1 1,158,1 1,158,1 12,0,2 1,158,1 0,0,0 1,316,1
ADDLINE 1,172,1 1,172,1 4,172,1 5,172,1 12,0,2 1,172,1 1,172,1 1,344,1 7,0,2
ADDLINE 0,0,0 0,0,0 0,0,0 12,0,2 0,0,0 1,186,1 1,186,1 1,372,1 1,372,1
ADDLINE 7,0,2 12,0,2 0,0,0 0,0,0 1,149,1 3,149,1 1,149,1 1,149,1 1,149,1
ADDLINE 1,326,1 1,326,1 1,163,1 0,0,0 0,0,0 12,0,2 2,163,1 1,163,1 3,163,1
ADDLINE 2,177,1 1,177,1 1,177,1 1,177,1 1,177,1 0,0,0 12,0,2 0,0,0 0,0,0
ADDLINE 1,192,1 1,192,1 5,192,1 1,192,1 1,192,1 1,192,1 1,192,1 1,192,1 12,0,2
ADDLINE 1,154,1 5,154,1 2,154,1 1,154,1 1,154,1 1,154,1 1,154,1 1,154,1 12,0,2
ADDLINE 1,336,1 1,336,1 1,336,1 1,336,1 1,336,1 1,336,1 12,0,2 0,0,0 8,0,2
ADDLINE 1,182,1 1,182,1 2,182,1 4,182,1 1,182,1 1,182,1 0,0,0 12,0,2 0,0,0
ADDLINE 12,0,2 1,197,1 1,197,1 1,197,1 1,197,1 1,197,1 1,197,1 2,197,1 1,197,1
ADDLINE 0,0,0 0,0,0 12,0,2 0,0,0 2,158,1 1,158,1 1,158,1 4,158,1 1,158,1
ADDLINE 0,0,0 12,0,2 0,0,0 0,0,0 1,173,1 1,173,1 3,173,1 1,173,1 1,173,1
ADDLINE 0,0,0 0,0,0 12,0,2 1,188,1 1,188,1 1,188,1 1,188,1 1,188,1 4,188,1
ADDLINE 2,203,1 1,203,1 0,0,0 12,0,2 5,203,1 1,203,1 1,203,1 1,203,1 1,203,1
ADDLINE 1,324,1 8,0,2 12,0,2 0,0,0 1,324,1 1,324,1 1,324,1 1,324,1 1,324,1
ADDLINE 1,178,1 0,0,0 12,0,2 0,0,0 0,0,0 1,356,1 7,0,2 1,356,1 1,178,1
ADDLINE 1,193,1 1,193,1 1,193,1 0,0,0 12,0,2 1,386,1 1,386,1 1,386,1 1,193,1
ADDLINE 1,208,1 4,208,1 3,208,1 12,0,2 1,208,1 4,208,1 2,208,1 1,208,1 1,208,1
1,105,1 10,0,2 1,105,1 1,105,1 1,105,1 12,0,2 1,105,1 0,0,0 1,105,1
1,104,1 11,0,2 12,0,2 0,0,0 1,104,1 0,0,0 3,104,1 0,0,0 0,0,0
1,103,1 2,103,1 1,103,1 1,103,1 1,103,1 12,0,2 1,103,1 1,103,1 1,103,1
1,102,1 0,0,0 0,0,0 0,0,0 12,0,2 0,0,0 1,102,1 0,0,0 10,0,2
1,101,1 0,0,0 1,101,1 4,101,1 1,101,1 5,101,1 1,101,1 12,0,2 1,101,1
1,100,1 0,0,0 0,0,0 12,0,2 0,0,0 0,0,0 1,100,1 11,0,2 1,100,1
0,0,0 0,0,0 0,0,0 0,0,0 0,0,0 0,0,0 0,0,0 0,0,0 0,0,0
0,0,0 0,0,0 0,0,0 0,0,0 0,0,0 0,0,0 0,0,0 0,0,0 0,0,0
0,0,0 0,0,0 0,0,0 0,0,0 0,0,0 0,0,0 0,0,0 0,0,0 0,0,0