MODE 0
BALL 120
STARS 0/0/16765 35
ADDLINE 3,117,1 12,0,2 1,117,1 2,117,1 1,117,1 1,117,1 1,117,1 1,117,1 1,117,1
ADDLINE 1,118,1 0,0,0 12,0,2 1,118,1 1,118,1 4,118,1 1,118,1 1,118,1 4,118,1
ADDLINE 1,119,1 3,119,1 12,0,2 1,119,1 1,119,1 1,119,1 1,119,1 2,119,1 1,119,1
ADDLINE 5,131,1 1,131,1 0,0,0 12,0,2 0,0,0 0,0,0 1,131,1 4,131,1 2,131,1
ADDLINE 1,132,1 1,132,1 1,132,1 0,0,0 0,0,0 12,0,2 1,132,1 1,132,1 1,132,1
ADDLINE 1,144,1 1,144,1 1,144,1 0,0,0 0,0,0 12,0,2 0,0,0 4,144,1 1,144,1
ADDLINE 1,156,1 5,156,1 1,156,1 1,156,1 5,156,1 0,0,0 12,0,2 3,156,1 1,156,1
ADDLINE 4,169,1 1,169,1 1,169,1 1,169,1 1,169,1 0,0,0 12,0,2 0,0,0 0,0,0
ADDLINE 1,136,1 1,136,1 0,0,0 0,0,0 12,0,2 0,0,0 0,0,0 0,0,0 0,0,0
ADDLINE 1,149,1 1,149,1 3,149,1 0,0,0 1,149,1 1,149,1 1,149,1 12,0,2 0,0,0
ADDLINE 2,162,1 1,162,1 1,162,1 0,0,0 3,162,1 4,162,1 1,162,1 12,0,2 1,162,1
ADDLINE 0,0,0 12,0,2 1,175,1 0,0,0 1,175,1 1,175,1 1,175,1 0,0,0 1,175,1
ADDLINE 1,140,1 5,140,1 1,140,1 12,0,2 2,140,1 1,140,1 1,140,1 1,140,1 1,140,1
ADDLINE 1,154,1 0,0,0 0,0,0 0,0,0 0,0,0 12,0,2 0,0,0 0,0,0 0,0,0
ADDLINE 2,167,1 0,0,0 1,167,1 1,167,1 1,167,1 1,167,1 4,167,1 12,0,2 1,167,1
ADDLINE 1,180,1 0,0,0 1,180,1 1,180,1 1,180,1 3,180,1 1,180,1 12,0,2 3,180,1
ADDLINE 1,145,1 5,145,1 1,145,1 4,145,1 1,145,1 1,145,1 1,145,1 12,0,2 1,145,1
ADDLINE 1,158,1 0,0,0 1,158,1 4,158,1 1,158,1 1,158,1 1,158,1 12,0,2 5,158,1
ADDLINE 4,172,1 1,172,1 1,172,1 1,172,1 1,172,1 5,172,1 1,172,1 12,0,2 1,172,1
ADDLINE 1,186,1 1,186,1 4,186,1 1,186,1 0,0,0 12,0,2 0,0,0 0,0,0 2,186,1
ADDLINE 1,149,1 1,149,1 1,149,1 1,149,1 12,0,2 1,149,1 1,149,1 2,149,1 1,149,1
ADDLINE 1,163,1 1,163,1 1,163,1 1,163,1 0,0,0 0,0,0 0,0,0 12,0,2 1,163,1
ADDLINE 1,177,1 2,177,1 1,177,1 1,177,1 0,0,0 0,0,0 12,0,2 0,0,0 3,177,1
ADDLINE 1,192,1 1,192,1 1,192,1 1,192,1 12,0,2 4,192,1 4,192,1 1,192,1 1,192,1
ADDLINE 1,154,1 2,154,1 1,154,1 1,154,1 0,0,0 0,0,0 12,0,2 0,0,0 0,0,0
ADDLINE 3,168,1 3,168,1 1,168,1 1,168,1 1,168,1 1,168,1 2,168,1 12,0,2 0,0,0
ADDLINE 1,182,1 1,182,1 1,182,1 1,182,1 1,182,1 1,182,1 4,182,1 12,0,2 1,182,1
ADDLINE 1,197,1 1,197,1 1,197,1 12,0,2 2,197,1 1,197,1 1,197,1 5,197,1 1,197,1
ADDLINE 1,158,1 1,158,1 1,158,1 0,0,0 0,0,0 12,0,2 0,0,0 1,158,1 1,158,1
ADDLINE 1,173,1 1,173,1 3,173,1 3,173,1 1,173,1 2,173,1 12,0,2 0,0,0 0,0,0
ADDLINE 5,188,1 1,188,1 1,188,1 3,188,1 1,188,1 1,188,1 1,188,1 1,188,1 12,0,2
ADDLINE 1,203,1 3,203,1 2,203,1 1,203,1 1,203,1 1,203,1 1,203,1 12,0,2 0,0,0
ADDLINE 2,162,1 1,162,1 1,162,1 5,162,1 1,162,1 1,162,1 1,162,1 12,0,2 0,0,0
ADDLINE 4,178,1 1,178,1 4,178,1 2,178,1 0,0,0 12,0,2 0,0,0 0,0,0 0,0,0
ADDLINE 1,193,1 1,193,1 1,193,1 1,193,1 0,0,0 0,0,0 12,0,2 0,0,0 0,0,0
ADDLINE 5,208,1 1,208,1 1,208,1 1,208,1 1,208,1 1,208,1 0,0,0 12,0,2 0,0,0
4,105,1 1,105,1 12,0,2 1,105,1 1,105,1 1,105,1 1,105,1 19,105,1 1,105,1
1,104,1 1,104,1 12,0,2 0,0,0 0,0,0 0,0,0 0,0,0 4,104,1 0,0,0
1,103,1 2,103,1 5,103,1 1,103,1 1,103,1 6,103,1 1,103,1 1,103,1 12,0,2
20,102,1 0,0,0 0,0,0 0,0,0 12,0,2 1,102,1 0,0,0 1,102,1 1,102,1
2,101,1 1,101,1 1,101,1 1,101,1 1,101,1 1,101,1 2,101,1 1,101,1 12,0,2
0,0,0 5,100,1 9,0,2 1,100,1 0,0,0 1,100,1 12,0,2 1,100,1 0,0,0
0,0,0 0,0,0 0,0,0 0,0,0 0,0,0 0,0,0 0,0,0 0,0,0 0,0,0
0,0,0 0,0,0 0,0,0 0,0,0 0,0,0 0,0,0 0,0,0 0,0,0 0,0,0
0,0,0 0,0,0 0,0,0 0,0,0 0,0,0 0,0,0 0,0,0 0,0,0 0,0,0