MODE 0
BALL 120
STARS 0/0/16275 35
ADDLINE 1,117,1 1,117,1 1,117,1 1,117,1 1,117,1 1,117,1 1,117,1 1,117,1 12,0,2
ADDLINE 1,118,1 1,118,1 1,118,1 11,0,2 12,0,2 0,0,0 0,0,0 0,0,0 0,0,0
ADDLINE 1,119,1 1,119,1 1,119,1 0,0,0 11,0,2 12,0,2 1,119,1 1,119,1 1,119,1
ADDLINE 1,131,1 1,131,1 7,0,2 1,131,1 1,131,1 0,0,0 12,0,2 1,131,1 1,131,1
ADDLINE 1,132,1 1,132,1 1,132,1 1,132,1 1,132,1 1,132,1 0,0,0 12,0,2 1,132,1
ADDLINE 1,144,1 1,144,1 19,144,1 10,0,2 0,0,0 1,144,1 12,0,2 1,144,1 1,144,1
ADDLINE 1,312,1 1,312,1 0,0,0 12,0,2 19,156,1 1,312,1 1,312,1 1,312,1 1,312,1
ADDLINE 1,169,1 1,169,1 12,0,2 1,338,1 1,338,1 1,338,1 1,169,1 1,169,1 1,169,1
ADDLINE 1,136,1 1,136,1 0,0,0 12,0,2 1,136,1 1,136,1 1,136,1 1,136,1 1,136,1
ADDLINE 0,0,0 0,0,0 1,149,1 12,0,2 0,0,0 0,0,0 1,298,1 11,0,2 0,0,0
ADDLINE 1,162,1 1,162,1 1,162,1 1,162,1 1,162,1 1,162,1 1,324,1 12,0,2 1,162,1
ADDLINE 1,175,1 0,0,0 0,0,0 0,0,0 12,0,2 0,0,0 1,175,1 0,0,0 1,175,1
ADDLINE 1,140,1 11,0,2 1,280,1 12,0,2 1,280,1 0,0,0 1,140,1 1,140,1 1,140,1
ADDLINE 1,308,1 0,0,0 1,308,1 10,0,2 1,308,1 0,0,0 0,0,0 12,0,2 1,308,1
ADDLINE 1,167,1 0,0,0 1,334,1 0,0,0 1,334,1 1,167,1 1,167,1 12,0,2 1,167,1
ADDLINE 1,360,1 10,0,2 1,360,1 12,0,2 1,360,1 1,360,1 1,360,1 1,360,1 0,0,0
ADDLINE 1,290,1 1,290,1 1,290,1 12,0,2 1,290,1 1,290,1 19,145,1 1,290,1 1,290,1
ADDLINE 0,0,0 0,0,0 1,316,1 0,0,0 1,316,1 12,0,2 1,316,1 0,0,0 1,158,1
ADDLINE 12,0,2 1,172,1 1,344,1 20,172,1 1,344,1 1,344,1 1,172,1 1,172,1 1,172,1
ADDLINE 0,0,0 1,372,1 1,372,1 12,0,2 7,0,2 0,0,0 1,186,1 1,186,1 1,186,1
ADDLINE 1,149,1 1,298,1 17,149,1 1,298,1 0,0,0 12,0,2 1,298,1 1,298,1 1,149,1
ADDLINE 0,0,0 1,326,1 1,326,1 0,0,0 12,0,2 1,163,1 1,326,1 20,163,1 1,163,1
ADDLINE 12,0,2 1,177,1 1,177,1 1,177,1 1,177,1 1,177,1 1,354,1 1,354,1 1,354,1
ADDLINE 0,0,0 12,0,2 1,192,1 1,192,1 1,192,1 1,192,1 1,192,1 1,384,1 17,192,1
ADDLINE 1,154,1 12,0,2 1,154,1 1,154,1 1,154,1 1,154,1 1,154,1 1,308,1 1,308,1
ADDLINE 1,168,1 12,0,2 1,168,1 1,168,1 1,168,1 1,168,1 1,168,1 1,168,1 1,168,1
ADDLINE 1,182,1 0,0,0 1,364,1 1,364,1 1,364,1 0,0,0 12,0,2 0,0,0 1,182,1
ADDLINE 1,197,1 1,197,1 1,394,1 20,197,1 1,394,1 1,197,1 1,197,1 1,197,1 12,0,2
ADDLINE 1,158,1 1,158,1 1,316,1 1,316,1 0,0,0 0,0,0 0,0,0 12,0,2 0,0,0
ADDLINE 1,173,1 1,173,1 1,173,1 1,173,1 0,0,0 0,0,0 0,0,0 12,0,2 0,0,0
ADDLINE 1,188,1 1,188,1 1,188,1 1,188,1 1,188,1 1,188,1 1,188,1 1,188,1 12,0,2
ADDLINE 1,406,1 1,406,1 1,203,1 1,406,1 11,0,2 0,0,0 12,0,2 0,0,0 0,0,0
ADDLINE 19,162,1 1,324,1 1,324,1 1,324,1 8,0,2 12,0,2 1,324,1 1,324,1 1,324,1
ADDLINE 1,356,1 1,356,1 1,178,1 1,178,1 1,178,1 12,0,2 1,178,1 1,178,1 1,178,1
ADDLINE 1,193,1 1,193,1 1,193,1 1,193,1 0,0,0 12,0,2 1,193,1 1,193,1 1,193,1
ADDLINE 1,208,1 1,208,1 1,208,1 0,0,0 12,0,2 1,208,1 1,208,1 1,208,1 1,208,1
1,21,1 1,105,1 1,105,1 0,0,0 1,105,1 12,0,2 20,105,1 1,105,1 1,105,1
11,0,2 1,104,1 20,104,1 1,104,1 1,104,1 0,0,0 1,104,1 12,0,2 1,104,1
1,20,1 17,103,1 1,103,1 1,103,1 1,103,1 1,103,1 1,103,1 12,0,2 1,103,1
0,0,0 0,0,0 1,102,1 0,0,0 0,0,0 0,0,0 0,0,0 12,0,2 1,102,1
1,101,1 12,0,2 5,101,1 1,101,1 1,101,1 1,101,1 1,101,1 16,101,1 1,101,1
1,100,1 0,0,0 0,0,0 0,0,0 1,100,1 12,0,2 0,0,0 0,0,0 0,0,0
0,0,0 0,0,0 0,0,0 0,0,0 0,0,0 0,0,0 0,0,0 0,0,0 0,0,0
0,0,0 0,0,0 0,0,0 0,0,0 0,0,0 0,0,0 0,0,0 0,0,0 0,0,0
0,0,0 0,0,0 0,0,0 0,0,0 0,0,0 0,0,0 0,0,0 0,0,0 0,0,0