MODE 0
BALL 120
STARS 0/0/15470 35
ADDLINE 2,117,1 4,117,1 1,117,1 3,117,1 4,117,1 1,117,1 1,117,1 1,117,1 12,0,2
ADDLINE 1,118,1 1,118,1 1,118,1 1,118,1 1,118,1 1,118,1 1,118,1 12,0,2 0,0,0
ADDLINE 1,119,1 1,119,1 0,0,0 12,0,2 0,0,0 0,0,0 0,0,0 0,0,0 1,119,1
ADDLINE 1,131,1 2,131,1 0,0,0 0,0,0 12,0,2 1,131,1 1,131,1 1,131,1 1,131,1
ADDLINE 4,132,1 1,132,1 1,132,1 5,132,1 0,0,0 12,0,2 1,132,1 1,132,1 1,132,1
ADDLINE 1,144,1 1,144,1 1,144,1 1,144,1 1,144,1 8,0,2 12,0,2 1,144,1 1,144,1
ADDLINE 3,156,1 7,0,2 1,312,1 1,156,1 0,0,0 0,0,0 12,0,2 4,156,1 1,156,1
ADDLINE 1,169,1 1,338,1 1,338,1 1,169,1 0,0,0 12,0,2 1,169,1 5,169,1 1,169,1
ADDLINE 1,136,1 1,136,1 1,136,1 1,136,1 3,136,1 0,0,0 12,0,2 1,136,1 1,136,1
ADDLINE 3,149,1 12,0,2 1,149,1 5,149,1 1,149,1 2,149,1 1,149,1 3,149,1 1,149,1
ADDLINE 0,0,0 0,0,0 1,324,1 8,0,2 1,324,1 12,0,2 0,0,0 0,0,0 0,0,0
ADDLINE 1,175,1 1,175,1 1,175,1 0,0,0 1,175,1 12,0,2 1,175,1 0,0,0 1,175,1
ADDLINE 3,140,1 0,0,0 1,140,1 0,0,0 0,0,0 0,0,0 2,140,1 12,0,2 1,140,1
ADDLINE 1,154,1 0,0,0 1,154,1 12,0,2 1,154,1 1,154,1 1,154,1 0,0,0 1,154,1
ADDLINE 1,167,1 0,0,0 0,0,0 12,0,2 0,0,0 0,0,0 5,167,1 0,0,0 1,167,1
ADDLINE 1,180,1 5,180,1 5,180,1 1,180,1 1,180,1 1,180,1 1,180,1 12,0,2 2,180,1
ADDLINE 0,0,0 0,0,0 0,0,0 0,0,0 0,0,0 0,0,0 0,0,0 12,0,2 1,145,1
ADDLINE 3,158,1 1,158,1 0,0,0 1,158,1 1,158,1 1,158,1 12,0,2 1,158,1 1,158,1
ADDLINE 1,172,1 12,0,2 1,172,1 1,172,1 4,172,1 1,172,1 2,172,1 1,172,1 1,172,1
ADDLINE 1,186,1 12,0,2 5,186,1 5,186,1 1,186,1 1,186,1 1,186,1 1,186,1 1,186,1
ADDLINE 11,0,2 12,0,2 1,149,1 1,149,1 1,149,1 2,149,1 1,149,1 1,149,1 4,149,1
ADDLINE 10,0,2 0,0,0 12,0,2 0,0,0 1,326,1 1,326,1 1,326,1 1,326,1 1,326,1
ADDLINE 0,0,0 12,0,2 0,0,0 0,0,0 1,177,1 1,177,1 1,177,1 5,177,1 1,177,1
ADDLINE 0,0,0 12,0,2 0,0,0 8,0,2 1,384,1 1,384,1 1,384,1 1,384,1 1,384,1
ADDLINE 1,154,1 1,308,1 11,0,2 12,0,2 5,154,1 1,154,1 1,154,1 1,154,1 1,154,1
ADDLINE 1,168,1 1,336,1 12,0,2 0,0,0 0,0,0 0,0,0 0,0,0 0,0,0 0,0,0
ADDLINE 3,182,1 1,182,1 1,182,1 2,182,1 1,182,1 1,182,1 0,0,0 12,0,2 0,0,0
ADDLINE 1,197,1 12,0,2 1,197,1 3,197,1 1,197,1 1,197,1 1,197,1 1,197,1 1,197,1
ADDLINE 1,158,1 12,0,2 1,158,1 3,158,1 5,158,1 4,158,1 5,158,1 1,158,1 1,158,1
ADDLINE 1,173,1 12,0,2 1,173,1 4,173,1 1,173,1 1,173,1 1,173,1 1,173,1 1,173,1
ADDLINE 1,188,1 0,0,0 0,0,0 12,0,2 1,188,1 1,376,1 1,376,1 1,376,1 1,188,1
ADDLINE 1,406,1 1,406,1 1,406,1 0,0,0 0,0,0 12,0,2 10,0,2 1,406,1 1,406,1
ADDLINE 5,162,1 1,162,1 1,162,1 1,162,1 1,162,1 0,0,0 12,0,2 1,324,1 3,162,1
ADDLINE 1,178,1 1,178,1 1,178,1 1,178,1 1,178,1 0,0,0 12,0,2 0,0,0 0,0,0
ADDLINE 1,193,1 5,193,1 1,193,1 4,193,1 3,193,1 1,193,1 0,0,0 12,0,2 0,0,0
ADDLINE 1,416,1 1,416,1 1,416,1 1,416,1 1,416,1 8,0,2 12,0,2 1,416,1 1,416,1
2,105,1 11,0,2 1,105,1 0,0,0 1,105,1 1,105,1 5,105,1 12,0,2 1,105,1
1,104,1 12,0,2 1,104,1 0,0,0 7,0,2 0,0,0 1,104,1 0,0,0 0,0,0
1,103,1 0,0,0 1,103,1 12,0,2 1,103,1 0,0,0 1,103,1 3,103,1 1,103,1
1,102,1 0,0,0 1,102,1 0,0,0 4,102,1 12,0,2 0,0,0 0,0,0 3,102,1
1,101,1 0,0,0 19,101,1 1,101,1 1,101,1 12,0,2 1,101,1 0,0,0 1,101,1
1,100,1 0,0,0 1,100,1 0,0,0 0,0,0 0,0,0 1,100,1 12,0,2 1,100,1
0,0,0 0,0,0 0,0,0 0,0,0 0,0,0 0,0,0 0,0,0 0,0,0 0,0,0
0,0,0 0,0,0 0,0,0 0,0,0 0,0,0 0,0,0 0,0,0 0,0,0 0,0,0
0,0,0 0,0,0 0,0,0 0,0,0 0,0,0 0,0,0 0,0,0 0,0,0 0,0,0