MODE 0
BALL 120
STARS 0/0/16590 35
ADDLINE 1,117,1 0,0,0 0,0,0 12,0,2 5,117,1 2,117,1 1,117,1 4,117,1 2,117,1
ADDLINE 0,0,0 1,118,1 1,118,1 12,0,2 1,118,1 1,118,1 1,118,1 1,118,1 1,118,1
ADDLINE 0,0,0 1,119,1 1,119,1 12,0,2 0,0,0 0,0,0 1,119,1 1,119,1 1,119,1
ADDLINE 0,0,0 1,131,1 1,131,1 1,131,1 12,0,2 0,0,0 1,131,1 1,131,1 1,131,1
ADDLINE 0,0,0 1,132,1 4,132,1 1,132,1 12,0,2 5,132,1 1,132,1 2,132,1 1,132,1
ADDLINE 0,0,0 1,144,1 2,144,1 12,0,2 0,0,0 1,144,1 5,144,1 1,144,1 1,144,1
ADDLINE 0,0,0 1,156,1 12,0,2 4,156,1 1,156,1 1,156,1 1,156,1 1,156,1 1,156,1
ADDLINE 2,169,1 0,0,0 12,0,2 1,169,1 1,169,1 1,169,1 1,169,1 1,169,1 2,169,1
ADDLINE 5,136,1 0,0,0 0,0,0 1,136,1 1,136,1 1,136,1 4,136,1 12,0,2 1,136,1
ADDLINE 1,149,1 1,149,1 5,149,1 1,149,1 1,149,1 12,0,2 1,149,1 3,149,1 1,149,1
ADDLINE 1,162,1 0,0,0 0,0,0 12,0,2 0,0,0 0,0,0 1,162,1 4,162,1 1,162,1
ADDLINE 3,175,1 0,0,0 0,0,0 12,0,2 1,175,1 1,175,1 1,175,1 1,175,1 1,175,1
ADDLINE 1,140,1 1,140,1 1,140,1 0,0,0 12,0,2 0,0,0 0,0,0 4,140,1 1,140,1
ADDLINE 3,154,1 1,154,1 4,154,1 1,154,1 1,154,1 1,154,1 0,0,0 12,0,2 1,154,1
ADDLINE 2,167,1 2,167,1 1,167,1 1,167,1 1,167,1 1,167,1 1,167,1 12,0,2 0,0,0
ADDLINE 1,180,1 1,180,1 1,180,1 1,180,1 1,180,1 0,0,0 12,0,2 0,0,0 0,0,0
ADDLINE 0,0,0 12,0,2 0,0,0 0,0,0 0,0,0 0,0,0 5,145,1 2,145,1 3,145,1
ADDLINE 0,0,0 0,0,0 12,0,2 1,158,1 1,158,1 1,158,1 3,158,1 1,158,1 1,158,1
ADDLINE 12,0,2 1,172,1 1,172,1 3,172,1 2,172,1 1,172,1 4,172,1 1,172,1 1,172,1
ADDLINE 0,0,0 0,0,0 0,0,0 0,0,0 0,0,0 0,0,0 12,0,2 0,0,0 1,186,1
ADDLINE 1,149,1 1,149,1 1,149,1 1,149,1 1,149,1 2,149,1 1,149,1 12,0,2 1,149,1
ADDLINE 1,163,1 5,163,1 1,163,1 1,163,1 4,163,1 1,163,1 1,163,1 12,0,2 0,0,0
ADDLINE 1,177,1 1,177,1 4,177,1 1,177,1 5,177,1 1,177,1 12,0,2 0,0,0 0,0,0
ADDLINE 1,192,1 1,192,1 1,192,1 1,192,1 1,192,1 3,192,1 12,0,2 1,192,1 1,192,1
ADDLINE 1,154,1 1,154,1 1,154,1 2,154,1 1,154,1 1,154,1 12,0,2 1,154,1 3,154,1
ADDLINE 1,168,1 1,168,1 1,168,1 1,168,1 1,168,1 2,168,1 0,0,0 12,0,2 0,0,0
ADDLINE 1,182,1 1,182,1 5,182,1 0,0,0 0,0,0 0,0,0 0,0,0 12,0,2 0,0,0
ADDLINE 3,197,1 1,197,1 1,197,1 1,197,1 1,197,1 5,197,1 5,197,1 1,197,1 12,0,2
ADDLINE 1,158,1 1,158,1 1,158,1 1,158,1 1,158,1 1,158,1 2,158,1 1,158,1 12,0,2
ADDLINE 1,173,1 2,173,1 1,173,1 1,173,1 3,173,1 1,173,1 0,0,0 12,0,2 0,0,0
ADDLINE 1,188,1 2,188,1 4,188,1 1,188,1 1,188,1 1,188,1 0,0,0 12,0,2 0,0,0
ADDLINE 1,203,1 1,203,1 1,203,1 1,203,1 2,203,1 1,203,1 5,203,1 1,203,1 12,0,2
ADDLINE 1,162,1 1,162,1 5,162,1 1,162,1 1,162,1 12,0,2 0,0,0 0,0,0 0,0,0
ADDLINE 1,178,1 0,0,0 0,0,0 0,0,0 0,0,0 12,0,2 4,178,1 1,178,1 3,178,1
ADDLINE 0,0,0 12,0,2 1,193,1 1,193,1 1,193,1 1,193,1 4,193,1 3,193,1 2,193,1
ADDLINE 12,0,2 1,208,1 1,208,1 1,208,1 1,208,1 1,208,1 1,208,1 1,208,1 1,208,1
4,105,1 1,105,1 1,105,1 15,0,2 8,0,2 12,0,2 1,105,1 1,105,1 1,105,1
5,104,1 1,104,1 1,104,1 0,0,0 0,0,0 12,0,2 1,104,1 1,104,1 1,104,1
1,103,1 4,103,1 1,103,1 1,103,1 2,103,1 0,0,0 12,0,2 1,103,1 5,103,1
14,0,2 0,0,0 0,0,0 0,0,0 0,0,0 12,0,2 22,0,2 1,102,1 1,102,1
12,0,2 1,101,1 1,101,1 2,101,1 2,101,1 3,101,1 1,101,1 1,101,1 1,101,1
12,0,2 1,100,1 5,100,1 21,100,1 1,100,1 1,100,1 1,100,1 1,100,1 1,100,1
0,0,0 0,0,0 0,0,0 0,0,0 0,0,0 0,0,0 0,0,0 0,0,0 0,0,0
0,0,0 0,0,0 0,0,0 0,0,0 0,0,0 0,0,0 0,0,0 0,0,0 0,0,0
0,0,0 0,0,0 0,0,0 0,0,0 0,0,0 0,0,0 0,0,0 0,0,0 0,0,0