MODE 0
BALL 120
STARS 0/0/16730 35
ADDLINE 1,117,1 1,117,1 1,117,1 1,117,1 1,117,1 2,117,1 12,0,2 1,117,1 5,117,1
ADDLINE 1,118,1 20,118,1 1,118,1 1,118,1 0,0,0 0,0,0 12,0,2 1,118,1 1,118,1
ADDLINE 1,119,1 17,119,1 1,119,1 3,119,1 12,0,2 0,0,0 0,0,0 0,0,0 0,0,0
ADDLINE 1,131,1 1,131,1 1,131,1 1,131,1 3,131,1 0,0,0 0,0,0 12,0,2 0,0,0
ADDLINE 0,0,0 12,0,2 1,132,1 1,132,1 1,132,1 1,132,1 1,132,1 1,132,1 16,132,1
ADDLINE 0,0,0 12,0,2 1,144,1 1,144,1 1,144,1 1,144,1 1,144,1 1,144,1 16,144,1
ADDLINE 1,156,1 12,0,2 1,156,1 1,156,1 1,156,1 1,156,1 1,156,1 1,156,1 1,156,1
ADDLINE 2,169,1 12,0,2 1,169,1 1,169,1 1,169,1 1,169,1 4,169,1 2,169,1 1,169,1
ADDLINE 1,136,1 0,0,0 12,0,2 1,136,1 1,136,1 5,136,1 5,136,1 1,272,1 1,272,1
ADDLINE 1,298,1 0,0,0 1,298,1 1,298,1 1,298,1 1,298,1 12,0,2 1,298,1 19,149,1
ADDLINE 4,162,1 0,0,0 2,162,1 12,0,2 1,162,1 1,162,1 1,162,1 1,324,1 1,324,1
ADDLINE 1,175,1 0,0,0 1,175,1 12,0,2 0,0,0 0,0,0 0,0,0 0,0,0 1,175,1
ADDLINE 5,140,1 0,0,0 1,140,1 1,140,1 1,140,1 1,140,1 4,140,1 12,0,2 1,140,1
ADDLINE 16,154,1 0,0,0 1,308,1 1,308,1 1,308,1 12,0,2 1,308,1 1,308,1 1,308,1
ADDLINE 1,167,1 0,0,0 1,167,1 2,167,1 1,167,1 4,167,1 1,167,1 12,0,2 1,167,1
ADDLINE 0,0,0 12,0,2 1,180,1 0,0,0 0,0,0 0,0,0 5,180,1 0,0,0 1,180,1
ADDLINE 1,145,1 1,145,1 1,145,1 0,0,0 1,145,1 0,0,0 4,145,1 12,0,2 2,145,1
ADDLINE 12,0,2 0,0,0 0,0,0 0,0,0 1,158,1 0,0,0 1,158,1 0,0,0 0,0,0
ADDLINE 1,344,1 1,344,1 1,344,1 16,172,1 12,0,2 1,344,1 1,344,1 1,344,1 1,344,1
ADDLINE 1,186,1 1,186,1 1,186,1 3,186,1 12,0,2 1,186,1 1,186,1 2,186,1 5,186,1
ADDLINE 1,149,1 1,149,1 1,149,1 1,149,1 0,0,0 12,0,2 1,149,1 1,298,1 1,298,1
ADDLINE 1,163,1 1,163,1 1,163,1 0,0,0 0,0,0 12,0,2 3,163,1 1,326,1 17,163,1
ADDLINE 0,0,0 0,0,0 0,0,0 12,0,2 1,177,1 1,177,1 1,177,1 1,354,1 1,354,1
ADDLINE 0,0,0 0,0,0 0,0,0 0,0,0 12,0,2 5,192,1 1,192,1 1,192,1 4,192,1
ADDLINE 5,154,1 1,154,1 1,154,1 1,154,1 0,0,0 0,0,0 12,0,2 0,0,0 0,0,0
ADDLINE 1,168,1 3,168,1 1,168,1 1,168,1 1,168,1 1,168,1 1,168,1 1,168,1 12,0,2
ADDLINE 3,182,1 4,182,1 1,364,1 1,364,1 1,364,1 1,182,1 1,182,1 12,0,2 0,0,0
ADDLINE 12,0,2 1,197,1 1,394,1 17,197,1 1,394,1 1,197,1 1,197,1 1,197,1 2,197,1
ADDLINE 0,0,0 12,0,2 1,316,1 1,316,1 1,316,1 4,158,1 1,158,1 1,158,1 1,158,1
ADDLINE 1,346,1 0,0,0 1,346,1 12,0,2 1,346,1 16,173,1 1,346,1 1,346,1 1,346,1
ADDLINE 1,188,1 0,0,0 0,0,0 12,0,2 0,0,0 1,188,1 1,188,1 4,188,1 1,188,1
ADDLINE 1,406,1 0,0,0 12,0,2 1,406,1 1,406,1 1,406,1 1,406,1 16,203,1 1,406,1
ADDLINE 2,162,1 1,162,1 0,0,0 0,0,0 12,0,2 1,162,1 1,162,1 3,162,1 1,162,1
ADDLINE 1,178,1 1,178,1 1,178,1 0,0,0 12,0,2 1,178,1 1,178,1 1,178,1 1,178,1
ADDLINE 1,193,1 4,193,1 3,193,1 0,0,0 0,0,0 0,0,0 12,0,2 1,193,1 1,193,1
ADDLINE 2,208,1 1,208,1 4,208,1 1,416,1 1,416,1 1,416,1 12,0,2 1,208,1 1,208,1
5,105,1 0,0,0 1,105,1 0,0,0 1,105,1 12,0,2 1,105,1 0,0,0 1,105,1
3,104,1 1,104,1 4,104,1 1,104,1 16,104,1 12,0,2 1,104,1 1,104,1 1,104,1
12,0,2 0,0,0 0,0,0 1,103,1 1,103,1 1,103,1 1,103,1 0,0,0 0,0,0
3,102,1 1,102,1 1,102,1 1,102,1 1,102,1 0,0,0 1,102,1 12,0,2 1,102,1
0,0,0 1,101,1 20,101,1 1,101,1 10,0,2 12,0,2 1,101,1 0,0,0 0,0,0
1,100,1 1,100,1 1,100,1 0,0,0 2,100,1 12,0,2 17,100,1 1,100,1 1,100,1
0,0,0 0,0,0 0,0,0 0,0,0 0,0,0 0,0,0 0,0,0 0,0,0 0,0,0
0,0,0 0,0,0 0,0,0 0,0,0 0,0,0 0,0,0 0,0,0 0,0,0 0,0,0
0,0,0 0,0,0 0,0,0 0,0,0 0,0,0 0,0,0 0,0,0 0,0,0 0,0,0