MODE 0
BALL 120
STARS 0/0/15645 35
ADDLINE 1,117,1 1,117,1 1,117,1 1,117,1 1,117,1 1,117,1 1,117,1 12,0,2 1,117,1
ADDLINE 1,118,1 1,118,1 1,118,1 1,118,1 7,0,2 0,0,0 12,0,2 0,0,0 1,118,1
ADDLINE 1,119,1 1,119,1 1,119,1 1,119,1 0,0,0 0,0,0 12,0,2 10,0,2 0,0,0
ADDLINE 1,131,1 1,131,1 1,131,1 1,131,1 1,131,1 1,131,1 1,131,1 1,131,1 12,0,2
ADDLINE 1,132,1 1,132,1 1,132,1 1,132,1 1,132,1 1,132,1 1,132,1 12,0,2 0,0,0
ADDLINE 1,144,1 1,144,1 1,144,1 1,144,1 1,144,1 0,0,0 12,0,2 0,0,0 1,144,1
ADDLINE 1,312,1 1,312,1 0,0,0 12,0,2 0,0,0 10,0,2 1,312,1 1,312,1 1,312,1
ADDLINE 1,169,1 1,169,1 12,0,2 1,169,1 1,338,1 1,338,1 1,338,1 1,169,1 1,169,1
ADDLINE 1,136,1 1,136,1 0,0,0 12,0,2 1,136,1 1,136,1 1,272,1 1,272,1 1,136,1
ADDLINE 1,149,1 12,0,2 0,0,0 0,0,0 1,149,1 0,0,0 0,0,0 7,0,2 0,0,0
ADDLINE 1,162,1 1,162,1 1,162,1 12,0,2 1,162,1 1,162,1 1,324,1 1,324,1 1,162,1
ADDLINE 12,0,2 0,0,0 1,350,1 8,0,2 1,350,1 0,0,0 1,350,1 0,0,0 0,0,0
ADDLINE 1,140,1 0,0,0 1,140,1 0,0,0 1,140,1 0,0,0 1,140,1 12,0,2 1,140,1
ADDLINE 1,154,1 0,0,0 1,154,1 12,0,2 1,154,1 0,0,0 1,154,1 0,0,0 0,0,0
ADDLINE 1,167,1 0,0,0 1,167,1 0,0,0 1,167,1 12,0,2 1,167,1 1,167,1 1,167,1
ADDLINE 1,180,1 0,0,0 1,180,1 0,0,0 0,0,0 0,0,0 0,0,0 12,0,2 1,180,1
ADDLINE 1,145,1 0,0,0 1,145,1 1,145,1 1,290,1 12,0,2 1,290,1 1,145,1 1,145,1
ADDLINE 1,316,1 12,0,2 1,316,1 0,0,0 1,316,1 10,0,2 1,316,1 0,0,0 0,0,0
ADDLINE 1,172,1 1,172,1 1,172,1 12,0,2 1,344,1 1,344,1 1,344,1 1,172,1 1,172,1
ADDLINE 1,372,1 8,0,2 12,0,2 0,0,0 1,372,1 1,372,1 1,372,1 1,372,1 1,372,1
ADDLINE 0,0,0 12,0,2 1,149,1 1,149,1 1,149,1 1,149,1 1,149,1 1,149,1 1,149,1
ADDLINE 0,0,0 12,0,2 1,163,1 1,163,1 1,163,1 1,163,1 1,163,1 1,163,1 1,163,1
ADDLINE 10,0,2 12,0,2 1,354,1 1,354,1 1,354,1 1,354,1 1,354,1 1,354,1 1,354,1
ADDLINE 1,384,1 0,0,0 8,0,2 12,0,2 0,0,0 0,0,0 0,0,0 0,0,0 0,0,0
ADDLINE 1,154,1 1,154,1 1,154,1 1,154,1 1,154,1 1,154,1 1,154,1 1,154,1 12,0,2
ADDLINE 1,168,1 1,168,1 1,168,1 1,168,1 1,168,1 1,168,1 1,168,1 1,168,1 12,0,2
ADDLINE 1,364,1 1,364,1 1,364,1 1,364,1 1,364,1 0,0,0 12,0,2 8,0,2 0,0,0
ADDLINE 1,197,1 1,197,1 1,197,1 1,197,1 1,197,1 1,197,1 12,0,2 1,197,1 1,197,1
ADDLINE 1,316,1 1,316,1 1,316,1 1,316,1 1,316,1 1,316,1 12,0,2 0,0,0 8,0,2
ADDLINE 1,173,1 1,173,1 1,173,1 1,173,1 1,173,1 1,173,1 1,173,1 1,173,1 12,0,2
ADDLINE 1,188,1 1,188,1 1,188,1 1,188,1 1,188,1 1,188,1 1,188,1 1,188,1 12,0,2
ADDLINE 1,203,1 1,203,1 1,203,1 1,203,1 1,203,1 1,203,1 1,203,1 1,203,1 12,0,2
ADDLINE 1,162,1 1,162,1 1,162,1 1,162,1 1,162,1 1,162,1 1,324,1 12,0,2 0,0,0
ADDLINE 1,178,1 0,0,0 0,0,0 0,0,0 0,0,0 0,0,0 12,0,2 7,0,2 1,178,1
ADDLINE 1,193,1 0,0,0 12,0,2 1,193,1 1,386,1 1,386,1 1,386,1 1,386,1 1,193,1
ADDLINE 1,416,1 1,416,1 0,0,0 12,0,2 0,0,0 10,0,2 1,416,1 1,416,1 1,416,1
1,105,1 0,0,0 1,105,1 0,0,0 1,105,1 1,105,1 1,105,1 12,0,2 1,105,1
1,104,1 0,0,0 1,104,1 0,0,0 20,104,1 0,0,0 12,0,2 0,0,0 1,104,1
1,103,1 0,0,0 1,103,1 12,0,2 1,103,1 11,0,2 1,103,1 0,0,0 1,103,1
1,102,1 0,0,0 1,102,1 12,0,2 1,102,1 0,0,0 1,102,1 0,0,0 1,102,1
1,101,1 0,0,0 1,101,1 0,0,0 1,101,1 8,0,2 1,101,1 12,0,2 1,101,1
0,0,0 0,0,0 1,100,1 0,0,0 1,100,1 0,0,0 1,100,1 12,0,2 1,100,1
0,0,0 0,0,0 0,0,0 0,0,0 0,0,0 0,0,0 0,0,0 0,0,0 0,0,0
0,0,0 0,0,0 0,0,0 0,0,0 0,0,0 0,0,0 0,0,0 0,0,0 0,0,0
0,0,0 0,0,0 0,0,0 0,0,0 0,0,0 0,0,0 0,0,0 0,0,0 0,0,0