MODE 0
BALL 120
STARS 0/0/16730 35
ADDLINE 1,117,1 12,0,2 1,117,1 1,117,1 1,117,1 1,117,1 1,117,1 1,117,1 1,117,1
ADDLINE 2,118,1 0,0,0 12,0,2 0,0,0 0,0,0 1,118,1 1,118,1 1,118,1 2,118,1
ADDLINE 1,119,1 1,119,1 5,119,1 1,119,1 12,0,2 4,119,1 4,119,1 1,119,1 1,119,1
ADDLINE 0,0,0 0,0,0 12,0,2 0,0,0 0,0,0 1,131,1 1,131,1 1,131,1 1,131,1
ADDLINE 0,0,0 12,0,2 0,0,0 0,0,0 0,0,0 1,132,1 5,132,1 1,132,1 1,132,1
ADDLINE 4,144,1 4,144,1 1,144,1 1,144,1 12,0,2 1,144,1 1,144,1 1,144,1 2,144,1
ADDLINE 1,156,1 1,156,1 1,156,1 3,156,1 0,0,0 12,0,2 0,0,0 1,156,1 1,156,1
ADDLINE 1,169,1 5,169,1 1,169,1 1,169,1 5,169,1 0,0,0 12,0,2 3,169,1 1,169,1
ADDLINE 1,136,1 1,136,1 2,136,1 1,136,1 0,0,0 12,0,2 1,136,1 1,136,1 1,136,1
ADDLINE 1,149,1 4,149,1 1,149,1 0,0,0 0,0,0 12,0,2 1,149,1 1,149,1 2,149,1
ADDLINE 0,0,0 0,0,0 12,0,2 0,0,0 1,162,1 0,0,0 0,0,0 0,0,0 5,162,1
ADDLINE 12,0,2 0,0,0 1,175,1 1,175,1 1,175,1 1,175,1 1,175,1 0,0,0 0,0,0
ADDLINE 12,0,2 1,140,1 5,140,1 1,140,1 1,140,1 1,140,1 2,140,1 1,140,1 0,0,0
ADDLINE 12,0,2 1,154,1 1,154,1 1,154,1 1,154,1 1,154,1 3,154,1 2,154,1 0,0,0
ADDLINE 0,0,0 1,167,1 1,167,1 1,167,1 1,167,1 12,0,2 0,0,0 0,0,0 0,0,0
ADDLINE 0,0,0 12,0,2 2,180,1 1,180,1 3,180,1 0,0,0 0,0,0 0,0,0 1,180,1
ADDLINE 0,0,0 12,0,2 1,145,1 1,145,1 2,145,1 1,145,1 1,145,1 0,0,0 0,0,0
ADDLINE 12,0,2 0,0,0 1,158,1 1,158,1 1,158,1 1,158,1 4,158,1 0,0,0 0,0,0
ADDLINE 1,172,1 1,172,1 1,172,1 12,0,2 5,172,1 1,172,1 1,172,1 1,172,1 2,172,1
ADDLINE 4,186,1 1,186,1 4,186,1 0,0,0 12,0,2 0,0,0 1,186,1 1,186,1 1,186,1
ADDLINE 0,0,0 0,0,0 0,0,0 12,0,2 0,0,0 0,0,0 1,149,1 1,149,1 1,149,1
ADDLINE 0,0,0 12,0,2 5,163,1 1,163,1 1,163,1 1,163,1 5,163,1 1,163,1 2,163,1
ADDLINE 1,177,1 0,0,0 12,0,2 0,0,0 0,0,0 1,177,1 3,177,1 1,177,1 1,177,1
ADDLINE 1,192,1 2,192,1 1,192,1 1,192,1 0,0,0 12,0,2 1,192,1 1,192,1 1,192,1
ADDLINE 1,154,1 4,154,1 1,154,1 0,0,0 0,0,0 12,0,2 1,154,1 1,154,1 1,154,1
ADDLINE 1,168,1 1,168,1 2,168,1 0,0,0 12,0,2 1,168,1 1,168,1 1,168,1 4,168,1
ADDLINE 1,182,1 1,182,1 2,182,1 1,182,1 12,0,2 1,182,1 1,182,1 3,182,1 1,182,1
ADDLINE 1,197,1 1,197,1 1,197,1 1,197,1 2,197,1 1,197,1 12,0,2 1,197,1 1,197,1
ADDLINE 1,158,1 1,158,1 1,158,1 4,158,1 1,158,1 0,0,0 12,0,2 2,158,1 1,158,1
ADDLINE 5,173,1 0,0,0 0,0,0 0,0,0 12,0,2 0,0,0 1,173,1 1,173,1 5,173,1
ADDLINE 0,0,0 12,0,2 5,188,1 3,188,1 1,188,1 3,188,1 1,188,1 1,188,1 1,188,1
ADDLINE 12,0,2 1,203,1 1,203,1 4,203,1 1,203,1 1,203,1 1,203,1 4,203,1 1,203,1
ADDLINE 0,0,0 0,0,0 12,0,2 1,162,1 1,162,1 1,162,1 1,162,1 1,162,1 1,162,1
ADDLINE 0,0,0 12,0,2 0,0,0 1,178,1 1,178,1 4,178,1 5,178,1 1,178,1 1,178,1
ADDLINE 0,0,0 12,0,2 2,193,1 1,193,1 1,193,1 1,193,1 1,193,1 1,193,1 2,193,1
ADDLINE 1,208,1 0,0,0 12,0,2 0,0,0 0,0,0 1,208,1 1,208,1 1,208,1 1,208,1
5,105,1 1,105,1 0,0,0 0,0,0 12,0,2 7,0,2 1,105,1 1,105,1 1,105,1
1,104,1 1,104,1 12,0,2 3,104,1 1,104,1 1,104,1 2,104,1 1,104,1 3,104,1
5,103,1 1,103,1 12,0,2 1,103,1 1,103,1 6,103,1 1,103,1 1,103,1 1,103,1
0,0,0 12,0,2 11,0,2 1,102,1 1,102,1 2,102,1 5,102,1 5,102,1 1,102,1
12,0,2 16,101,1 1,101,1 1,101,1 1,101,1 2,101,1 1,101,1 1,101,1 1,101,1
12,0,2 1,100,1 21,100,1 1,100,1 1,100,1 3,100,1 1,100,1 3,100,1 1,100,1
0,0,0 0,0,0 0,0,0 0,0,0 0,0,0 0,0,0 0,0,0 0,0,0 0,0,0
0,0,0 0,0,0 0,0,0 0,0,0 0,0,0 0,0,0 0,0,0 0,0,0 0,0,0
0,0,0 0,0,0 0,0,0 0,0,0 0,0,0 0,0,0 0,0,0 0,0,0 0,0,0