MODE 0
BALL 120
STARS 0/0/16975 35
ADDLINE 1,117,1 1,117,1 12,0,2 1,117,1 1,117,1 1,117,1 3,117,1 1,117,1 1,117,1
ADDLINE 1,118,1 5,118,1 0,0,0 0,0,0 12,0,2 0,0,0 0,0,0 1,118,1 1,118,1
ADDLINE 1,119,1 1,119,1 1,119,1 2,119,1 3,119,1 1,119,1 0,0,0 12,0,2 5,119,1
ADDLINE 4,131,1 3,131,1 1,131,1 1,131,1 0,0,0 0,0,0 12,0,2 0,0,0 1,131,1
ADDLINE 1,132,1 1,132,1 0,0,0 12,0,2 0,0,0 1,132,1 1,132,1 4,132,1 1,132,1
ADDLINE 1,144,1 1,144,1 12,0,2 1,144,1 5,144,1 1,144,1 1,144,1 5,144,1 1,144,1
ADDLINE 2,156,1 1,156,1 0,0,0 12,0,2 1,156,1 1,156,1 1,156,1 1,156,1 1,156,1
ADDLINE 1,169,1 5,169,1 1,169,1 0,0,0 12,0,2 1,169,1 1,169,1 2,169,1 4,169,1
ADDLINE 1,136,1 0,0,0 0,0,0 0,0,0 12,0,2 1,136,1 1,136,1 1,136,1 4,136,1
ADDLINE 1,149,1 1,149,1 1,149,1 1,149,1 1,149,1 1,149,1 12,0,2 1,149,1 1,149,1
ADDLINE 12,0,2 1,162,1 5,162,1 2,162,1 1,162,1 1,162,1 0,0,0 1,162,1 0,0,0
ADDLINE 0,0,0 1,175,1 2,175,1 4,175,1 1,175,1 1,175,1 12,0,2 1,175,1 4,175,1
ADDLINE 3,140,1 0,0,0 12,0,2 1,140,1 1,140,1 1,140,1 0,0,0 0,0,0 0,0,0
ADDLINE 1,154,1 2,154,1 1,154,1 1,154,1 0,0,0 2,154,1 12,0,2 5,154,1 1,154,1
ADDLINE 0,0,0 0,0,0 12,0,2 1,167,1 0,0,0 1,167,1 0,0,0 1,167,1 1,167,1
ADDLINE 1,180,1 1,180,1 2,180,1 1,180,1 12,0,2 2,180,1 1,180,1 1,180,1 1,180,1
ADDLINE 1,145,1 1,145,1 1,145,1 1,145,1 12,0,2 4,145,1 0,0,0 0,0,0 0,0,0
ADDLINE 1,158,1 1,158,1 1,158,1 1,158,1 12,0,2 1,158,1 1,158,1 4,158,1 3,158,1
ADDLINE 1,172,1 1,172,1 1,172,1 4,172,1 12,0,2 1,172,1 1,172,1 1,172,1 1,172,1
ADDLINE 3,186,1 0,0,0 12,0,2 0,0,0 0,0,0 2,186,1 1,186,1 1,186,1 1,186,1
ADDLINE 1,149,1 12,0,2 1,149,1 2,149,1 1,149,1 1,149,1 1,149,1 1,149,1 3,149,1
ADDLINE 1,163,1 0,0,0 12,0,2 0,0,0 1,163,1 5,163,1 1,163,1 3,163,1 3,163,1
ADDLINE 1,177,1 1,177,1 1,177,1 0,0,0 12,0,2 0,0,0 1,177,1 1,177,1 1,177,1
ADDLINE 1,192,1 1,192,1 2,192,1 0,0,0 12,0,2 0,0,0 1,192,1 1,192,1 1,192,1
ADDLINE 1,154,1 1,154,1 3,154,1 0,0,0 12,0,2 1,154,1 1,154,1 1,154,1 1,154,1
ADDLINE 0,0,0 12,0,2 0,0,0 0,0,0 0,0,0 2,168,1 1,168,1 1,168,1 4,168,1
ADDLINE 0,0,0 0,0,0 0,0,0 0,0,0 12,0,2 2,182,1 1,182,1 1,182,1 1,182,1
ADDLINE 4,197,1 1,197,1 12,0,2 1,197,1 1,197,1 1,197,1 1,197,1 1,197,1 3,197,1
ADDLINE 1,158,1 1,158,1 0,0,0 0,0,0 12,0,2 1,158,1 1,158,1 5,158,1 1,158,1
ADDLINE 1,173,1 1,173,1 1,173,1 1,173,1 0,0,0 12,0,2 0,0,0 5,173,1 4,173,1
ADDLINE 2,188,1 1,188,1 1,188,1 1,188,1 1,188,1 1,188,1 0,0,0 12,0,2 0,0,0
ADDLINE 1,203,1 1,203,1 1,203,1 1,203,1 2,203,1 1,203,1 1,203,1 3,203,1 12,0,2
ADDLINE 3,162,1 1,162,1 1,162,1 1,162,1 4,162,1 1,162,1 1,162,1 12,0,2 0,0,0
ADDLINE 1,178,1 1,178,1 5,178,1 2,178,1 1,178,1 1,178,1 2,178,1 12,0,2 0,0,0
ADDLINE 1,193,1 1,193,1 1,193,1 3,193,1 0,0,0 0,0,0 0,0,0 12,0,2 0,0,0
ADDLINE 1,208,1 0,0,0 12,0,2 0,0,0 0,0,0 1,208,1 1,208,1 1,208,1 1,208,1
1,105,1 0,0,0 3,105,1 1,105,1 1,105,1 1,105,1 1,105,1 12,0,2 3,105,1
1,104,1 12,0,2 5,104,1 1,104,1 1,104,1 2,104,1 1,104,1 16,104,1 1,104,1
1,103,1 12,0,2 1,103,1 1,103,1 2,103,1 1,103,1 1,103,1 5,103,1 1,103,1
1,102,1 12,0,2 2,102,1 6,102,1 1,102,1 1,102,1 1,102,1 10,0,2 15,0,2
1,101,1 12,0,2 4,101,1 1,101,1 1,101,1 1,101,1 2,101,1 1,101,1 3,101,1
1,100,1 14,0,2 0,0,0 12,0,2 0,0,0 0,0,0 0,0,0 0,0,0 0,0,0
0,0,0 0,0,0 0,0,0 0,0,0 0,0,0 0,0,0 0,0,0 0,0,0 0,0,0
0,0,0 0,0,0 0,0,0 0,0,0 0,0,0 0,0,0 0,0,0 0,0,0 0,0,0
0,0,0 0,0,0 0,0,0 0,0,0 0,0,0 0,0,0 0,0,0 0,0,0 0,0,0