MODE 0
BALL 120
STARS 0/0/16310 35
ADDLINE 1,117,1 1,117,1 1,117,1 1,117,1 1,117,1 12,0,2 1,117,1 1,117,1 1,117,1
ADDLINE 2,118,1 3,118,1 1,118,1 1,118,1 1,118,1 0,0,0 12,0,2 1,118,1 1,118,1
ADDLINE 1,119,1 1,119,1 1,119,1 1,119,1 5,119,1 0,0,0 12,0,2 3,119,1 1,119,1
ADDLINE 5,131,1 20,131,1 1,131,1 1,131,1 1,131,1 11,0,2 12,0,2 3,131,1 1,131,1
ADDLINE 1,132,1 1,132,1 0,0,0 0,0,0 0,0,0 0,0,0 12,0,2 1,132,1 1,132,1
ADDLINE 1,144,1 1,144,1 0,0,0 1,144,1 12,0,2 8,0,2 1,144,1 1,144,1 1,144,1
ADDLINE 1,156,1 1,156,1 1,312,1 17,156,1 1,312,1 0,0,0 0,0,0 12,0,2 0,0,0
ADDLINE 1,169,1 1,169,1 1,338,1 1,338,1 1,338,1 4,169,1 12,0,2 0,0,0 0,0,0
ADDLINE 2,136,1 1,136,1 1,136,1 3,136,1 0,0,0 0,0,0 12,0,2 1,136,1 1,136,1
ADDLINE 1,149,1 0,0,0 4,149,1 5,149,1 1,149,1 12,0,2 1,149,1 0,0,0 1,149,1
ADDLINE 1,324,1 0,0,0 1,324,1 12,0,2 1,324,1 1,324,1 1,324,1 1,324,1 16,162,1
ADDLINE 1,175,1 1,175,1 1,175,1 0,0,0 1,175,1 12,0,2 3,175,1 0,0,0 1,350,1
ADDLINE 1,140,1 0,0,0 12,0,2 0,0,0 0,0,0 0,0,0 1,140,1 1,280,1 20,140,1
ADDLINE 1,154,1 0,0,0 1,154,1 1,154,1 3,154,1 2,154,1 5,154,1 12,0,2 1,308,1
ADDLINE 1,167,1 0,0,0 1,167,1 0,0,0 0,0,0 12,0,2 0,0,0 0,0,0 1,167,1
ADDLINE 1,180,1 1,180,1 1,180,1 12,0,2 1,180,1 2,180,1 5,180,1 1,180,1 1,180,1
ADDLINE 0,0,0 0,0,0 1,145,1 0,0,0 12,0,2 0,0,0 1,145,1 0,0,0 1,145,1
ADDLINE 7,0,2 0,0,0 5,158,1 1,158,1 1,158,1 0,0,0 1,158,1 12,0,2 4,158,1
ADDLINE 1,344,1 1,344,1 4,172,1 1,172,1 1,172,1 5,172,1 1,172,1 1,172,1 12,0,2
ADDLINE 1,372,1 1,372,1 1,372,1 1,372,1 1,372,1 1,372,1 1,372,1 12,0,2 8,0,2
ADDLINE 1,298,1 19,149,1 1,298,1 0,0,0 1,298,1 1,298,1 1,298,1 12,0,2 1,298,1
ADDLINE 1,163,1 1,326,1 0,0,0 0,0,0 12,0,2 4,163,1 1,163,1 1,163,1 1,163,1
ADDLINE 3,177,1 1,177,1 1,177,1 1,177,1 0,0,0 12,0,2 1,354,1 1,354,1 1,177,1
ADDLINE 1,384,1 1,384,1 1,384,1 1,384,1 1,384,1 0,0,0 12,0,2 19,192,1 1,384,1
ADDLINE 1,154,1 1,308,1 1,308,1 1,308,1 0,0,0 0,0,0 12,0,2 1,308,1 4,154,1
ADDLINE 1,336,1 1,336,1 19,168,1 1,336,1 8,0,2 12,0,2 1,336,1 1,336,1 1,336,1
ADDLINE 1,182,1 1,364,1 1,364,1 1,364,1 2,182,1 0,0,0 12,0,2 1,182,1 1,182,1
ADDLINE 5,197,1 1,394,1 1,394,1 1,394,1 1,197,1 1,197,1 1,197,1 4,197,1 12,0,2
ADDLINE 1,316,1 1,316,1 19,158,1 1,316,1 1,316,1 12,0,2 1,316,1 1,316,1 0,0,0
ADDLINE 1,173,1 1,346,1 1,346,1 1,346,1 1,346,1 0,0,0 12,0,2 0,0,0 1,346,1
ADDLINE 1,376,1 1,376,1 1,376,1 19,188,1 1,376,1 1,376,1 1,376,1 12,0,2 10,0,2
ADDLINE 1,406,1 1,406,1 1,406,1 1,406,1 1,406,1 1,406,1 10,0,2 12,0,2 0,0,0
ADDLINE 1,324,1 7,0,2 1,324,1 1,324,1 1,324,1 1,324,1 12,0,2 10,0,2 0,0,0
ADDLINE 1,356,1 1,356,1 1,356,1 1,356,1 1,356,1 0,0,0 12,0,2 0,0,0 10,0,2
ADDLINE 1,193,1 1,193,1 1,193,1 1,193,1 1,193,1 0,0,0 0,0,0 12,0,2 0,0,0
ADDLINE 1,208,1 1,208,1 5,208,1 1,208,1 3,208,1 0,0,0 12,0,2 0,0,0 0,0,0
1,105,1 7,0,2 17,105,1 12,0,2 0,0,0 0,0,0 1,105,1 8,0,2 1,105,1
1,104,1 0,0,0 1,104,1 1,104,1 1,104,1 5,104,1 1,104,1 12,0,2 1,104,1
0,0,0 1,103,1 1,103,1 0,0,0 1,103,1 0,0,0 0,0,0 12,0,2 4,103,1
1,102,1 20,102,1 1,102,1 0,0,0 1,102,1 12,0,2 21,102,1 1,102,1 1,102,1
1,101,1 0,0,0 1,101,1 0,0,0 10,0,2 0,0,0 0,0,0 12,0,2 0,0,0
4,100,1 0,0,0 4,100,1 12,0,2 1,100,1 1,100,1 1,100,1 1,100,1 1,100,1
0,0,0 0,0,0 0,0,0 0,0,0 0,0,0 0,0,0 0,0,0 0,0,0 0,0,0
0,0,0 0,0,0 0,0,0 0,0,0 0,0,0 0,0,0 0,0,0 0,0,0 0,0,0
0,0,0 0,0,0 0,0,0 0,0,0 0,0,0 0,0,0 0,0,0 0,0,0 0,0,0