MODE 0
BALL 120
STARS 0/0/16240 35
ADDLINE 4,117,1 1,117,1 1,117,1 1,117,1 12,0,2 2,117,1 1,117,1 1,117,1 1,117,1
ADDLINE 3,118,1 1,118,1 1,118,1 0,0,0 12,0,2 4,118,1 1,118,1 1,118,1 1,118,1
ADDLINE 0,0,0 0,0,0 12,0,2 0,0,0 1,119,1 1,119,1 1,119,1 1,119,1 2,119,1
ADDLINE 12,0,2 4,131,1 3,131,1 1,131,1 1,131,1 1,131,1 1,131,1 1,131,1 1,131,1
ADDLINE 12,0,2 1,132,1 4,132,1 1,132,1 1,132,1 1,132,1 2,132,1 1,132,1 1,132,1
ADDLINE 0,0,0 12,0,2 0,0,0 0,0,0 0,0,0 0,0,0 0,0,0 1,144,1 1,144,1
ADDLINE 1,156,1 5,156,1 4,156,1 2,156,1 1,156,1 0,0,0 12,0,2 1,156,1 1,156,1
ADDLINE 4,169,1 1,169,1 1,169,1 0,0,0 12,0,2 0,0,0 2,169,1 1,169,1 1,169,1
ADDLINE 1,136,1 1,136,1 1,136,1 0,0,0 0,0,0 12,0,2 1,136,1 1,136,1 1,136,1
ADDLINE 0,0,0 0,0,0 1,149,1 2,149,1 1,149,1 1,149,1 12,0,2 1,149,1 1,149,1
ADDLINE 5,162,1 0,0,0 1,162,1 1,162,1 3,162,1 1,162,1 12,0,2 1,162,1 1,162,1
ADDLINE 12,0,2 0,0,0 3,175,1 1,175,1 1,175,1 1,175,1 0,0,0 0,0,0 0,0,0
ADDLINE 12,0,2 0,0,0 1,140,1 1,140,1 3,140,1 1,140,1 1,140,1 0,0,0 0,0,0
ADDLINE 1,154,1 0,0,0 4,154,1 1,154,1 5,154,1 1,154,1 3,154,1 12,0,2 5,154,1
ADDLINE 1,167,1 1,167,1 0,0,0 1,167,1 1,167,1 1,167,1 1,167,1 12,0,2 1,167,1
ADDLINE 5,180,1 2,180,1 0,0,0 1,180,1 1,180,1 1,180,1 1,180,1 12,0,2 0,0,0
ADDLINE 1,145,1 0,0,0 0,0,0 0,0,0 12,0,2 0,0,0 0,0,0 0,0,0 0,0,0
ADDLINE 1,158,1 0,0,0 1,158,1 12,0,2 0,0,0 0,0,0 0,0,0 1,158,1 4,158,1
ADDLINE 1,172,1 0,0,0 0,0,0 12,0,2 1,172,1 1,172,1 1,172,1 4,172,1 1,172,1
ADDLINE 0,0,0 3,186,1 1,186,1 12,0,2 1,186,1 1,186,1 1,186,1 4,186,1 1,186,1
ADDLINE 0,0,0 1,149,1 1,149,1 12,0,2 0,0,0 0,0,0 1,149,1 2,149,1 1,149,1
ADDLINE 0,0,0 3,163,1 1,163,1 1,163,1 0,0,0 12,0,2 1,163,1 1,163,1 1,163,1
ADDLINE 0,0,0 2,177,1 1,177,1 1,177,1 12,0,2 1,177,1 1,177,1 1,177,1 3,177,1
ADDLINE 0,0,0 1,192,1 2,192,1 0,0,0 12,0,2 1,192,1 1,192,1 4,192,1 1,192,1
ADDLINE 0,0,0 1,154,1 12,0,2 3,154,1 1,154,1 1,154,1 1,154,1 5,154,1 5,154,1
ADDLINE 1,168,1 0,0,0 12,0,2 1,168,1 1,168,1 4,168,1 1,168,1 4,168,1 1,168,1
ADDLINE 1,182,1 0,0,0 12,0,2 1,182,1 1,182,1 1,182,1 1,182,1 0,0,0 1,182,1
ADDLINE 1,197,1 12,0,2 4,197,1 1,197,1 1,197,1 1,197,1 1,197,1 1,197,1 1,197,1
ADDLINE 0,0,0 12,0,2 1,158,1 1,158,1 2,158,1 5,158,1 1,158,1 4,158,1 1,158,1
ADDLINE 12,0,2 5,173,1 1,173,1 1,173,1 1,173,1 1,173,1 1,173,1 1,173,1 2,173,1
ADDLINE 0,0,0 0,0,0 0,0,0 12,0,2 4,188,1 1,188,1 2,188,1 1,188,1 1,188,1
ADDLINE 0,0,0 12,0,2 0,0,0 0,0,0 1,203,1 1,203,1 4,203,1 1,203,1 1,203,1
ADDLINE 0,0,0 0,0,0 0,0,0 0,0,0 12,0,2 3,162,1 1,162,1 1,162,1 1,162,1
ADDLINE 1,178,1 1,178,1 1,178,1 1,178,1 0,0,0 0,0,0 0,0,0 12,0,2 1,178,1
ADDLINE 1,193,1 4,193,1 3,193,1 1,193,1 1,193,1 1,193,1 0,0,0 12,0,2 1,193,1
ADDLINE 1,208,1 1,208,1 3,208,1 1,208,1 5,208,1 4,208,1 12,0,2 1,208,1 1,208,1
1,105,1 1,105,1 1,105,1 18,105,1 0,0,0 0,0,0 12,0,2 1,105,1 1,105,1
3,104,1 1,104,1 1,104,1 2,104,1 3,104,1 1,104,1 12,0,2 0,0,0 0,0,0
1,103,1 20,103,1 1,103,1 2,103,1 5,103,1 1,103,1 1,103,1 12,0,2 0,0,0
1,102,1 1,102,1 5,102,1 5,102,1 0,0,0 0,0,0 12,0,2 0,0,0 1,102,1
1,101,1 4,101,1 0,0,0 12,0,2 0,0,0 1,101,1 1,101,1 1,101,1 1,101,1
0,0,0 0,0,0 12,0,2 19,100,1 1,100,1 1,100,1 1,100,1 2,100,1 1,100,1
0,0,0 0,0,0 0,0,0 0,0,0 0,0,0 0,0,0 0,0,0 0,0,0 0,0,0
0,0,0 0,0,0 0,0,0 0,0,0 0,0,0 0,0,0 0,0,0 0,0,0 0,0,0
0,0,0 0,0,0 0,0,0 0,0,0 0,0,0 0,0,0 0,0,0 0,0,0 0,0,0