MODE 0
BALL 120
STARS 0/0/9240 35
ADDLINE 2,117,1 1,117,1 1,117,1 1,117,1 1,117,1 1,117,1 2,117,1 12,0,2 1,117,1
ADDLINE 1,118,1 1,118,1 1,118,1 1,118,1 1,118,1 5,118,1 1,118,1 12,0,2 4,118,1
ADDLINE 0,0,0 0,0,0 0,0,0 12,0,2 0,0,0 0,0,0 0,0,0 0,0,0 1,119,1
ADDLINE 12,0,2 3,131,1 1,131,1 1,131,1 2,131,1 1,131,1 1,131,1 2,131,1 1,131,1
ADDLINE 12,0,2 3,132,1 1,132,1 1,132,1 1,132,1 1,132,1 5,132,1 1,132,1 1,132,1
ADDLINE 0,0,0 12,0,2 0,0,0 1,144,1 1,144,1 1,144,1 1,144,1 1,144,1 5,144,1
ADDLINE 3,156,1 1,156,1 12,0,2 1,156,1 1,156,1 1,156,1 1,156,1 1,156,1 1,156,1
ADDLINE 1,169,1 4,169,1 12,0,2 1,169,1 3,169,1 1,169,1 1,169,1 5,169,1 1,169,1
ADDLINE 1,136,1 5,136,1 0,0,0 0,0,0 12,0,2 0,0,0 1,136,1 1,136,1 1,136,1
ADDLINE 12,0,2 2,149,1 1,149,1 5,149,1 1,149,1 1,149,1 2,149,1 3,149,1 1,149,1
ADDLINE 0,0,0 0,0,0 0,0,0 0,0,0 0,0,0 12,0,2 1,162,1 0,0,0 0,0,0
ADDLINE 1,175,1 1,175,1 1,175,1 1,175,1 1,175,1 12,0,2 1,175,1 1,175,1 0,0,0
ADDLINE 1,140,1 4,140,1 1,140,1 1,140,1 1,140,1 12,0,2 1,140,1 1,140,1 0,0,0
ADDLINE 3,154,1 1,154,1 0,0,0 0,0,0 0,0,0 0,0,0 0,0,0 12,0,2 0,0,0
ADDLINE 0,0,0 0,0,0 12,0,2 1,167,1 3,167,1 1,167,1 1,167,1 5,167,1 1,167,1
ADDLINE 12,0,2 1,180,1 3,180,1 1,180,1 4,180,1 1,180,1 1,180,1 1,180,1 1,180,1
ADDLINE 12,0,2 1,145,1 1,145,1 1,145,1 1,145,1 2,145,1 1,145,1 1,145,1 3,145,1
ADDLINE 0,0,0 12,0,2 0,0,0 0,0,0 1,158,1 1,158,1 1,158,1 1,158,1 2,158,1
ADDLINE 1,172,1 12,0,2 5,172,1 1,172,1 1,172,1 1,172,1 1,172,1 5,172,1 4,172,1
ADDLINE 3,186,1 0,0,0 12,0,2 0,0,0 0,0,0 4,186,1 1,186,1 1,186,1 1,186,1
ADDLINE 1,149,1 1,149,1 1,149,1 1,149,1 12,0,2 1,149,1 1,149,1 1,149,1 1,149,1
ADDLINE 0,0,0 0,0,0 12,0,2 0,0,0 0,0,0 1,163,1 1,163,1 3,163,1 1,163,1
ADDLINE 0,0,0 12,0,2 0,0,0 0,0,0 0,0,0 1,177,1 1,177,1 1,177,1 5,177,1
ADDLINE 1,192,1 1,192,1 2,192,1 2,192,1 12,0,2 1,192,1 1,192,1 1,192,1 1,192,1
ADDLINE 1,154,1 5,154,1 1,154,1 1,154,1 0,0,0 12,0,2 0,0,0 1,154,1 5,154,1
ADDLINE 2,168,1 1,168,1 1,168,1 1,168,1 1,168,1 0,0,0 12,0,2 1,168,1 1,168,1
ADDLINE 1,182,1 1,182,1 3,182,1 1,182,1 0,0,0 12,0,2 1,182,1 1,182,1 3,182,1
ADDLINE 1,197,1 1,197,1 1,197,1 1,197,1 5,197,1 1,197,1 1,197,1 12,0,2 1,197,1
ADDLINE 1,158,1 1,158,1 0,0,0 12,0,2 0,0,0 0,0,0 0,0,0 0,0,0 5,158,1
ADDLINE 2,173,1 1,173,1 0,0,0 12,0,2 1,173,1 1,173,1 1,173,1 3,173,1 1,173,1
ADDLINE 0,0,0 0,0,0 0,0,0 12,0,2 1,188,1 1,188,1 1,188,1 1,188,1 1,188,1
ADDLINE 0,0,0 12,0,2 1,203,1 1,203,1 2,203,1 1,203,1 5,203,1 1,203,1 1,203,1
ADDLINE 1,162,1 12,0,2 1,162,1 1,162,1 1,162,1 3,162,1 5,162,1 1,162,1 2,162,1
ADDLINE 1,178,1 12,0,2 1,178,1 5,178,1 1,178,1 1,178,1 1,178,1 1,178,1 1,178,1
ADDLINE 1,193,1 0,0,0 12,0,2 4,193,1 1,193,1 2,193,1 2,193,1 1,193,1 1,193,1
ADDLINE 1,208,1 0,0,0 12,0,2 4,208,1 1,208,1 1,208,1 1,208,1 5,208,1 1,208,1
3,105,1 1,105,1 1,105,1 1,105,1 4,105,1 0,0,0 12,0,2 0,0,0 0,0,0
1,104,1 6,104,1 0,0,0 0,0,0 12,0,2 0,0,0 1,104,1 1,2,1 1,104,1
1,103,1 1,103,1 0,0,0 0,0,0 12,0,2 0,0,0 6,103,1 1,2,1 1,103,1
1,102,1 1,102,1 6,102,1 0,0,0 22,0,2 12,0,2 1,102,1 1,2,1 1,102,1
1,101,1 1,101,1 1,101,1 12,0,2 12,0,2 3,101,1 1,101,1 1,2,1 1,101,1
0,0,0 8,0,2 1,100,1 1,100,1 1,100,1 1,100,1 1,100,1 1,2,1 4,100,1
0,0,0 0,0,0 0,0,0 0,0,0 0,0,0 0,0,0 0,0,0 0,0,0 0,0,0
0,0,0 0,0,0 0,0,0 0,0,0 0,0,0 0,0,0 0,0,0 0,0,0 0,0,0
0,0,0 0,0,0 0,0,0 0,0,0 0,0,0 0,0,0 0,0,0 0,0,0 0,0,0