MODE 0
BALL 50
STARS 0/0/2660 35
ADDLINE 1,54,1 0,0,0 12,0,2 1,54,1 0,0,0 0,0,0 1,54,1 0,0,0 0,0,0
ADDLINE 1,55,1 0,0,0 0,0,0 12,0,2 11,0,2 1,55,1 1,55,1 1,55,1 1,55,1
ADDLINE 1,62,1 1,62,1 1,62,1 1,62,1 12,0,2 0,0,0 1,62,1 1,62,1 0,0,0
ADDLINE 1,63,1 1,63,1 1,63,1 1,63,1 1,63,1 0,0,0 12,0,2 1,63,1 0,0,0
ADDLINE 1,64,1 1,64,1 1,64,1 1,64,1 1,64,1 8,0,2 12,0,2 1,64,1 0,0,0
ADDLINE 1,71,1 1,71,1 1,71,1 0,0,0 0,0,0 12,0,2 1,71,1 1,71,1 0,0,0
ADDLINE 1,68,1 1,68,1 1,68,1 12,0,2 1,68,1 1,68,1 1,68,1 0,0,0 1,68,1
ADDLINE 1,73,1 0,0,0 0,0,0 0,0,0 1,73,1 0,0,0 0,0,0 12,0,2 1,73,1
ADDLINE 0,0,0 11,0,2 1,94,1 1,94,1 12,0,2 0,0,0 1,94,1 1,94,1 1,94,1
0,0,0 0,0,0 0,0,0 5,62,1 1,62,1 1,62,1 1,62,1 1,62,1 12,0,2
0,0,0 1,60,1 0,0,0 12,0,2 0,0,0 12,0,2 0,0,0 1,60,1 1,60,1
1,1,1 1,62,1 0,0,0 0,0,0 0,0,0 0,0,0 0,0,0 0,0,0 1,62,1
1,1,1 1,128,1 12,0,2 1,128,1 12,0,2 1,128,1 16,64,1 1,128,1 1,128,1
1,1,1 1,60,1 8,0,2 1,60,1 1,60,1 1,60,1 1,60,1 1,60,1 1,60,1
1,1,1 1,58,1 1,58,1 1,58,1 0,0,0 0,0,0 0,0,0 0,0,0 0,0,0
0,0,0 0,0,0 0,0,0 0,0,0 0,0,0 0,0,0 0,0,0 0,0,0 0,0,0
0,0,0 0,0,0 0,0,0 0,0,0 0,0,0 0,0,0 0,0,0 0,0,0 0,0,0
0,0,0 0,0,0 0,0,0 0,0,0 0,0,0 0,0,0 0,0,0 0,0,0 0,0,0