MODE 0
BALL 120
STARS 0/0/15365 35
ADDLINE 1,117,1 1,117,1 1,117,1 1,117,1 8,0,2 12,0,2 1,117,1 1,117,1 1,117,1
ADDLINE 1,118,1 1,118,1 2,118,1 0,0,0 1,118,1 12,0,2 1,118,1 1,118,1 3,118,1
ADDLINE 3,119,1 4,119,1 0,0,0 1,119,1 1,119,1 12,0,2 1,119,1 1,119,1 1,119,1
ADDLINE 1,131,1 1,131,1 11,0,2 1,131,1 1,131,1 12,0,2 4,131,1 5,131,1 1,131,1
ADDLINE 0,0,0 12,0,2 1,132,1 1,132,1 1,132,1 3,132,1 1,132,1 1,132,1 1,132,1
ADDLINE 0,0,0 12,0,2 0,0,0 1,144,1 1,144,1 0,0,0 4,144,1 1,144,1 1,144,1
ADDLINE 1,156,1 3,156,1 1,156,1 0,0,0 1,156,1 0,0,0 0,0,0 12,0,2 0,0,0
ADDLINE 4,169,1 1,169,1 1,169,1 1,169,1 12,0,2 0,0,0 5,169,1 1,169,1 0,0,0
ADDLINE 1,136,1 1,136,1 5,136,1 1,136,1 1,136,1 1,136,1 1,136,1 12,0,2 0,0,0
ADDLINE 3,149,1 1,149,1 0,0,0 1,149,1 1,149,1 1,149,1 12,0,2 1,149,1 1,149,1
ADDLINE 0,0,0 0,0,0 0,0,0 0,0,0 0,0,0 12,0,2 0,0,0 0,0,0 4,162,1
ADDLINE 1,175,1 1,350,1 1,350,1 1,350,1 1,175,1 1,175,1 1,175,1 12,0,2 2,175,1
ADDLINE 0,0,0 12,0,2 10,0,2 0,0,0 0,0,0 0,0,0 0,0,0 0,0,0 1,280,1
ADDLINE 1,154,1 12,0,2 1,308,1 1,308,1 1,154,1 1,154,1 2,154,1 1,154,1 1,154,1
ADDLINE 3,167,1 0,0,0 1,167,1 0,0,0 0,0,0 0,0,0 12,0,2 0,0,0 0,0,0
ADDLINE 1,180,1 1,180,1 1,180,1 0,0,0 4,180,1 5,180,1 1,180,1 12,0,2 3,180,1
ADDLINE 1,145,1 0,0,0 0,0,0 0,0,0 1,145,1 0,0,0 12,0,2 0,0,0 1,145,1
ADDLINE 1,158,1 0,0,0 1,158,1 1,158,1 1,158,1 12,0,2 4,158,1 1,316,1 1,316,1
ADDLINE 8,0,2 12,0,2 1,344,1 0,0,0 1,344,1 1,344,1 1,344,1 1,344,1 7,0,2
ADDLINE 11,0,2 1,372,1 1,186,1 12,0,2 1,186,1 1,186,1 1,186,1 1,372,1 1,372,1
ADDLINE 0,0,0 0,0,0 0,0,0 12,0,2 1,149,1 2,149,1 4,149,1 1,149,1 1,149,1
ADDLINE 0,0,0 0,0,0 12,0,2 1,163,1 1,163,1 1,163,1 1,163,1 4,163,1 5,163,1
ADDLINE 0,0,0 4,177,1 0,0,0 12,0,2 1,177,1 1,177,1 1,177,1 1,177,1 1,177,1
ADDLINE 0,0,0 0,0,0 12,0,2 0,0,0 1,192,1 1,192,1 1,192,1 2,192,1 1,192,1
ADDLINE 0,0,0 0,0,0 0,0,0 12,0,2 0,0,0 5,154,1 1,154,1 1,154,1 1,154,1
ADDLINE 0,0,0 10,0,2 0,0,0 0,0,0 12,0,2 1,336,1 1,336,1 1,336,1 1,336,1
ADDLINE 0,0,0 12,0,2 0,0,0 0,0,0 1,182,1 1,182,1 2,182,1 1,182,1 1,182,1
ADDLINE 1,197,1 1,197,1 1,197,1 1,197,1 4,197,1 5,197,1 2,197,1 1,197,1 12,0,2
ADDLINE 1,158,1 1,158,1 1,158,1 1,158,1 0,0,0 0,0,0 12,0,2 0,0,0 0,0,0
ADDLINE 2,173,1 1,173,1 1,173,1 1,173,1 0,0,0 0,0,0 0,0,0 12,0,2 0,0,0
ADDLINE 4,188,1 1,188,1 2,188,1 1,188,1 1,188,1 3,188,1 1,188,1 1,188,1 12,0,2
ADDLINE 1,203,1 1,203,1 1,203,1 1,203,1 12,0,2 0,0,0 0,0,0 0,0,0 0,0,0
ADDLINE 3,162,1 1,162,1 4,162,1 1,162,1 0,0,0 12,0,2 1,162,1 1,162,1 1,162,1
ADDLINE 1,178,1 1,178,1 2,178,1 1,178,1 1,178,1 12,0,2 1,178,1 1,178,1 1,178,1
ADDLINE 1,193,1 1,193,1 3,193,1 2,193,1 0,0,0 12,0,2 3,193,1 5,193,1 1,193,1
ADDLINE 1,208,1 5,208,1 1,208,1 0,0,0 12,0,2 1,208,1 1,208,1 1,208,1 1,208,1
1,105,1 11,0,2 0,0,0 12,0,2 5,105,1 0,0,0 1,105,1 0,0,0 0,0,0
1,104,1 1,104,1 1,104,1 3,104,1 1,104,1 0,0,0 1,104,1 12,0,2 1,104,1
1,103,1 0,0,0 12,0,2 0,0,0 1,103,1 0,0,0 1,103,1 0,0,0 2,103,1
1,102,1 0,0,0 1,102,1 11,0,2 19,102,1 0,0,0 4,102,1 12,0,2 2,102,1
0,0,0 0,0,0 1,101,1 0,0,0 12,0,2 0,0,0 1,101,1 0,0,0 0,0,0
1,100,1 1,100,1 1,100,1 12,0,2 1,100,1 1,100,1 6,100,1 3,100,1 1,100,1
0,0,0 0,0,0 0,0,0 0,0,0 0,0,0 0,0,0 0,0,0 0,0,0 0,0,0
0,0,0 0,0,0 0,0,0 0,0,0 0,0,0 0,0,0 0,0,0 0,0,0 0,0,0
0,0,0 0,0,0 0,0,0 0,0,0 0,0,0 0,0,0 0,0,0 0,0,0 0,0,0