MODE 0
BALL 120
STARS 0/0/9100 35
ADDLINE 12,0,2 2,117,1 1,117,1 1,117,1 1,117,1 2,117,1 1,117,1 1,117,1 1,117,1
ADDLINE 0,0,0 0,0,0 0,0,0 12,0,2 0,0,0 0,0,0 5,118,1 1,118,1 1,118,1
ADDLINE 1,119,1 3,119,1 1,119,1 1,119,1 0,0,0 12,0,2 1,119,1 1,119,1 1,119,1
ADDLINE 0,0,0 0,0,0 0,0,0 0,0,0 12,0,2 3,131,1 1,131,1 1,131,1 4,131,1
ADDLINE 12,0,2 1,132,1 1,132,1 1,132,1 4,132,1 1,132,1 2,132,1 1,132,1 1,132,1
ADDLINE 0,0,0 12,0,2 2,144,1 1,144,1 1,144,1 1,144,1 1,144,1 1,144,1 1,144,1
ADDLINE 1,156,1 12,0,2 2,156,1 5,156,1 1,156,1 1,156,1 1,156,1 1,156,1 1,156,1
ADDLINE 1,169,1 12,0,2 1,169,1 1,169,1 1,169,1 1,169,1 1,169,1 5,169,1 1,169,1
ADDLINE 1,136,1 0,0,0 0,0,0 0,0,0 0,0,0 12,0,2 0,0,0 0,0,0 3,136,1
ADDLINE 0,0,0 0,0,0 12,0,2 1,149,1 1,149,1 3,149,1 1,149,1 0,0,0 0,0,0
ADDLINE 0,0,0 1,162,1 1,162,1 1,162,1 4,162,1 12,0,2 1,162,1 1,162,1 1,162,1
ADDLINE 0,0,0 12,0,2 1,175,1 3,175,1 5,175,1 0,0,0 1,175,1 1,175,1 1,175,1
ADDLINE 2,140,1 12,0,2 1,140,1 1,140,1 1,140,1 1,140,1 1,140,1 1,140,1 1,140,1
ADDLINE 1,154,1 0,0,0 1,154,1 5,154,1 3,154,1 12,0,2 1,154,1 1,154,1 1,154,1
ADDLINE 1,167,1 0,0,0 1,167,1 5,167,1 1,167,1 12,0,2 2,167,1 3,167,1 1,167,1
ADDLINE 1,180,1 0,0,0 0,0,0 0,0,0 0,0,0 0,0,0 0,0,0 12,0,2 1,180,1
ADDLINE 1,145,1 1,145,1 1,145,1 1,145,1 1,145,1 1,145,1 1,145,1 12,0,2 1,145,1
ADDLINE 3,158,1 0,0,0 1,158,1 3,158,1 5,158,1 0,0,0 12,0,2 0,0,0 2,158,1
ADDLINE 1,172,1 1,172,1 1,172,1 1,172,1 1,172,1 1,172,1 12,0,2 1,172,1 1,172,1
ADDLINE 1,186,1 1,186,1 1,186,1 4,186,1 1,186,1 2,186,1 12,0,2 1,186,1 2,186,1
ADDLINE 1,149,1 1,149,1 5,149,1 1,149,1 5,149,1 4,149,1 0,0,0 12,0,2 1,149,1
ADDLINE 1,163,1 1,163,1 1,163,1 1,163,1 1,163,1 1,163,1 1,163,1 12,0,2 5,163,1
ADDLINE 1,177,1 1,177,1 1,177,1 1,177,1 4,177,1 0,0,0 12,0,2 0,0,0 1,177,1
ADDLINE 0,0,0 0,0,0 0,0,0 0,0,0 12,0,2 0,0,0 1,192,1 5,192,1 2,192,1
ADDLINE 0,0,0 12,0,2 1,154,1 2,154,1 1,154,1 3,154,1 1,154,1 1,154,1 1,154,1
ADDLINE 0,0,0 12,0,2 5,168,1 1,168,1 1,168,1 1,168,1 1,168,1 1,168,1 1,168,1
ADDLINE 0,0,0 0,0,0 0,0,0 0,0,0 12,0,2 0,0,0 1,182,1 2,182,1 1,182,1
ADDLINE 1,197,1 5,197,1 1,197,1 2,197,1 12,0,2 1,197,1 2,197,1 1,197,1 4,197,1
ADDLINE 1,158,1 1,158,1 1,158,1 0,0,0 12,0,2 1,158,1 1,158,1 1,158,1 1,158,1
ADDLINE 1,173,1 1,173,1 1,173,1 12,0,2 1,173,1 5,173,1 4,173,1 1,173,1 1,173,1
ADDLINE 1,188,1 1,188,1 1,188,1 12,0,2 0,0,0 0,0,0 0,0,0 0,0,0 0,0,0
ADDLINE 1,203,1 1,203,1 1,203,1 1,203,1 5,203,1 1,203,1 1,203,1 1,203,1 12,0,2
ADDLINE 1,162,1 2,162,1 1,162,1 1,162,1 1,162,1 4,162,1 5,162,1 2,162,1 12,0,2
ADDLINE 2,178,1 1,178,1 1,178,1 1,178,1 1,178,1 1,178,1 1,178,1 3,178,1 12,0,2
ADDLINE 1,193,1 2,193,1 1,193,1 12,0,2 0,0,0 0,0,0 0,0,0 0,0,0 0,0,0
ADDLINE 1,208,1 1,208,1 4,208,1 12,0,2 1,208,1 1,208,1 3,208,1 1,208,1 1,208,1
5,105,1 0,0,0 12,0,2 0,0,0 0,0,0 0,0,0 0,0,0 0,0,0 17,105,1
17,104,1 15,0,2 1,104,1 1,104,1 1,104,1 12,0,2 1,104,1 1,104,1 1,104,1
1,103,1 12,0,2 1,103,1 0,0,0 1,103,1 0,0,0 3,103,1 0,0,0 0,0,0
4,102,1 1,102,1 3,102,1 12,0,2 18,102,1 1,102,1 1,102,1 1,102,1 1,102,1
0,0,0 1,101,1 12,0,2 1,101,1 12,0,2 1,101,1 14,0,2 0,0,0 3,101,1
1,100,1 5,100,1 1,100,1 1,100,1 1,100,1 1,100,1 1,100,1 0,0,0 1,100,1
0,0,0 0,0,0 0,0,0 0,0,0 0,0,0 0,0,0 0,0,0 0,0,0 0,0,0
0,0,0 0,0,0 0,0,0 0,0,0 0,0,0 0,0,0 0,0,0 0,0,0 0,0,0
0,0,0 0,0,0 0,0,0 0,0,0 0,0,0 0,0,0 0,0,0 0,0,0 0,0,0