MODE 0
BALL 120
STARS 0/0/9100 35
ADDLINE 1,117,1 1,117,1 1,117,1 12,0,2 1,117,1 2,117,1 1,117,1 1,117,1 3,117,1
ADDLINE 1,118,1 1,118,1 2,118,1 0,0,0 12,0,2 0,0,0 1,118,1 1,118,1 1,118,1
ADDLINE 0,0,0 12,0,2 0,0,0 0,0,0 0,0,0 0,0,0 4,119,1 1,119,1 1,119,1
ADDLINE 0,0,0 12,0,2 1,131,1 4,131,1 1,131,1 1,131,1 5,131,1 1,131,1 1,131,1
ADDLINE 19,132,1 1,132,1 0,0,0 1,132,1 12,0,2 1,132,1 1,132,1 1,132,1 1,132,1
ADDLINE 20,144,1 1,144,1 1,144,1 3,144,1 0,0,0 12,0,2 1,144,1 1,144,1 1,144,1
ADDLINE 1,312,1 20,156,1 1,312,1 0,0,0 0,0,0 12,0,2 1,156,1 2,156,1 5,156,1
ADDLINE 1,169,1 1,338,1 1,338,1 0,0,0 12,0,2 1,169,1 1,169,1 2,169,1 4,169,1
ADDLINE 1,136,1 1,136,1 1,136,1 1,136,1 12,0,2 1,136,1 1,272,1 1,272,1 1,136,1
ADDLINE 1,298,1 12,0,2 1,298,1 1,298,1 1,298,1 1,298,1 1,298,1 19,149,1 1,298,1
ADDLINE 1,324,1 1,324,1 1,324,1 1,324,1 16,162,1 1,324,1 1,324,1 12,0,2 0,0,0
ADDLINE 1,175,1 1,175,1 1,175,1 1,175,1 2,175,1 12,0,2 1,175,1 5,175,1 1,175,1
ADDLINE 0,0,0 0,0,0 0,0,0 0,0,0 12,0,2 0,0,0 1,140,1 0,0,0 1,140,1
ADDLINE 2,154,1 4,154,1 1,154,1 1,154,1 1,154,1 1,154,1 1,154,1 12,0,2 1,154,1
ADDLINE 1,167,1 0,0,0 12,0,2 0,0,0 5,167,1 0,0,0 0,0,0 0,0,0 0,0,0
ADDLINE 1,180,1 1,180,1 1,180,1 0,0,0 2,180,1 12,0,2 1,180,1 1,180,1 5,180,1
ADDLINE 12,0,2 0,0,0 1,145,1 0,0,0 1,145,1 0,0,0 1,145,1 0,0,0 0,0,0
ADDLINE 1,158,1 0,0,0 1,158,1 0,0,0 1,158,1 12,0,2 3,158,1 0,0,0 3,158,1
ADDLINE 1,172,1 1,172,1 1,172,1 1,172,1 1,172,1 3,172,1 2,172,1 1,172,1 12,0,2
ADDLINE 1,372,1 1,372,1 1,372,1 1,372,1 1,372,1 16,186,1 1,372,1 1,372,1 12,0,2
ADDLINE 1,149,1 3,149,1 1,149,1 1,149,1 1,149,1 1,149,1 5,149,1 1,149,1 12,0,2
ADDLINE 1,163,1 4,163,1 1,163,1 12,0,2 0,0,0 0,0,0 0,0,0 0,0,0 0,0,0
ADDLINE 2,177,1 1,177,1 1,177,1 0,0,0 12,0,2 0,0,0 0,0,0 0,0,0 1,354,1
ADDLINE 1,384,1 1,384,1 1,384,1 1,384,1 1,384,1 1,384,1 1,384,1 12,0,2 19,192,1
ADDLINE 1,154,1 1,154,1 5,154,1 0,0,0 12,0,2 0,0,0 0,0,0 1,308,1 1,308,1
ADDLINE 1,336,1 1,336,1 0,0,0 12,0,2 1,336,1 1,336,1 1,336,1 16,168,1 1,336,1
ADDLINE 0,0,0 12,0,2 0,0,0 3,182,1 1,182,1 1,182,1 1,182,1 1,182,1 1,182,1
ADDLINE 1,197,1 1,197,1 5,197,1 1,197,1 1,197,1 1,197,1 4,197,1 12,0,2 1,394,1
ADDLINE 1,316,1 1,316,1 1,316,1 1,316,1 1,316,1 1,316,1 0,0,0 12,0,2 19,158,1
ADDLINE 1,173,1 1,346,1 0,0,0 0,0,0 12,0,2 0,0,0 0,0,0 1,346,1 1,346,1
ADDLINE 1,376,1 19,188,1 1,376,1 12,0,2 1,376,1 1,376,1 1,376,1 1,376,1 1,376,1
ADDLINE 1,203,1 1,406,1 1,406,1 12,0,2 1,203,1 1,203,1 1,203,1 1,203,1 3,203,1
ADDLINE 1,162,1 5,162,1 0,0,0 12,0,2 1,162,1 1,162,1 1,162,1 1,162,1 4,162,1
ADDLINE 1,178,1 1,178,1 0,0,0 12,0,2 0,0,0 1,178,1 1,178,1 5,178,1 1,178,1
ADDLINE 1,193,1 1,193,1 2,193,1 1,193,1 0,0,0 0,0,0 12,0,2 1,193,1 1,193,1
ADDLINE 1,208,1 5,208,1 4,208,1 1,416,1 1,416,1 1,416,1 12,0,2 1,208,1 1,208,1
1,105,1 0,0,0 1,105,1 1,105,1 1,105,1 12,0,2 3,105,1 0,0,0 1,105,1
2,104,1 0,0,0 0,0,0 1,104,1 20,104,1 12,0,2 1,104,1 0,0,0 0,0,0
1,103,1 1,103,1 1,103,1 0,0,0 1,103,1 12,0,2 1,103,1 1,103,1 1,103,1
1,102,1 20,102,1 1,102,1 1,102,1 5,102,1 12,0,2 10,0,2 0,0,0 0,0,0
1,101,1 1,101,1 1,101,1 1,101,1 1,101,1 1,101,1 1,101,1 12,0,2 1,101,1
21,100,1 0,0,0 0,0,0 0,0,0 0,0,0 0,0,0 1,100,1 12,0,2 0,0,0
0,0,0 0,0,0 0,0,0 0,0,0 0,0,0 0,0,0 0,0,0 0,0,0 0,0,0
0,0,0 0,0,0 0,0,0 0,0,0 0,0,0 0,0,0 0,0,0 0,0,0 0,0,0
0,0,0 0,0,0 0,0,0 0,0,0 0,0,0 0,0,0 0,0,0 0,0,0 0,0,0