MODE 0
BALL 50
STARS 0/0/2695 35
ADDLINE 1,51,1 0,0,0 1,51,1 1,51,1 1,51,1 12,0,2 1,51,1 1,51,1 1,51,1
ADDLINE 1,55,1 8,0,2 1,55,1 12,0,2 1,55,1 0,0,0 1,55,1 0,0,0 0,0,0
ADDLINE 1,59,1 1,59,1 1,59,1 1,59,1 1,59,1 12,0,2 20,59,1 0,0,0 1,59,1
ADDLINE 0,0,0 0,0,0 0,0,0 12,0,2 0,0,0 0,0,0 1,63,1 1,63,1 1,63,1
ADDLINE 1,64,1 0,0,0 1,64,1 1,64,1 1,64,1 12,0,2 1,64,1 0,0,0 1,64,1
ADDLINE 1,71,1 0,0,0 8,0,2 12,0,2 0,0,0 0,0,0 1,71,1 1,71,1 1,71,1
ADDLINE 1,72,1 0,0,0 1,72,1 12,0,2 1,72,1 1,72,1 1,72,1 0,0,0 1,72,1
ADDLINE 0,0,0 0,0,0 0,0,0 0,0,0 9,0,2 0,0,0 1,73,1 12,0,2 0,0,0
ADDLINE 1,89,1 1,89,1 1,89,1 12,0,2 1,89,1 0,0,0 1,89,1 1,89,1 1,89,1
1,72,1 6,72,1 1,72,1 0,0,0 1,72,1 2,72,1 9,0,2 12,0,2 1,72,1
1,70,1 1,70,1 1,70,1 12,0,2 1,70,1 1,70,1 0,0,0 0,0,0 1,70,1
0,0,0 12,0,2 0,0,0 5,66,1 1,66,1 4,66,1 3,66,1 0,0,0 0,0,0
0,0,0 1,64,1 1,64,1 12,0,2 4,64,1 3,64,1 1,64,1 1,64,1 0,0,0
1,120,1 1,120,1 16,60,1 0,0,0 3,120,1 1,120,1 1,120,1 1,120,1 12,0,2
0,0,0 1,58,1 1,58,1 0,0,0 0,0,0 0,0,0 0,0,0 1,58,1 12,0,2
0,0,0 0,0,0 0,0,0 0,0,0 0,0,0 0,0,0 0,0,0 0,0,0 0,0,0
0,0,0 0,0,0 0,0,0 0,0,0 0,0,0 0,0,0 0,0,0 0,0,0 0,0,0
0,0,0 0,0,0 0,0,0 0,0,0 0,0,0 0,0,0 0,0,0 0,0,0 0,0,0