MODE 0
BALL 120
STARS 0/0/9625 35
ADDLINE 1,117,1 5,117,1 12,0,2 2,117,1 1,117,1 1,117,1 1,117,1 5,117,1 1,117,1
ADDLINE 1,118,1 1,118,1 12,0,2 1,118,1 1,118,1 4,118,1 1,118,1 1,118,1 1,118,1
ADDLINE 1,119,1 0,0,0 12,0,2 4,119,1 1,119,1 2,119,1 1,119,1 1,119,1 1,119,1
ADDLINE 1,131,1 0,0,0 12,0,2 3,131,1 1,131,1 1,131,1 2,131,1 1,131,1 1,131,1
ADDLINE 1,132,1 1,132,1 12,0,2 1,132,1 1,132,1 1,132,1 4,132,1 1,132,1 1,132,1
ADDLINE 1,144,1 0,0,0 12,0,2 1,144,1 1,144,1 1,144,1 2,144,1 4,144,1 3,144,1
ADDLINE 1,156,1 12,0,2 1,156,1 1,156,1 1,156,1 4,156,1 1,156,1 1,156,1 2,156,1
ADDLINE 2,169,1 0,0,0 12,0,2 0,0,0 1,169,1 5,169,1 1,169,1 1,169,1 1,169,1
ADDLINE 5,136,1 1,136,1 1,136,1 0,0,0 0,0,0 12,0,2 0,0,0 1,136,1 1,136,1
ADDLINE 12,0,2 0,0,0 1,149,1 0,0,0 0,0,0 0,0,0 1,149,1 0,0,0 0,0,0
ADDLINE 1,162,1 0,0,0 1,162,1 0,0,0 3,162,1 12,0,2 1,162,1 5,162,1 2,162,1
ADDLINE 0,0,0 0,0,0 1,175,1 0,0,0 1,175,1 0,0,0 0,0,0 12,0,2 1,175,1
ADDLINE 1,140,1 0,0,0 1,140,1 12,0,2 5,140,1 1,140,1 1,140,1 0,0,0 1,140,1
ADDLINE 2,154,1 12,0,2 1,154,1 0,0,0 5,154,1 0,0,0 3,154,1 0,0,0 0,0,0
ADDLINE 1,167,1 1,167,1 1,167,1 0,0,0 1,167,1 12,0,2 1,167,1 1,167,1 1,167,1
ADDLINE 0,0,0 0,0,0 1,180,1 0,0,0 0,0,0 12,0,2 1,180,1 0,0,0 1,180,1
ADDLINE 4,145,1 0,0,0 1,145,1 2,145,1 1,145,1 0,0,0 5,145,1 12,0,2 1,145,1
ADDLINE 0,0,0 0,0,0 0,0,0 0,0,0 1,158,1 0,0,0 0,0,0 12,0,2 1,158,1
ADDLINE 1,172,1 2,172,1 1,172,1 1,172,1 12,0,2 2,172,1 1,172,1 3,172,1 1,172,1
ADDLINE 1,186,1 1,186,1 1,186,1 3,186,1 12,0,2 1,186,1 4,186,1 1,186,1 1,186,1
ADDLINE 4,149,1 1,149,1 1,149,1 0,0,0 12,0,2 1,149,1 1,149,1 1,149,1 1,149,1
ADDLINE 5,163,1 0,0,0 0,0,0 12,0,2 1,163,1 4,163,1 1,163,1 1,163,1 1,163,1
ADDLINE 0,0,0 12,0,2 1,177,1 1,177,1 1,177,1 5,177,1 1,177,1 1,177,1 1,177,1
ADDLINE 12,0,2 3,192,1 3,192,1 1,192,1 1,192,1 1,192,1 1,192,1 1,192,1 1,192,1
ADDLINE 0,0,0 12,0,2 4,154,1 1,154,1 1,154,1 1,154,1 1,154,1 1,154,1 1,154,1
ADDLINE 1,168,1 0,0,0 12,0,2 1,168,1 3,168,1 1,168,1 1,168,1 1,168,1 1,168,1
ADDLINE 1,182,1 5,182,1 0,0,0 12,0,2 1,182,1 1,182,1 3,182,1 1,182,1 5,182,1
ADDLINE 12,0,2 5,197,1 1,197,1 4,197,1 5,197,1 1,197,1 1,197,1 1,197,1 4,197,1
ADDLINE 12,0,2 1,158,1 1,158,1 2,158,1 1,158,1 1,158,1 1,158,1 1,158,1 1,158,1
ADDLINE 12,0,2 1,173,1 1,173,1 1,173,1 1,173,1 2,173,1 1,173,1 1,173,1 1,173,1
ADDLINE 0,0,0 12,0,2 1,188,1 1,188,1 4,188,1 1,188,1 4,188,1 1,188,1 1,188,1
ADDLINE 0,0,0 12,0,2 1,203,1 2,203,1 5,203,1 1,203,1 1,203,1 5,203,1 1,203,1
ADDLINE 12,0,2 1,162,1 1,162,1 1,162,1 1,162,1 1,162,1 1,162,1 1,162,1 2,162,1
ADDLINE 0,0,0 12,0,2 4,178,1 1,178,1 1,178,1 1,178,1 1,178,1 1,178,1 1,178,1
ADDLINE 1,193,1 12,0,2 4,193,1 1,193,1 1,193,1 1,193,1 1,193,1 1,193,1 2,193,1
ADDLINE 1,208,1 12,0,2 5,208,1 2,208,1 1,208,1 5,208,1 1,208,1 1,208,1 1,208,1
1,105,1 4,105,1 0,0,0 10,0,2 3,105,1 1,105,1 1,105,1 2,105,1 17,105,1
12,0,2 12,0,2 12,0,2 3,104,1 1,104,1 1,104,1 1,104,1 1,104,1 1,104,1
8,0,2 3,103,1 1,103,1 1,103,1 1,103,1 1,103,1 1,103,1 1,103,1 1,103,1
12,0,2 5,102,1 3,102,1 2,102,1 1,102,1 1,102,1 1,102,1 1,102,1 1,102,1
0,0,0 0,0,0 0,0,0 0,0,0 0,0,0 0,0,0 12,0,2 5,101,1 1,101,1
1,100,1 1,100,1 1,100,1 1,100,1 1,100,1 1,100,1 0,0,0 12,0,2 5,100,1
0,0,0 0,0,0 0,0,0 0,0,0 0,0,0 0,0,0 0,0,0 0,0,0 0,0,0
0,0,0 0,0,0 0,0,0 0,0,0 0,0,0 0,0,0 0,0,0 0,0,0 0,0,0
0,0,0 0,0,0 0,0,0 0,0,0 0,0,0 0,0,0 0,0,0 0,0,0 0,0,0