MODE 0
BALL 120
STARS 0/0/10465 35
ADDLINE 1,117,1 12,0,2 1,117,1 1,117,1 1,117,1 1,117,1 5,117,1 1,117,1 1,117,1
ADDLINE 1,118,1 12,0,2 1,118,1 2,118,1 1,118,1 1,118,1 1,118,1 1,118,1 5,118,1
ADDLINE 1,119,1 0,0,0 0,0,0 12,0,2 1,119,1 1,119,1 20,119,1 1,119,1 3,119,1
ADDLINE 1,131,1 5,131,1 1,131,1 0,0,0 12,0,2 1,131,1 1,131,1 1,131,1 1,131,1
ADDLINE 1,132,1 3,132,1 1,132,1 3,132,1 0,0,0 12,0,2 1,132,1 4,132,1 1,132,1
ADDLINE 1,144,1 1,144,1 0,0,0 12,0,2 11,0,2 0,0,0 1,144,1 1,144,1 1,144,1
ADDLINE 1,156,1 1,312,1 12,0,2 1,312,1 1,312,1 1,312,1 2,156,1 1,156,1 4,156,1
ADDLINE 1,338,1 10,0,2 12,0,2 16,169,1 1,338,1 1,338,1 1,338,1 1,338,1 1,338,1
ADDLINE 1,136,1 0,0,0 12,0,2 1,136,1 1,136,1 1,136,1 3,136,1 1,136,1 1,136,1
ADDLINE 1,298,1 19,149,1 1,298,1 11,0,2 1,298,1 12,0,2 1,298,1 1,298,1 1,298,1
ADDLINE 1,162,1 1,324,1 20,162,1 1,324,1 1,324,1 12,0,2 0,0,0 0,0,0 1,162,1
ADDLINE 1,175,1 1,350,1 1,350,1 0,0,0 1,175,1 3,175,1 1,175,1 12,0,2 5,175,1
ADDLINE 1,280,1 1,280,1 19,140,1 1,280,1 1,280,1 1,280,1 1,280,1 12,0,2 1,280,1
ADDLINE 1,308,1 1,308,1 1,308,1 10,0,2 1,308,1 1,308,1 1,308,1 12,0,2 1,308,1
ADDLINE 0,0,0 1,334,1 1,334,1 12,0,2 1,334,1 1,167,1 2,167,1 0,0,0 1,167,1
ADDLINE 19,180,1 1,360,1 1,360,1 0,0,0 1,360,1 1,360,1 1,360,1 12,0,2 1,360,1
ADDLINE 1,290,1 1,290,1 1,145,1 0,0,0 0,0,0 0,0,0 2,145,1 12,0,2 4,145,1
ADDLINE 3,158,1 1,158,1 1,158,1 12,0,2 1,158,1 1,158,1 1,158,1 1,158,1 1,158,1
ADDLINE 12,0,2 5,172,1 5,172,1 1,172,1 1,172,1 1,172,1 1,172,1 1,172,1 1,172,1
ADDLINE 12,0,2 1,372,1 1,186,1 1,186,1 1,186,1 1,186,1 2,186,1 4,186,1 1,186,1
ADDLINE 10,0,2 12,0,2 1,298,1 1,298,1 1,298,1 1,298,1 1,298,1 1,298,1 1,298,1
ADDLINE 1,326,1 12,0,2 1,163,1 1,163,1 1,163,1 3,163,1 1,163,1 4,163,1 4,163,1
ADDLINE 1,177,1 0,0,0 12,0,2 0,0,0 1,177,1 1,177,1 1,177,1 1,177,1 1,177,1
ADDLINE 1,192,1 1,384,1 1,384,1 12,0,2 1,384,1 1,192,1 1,192,1 2,192,1 1,192,1
ADDLINE 1,308,1 1,308,1 17,154,1 10,0,2 12,0,2 1,308,1 1,308,1 1,308,1 1,308,1
ADDLINE 5,168,1 1,336,1 1,336,1 1,336,1 12,0,2 1,168,1 1,168,1 1,168,1 3,168,1
ADDLINE 1,182,1 1,182,1 1,182,1 1,182,1 12,0,2 1,182,1 1,182,1 1,182,1 2,182,1
ADDLINE 1,197,1 1,197,1 5,197,1 1,197,1 12,0,2 2,197,1 3,197,1 3,197,1 5,197,1
ADDLINE 1,158,1 1,158,1 1,158,1 1,158,1 12,0,2 1,158,1 1,158,1 1,158,1 1,158,1
ADDLINE 1,173,1 2,173,1 1,173,1 1,173,1 0,0,0 11,0,2 12,0,2 1,173,1 1,173,1
ADDLINE 1,188,1 2,188,1 5,188,1 4,188,1 1,376,1 1,376,1 12,0,2 1,188,1 5,188,1
ADDLINE 1,203,1 1,203,1 1,203,1 1,203,1 1,203,1 1,203,1 12,0,2 1,203,1 2,203,1
ADDLINE 1,162,1 1,162,1 1,162,1 1,162,1 1,162,1 1,162,1 12,0,2 0,0,0 0,0,0
ADDLINE 1,178,1 3,178,1 5,178,1 1,356,1 1,356,1 1,356,1 1,178,1 1,178,1 12,0,2
ADDLINE 1,193,1 1,193,1 1,193,1 1,386,1 20,193,1 1,386,1 2,193,1 1,193,1 12,0,2
ADDLINE 1,208,1 3,208,1 1,416,1 1,416,1 17,208,1 1,416,1 1,208,1 1,208,1 12,0,2
1,105,1 1,2,1 1,105,1 1,105,1 1,105,1 8,0,2 12,0,2 1,105,1 1,105,1
1,104,1 1,2,1 1,104,1 1,104,1 1,104,1 8,0,2 12,0,2 1,104,1 1,104,1
1,103,1 1,2,1 1,103,1 1,103,1 1,103,1 8,0,2 12,0,2 1,103,1 1,103,1
1,102,1 1,2,1 1,102,1 1,102,1 1,102,1 8,0,2 12,0,2 1,102,1 1,102,1
0,0,0 12,0,2 0,0,0 12,0,2 0,0,0 0,0,0 2,101,1 1,101,1 1,101,1
8,0,2 1,100,1 4,100,1 1,100,1 5,100,1 1,100,1 1,100,1 1,100,1 1,100,1
0,0,0 0,0,0 0,0,0 0,0,0 0,0,0 0,0,0 0,0,0 0,0,0 0,0,0
0,0,0 0,0,0 0,0,0 0,0,0 0,0,0 0,0,0 0,0,0 0,0,0 0,0,0
0,0,0 0,0,0 0,0,0 0,0,0 0,0,0 0,0,0 0,0,0 0,0,0 0,0,0