MODE 0
BALL 50
STARS 0/0/2380 35
ADDLINE 0,0,0 0,0,0 0,0,0 12,0,2 0,0,0 1,54,1 0,0,0 0,0,0 0,0,0
ADDLINE 0,0,0 1,52,1 1,52,1 1,52,1 12,0,2 1,52,1 1,52,1 1,52,1 1,52,1
ADDLINE 1,62,1 1,62,1 0,0,0 1,62,1 12,0,2 1,62,1 0,0,0 0,0,0 0,0,0
ADDLINE 1,63,1 1,63,1 0,0,0 1,63,1 0,0,0 1,63,1 12,0,2 1,63,1 0,0,0
ADDLINE 1,64,1 1,64,1 0,0,0 0,0,0 11,0,2 1,64,1 12,0,2 1,64,1 0,0,0
ADDLINE 1,67,1 1,67,1 1,67,1 1,67,1 12,0,2 1,67,1 0,0,0 1,67,1 1,67,1
ADDLINE 0,0,0 12,0,2 0,0,0 1,72,1 0,0,0 1,72,1 0,0,0 1,72,1 1,72,1
ADDLINE 0,0,0 1,73,1 12,0,2 1,73,1 1,73,1 1,73,1 8,0,2 1,73,1 1,73,1
ADDLINE 1,94,1 1,94,1 12,0,2 0,0,0 1,94,1 0,0,0 0,0,0 1,94,1 0,0,0
0,0,0 3,62,1 1,62,1 0,0,0 12,0,2 0,0,0 1,62,1 2,62,1 0,0,0
0,0,0 1,128,1 1,128,1 1,128,1 16,64,1 1,128,1 1,128,1 1,128,1 12,0,2
0,0,0 1,62,1 12,0,2 0,0,0 0,0,0 0,0,0 0,0,0 1,62,1 0,0,0
0,0,0 0,0,0 1,62,1 1,62,1 12,0,2 1,62,1 1,62,1 0,0,0 0,0,0
2,60,1 0,0,0 0,0,0 1,60,1 8,0,2 1,60,1 12,0,2 0,0,0 3,60,1
1,58,1 2,58,1 12,0,2 0,0,0 1,58,1 0,0,0 0,0,0 3,58,1 1,58,1
0,0,0 0,0,0 0,0,0 0,0,0 0,0,0 0,0,0 0,0,0 0,0,0 0,0,0
0,0,0 0,0,0 0,0,0 0,0,0 0,0,0 0,0,0 0,0,0 0,0,0 0,0,0
0,0,0 0,0,0 0,0,0 0,0,0 0,0,0 0,0,0 0,0,0 0,0,0 0,0,0