MODE 0
BALL 120
STARS 0/0/10220 35
ADDLINE 1,117,1 1,117,1 1,117,1 1,117,1 1,117,1 1,117,1 12,0,2 1,117,1 1,117,1
ADDLINE 1,118,1 1,118,1 1,118,1 1,118,1 1,118,1 1,118,1 12,0,2 0,0,0 0,0,0
ADDLINE 1,119,1 1,119,1 1,119,1 1,119,1 1,119,1 1,119,1 1,119,1 12,0,2 0,0,0
ADDLINE 1,131,1 1,131,1 1,131,1 0,0,0 12,0,2 0,0,0 0,0,0 0,0,0 1,131,1
ADDLINE 1,132,1 1,132,1 1,132,1 0,0,0 12,0,2 1,132,1 1,132,1 1,132,1 1,132,1
ADDLINE 1,144,1 1,144,1 1,144,1 0,0,0 12,0,2 1,144,1 1,144,1 1,144,1 1,144,1
ADDLINE 1,156,1 1,156,1 1,156,1 12,0,2 1,156,1 1,156,1 1,156,1 1,156,1 1,156,1
ADDLINE 1,169,1 1,169,1 1,169,1 12,0,2 1,169,1 1,169,1 1,169,1 1,169,1 1,169,1
ADDLINE 1,136,1 1,136,1 1,136,1 0,0,0 12,0,2 0,0,0 1,136,1 1,136,1 1,136,1
ADDLINE 1,149,1 1,149,1 1,149,1 1,149,1 1,149,1 12,0,2 1,149,1 1,149,1 1,149,1
ADDLINE 1,162,1 1,162,1 1,162,1 1,162,1 1,162,1 0,0,0 12,0,2 0,0,0 1,162,1
ADDLINE 1,175,1 1,175,1 1,175,1 1,350,1 1,350,1 12,0,2 1,175,1 1,175,1 1,175,1
ADDLINE 1,140,1 0,0,0 0,0,0 12,0,2 17,140,1 0,0,0 1,140,1 1,280,1 1,280,1
ADDLINE 1,154,1 1,154,1 1,154,1 1,308,1 1,308,1 12,0,2 1,154,1 1,308,1 20,154,1
ADDLINE 0,0,0 0,0,0 1,167,1 12,0,2 1,167,1 0,0,0 1,167,1 1,334,1 1,334,1
ADDLINE 1,180,1 1,180,1 1,180,1 0,0,0 1,180,1 12,0,2 1,180,1 1,360,1 17,180,1
ADDLINE 0,0,0 1,145,1 1,145,1 0,0,0 1,145,1 12,0,2 1,145,1 1,290,1 0,0,0
ADDLINE 1,158,1 1,158,1 1,158,1 0,0,0 1,158,1 1,158,1 1,158,1 12,0,2 1,158,1
ADDLINE 1,172,1 1,172,1 1,172,1 1,172,1 1,172,1 1,172,1 1,172,1 12,0,2 1,172,1
ADDLINE 1,186,1 1,186,1 1,186,1 1,372,1 1,372,1 1,372,1 1,186,1 12,0,2 0,0,0
ADDLINE 1,298,1 1,298,1 1,149,1 1,298,1 17,149,1 1,298,1 1,149,1 1,149,1 12,0,2
ADDLINE 19,163,1 1,326,1 1,326,1 1,326,1 1,326,1 1,326,1 1,326,1 1,326,1 12,0,2
ADDLINE 1,354,1 1,354,1 1,177,1 1,177,1 1,177,1 1,177,1 1,177,1 1,177,1 12,0,2
ADDLINE 1,192,1 1,192,1 1,192,1 1,192,1 1,192,1 1,192,1 1,192,1 1,192,1 12,0,2
ADDLINE 1,308,1 1,308,1 1,308,1 16,154,1 1,308,1 1,308,1 1,308,1 1,308,1 12,0,2
ADDLINE 1,168,1 1,168,1 1,168,1 1,168,1 1,168,1 0,0,0 0,0,0 12,0,2 0,0,0
ADDLINE 1,182,1 1,182,1 1,182,1 0,0,0 0,0,0 12,0,2 1,182,1 1,182,1 1,182,1
ADDLINE 12,0,2 1,197,1 1,197,1 1,197,1 1,197,1 1,197,1 1,197,1 1,197,1 1,197,1
ADDLINE 0,0,0 12,0,2 1,158,1 1,158,1 1,158,1 1,158,1 1,158,1 1,158,1 1,158,1
ADDLINE 0,0,0 12,0,2 1,173,1 1,346,1 1,346,1 1,346,1 1,173,1 1,173,1 1,173,1
ADDLINE 0,0,0 12,0,2 1,188,1 1,376,1 20,188,1 1,376,1 1,188,1 1,188,1 1,188,1
ADDLINE 0,0,0 12,0,2 16,203,1 1,406,1 1,406,1 1,406,1 1,406,1 1,406,1 1,406,1
ADDLINE 0,0,0 12,0,2 1,162,1 1,162,1 1,324,1 1,324,1 1,324,1 1,162,1 1,162,1
ADDLINE 1,178,1 0,0,0 12,0,2 1,178,1 1,356,1 20,178,1 1,356,1 1,356,1 1,356,1
ADDLINE 1,386,1 1,386,1 12,0,2 1,386,1 1,386,1 1,386,1 1,386,1 1,386,1 19,193,1
ADDLINE 1,208,1 1,208,1 12,0,2 1,208,1 1,208,1 1,208,1 1,208,1 1,416,1 1,416,1
16,105,1 1,105,1 1,105,1 1,105,1 1,105,1 1,105,1 0,0,0 12,0,2 1,105,1
1,104,1 1,104,1 1,104,1 1,104,1 1,104,1 1,104,1 16,104,1 12,0,2 1,104,1
0,0,0 0,0,0 0,0,0 0,0,0 0,0,0 0,0,0 12,0,2 0,0,0 17,103,1
12,0,2 1,102,1 1,102,1 1,102,1 1,102,1 1,102,1 1,102,1 1,102,1 1,102,1
12,0,2 1,101,1 6,101,1 1,101,1 1,101,1 1,101,1 1,101,1 6,101,1 1,101,1
12,0,2 1,100,1 1,100,1 1,100,1 1,100,1 1,100,1 1,100,1 1,100,1 1,100,1
0,0,0 0,0,0 0,0,0 0,0,0 0,0,0 0,0,0 0,0,0 0,0,0 0,0,0
0,0,0 0,0,0 0,0,0 0,0,0 0,0,0 0,0,0 0,0,0 0,0,0 0,0,0
0,0,0 0,0,0 0,0,0 0,0,0 0,0,0 0,0,0 0,0,0 0,0,0 0,0,0