MODE 0
BALL 120
STARS 0/0/10115 35
ADDLINE 12,0,2 1,117,1 1,117,1 2,117,1 1,117,1 1,117,1 3,117,1 1,117,1 5,117,1
ADDLINE 0,0,0 12,0,2 0,0,0 1,118,1 3,118,1 1,118,1 5,118,1 1,118,1 1,118,1
ADDLINE 1,119,1 1,119,1 12,0,2 1,119,1 1,119,1 1,119,1 2,119,1 1,119,1 1,119,1
ADDLINE 3,131,1 0,0,0 12,0,2 1,131,1 1,131,1 1,131,1 1,131,1 1,131,1 1,131,1
ADDLINE 1,132,1 0,0,0 12,0,2 1,132,1 5,132,1 3,132,1 1,132,1 1,132,1 1,132,1
ADDLINE 1,144,1 1,144,1 0,0,0 12,0,2 1,144,1 1,144,1 4,144,1 1,144,1 5,144,1
ADDLINE 1,156,1 1,156,1 1,156,1 0,0,0 0,0,0 12,0,2 0,0,0 1,312,1 1,156,1
ADDLINE 1,338,1 1,338,1 1,338,1 1,338,1 1,338,1 1,338,1 10,0,2 12,0,2 1,338,1
ADDLINE 1,136,1 1,136,1 1,136,1 3,136,1 2,136,1 1,272,1 1,272,1 12,0,2 0,0,0
ADDLINE 1,149,1 1,149,1 3,149,1 1,149,1 12,0,2 1,149,1 5,149,1 1,298,1 1,298,1
ADDLINE 1,324,1 1,324,1 1,324,1 1,324,1 0,0,0 12,0,2 0,0,0 0,0,0 10,0,2
ADDLINE 1,175,1 1,175,1 1,175,1 2,175,1 12,0,2 1,175,1 1,175,1 1,350,1 1,350,1
ADDLINE 1,140,1 1,140,1 5,140,1 1,140,1 12,0,2 1,140,1 1,280,1 1,280,1 1,140,1
ADDLINE 0,0,0 0,0,0 0,0,0 12,0,2 1,308,1 0,0,0 1,308,1 10,0,2 0,0,0
ADDLINE 1,167,1 4,167,1 1,167,1 1,167,1 1,167,1 12,0,2 1,334,1 1,334,1 2,167,1
ADDLINE 1,360,1 1,360,1 1,360,1 1,360,1 1,360,1 12,0,2 1,360,1 10,0,2 0,0,0
ADDLINE 2,145,1 1,145,1 1,145,1 1,145,1 4,145,1 12,0,2 1,290,1 1,290,1 1,145,1
ADDLINE 8,0,2 0,0,0 0,0,0 12,0,2 0,0,0 0,0,0 1,316,1 1,316,1 1,316,1
ADDLINE 12,0,2 1,172,1 4,172,1 1,172,1 1,172,1 1,172,1 1,172,1 1,172,1 1,172,1
ADDLINE 12,0,2 1,186,1 1,372,1 1,372,1 1,372,1 1,186,1 4,186,1 2,186,1 1,186,1
ADDLINE 0,0,0 12,0,2 1,298,1 7,0,2 1,298,1 1,149,1 3,149,1 1,149,1 1,149,1
ADDLINE 1,163,1 12,0,2 1,326,1 1,326,1 1,326,1 1,163,1 1,163,1 4,163,1 1,163,1
ADDLINE 0,0,0 12,0,2 1,177,1 1,177,1 1,177,1 1,177,1 1,177,1 1,177,1 1,177,1
ADDLINE 0,0,0 12,0,2 3,192,1 2,192,1 1,192,1 1,192,1 1,192,1 3,192,1 4,192,1
ADDLINE 1,154,1 0,0,0 12,0,2 0,0,0 1,154,1 4,154,1 3,154,1 1,154,1 1,154,1
ADDLINE 1,168,1 1,168,1 2,168,1 12,0,2 4,168,1 1,168,1 1,168,1 2,168,1 1,168,1
ADDLINE 1,182,1 1,182,1 1,182,1 0,0,0 12,0,2 1,182,1 1,182,1 1,182,1 1,182,1
ADDLINE 12,0,2 1,197,1 1,197,1 1,197,1 4,197,1 2,197,1 1,197,1 1,197,1 2,197,1
ADDLINE 0,0,0 12,0,2 1,158,1 1,158,1 1,158,1 3,158,1 1,158,1 1,158,1 1,158,1
ADDLINE 1,173,1 12,0,2 1,173,1 1,173,1 1,173,1 3,173,1 1,173,1 1,173,1 4,173,1
ADDLINE 1,188,1 12,0,2 1,376,1 2,188,1 1,188,1 1,188,1 1,188,1 4,188,1 1,188,1
ADDLINE 1,406,1 10,0,2 12,0,2 1,406,1 1,406,1 1,406,1 1,406,1 1,406,1 1,406,1
ADDLINE 1,162,1 1,324,1 12,0,2 1,162,1 1,162,1 4,162,1 5,162,1 1,162,1 1,162,1
ADDLINE 1,178,1 3,178,1 12,0,2 1,178,1 5,178,1 1,178,1 1,178,1 1,178,1 1,178,1
ADDLINE 1,193,1 1,193,1 0,0,0 12,0,2 1,193,1 1,193,1 3,193,1 1,193,1 1,193,1
ADDLINE 1,208,1 5,208,1 1,208,1 12,0,2 2,208,1 1,208,1 2,208,1 1,208,1 1,208,1
4,105,1 1,105,1 0,0,0 0,0,0 12,0,2 0,0,0 0,0,0 0,0,0 14,0,2
1,104,1 1,104,1 0,0,0 12,0,2 1,104,1 1,104,1 1,104,1 19,104,1 1,104,1
1,103,1 1,103,1 19,103,1 12,0,2 1,103,1 1,103,1 1,103,1 2,103,1 1,103,1
2,102,1 0,0,0 12,0,2 0,0,0 1,102,1 1,102,1 20,102,1 1,102,1 1,102,1
15,0,2 12,0,2 1,101,1 1,101,1 20,101,1 1,101,1 1,101,1 4,101,1 5,101,1
12,0,2 21,100,1 1,100,1 4,100,1 1,100,1 5,100,1 1,100,1 1,100,1 1,100,1
0,0,0 0,0,0 0,0,0 0,0,0 0,0,0 0,0,0 0,0,0 0,0,0 0,0,0
0,0,0 0,0,0 0,0,0 0,0,0 0,0,0 0,0,0 0,0,0 0,0,0 0,0,0
0,0,0 0,0,0 0,0,0 0,0,0 0,0,0 0,0,0 0,0,0 0,0,0 0,0,0