MODE 0
BALL 120
STARS 0/0/10080 35
ADDLINE 2,117,1 1,117,1 1,117,1 1,117,1 1,117,1 4,117,1 3,117,1 12,0,2 1,117,1
ADDLINE 1,118,1 1,118,1 1,118,1 0,0,0 0,0,0 12,0,2 0,0,0 0,0,0 1,118,1
ADDLINE 1,119,1 1,119,1 1,119,1 0,0,0 12,0,2 0,0,0 0,0,0 4,119,1 1,119,1
ADDLINE 1,131,1 1,131,1 1,131,1 1,131,1 1,131,1 7,0,2 12,0,2 2,131,1 5,131,1
ADDLINE 1,132,1 1,132,1 5,132,1 0,0,0 0,0,0 12,0,2 1,132,1 1,132,1 1,132,1
ADDLINE 1,144,1 1,144,1 1,144,1 12,0,2 4,144,1 2,144,1 1,144,1 1,144,1 1,144,1
ADDLINE 1,312,1 1,312,1 1,312,1 8,0,2 12,0,2 1,312,1 1,312,1 1,312,1 1,312,1
ADDLINE 1,169,1 4,169,1 1,169,1 1,169,1 12,0,2 2,169,1 1,169,1 1,169,1 1,169,1
ADDLINE 5,136,1 1,136,1 1,136,1 1,136,1 12,0,2 1,136,1 1,136,1 4,136,1 1,136,1
ADDLINE 1,149,1 1,149,1 1,149,1 1,149,1 1,149,1 0,0,0 1,149,1 12,0,2 1,149,1
ADDLINE 4,162,1 3,162,1 3,162,1 1,162,1 1,162,1 0,0,0 1,162,1 12,0,2 1,162,1
ADDLINE 2,175,1 0,0,0 12,0,2 0,0,0 0,0,0 1,175,1 1,175,1 0,0,0 0,0,0
ADDLINE 1,140,1 12,0,2 1,140,1 1,140,1 4,140,1 1,140,1 3,140,1 1,140,1 1,140,1
ADDLINE 0,0,0 0,0,0 12,0,2 0,0,0 0,0,0 0,0,0 1,154,1 1,154,1 2,154,1
ADDLINE 1,167,1 2,167,1 1,167,1 4,167,1 1,167,1 12,0,2 1,167,1 1,167,1 1,167,1
ADDLINE 1,180,1 3,180,1 1,180,1 1,180,1 1,180,1 0,0,0 0,0,0 12,0,2 1,180,1
ADDLINE 5,145,1 1,145,1 1,145,1 1,145,1 1,145,1 0,0,0 5,145,1 12,0,2 4,145,1
ADDLINE 1,158,1 1,158,1 1,158,1 1,158,1 3,158,1 0,0,0 1,158,1 12,0,2 1,158,1
ADDLINE 1,172,1 1,172,1 1,172,1 1,172,1 4,172,1 1,172,1 12,0,2 1,172,1 4,172,1
ADDLINE 1,186,1 1,186,1 3,186,1 1,186,1 1,186,1 5,186,1 0,0,0 12,0,2 3,186,1
ADDLINE 1,149,1 1,149,1 1,149,1 1,149,1 1,149,1 5,149,1 0,0,0 12,0,2 1,149,1
ADDLINE 1,163,1 5,163,1 1,163,1 1,163,1 1,163,1 1,163,1 12,0,2 1,163,1 1,163,1
ADDLINE 1,177,1 1,177,1 1,177,1 4,177,1 1,177,1 1,177,1 0,0,0 12,0,2 4,177,1
ADDLINE 2,192,1 1,192,1 1,192,1 1,192,1 5,192,1 1,192,1 1,192,1 12,0,2 2,192,1
ADDLINE 2,154,1 1,154,1 1,154,1 1,154,1 2,154,1 1,154,1 1,154,1 12,0,2 11,0,2
ADDLINE 1,168,1 1,168,1 1,168,1 1,168,1 5,168,1 1,168,1 1,168,1 12,0,2 0,0,0
ADDLINE 4,182,1 1,182,1 1,182,1 1,182,1 4,182,1 1,182,1 1,182,1 12,0,2 5,182,1
ADDLINE 1,394,1 12,0,2 1,197,1 1,197,1 1,197,1 3,197,1 1,197,1 4,197,1 1,197,1
ADDLINE 7,0,2 12,0,2 1,158,1 1,158,1 1,158,1 3,158,1 2,158,1 1,158,1 1,158,1
ADDLINE 0,0,0 12,0,2 1,173,1 1,346,1 1,346,1 1,346,1 1,173,1 1,173,1 1,173,1
ADDLINE 0,0,0 12,0,2 1,188,1 1,376,1 7,0,2 1,376,1 5,188,1 1,188,1 1,188,1
ADDLINE 0,0,0 12,0,2 1,203,1 1,406,1 1,406,1 1,406,1 1,203,1 1,203,1 1,203,1
ADDLINE 1,162,1 0,0,0 12,0,2 1,162,1 5,162,1 1,162,1 4,162,1 1,162,1 3,162,1
ADDLINE 0,0,0 0,0,0 12,0,2 5,178,1 1,178,1 1,178,1 1,178,1 1,178,1 1,178,1
ADDLINE 0,0,0 12,0,2 1,193,1 5,193,1 1,193,1 1,193,1 2,193,1 3,193,1 1,193,1
ADDLINE 1,208,1 0,0,0 12,0,2 3,208,1 1,208,1 1,208,1 1,208,1 1,208,1 1,208,1
1,105,1 1,105,1 11,0,2 12,0,2 1,105,1 1,105,1 1,105,1 1,105,1 1,105,1
1,104,1 0,0,0 12,0,2 8,0,2 1,104,1 3,104,1 1,104,1 2,104,1 1,104,1
1,103,1 12,0,2 4,103,1 1,103,1 1,103,1 1,103,1 2,103,1 3,103,1 1,103,1
1,102,1 10,0,2 12,0,2 6,102,1 4,102,1 1,102,1 6,102,1 1,102,1 1,102,1
1,101,1 2,101,1 12,0,2 1,101,1 1,101,1 4,101,1 1,101,1 1,101,1 1,101,1
5,100,1 1,100,1 8,0,2 0,0,0 12,0,2 1,100,1 1,100,1 1,100,1 5,100,1
0,0,0 0,0,0 0,0,0 0,0,0 0,0,0 0,0,0 0,0,0 0,0,0 0,0,0
0,0,0 0,0,0 0,0,0 0,0,0 0,0,0 0,0,0 0,0,0 0,0,0 0,0,0
0,0,0 0,0,0 0,0,0 0,0,0 0,0,0 0,0,0 0,0,0 0,0,0 0,0,0