MODE 0
BALL 120
STARS 0/0/9800 35
ADDLINE 1,117,1 1,117,1 4,117,1 1,117,1 2,117,1 1,117,1 1,117,1 12,0,2 1,117,1
ADDLINE 1,118,1 1,118,1 1,118,1 1,118,1 1,118,1 0,0,0 0,0,0 12,0,2 1,118,1
ADDLINE 4,119,1 1,119,1 1,119,1 5,119,1 0,0,0 12,0,2 5,119,1 1,119,1 1,119,1
ADDLINE 0,0,0 0,0,0 0,0,0 0,0,0 12,0,2 1,131,1 1,131,1 2,131,1 1,131,1
ADDLINE 12,0,2 1,132,1 1,132,1 1,132,1 1,132,1 2,132,1 1,132,1 1,132,1 5,132,1
ADDLINE 12,0,2 1,144,1 5,144,1 1,144,1 1,144,1 1,144,1 1,144,1 1,144,1 4,144,1
ADDLINE 12,0,2 1,156,1 1,156,1 1,156,1 1,156,1 1,156,1 1,156,1 1,156,1 1,156,1
ADDLINE 12,0,2 1,169,1 4,169,1 1,169,1 3,169,1 1,169,1 4,169,1 1,169,1 1,169,1
ADDLINE 12,0,2 3,136,1 1,136,1 1,136,1 1,136,1 2,136,1 1,136,1 2,136,1 1,136,1
ADDLINE 1,149,1 0,0,0 1,149,1 4,149,1 1,149,1 0,0,0 1,149,1 12,0,2 1,149,1
ADDLINE 1,162,1 0,0,0 0,0,0 0,0,0 5,162,1 0,0,0 1,162,1 12,0,2 1,162,1
ADDLINE 1,175,1 1,175,1 2,175,1 0,0,0 5,175,1 1,175,1 1,175,1 12,0,2 1,175,1
ADDLINE 1,140,1 0,0,0 1,140,1 0,0,0 0,0,0 12,0,2 0,0,0 0,0,0 2,140,1
ADDLINE 1,154,1 12,0,2 4,154,1 1,154,1 1,154,1 1,154,1 1,154,1 1,154,1 3,154,1
ADDLINE 1,167,1 0,0,0 0,0,0 0,0,0 1,167,1 0,0,0 0,0,0 12,0,2 0,0,0
ADDLINE 1,180,1 0,0,0 1,180,1 0,0,0 2,180,1 12,0,2 3,180,1 0,0,0 1,180,1
ADDLINE 1,145,1 0,0,0 1,145,1 0,0,0 0,0,0 12,0,2 1,145,1 0,0,0 1,145,1
ADDLINE 1,158,1 0,0,0 3,158,1 1,158,1 1,158,1 1,158,1 1,158,1 12,0,2 5,158,1
ADDLINE 1,172,1 1,172,1 1,172,1 3,172,1 12,0,2 1,172,1 1,172,1 1,172,1 1,172,1
ADDLINE 1,186,1 1,186,1 0,0,0 12,0,2 0,0,0 4,186,1 1,186,1 1,186,1 1,186,1
ADDLINE 1,149,1 1,149,1 12,0,2 3,149,1 1,149,1 1,149,1 2,149,1 4,149,1 2,149,1
ADDLINE 1,163,1 0,0,0 12,0,2 2,163,1 1,163,1 1,163,1 1,163,1 1,163,1 3,163,1
ADDLINE 0,0,0 12,0,2 1,177,1 1,177,1 4,177,1 1,177,1 1,177,1 1,177,1 3,177,1
ADDLINE 12,0,2 1,192,1 1,192,1 2,192,1 1,192,1 1,192,1 1,192,1 4,192,1 1,192,1
ADDLINE 12,0,2 1,154,1 1,154,1 1,154,1 1,154,1 4,154,1 1,154,1 1,154,1 1,154,1
ADDLINE 0,0,0 12,0,2 1,168,1 1,168,1 2,168,1 1,168,1 1,168,1 1,168,1 3,168,1
ADDLINE 1,182,1 0,0,0 12,0,2 0,0,0 1,182,1 1,182,1 4,182,1 3,182,1 1,182,1
ADDLINE 12,0,2 5,197,1 1,197,1 1,197,1 1,197,1 1,197,1 2,197,1 1,197,1 5,197,1
ADDLINE 0,0,0 12,0,2 1,158,1 1,158,1 1,158,1 1,158,1 3,158,1 1,158,1 1,158,1
ADDLINE 0,0,0 12,0,2 1,173,1 3,173,1 1,173,1 1,173,1 1,173,1 2,173,1 1,173,1
ADDLINE 12,0,2 3,188,1 1,188,1 1,188,1 1,188,1 1,188,1 1,188,1 4,188,1 1,188,1
ADDLINE 12,0,2 1,203,1 1,203,1 1,203,1 1,203,1 1,203,1 1,203,1 1,203,1 1,203,1
ADDLINE 12,0,2 1,162,1 1,162,1 5,162,1 1,162,1 1,162,1 4,162,1 5,162,1 3,162,1
ADDLINE 12,0,2 3,178,1 2,178,1 5,178,1 1,178,1 1,178,1 1,178,1 1,178,1 1,178,1
ADDLINE 0,0,0 0,0,0 12,0,2 1,193,1 1,193,1 1,193,1 1,193,1 1,193,1 1,193,1
ADDLINE 1,208,1 1,208,1 12,0,2 3,208,1 1,208,1 2,208,1 5,208,1 1,208,1 1,208,1
3,105,1 15,0,2 0,0,0 12,0,2 8,0,2 1,105,1 1,105,1 1,105,1 1,105,1
1,104,1 1,104,1 4,104,1 0,0,0 12,0,2 0,0,0 0,0,0 0,0,0 0,0,0
1,103,1 4,103,1 3,103,1 1,103,1 1,103,1 4,103,1 1,103,1 12,0,2 8,0,2
19,102,1 3,102,1 1,102,1 1,102,1 4,102,1 5,102,1 1,102,1 12,0,2 0,0,0
5,101,1 1,101,1 1,101,1 1,101,1 1,101,1 3,101,1 1,101,1 1,101,1 12,0,2
1,0,1 1,100,1 1,100,1 1,100,1 1,100,1 1,100,1 14,0,2 12,0,2 8,0,2
0,0,0 0,0,0 0,0,0 0,0,0 0,0,0 0,0,0 0,0,0 0,0,0 0,0,0
0,0,0 0,0,0 0,0,0 0,0,0 0,0,0 0,0,0 0,0,0 0,0,0 0,0,0
0,0,0 0,0,0 0,0,0 0,0,0 0,0,0 0,0,0 0,0,0 0,0,0 0,0,0