MODE 0
BALL 120
STARS 0/0/10395 35
ADDLINE 1,117,1 2,117,1 1,117,1 1,117,1 1,117,1 12,0,2 1,117,1 5,117,1 1,117,1
ADDLINE 1,118,1 5,118,1 0,0,0 0,0,0 0,0,0 12,0,2 4,118,1 1,118,1 1,118,1
ADDLINE 0,0,0 12,0,2 0,0,0 1,119,1 1,119,1 1,119,1 1,119,1 1,119,1 1,119,1
ADDLINE 0,0,0 0,0,0 12,0,2 1,131,1 1,131,1 17,131,1 1,131,1 1,131,1 5,131,1
ADDLINE 2,132,1 1,132,1 0,0,0 12,0,2 1,132,1 1,132,1 1,132,1 1,132,1 1,132,1
ADDLINE 0,0,0 12,0,2 0,0,0 0,0,0 1,144,1 4,144,1 1,144,1 1,144,1 1,144,1
ADDLINE 12,0,2 5,156,1 1,156,1 5,156,1 1,156,1 1,156,1 1,156,1 1,156,1 1,156,1
ADDLINE 12,0,2 1,169,1 1,169,1 2,169,1 1,169,1 1,169,1 1,169,1 1,169,1 1,169,1
ADDLINE 12,0,2 1,136,1 2,136,1 3,136,1 1,136,1 1,136,1 1,136,1 1,136,1 3,136,1
ADDLINE 2,149,1 1,149,1 1,149,1 12,0,2 1,149,1 2,149,1 1,149,1 1,149,1 1,149,1
ADDLINE 1,162,1 1,162,1 1,162,1 0,0,0 0,0,0 0,0,0 0,0,0 12,0,2 3,162,1
ADDLINE 1,175,1 3,175,1 1,175,1 12,0,2 1,175,1 1,175,1 5,175,1 1,175,1 1,175,1
ADDLINE 1,140,1 0,0,0 12,0,2 0,0,0 4,140,1 0,0,0 1,140,1 1,140,1 1,140,1
ADDLINE 1,308,1 1,308,1 1,154,1 2,154,1 1,154,1 12,0,2 3,154,1 1,154,1 1,154,1
ADDLINE 17,167,1 0,0,0 0,0,0 0,0,0 0,0,0 12,0,2 0,0,0 0,0,0 0,0,0
ADDLINE 1,360,1 1,360,1 1,180,1 12,0,2 1,180,1 1,180,1 1,180,1 1,180,1 4,180,1
ADDLINE 19,145,1 1,290,1 1,290,1 12,0,2 1,290,1 1,290,1 1,290,1 1,290,1 1,290,1
ADDLINE 1,316,1 1,316,1 3,158,1 12,0,2 1,158,1 1,158,1 1,158,1 1,316,1 20,158,1
ADDLINE 2,172,1 1,172,1 1,172,1 3,172,1 1,172,1 1,172,1 12,0,2 1,344,1 1,344,1
ADDLINE 1,186,1 1,186,1 5,186,1 1,186,1 1,186,1 1,186,1 0,0,0 12,0,2 1,186,1
ADDLINE 2,149,1 1,149,1 1,149,1 1,149,1 1,149,1 1,149,1 1,149,1 12,0,2 5,149,1
ADDLINE 1,163,1 1,163,1 2,163,1 1,163,1 1,163,1 2,163,1 1,163,1 12,0,2 3,163,1
ADDLINE 1,177,1 1,177,1 3,177,1 1,177,1 1,177,1 1,177,1 1,177,1 12,0,2 1,177,1
ADDLINE 1,192,1 1,192,1 5,192,1 1,192,1 5,192,1 1,192,1 1,192,1 12,0,2 0,0,0
ADDLINE 1,154,1 1,154,1 1,154,1 1,154,1 1,154,1 1,154,1 2,154,1 1,154,1 12,0,2
ADDLINE 4,168,1 1,168,1 5,168,1 1,168,1 1,168,1 1,168,1 12,0,2 0,0,0 0,0,0
ADDLINE 1,182,1 1,364,1 1,364,1 1,364,1 5,182,1 1,182,1 0,0,0 12,0,2 1,182,1
ADDLINE 1,394,1 1,394,1 19,197,1 1,394,1 1,394,1 1,394,1 12,0,2 1,394,1 1,394,1
ADDLINE 1,158,1 1,316,1 1,316,1 1,316,1 1,158,1 1,158,1 12,0,2 1,158,1 4,158,1
ADDLINE 2,173,1 1,173,1 1,173,1 1,173,1 1,173,1 3,173,1 0,0,0 12,0,2 1,173,1
ADDLINE 1,188,1 1,188,1 1,188,1 1,188,1 1,188,1 1,188,1 1,188,1 12,0,2 0,0,0
ADDLINE 1,203,1 1,203,1 1,203,1 2,203,1 4,203,1 1,406,1 1,406,1 1,406,1 12,0,2
ADDLINE 5,162,1 1,162,1 5,162,1 1,162,1 1,162,1 1,324,1 17,162,1 1,324,1 12,0,2
ADDLINE 1,178,1 2,178,1 1,178,1 1,178,1 1,178,1 1,356,1 1,356,1 12,0,2 0,0,0
ADDLINE 5,193,1 1,386,1 1,386,1 1,386,1 1,193,1 1,193,1 1,193,1 12,0,2 1,193,1
ADDLINE 1,416,1 1,416,1 19,208,1 1,416,1 1,416,1 1,416,1 0,0,0 12,0,2 1,416,1
1,105,1 0,0,0 0,0,0 12,0,2 0,0,0 3,105,1 17,105,1 1,105,1 16,105,1
1,104,1 1,104,1 1,104,1 1,104,1 1,104,1 1,104,1 1,104,1 1,104,1 3,104,1
0,0,0 12,0,2 5,103,1 1,103,1 1,103,1 1,103,1 1,103,1 5,103,1 1,103,1
12,0,2 12,0,2 2,102,1 5,102,1 1,102,1 4,102,1 20,102,1 1,102,1 1,102,1
12,0,2 21,101,1 1,101,1 16,101,1 1,101,1 1,101,1 1,101,1 1,101,1 17,101,1
0,0,0 1,100,1 1,100,1 1,100,1 12,0,2 1,100,1 1,100,1 1,100,1 1,100,1
0,0,0 0,0,0 0,0,0 0,0,0 0,0,0 0,0,0 0,0,0 0,0,0 0,0,0
0,0,0 0,0,0 0,0,0 0,0,0 0,0,0 0,0,0 0,0,0 0,0,0 0,0,0
0,0,0 0,0,0 0,0,0 0,0,0 0,0,0 0,0,0 0,0,0 0,0,0 0,0,0