MODE 0
BALL 50
STARS 0/0/2625 35
ADDLINE 0,0,0 0,0,0 12,0,2 0,0,0 1,54,1 1,54,1 1,54,1 1,54,1 1,54,1
ADDLINE 1,55,1 1,55,1 12,0,2 1,55,1 1,55,1 1,55,1 1,55,1 0,0,0 0,0,0
ADDLINE 1,62,1 1,62,1 1,62,1 1,62,1 1,62,1 0,0,0 12,0,2 1,62,1 0,0,0
ADDLINE 1,63,1 1,63,1 0,0,0 10,0,2 0,0,0 1,63,1 1,63,1 12,0,2 0,0,0
ADDLINE 1,64,1 1,64,1 12,0,2 0,0,0 1,64,1 0,0,0 0,0,0 1,64,1 1,64,1
ADDLINE 0,0,0 1,67,1 1,67,1 1,67,1 1,67,1 12,0,2 1,67,1 1,67,1 1,67,1
ADDLINE 0,0,0 1,72,1 1,72,1 1,72,1 20,72,1 12,0,2 0,0,0 0,0,0 1,72,1
ADDLINE 0,0,0 0,0,0 1,73,1 0,0,0 1,73,1 1,73,1 1,73,1 12,0,2 1,73,1
ADDLINE 1,94,1 1,94,1 1,94,1 0,0,0 0,0,0 1,94,1 1,94,1 12,0,2 0,0,0
12,0,2 1,500,1 1,70,1 0,0,0 1,70,1 0,0,0 1,70,1 0,0,0 16,70,1
12,0,2 1,500,1 0,0,0 1,68,1 0,0,0 1,68,1 0,0,0 16,68,1 0,0,0
12,0,2 1,500,1 1,66,1 0,0,0 1,66,1 0,0,0 16,66,1 0,0,0 1,66,1
12,0,2 1,500,1 0,0,0 1,64,1 0,0,0 16,64,1 0,0,0 1,64,1 0,0,0
12,0,2 1,500,1 1,60,1 0,0,0 16,60,1 0,0,0 1,60,1 0,0,0 1,60,1
12,0,2 1,500,1 0,0,0 16,58,1 0,0,0 1,58,1 0,0,0 1,58,1 0,0,0
0,0,0 0,0,0 0,0,0 0,0,0 0,0,0 0,0,0 0,0,0 0,0,0 0,0,0
0,0,0 0,0,0 0,0,0 0,0,0 0,0,0 0,0,0 0,0,0 0,0,0 0,0,0
0,0,0 0,0,0 0,0,0 0,0,0 0,0,0 0,0,0 0,0,0 0,0,0 0,0,0