MODE 0
BALL 50
STARS 0/0/2730 35
ADDLINE 5,54,1 1,54,1 0,0,0 0,0,0 12,0,2 0,0,0 2,54,1 1,54,1 1,54,1
ADDLINE 1,55,1 1,55,1 1,55,1 1,55,1 0,0,0 3,55,1 12,0,2 0,0,0 1,55,1
ADDLINE 1,59,1 1,59,1 1,59,1 3,59,1 12,0,2 1,59,1 1,59,1 1,59,1 0,0,0
ADDLINE 1,63,1 17,63,1 0,0,0 12,0,2 1,63,1 1,63,1 2,63,1 1,63,1 0,0,0
ADDLINE 5,64,1 12,0,2 0,0,0 0,0,0 0,0,0 0,0,0 16,64,1 1,64,1 0,0,0
ADDLINE 1,67,1 12,0,2 1,67,1 1,67,1 4,67,1 4,67,1 1,67,1 0,0,0 1,67,1
ADDLINE 1,72,1 12,0,2 0,0,0 5,72,1 0,0,0 1,72,1 11,0,2 0,0,0 1,72,1
ADDLINE 3,73,1 1,73,1 12,0,2 0,0,0 0,0,0 1,73,1 0,0,0 1,73,1 1,73,1
ADDLINE 1,89,1 12,0,2 1,89,1 0,0,0 1,89,1 1,89,1 1,89,1 1,89,1 2,89,1
0,0,0 1,124,1 1,62,1 17,62,1 12,0,2 0,0,0 0,0,0 0,0,0 5,62,1
0,0,0 0,0,0 0,0,0 1,128,1 0,0,0 1,64,1 6,64,1 1,64,1 12,0,2
0,0,0 17,64,1 12,0,2 1,128,1 0,0,0 5,64,1 1,64,1 0,0,0 0,0,0
1,62,1 1,124,1 0,0,0 1,124,1 2,62,1 0,0,0 12,0,2 0,0,0 0,0,0
1,120,1 1,120,1 16,60,1 1,120,1 1,120,1 2,120,1 12,0,2 3,120,1 1,120,1
0,0,0 1,116,1 12,0,2 1,116,1 0,0,0 0,0,0 0,0,0 1,58,1 0,0,0
0,0,0 0,0,0 0,0,0 0,0,0 0,0,0 0,0,0 0,0,0 0,0,0 0,0,0
0,0,0 0,0,0 0,0,0 0,0,0 0,0,0 0,0,0 0,0,0 0,0,0 0,0,0
0,0,0 0,0,0 0,0,0 0,0,0 0,0,0 0,0,0 0,0,0 0,0,0 0,0,0