MODE 0
BALL 120
STARS 0/0/10325 35
ADDLINE 12,0,2 1,117,1 1,117,1 1,117,1 1,117,1 1,117,1 1,117,1 4,117,1 1,117,1
ADDLINE 10,0,2 12,0,2 0,0,0 1,118,1 1,118,1 1,118,1 1,118,1 1,118,1 1,118,1
ADDLINE 1,119,1 1,119,1 0,0,0 12,0,2 1,119,1 1,119,1 1,119,1 1,119,1 5,119,1
ADDLINE 1,131,1 2,131,1 1,131,1 0,0,0 12,0,2 3,131,1 1,131,1 3,131,1 1,131,1
ADDLINE 1,132,1 1,132,1 1,132,1 1,132,1 12,0,2 1,132,1 1,132,1 1,132,1 1,132,1
ADDLINE 1,144,1 2,144,1 1,144,1 4,144,1 0,0,0 12,0,2 0,0,0 0,0,0 1,144,1
ADDLINE 1,156,1 1,156,1 1,156,1 3,156,1 1,156,1 1,156,1 1,156,1 12,0,2 7,0,2
ADDLINE 3,169,1 2,169,1 1,169,1 4,169,1 1,169,1 1,169,1 0,0,0 12,0,2 0,0,0
ADDLINE 1,136,1 1,136,1 2,136,1 1,136,1 1,136,1 0,0,0 12,0,2 1,136,1 1,136,1
ADDLINE 4,149,1 12,0,2 1,149,1 1,149,1 5,149,1 1,149,1 1,149,1 1,149,1 5,149,1
ADDLINE 1,162,1 0,0,0 0,0,0 1,162,1 1,162,1 1,162,1 12,0,2 0,0,0 0,0,0
ADDLINE 1,175,1 12,0,2 1,175,1 3,175,1 1,175,1 1,175,1 4,175,1 1,175,1 1,175,1
ADDLINE 2,140,1 0,0,0 0,0,0 0,0,0 12,0,2 1,140,1 1,140,1 1,140,1 0,0,0
ADDLINE 1,154,1 5,154,1 1,154,1 2,154,1 3,154,1 1,154,1 12,0,2 1,154,1 1,154,1
ADDLINE 0,0,0 0,0,0 12,0,2 1,167,1 0,0,0 0,0,0 0,0,0 1,167,1 0,0,0
ADDLINE 1,180,1 3,180,1 1,180,1 1,180,1 12,0,2 1,180,1 1,180,1 5,180,1 2,180,1
ADDLINE 2,145,1 1,145,1 3,145,1 1,145,1 12,0,2 1,145,1 1,145,1 5,145,1 1,145,1
ADDLINE 1,158,1 1,158,1 1,158,1 1,158,1 12,0,2 1,158,1 1,158,1 1,158,1 1,158,1
ADDLINE 1,172,1 1,172,1 12,0,2 1,172,1 1,172,1 1,172,1 2,172,1 1,172,1 4,172,1
ADDLINE 1,186,1 3,186,1 12,0,2 1,186,1 1,186,1 1,186,1 1,186,1 1,186,1 1,186,1
ADDLINE 1,149,1 0,0,0 12,0,2 1,149,1 2,149,1 4,149,1 1,149,1 3,149,1 1,149,1
ADDLINE 0,0,0 12,0,2 1,163,1 1,163,1 1,163,1 2,163,1 1,163,1 1,163,1 1,163,1
ADDLINE 12,0,2 1,177,1 1,177,1 1,177,1 1,177,1 1,177,1 2,177,1 4,177,1 1,177,1
ADDLINE 0,0,0 12,0,2 5,192,1 1,192,1 1,192,1 1,192,1 5,192,1 1,192,1 4,192,1
ADDLINE 1,154,1 0,0,0 12,0,2 1,154,1 2,154,1 2,154,1 1,154,1 1,154,1 1,154,1
ADDLINE 1,168,1 1,168,1 0,0,0 12,0,2 1,168,1 1,168,1 1,168,1 1,168,1 1,168,1
ADDLINE 4,182,1 1,182,1 1,182,1 12,0,2 1,182,1 4,182,1 5,182,1 5,182,1 1,182,1
ADDLINE 1,197,1 1,197,1 1,197,1 3,197,1 1,197,1 3,197,1 1,197,1 12,0,2 1,197,1
ADDLINE 4,158,1 1,158,1 2,158,1 1,158,1 1,158,1 1,158,1 1,158,1 12,0,2 1,158,1
ADDLINE 1,173,1 4,173,1 1,173,1 1,173,1 1,173,1 1,173,1 2,173,1 12,0,2 1,173,1
ADDLINE 1,188,1 1,188,1 1,188,1 1,188,1 1,188,1 3,188,1 1,188,1 12,0,2 1,376,1
ADDLINE 1,406,1 1,406,1 1,406,1 1,406,1 1,406,1 1,406,1 1,406,1 12,0,2 10,0,2
ADDLINE 4,162,1 1,162,1 5,162,1 1,162,1 1,162,1 3,162,1 1,162,1 12,0,2 0,0,0
ADDLINE 3,178,1 1,178,1 1,178,1 4,178,1 1,178,1 1,178,1 1,178,1 12,0,2 1,178,1
ADDLINE 1,386,1 1,386,1 1,386,1 1,386,1 1,386,1 0,0,0 12,0,2 8,0,2 1,386,1
ADDLINE 1,208,1 4,208,1 1,208,1 1,208,1 1,208,1 0,0,0 12,0,2 1,208,1 5,208,1
1,105,1 1,105,1 1,105,1 1,105,1 1,105,1 0,0,0 12,0,2 1,105,1 1,105,1
1,104,1 6,104,1 1,104,1 0,0,0 0,0,0 12,0,2 11,0,2 1,104,1 1,104,1
5,103,1 4,103,1 1,103,1 12,0,2 1,103,1 1,103,1 2,103,1 6,103,1 1,103,1
1,102,1 1,102,1 11,0,2 12,0,2 1,102,1 1,102,1 1,102,1 1,102,1 1,102,1
4,101,1 1,101,1 12,0,2 1,101,1 6,101,1 1,101,1 6,101,1 4,101,1 1,101,1
1,100,1 12,0,2 0,0,0 5,100,1 1,100,1 1,100,1 1,100,1 2,100,1 1,100,1
0,0,0 0,0,0 0,0,0 0,0,0 0,0,0 0,0,0 0,0,0 0,0,0 0,0,0
0,0,0 0,0,0 0,0,0 0,0,0 0,0,0 0,0,0 0,0,0 0,0,0 0,0,0
0,0,0 0,0,0 0,0,0 0,0,0 0,0,0 0,0,0 0,0,0 0,0,0 0,0,0