MODE 0
BALL 120
STARS 0/0/9555 35
ADDLINE 1,117,1 12,0,2 1,117,1 1,117,1 1,117,1 3,117,1 1,117,1 1,117,1 1,117,1
ADDLINE 0,0,0 12,0,2 2,118,1 1,118,1 3,118,1 5,118,1 1,118,1 1,118,1 1,118,1
ADDLINE 0,0,0 0,0,0 0,0,0 0,0,0 12,0,2 1,119,1 1,119,1 5,119,1 1,119,1
ADDLINE 0,0,0 12,0,2 0,0,0 0,0,0 0,0,0 1,131,1 4,131,1 1,131,1 1,131,1
ADDLINE 12,0,2 4,132,1 1,132,1 1,132,1 1,132,1 1,132,1 1,132,1 1,132,1 1,132,1
ADDLINE 0,0,0 12,0,2 1,144,1 1,144,1 3,144,1 1,144,1 1,144,1 5,144,1 5,144,1
ADDLINE 0,0,0 12,0,2 1,156,1 2,156,1 1,156,1 1,156,1 1,156,1 1,156,1 1,156,1
ADDLINE 0,0,0 12,0,2 5,169,1 1,169,1 1,169,1 2,169,1 1,169,1 1,169,1 4,169,1
ADDLINE 1,136,1 12,0,2 1,136,1 1,136,1 1,136,1 4,136,1 1,136,1 1,136,1 5,136,1
ADDLINE 1,149,1 0,0,0 1,149,1 12,0,2 0,0,0 0,0,0 1,149,1 0,0,0 1,149,1
ADDLINE 1,162,1 0,0,0 1,162,1 0,0,0 1,162,1 3,162,1 1,162,1 12,0,2 1,162,1
ADDLINE 0,0,0 12,0,2 4,175,1 0,0,0 0,0,0 0,0,0 2,175,1 0,0,0 1,175,1
ADDLINE 4,140,1 0,0,0 2,140,1 1,140,1 1,140,1 0,0,0 1,140,1 12,0,2 1,140,1
ADDLINE 1,154,1 0,0,0 0,0,0 0,0,0 1,154,1 12,0,2 1,154,1 0,0,0 4,154,1
ADDLINE 1,167,1 1,167,1 1,167,1 0,0,0 1,167,1 12,0,2 3,167,1 0,0,0 1,167,1
ADDLINE 1,180,1 0,0,0 0,0,0 0,0,0 1,180,1 0,0,0 0,0,0 12,0,2 1,180,1
ADDLINE 3,145,1 4,145,1 1,145,1 1,145,1 1,145,1 2,145,1 1,145,1 12,0,2 1,145,1
ADDLINE 0,0,0 0,0,0 12,0,2 0,0,0 0,0,0 0,0,0 0,0,0 0,0,0 1,158,1
ADDLINE 12,0,2 1,172,1 3,172,1 1,172,1 1,172,1 3,172,1 5,172,1 1,172,1 1,172,1
ADDLINE 0,0,0 12,0,2 1,186,1 1,186,1 5,186,1 1,186,1 1,186,1 1,186,1 1,186,1
ADDLINE 4,149,1 0,0,0 12,0,2 1,149,1 1,149,1 4,149,1 1,149,1 1,149,1 1,149,1
ADDLINE 1,163,1 0,0,0 12,0,2 1,163,1 3,163,1 1,163,1 1,163,1 1,163,1 1,163,1
ADDLINE 2,177,1 0,0,0 12,0,2 1,177,1 1,177,1 1,177,1 1,177,1 4,177,1 2,177,1
ADDLINE 1,192,1 0,0,0 12,0,2 1,192,1 1,192,1 1,192,1 3,192,1 1,192,1 1,192,1
ADDLINE 0,0,0 12,0,2 5,154,1 1,154,1 1,154,1 1,154,1 1,154,1 1,154,1 1,154,1
ADDLINE 0,0,0 12,0,2 1,168,1 1,168,1 1,168,1 1,168,1 1,168,1 5,168,1 1,168,1
ADDLINE 4,182,1 0,0,0 12,0,2 1,182,1 1,182,1 1,182,1 1,182,1 3,182,1 3,182,1
ADDLINE 1,197,1 1,197,1 5,197,1 1,197,1 1,197,1 2,197,1 12,0,2 3,197,1 1,197,1
ADDLINE 3,158,1 1,158,1 1,158,1 1,158,1 2,158,1 0,0,0 12,0,2 5,158,1 1,158,1
ADDLINE 1,173,1 1,173,1 1,173,1 1,173,1 1,173,1 12,0,2 1,173,1 1,173,1 1,173,1
ADDLINE 1,188,1 1,188,1 1,188,1 1,188,1 1,188,1 0,0,0 12,0,2 1,188,1 1,188,1
ADDLINE 1,203,1 4,203,1 1,203,1 5,203,1 4,203,1 1,203,1 12,0,2 1,203,1 1,203,1
ADDLINE 1,162,1 1,162,1 1,162,1 2,162,1 1,162,1 1,162,1 12,0,2 5,162,1 2,162,1
ADDLINE 1,178,1 1,178,1 1,178,1 3,178,1 1,178,1 2,178,1 12,0,2 1,178,1 3,178,1
ADDLINE 2,193,1 1,193,1 1,193,1 1,193,1 1,193,1 1,193,1 12,0,2 1,193,1 1,193,1
ADDLINE 4,208,1 1,208,1 1,208,1 1,208,1 1,208,1 4,208,1 12,0,2 1,208,1 1,208,1
1,105,1 1,105,1 1,105,1 1,105,1 0,0,0 12,0,2 1,105,1 1,105,1 1,105,1
1,104,1 1,104,1 4,104,1 0,0,0 12,0,2 10,0,2 1,104,1 6,104,1 2,104,1
0,0,0 12,0,2 0,0,0 0,0,0 3,103,1 1,103,1 1,103,1 1,103,1 4,103,1
10,0,2 12,0,2 1,102,1 0,0,0 1,102,1 1,102,1 5,102,1 1,102,1 3,102,1
1,101,1 1,101,1 4,101,1 12,0,2 1,101,1 2,101,1 1,101,1 1,101,1 1,101,1
4,100,1 8,0,2 12,0,2 0,0,0 1,100,1 1,100,1 6,100,1 1,0,1 1,100,1
0,0,0 0,0,0 0,0,0 0,0,0 0,0,0 0,0,0 0,0,0 0,0,0 0,0,0
0,0,0 0,0,0 0,0,0 0,0,0 0,0,0 0,0,0 0,0,0 0,0,0 0,0,0
0,0,0 0,0,0 0,0,0 0,0,0 0,0,0 0,0,0 0,0,0 0,0,0 0,0,0