MODE 0
BALL 50
STARS 0/0/3150 35
ADDLINE 1,54,1 1,54,1 0,0,0 1,54,1 12,0,2 1,54,1 11,0,2 1,54,1 0,0,0
ADDLINE 0,0,0 0,0,0 0,0,0 1,55,1 0,0,0 1,55,1 0,0,0 1,55,1 12,0,2
ADDLINE 0,0,0 1,62,1 1,62,1 2,62,1 0,0,0 1,62,1 12,0,2 3,62,1 1,62,1
ADDLINE 0,0,0 1,63,1 12,0,2 1,63,1 1,63,1 1,63,1 0,0,0 1,63,1 0,0,0
ADDLINE 1,64,1 1,64,1 0,0,0 1,64,1 1,64,1 1,64,1 1,64,1 7,0,2 12,0,2
ADDLINE 1,71,1 1,71,1 12,0,2 7,0,2 0,0,0 3,71,1 0,0,0 1,71,1 0,0,0
ADDLINE 1,68,1 1,68,1 0,0,0 1,68,1 1,68,1 4,68,1 12,0,2 1,68,1 1,68,1
ADDLINE 1,73,1 1,73,1 0,0,0 0,0,0 0,0,0 5,73,1 0,0,0 1,73,1 12,0,2
ADDLINE 0,0,0 2,94,1 1,94,1 1,94,1 12,0,2 4,94,1 1,94,1 1,94,1 0,0,0
4,62,1 3,62,1 4,62,1 3,62,1 11,0,2 2,62,1 5,62,1 2,62,1 5,62,1
12,0,2 1,60,1 12,0,2 1,60,1 0,0,0 1,60,1 12,0,2 1,60,1 12,0,2
2,58,1 5,58,1 2,58,1 3,58,1 0,0,0 2,58,1 3,58,1 4,58,1 3,58,1
4,60,1 3,60,1 1,60,1 1,60,1 0,0,0 1,60,1 1,60,1 2,60,1 5,60,1
2,60,1 6,60,1 1,60,1 1,60,1 12,0,2 1,60,1 1,60,1 6,60,1 3,60,1
1,58,1 1,58,1 1,58,1 1,58,1 12,0,2 1,58,1 1,58,1 1,58,1 1,58,1
0,0,0 0,0,0 0,0,0 0,0,0 0,0,0 0,0,0 0,0,0 0,0,0 0,0,0
0,0,0 0,0,0 0,0,0 0,0,0 0,0,0 0,0,0 0,0,0 0,0,0 0,0,0
0,0,0 0,0,0 0,0,0 0,0,0 0,0,0 0,0,0 0,0,0 0,0,0 0,0,0