MODE 0
BALL 120
STARS 0/0/10500 35
ADDLINE 1,117,1 12,0,2 1,117,1 1,117,1 1,117,1 1,117,1 1,117,1 1,117,1 19,117,1
ADDLINE 1,118,1 0,0,0 12,0,2 1,118,1 1,118,1 1,118,1 1,118,1 1,118,1 1,118,1
ADDLINE 1,119,1 1,119,1 8,0,2 0,0,0 12,0,2 1,119,1 1,119,1 1,119,1 1,119,1
ADDLINE 1,131,1 1,131,1 1,131,1 1,131,1 0,0,0 12,0,2 1,131,1 1,131,1 16,131,1
ADDLINE 1,132,1 1,132,1 1,132,1 1,132,1 10,0,2 12,0,2 1,132,1 1,132,1 1,132,1
ADDLINE 1,144,1 1,144,1 1,144,1 1,144,1 0,0,0 12,0,2 1,144,1 1,144,1 1,144,1
ADDLINE 1,312,1 16,156,1 1,312,1 0,0,0 12,0,2 1,312,1 1,312,1 1,312,1 1,312,1
ADDLINE 1,169,1 1,169,1 1,169,1 0,0,0 12,0,2 1,338,1 1,169,1 1,169,1 1,169,1
ADDLINE 1,272,1 1,272,1 1,272,1 1,272,1 10,0,2 12,0,2 1,272,1 1,272,1 1,272,1
ADDLINE 1,149,1 1,149,1 1,149,1 0,0,0 1,298,1 12,0,2 1,149,1 1,149,1 1,149,1
ADDLINE 1,162,1 1,162,1 1,324,1 11,0,2 1,324,1 12,0,2 1,162,1 1,162,1 1,162,1
ADDLINE 1,175,1 1,175,1 1,350,1 0,0,0 1,350,1 12,0,2 1,175,1 1,175,1 1,175,1
ADDLINE 1,140,1 1,140,1 1,280,1 11,0,2 1,280,1 12,0,2 0,0,0 0,0,0 1,140,1
ADDLINE 1,154,1 1,154,1 1,308,1 1,308,1 1,308,1 1,308,1 1,308,1 12,0,2 1,154,1
ADDLINE 1,334,1 1,334,1 1,334,1 1,334,1 1,334,1 1,334,1 19,167,1 12,0,2 0,0,0
ADDLINE 1,180,1 1,180,1 1,180,1 1,360,1 1,360,1 12,0,2 1,360,1 1,360,1 1,180,1
ADDLINE 1,290,1 0,0,0 1,290,1 12,0,2 10,0,2 0,0,0 1,290,1 1,290,1 1,290,1
ADDLINE 1,158,1 0,0,0 1,158,1 12,0,2 1,316,1 1,316,1 1,158,1 1,158,1 1,158,1
ADDLINE 1,172,1 1,344,1 1,344,1 1,344,1 1,172,1 1,172,1 12,0,2 1,172,1 1,172,1
ADDLINE 1,372,1 1,372,1 19,186,1 1,372,1 1,372,1 1,372,1 0,0,0 12,0,2 1,372,1
ADDLINE 1,149,1 1,298,1 1,298,1 1,298,1 1,298,1 1,149,1 0,0,0 12,0,2 1,149,1
ADDLINE 1,163,1 1,163,1 1,326,1 17,163,1 1,326,1 1,163,1 12,0,2 1,163,1 1,163,1
ADDLINE 1,177,1 1,177,1 1,354,1 1,354,1 1,354,1 1,177,1 0,0,0 12,0,2 1,177,1
ADDLINE 1,192,1 1,192,1 1,192,1 1,192,1 1,192,1 1,192,1 1,192,1 12,0,2 1,192,1
ADDLINE 1,154,1 1,154,1 1,154,1 1,154,1 1,154,1 1,154,1 1,154,1 12,0,2 0,0,0
ADDLINE 1,336,1 1,336,1 1,336,1 1,336,1 1,336,1 1,336,1 1,336,1 12,0,2 10,0,2
ADDLINE 1,182,1 1,182,1 1,182,1 1,182,1 1,182,1 1,182,1 1,182,1 12,0,2 1,364,1
ADDLINE 1,197,1 12,0,2 1,197,1 1,197,1 1,197,1 1,197,1 1,197,1 1,197,1 1,197,1
ADDLINE 0,0,0 12,0,2 1,158,1 1,158,1 1,158,1 1,158,1 1,158,1 1,158,1 1,158,1
ADDLINE 0,0,0 12,0,2 1,173,1 1,173,1 1,173,1 1,173,1 1,173,1 1,173,1 1,173,1
ADDLINE 0,0,0 12,0,2 1,188,1 1,188,1 1,188,1 1,376,1 1,376,1 1,376,1 1,188,1
ADDLINE 11,0,2 12,0,2 1,203,1 1,203,1 1,203,1 1,406,1 17,203,1 1,406,1 1,203,1
ADDLINE 1,324,1 0,0,0 12,0,2 1,162,1 1,162,1 1,324,1 1,324,1 1,324,1 1,162,1
ADDLINE 0,0,0 12,0,2 1,356,1 1,356,1 1,356,1 1,356,1 1,356,1 16,178,1 1,356,1
ADDLINE 0,0,0 12,0,2 1,193,1 1,193,1 1,193,1 1,193,1 1,193,1 1,193,1 1,193,1
ADDLINE 1,208,1 0,0,0 12,0,2 1,208,1 1,416,1 1,416,1 1,416,1 1,208,1 1,208,1
1,105,1 1,105,1 0,0,0 0,0,0 1,105,1 6,105,1 1,105,1 4,105,1 12,0,2
1,104,1 4,104,1 3,104,1 2,104,1 5,104,1 1,104,1 4,104,1 12,0,2 3,104,1
1,103,1 6,103,1 1,103,1 1,103,1 2,103,1 0,0,0 12,0,2 3,103,1 1,103,1
1,102,1 1,102,1 1,102,1 1,102,1 4,102,1 12,0,2 0,0,0 5,102,1 1,102,1
1,101,1 1,101,1 1,101,1 4,101,1 12,0,2 3,101,1 2,101,1 6,101,1 1,101,1
1,100,1 1,100,1 4,100,1 12,0,2 3,100,1 1,100,1 1,100,1 1,100,1 1,100,1
0,0,0 0,0,0 0,0,0 0,0,0 0,0,0 0,0,0 0,0,0 0,0,0 0,0,0
0,0,0 0,0,0 0,0,0 0,0,0 0,0,0 0,0,0 0,0,0 0,0,0 0,0,0
0,0,0 0,0,0 0,0,0 0,0,0 0,0,0 0,0,0 0,0,0 0,0,0 0,0,0