MODE 0
BALL 120
STARS 0/0/9835 35
ADDLINE 1,117,1 1,117,1 1,117,1 1,117,1 1,117,1 3,117,1 12,0,2 1,117,1 1,117,1
ADDLINE 1,118,1 2,118,1 1,118,1 1,118,1 5,118,1 0,0,0 12,0,2 1,118,1 3,118,1
ADDLINE 2,119,1 1,119,1 1,119,1 1,119,1 1,119,1 12,0,2 5,119,1 1,119,1 1,119,1
ADDLINE 1,131,1 1,131,1 3,131,1 1,131,1 1,131,1 12,0,2 1,131,1 5,131,1 1,131,1
ADDLINE 1,132,1 3,132,1 4,132,1 0,0,0 0,0,0 12,0,2 1,132,1 1,132,1 1,132,1
ADDLINE 4,144,1 1,144,1 0,0,0 12,0,2 1,144,1 1,144,1 1,144,1 1,144,1 1,144,1
ADDLINE 1,156,1 1,156,1 12,0,2 1,156,1 4,156,1 1,156,1 1,156,1 1,156,1 1,156,1
ADDLINE 3,169,1 1,169,1 0,0,0 12,0,2 0,0,0 1,169,1 1,169,1 1,169,1 5,169,1
ADDLINE 4,136,1 1,136,1 1,136,1 5,136,1 12,0,2 1,136,1 1,136,1 1,136,1 3,136,1
ADDLINE 1,149,1 0,0,0 4,149,1 0,0,0 1,149,1 0,0,0 1,149,1 12,0,2 1,149,1
ADDLINE 5,162,1 0,0,0 1,162,1 0,0,0 0,0,0 0,0,0 0,0,0 12,0,2 1,162,1
ADDLINE 5,175,1 12,0,2 3,175,1 1,175,1 1,175,1 1,175,1 1,175,1 1,175,1 1,175,1
ADDLINE 12,0,2 0,0,0 1,140,1 0,0,0 0,0,0 0,0,0 1,140,1 0,0,0 0,0,0
ADDLINE 1,154,1 0,0,0 3,154,1 0,0,0 1,154,1 12,0,2 1,154,1 0,0,0 1,154,1
ADDLINE 2,167,1 0,0,0 5,167,1 0,0,0 1,167,1 0,0,0 1,167,1 12,0,2 0,0,0
ADDLINE 1,180,1 0,0,0 2,180,1 12,0,2 1,180,1 1,180,1 1,180,1 1,180,1 1,180,1
ADDLINE 1,145,1 0,0,0 4,145,1 0,0,0 0,0,0 0,0,0 12,0,2 0,0,0 1,145,1
ADDLINE 1,158,1 0,0,0 1,158,1 1,158,1 5,158,1 12,0,2 4,158,1 1,158,1 1,158,1
ADDLINE 3,172,1 1,172,1 1,172,1 1,172,1 1,172,1 1,172,1 4,172,1 1,172,1 12,0,2
ADDLINE 5,186,1 1,186,1 1,186,1 1,186,1 5,186,1 1,186,1 3,186,1 1,186,1 12,0,2
ADDLINE 1,149,1 1,149,1 1,149,1 1,149,1 4,149,1 1,149,1 0,0,0 12,0,2 0,0,0
ADDLINE 1,163,1 1,163,1 1,163,1 1,163,1 0,0,0 0,0,0 12,0,2 1,163,1 3,163,1
ADDLINE 2,177,1 1,177,1 1,177,1 1,177,1 0,0,0 12,0,2 4,177,1 3,177,1 2,177,1
ADDLINE 1,192,1 1,192,1 1,192,1 1,192,1 1,192,1 12,0,2 1,192,1 1,192,1 1,192,1
ADDLINE 4,154,1 1,154,1 1,154,1 1,154,1 0,0,0 12,0,2 5,154,1 1,154,1 1,154,1
ADDLINE 1,168,1 1,168,1 4,168,1 3,168,1 0,0,0 12,0,2 1,168,1 1,168,1 1,168,1
ADDLINE 5,182,1 1,182,1 1,182,1 1,182,1 1,182,1 12,0,2 3,182,1 1,182,1 1,182,1
ADDLINE 12,0,2 1,197,1 1,197,1 1,197,1 2,197,1 5,197,1 5,197,1 4,197,1 1,197,1
ADDLINE 12,0,2 1,158,1 1,158,1 2,158,1 1,158,1 1,158,1 1,158,1 1,158,1 1,158,1
ADDLINE 12,0,2 1,173,1 1,173,1 1,173,1 1,173,1 1,173,1 4,173,1 1,173,1 1,173,1
ADDLINE 12,0,2 1,188,1 2,188,1 1,188,1 1,188,1 1,188,1 1,188,1 1,188,1 1,188,1
ADDLINE 12,0,2 5,203,1 5,203,1 1,203,1 1,203,1 1,203,1 3,203,1 1,203,1 2,203,1
ADDLINE 12,0,2 1,162,1 1,162,1 1,162,1 1,162,1 1,162,1 1,162,1 3,162,1 1,162,1
ADDLINE 0,0,0 12,0,2 1,178,1 1,178,1 4,178,1 1,178,1 4,178,1 1,178,1 1,178,1
ADDLINE 1,193,1 0,0,0 12,0,2 0,0,0 0,0,0 1,193,1 1,193,1 1,193,1 1,193,1
ADDLINE 1,208,1 1,208,1 1,208,1 2,208,1 12,0,2 5,208,1 1,208,1 5,208,1 1,208,1
15,0,2 3,105,1 1,105,1 1,105,1 10,0,2 12,0,2 3,105,1 4,105,1 1,105,1
1,104,1 1,104,1 1,104,1 0,0,0 12,0,2 3,104,1 2,104,1 5,104,1 1,104,1
0,0,0 12,0,2 0,0,0 12,0,2 1,103,1 1,103,1 1,103,1 6,103,1 1,103,1
12,0,2 21,102,1 1,102,1 1,102,1 2,102,1 5,102,1 1,102,1 1,102,1 1,102,1
12,0,2 3,101,1 1,101,1 4,101,1 1,101,1 6,101,1 4,101,1 3,101,1 1,102,1
0,0,0 0,0,0 0,0,0 0,0,0 1,100,1 1,100,1 1,100,1 1,100,1 14,0,2
0,0,0 0,0,0 0,0,0 0,0,0 0,0,0 0,0,0 0,0,0 0,0,0 0,0,0
0,0,0 0,0,0 0,0,0 0,0,0 0,0,0 0,0,0 0,0,0 0,0,0 0,0,0
0,0,0 0,0,0 0,0,0 0,0,0 0,0,0 0,0,0 0,0,0 0,0,0 0,0,0