MODE 0
BALL 120
STARS 0/0/10290 35
ADDLINE 2,117,1 12,0,2 1,117,1 1,117,1 4,117,1 1,117,1 1,117,1 1,117,1 1,117,1
ADDLINE 1,118,1 12,0,2 1,118,1 1,118,1 1,118,1 5,118,1 1,118,1 17,118,1 1,118,1
ADDLINE 0,0,0 12,0,2 1,119,1 1,119,1 1,119,1 1,119,1 1,119,1 1,119,1 4,119,1
ADDLINE 0,0,0 0,0,0 0,0,0 12,0,2 4,131,1 1,131,1 1,131,1 1,131,1 1,131,1
ADDLINE 1,132,1 1,132,1 1,132,1 0,0,0 0,0,0 12,0,2 1,132,1 1,132,1 3,132,1
ADDLINE 2,144,1 1,144,1 0,0,0 12,0,2 0,0,0 0,0,0 1,144,1 1,144,1 2,144,1
ADDLINE 1,156,1 1,156,1 0,0,0 12,0,2 1,156,1 1,156,1 5,156,1 1,156,1 1,156,1
ADDLINE 1,338,1 1,338,1 1,338,1 0,0,0 12,0,2 16,169,1 1,338,1 1,338,1 1,338,1
ADDLINE 4,136,1 1,136,1 1,272,1 1,272,1 1,272,1 12,0,2 2,136,1 1,136,1 1,136,1
ADDLINE 1,298,1 1,298,1 1,298,1 19,149,1 12,0,2 1,298,1 1,298,1 1,298,1 1,298,1
ADDLINE 1,162,1 1,162,1 1,324,1 1,324,1 0,0,0 0,0,0 0,0,0 12,0,2 0,0,0
ADDLINE 1,175,1 1,175,1 1,175,1 1,175,1 12,0,2 1,175,1 3,175,1 2,175,1 1,175,1
ADDLINE 1,140,1 1,140,1 1,140,1 5,140,1 12,0,2 1,140,1 1,140,1 3,140,1 2,140,1
ADDLINE 0,0,0 0,0,0 12,0,2 0,0,0 1,154,1 0,0,0 1,154,1 0,0,0 0,0,0
ADDLINE 1,167,1 1,167,1 1,167,1 2,167,1 1,167,1 12,0,2 1,167,1 1,167,1 1,167,1
ADDLINE 1,180,1 1,180,1 2,180,1 1,180,1 1,180,1 12,0,2 4,180,1 0,0,0 0,0,0
ADDLINE 1,145,1 1,145,1 1,145,1 1,145,1 5,145,1 12,0,2 1,145,1 1,145,1 2,145,1
ADDLINE 0,0,0 12,0,2 0,0,0 0,0,0 1,316,1 1,316,1 1,158,1 1,158,1 1,158,1
ADDLINE 12,0,2 1,172,1 2,172,1 1,344,1 20,172,1 1,344,1 1,172,1 1,172,1 3,172,1
ADDLINE 0,0,0 12,0,2 1,186,1 1,372,1 1,372,1 1,372,1 5,186,1 2,186,1 1,186,1
ADDLINE 1,149,1 12,0,2 1,149,1 1,149,1 1,149,1 1,149,1 1,149,1 1,149,1 1,149,1
ADDLINE 0,0,0 12,0,2 1,163,1 1,163,1 1,163,1 1,163,1 1,163,1 1,163,1 2,163,1
ADDLINE 12,0,2 1,177,1 1,177,1 5,177,1 1,177,1 1,177,1 1,177,1 1,177,1 3,177,1
ADDLINE 12,0,2 3,192,1 5,192,1 1,384,1 1,384,1 1,384,1 1,192,1 1,192,1 1,192,1
ADDLINE 0,0,0 12,0,2 0,0,0 1,308,1 20,154,1 1,308,1 1,154,1 1,154,1 1,154,1
ADDLINE 0,0,0 0,0,0 12,0,2 1,336,1 17,168,1 1,336,1 3,168,1 4,168,1 1,168,1
ADDLINE 0,0,0 0,0,0 12,0,2 1,364,1 1,364,1 1,364,1 1,364,1 1,364,1 1,182,1
ADDLINE 4,197,1 1,197,1 12,0,2 1,197,1 4,197,1 1,394,1 17,197,1 1,394,1 1,197,1
ADDLINE 3,158,1 1,158,1 12,0,2 1,158,1 1,158,1 1,316,1 1,316,1 1,316,1 2,158,1
ADDLINE 1,173,1 1,173,1 0,0,0 12,0,2 1,173,1 1,173,1 1,173,1 1,173,1 1,173,1
ADDLINE 3,188,1 1,376,1 0,0,0 12,0,2 2,188,1 1,188,1 1,188,1 1,188,1 1,188,1
ADDLINE 1,406,1 19,203,1 12,0,2 1,406,1 1,406,1 1,406,1 1,406,1 1,406,1 1,406,1
ADDLINE 1,162,1 1,324,1 12,0,2 5,162,1 1,162,1 1,162,1 1,162,1 1,162,1 1,162,1
ADDLINE 3,178,1 1,178,1 0,0,0 12,0,2 3,178,1 1,178,1 1,178,1 1,178,1 1,178,1
ADDLINE 1,193,1 1,193,1 1,193,1 0,0,0 12,0,2 1,193,1 1,193,1 2,193,1 4,193,1
ADDLINE 1,208,1 1,208,1 4,208,1 1,208,1 12,0,2 2,208,1 1,208,1 1,208,1 1,208,1
1,105,1 4,105,1 1,105,1 1,105,1 0,0,0 12,0,2 1,105,1 1,105,1 1,105,1
17,104,1 1,104,1 1,104,1 1,104,1 12,0,2 17,104,1 1,104,1 4,104,1 19,104,1
2,103,1 1,103,1 1,103,1 8,0,2 12,0,2 1,103,1 1,2,1 3,103,1 1,103,1
1,102,1 1,102,1 1,102,1 12,0,2 1,102,1 1,102,1 1,2,1 1,102,1 1,102,1
1,101,1 3,101,1 8,0,2 12,0,2 1,101,1 1,101,1 1,2,1 1,101,1 4,101,1
1,100,1 0,0,0 12,0,2 1,100,1 1,100,1 1,100,1 1,2,1 1,100,1 1,100,1
0,0,0 0,0,0 0,0,0 0,0,0 0,0,0 0,0,0 0,0,0 0,0,0 0,0,0
0,0,0 0,0,0 0,0,0 0,0,0 0,0,0 0,0,0 0,0,0 0,0,0 0,0,0
0,0,0 0,0,0 0,0,0 0,0,0 0,0,0 0,0,0 0,0,0 0,0,0 0,0,0