MODE 0
BALL 50
STARS 0/0/2835 35
ADDLINE 0,0,0 1,54,1 1,54,1 1,54,1 0,0,0 1,54,1 0,0,0 5,54,1 12,0,2
ADDLINE 0,0,0 0,0,0 0,0,0 20,55,1 0,0,0 0,0,0 0,0,0 1,55,1 12,0,2
ADDLINE 4,56,1 1,56,1 12,0,2 1,56,1 5,56,1 3,56,1 1,56,1 1,56,1 1,56,1
ADDLINE 0,0,0 12,0,2 0,0,0 1,63,1 0,0,0 0,0,0 1,63,1 0,0,0 0,0,0
ADDLINE 0,0,0 1,64,1 1,64,1 3,64,1 0,0,0 1,64,1 2,64,1 1,64,1 12,0,2
ADDLINE 0,0,0 1,71,1 0,0,0 7,0,2 0,0,0 9,0,2 1,71,1 1,71,1 12,0,2
ADDLINE 1,68,1 1,68,1 0,0,0 1,68,1 12,0,2 1,68,1 1,68,1 1,68,1 1,68,1
ADDLINE 0,0,0 0,0,0 0,0,0 2,73,1 0,0,0 1,73,1 0,0,0 0,0,0 12,0,2
ADDLINE 0,0,0 1,89,1 4,89,1 1,89,1 1,89,1 1,89,1 3,89,1 4,89,1 12,0,2
12,0,2 0,0,0 12,0,2 5,64,1 0,0,0 4,64,1 12,0,2 0,0,0 12,0,2
2,62,1 11,0,2 3,62,1 1,62,1 0,0,0 1,62,1 2,62,1 11,0,2 3,62,1
1,64,1 1,64,1 1,64,1 4,64,1 0,0,0 5,64,1 1,64,1 1,64,1 1,64,1
4,62,1 12,0,2 4,62,1 3,62,1 1,62,1 2,62,1 5,62,1 12,0,2 5,62,1
0,0,0 4,60,1 3,60,1 1,60,1 1,60,1 1,60,1 2,60,1 5,60,1 0,0,0
4,116,1 3,116,1 1,116,1 1,116,1 16,58,1 1,116,1 1,116,1 2,116,1 5,116,1
0,0,0 0,0,0 0,0,0 0,0,0 0,0,0 0,0,0 0,0,0 0,0,0 0,0,0
0,0,0 0,0,0 0,0,0 0,0,0 0,0,0 0,0,0 0,0,0 0,0,0 0,0,0
0,0,0 0,0,0 0,0,0 0,0,0 0,0,0 0,0,0 0,0,0 0,0,0 0,0,0