MODE 0
BALL 120
STARS 0/0/18620 35
ADDLINE 12,0,2 1,117,1 1,117,1 1,117,1 1,117,1 1,11,1 1,117,1 1,117,1 19,117,1
ADDLINE 12,0,2 1,118,1 1,118,1 1,118,1 1,118,1 1,118,1 1,118,1 1,118,1 1,118,1
ADDLINE 0,0,0 12,0,2 1,119,1 1,119,1 1,119,1 1,119,1 1,119,1 1,119,1 1,119,1
ADDLINE 1,131,1 0,0,0 12,0,2 1,131,1 1,131,1 1,131,1 1,131,1 1,131,1 1,131,1
ADDLINE 1,132,1 1,132,1 0,0,0 12,0,2 0,0,0 0,0,0 1,132,1 1,132,1 1,132,1
ADDLINE 20,144,1 1,144,1 1,144,1 0,0,0 12,0,2 0,0,0 1,144,1 1,144,1 1,144,1
ADDLINE 1,312,1 1,312,1 1,156,1 0,0,0 12,0,2 1,156,1 1,156,1 1,156,1 1,156,1
ADDLINE 1,169,1 1,169,1 1,169,1 1,169,1 0,0,0 0,0,0 12,0,2 0,0,0 1,169,1
ADDLINE 1,136,1 1,272,1 1,272,1 1,272,1 1,136,1 0,0,0 12,0,2 0,0,0 1,136,1
ADDLINE 12,0,2 1,298,1 17,149,1 1,298,1 0,0,0 1,298,1 1,298,1 1,149,1 0,0,0
ADDLINE 0,0,0 12,0,2 1,324,1 0,0,0 1,324,1 20,162,1 1,324,1 1,162,1 0,0,0
ADDLINE 1,175,1 1,175,1 1,175,1 1,175,1 1,350,1 1,350,1 12,0,2 1,175,1 1,175,1
ADDLINE 1,140,1 12,0,2 1,140,1 1,140,1 0,0,0 0,0,0 0,0,0 0,0,0 0,0,0
ADDLINE 0,0,0 1,154,1 1,154,1 1,154,1 12,0,2 1,154,1 1,154,1 1,154,1 1,154,1
ADDLINE 0,0,0 1,167,1 1,167,1 1,167,1 12,0,2 1,167,1 1,167,1 1,167,1 1,167,1
ADDLINE 0,0,0 1,180,1 1,180,1 1,180,1 12,0,2 1,180,1 1,180,1 1,180,1 1,180,1
ADDLINE 0,0,0 1,145,1 1,145,1 1,145,1 12,0,2 1,290,1 1,290,1 1,290,1 1,145,1
ADDLINE 0,0,0 1,316,1 1,316,1 1,316,1 12,0,2 1,316,1 19,158,1 1,316,1 1,316,1
ADDLINE 1,344,1 1,344,1 1,172,1 1,172,1 1,172,1 1,344,1 1,344,1 12,0,2 1,172,1
ADDLINE 20,186,1 1,372,1 1,186,1 1,186,1 1,186,1 1,372,1 1,372,1 12,0,2 1,186,1
ADDLINE 1,298,1 1,298,1 1,149,1 1,149,1 1,149,1 1,298,1 20,149,1 12,0,2 1,149,1
ADDLINE 1,163,1 1,163,1 1,163,1 1,163,1 1,163,1 1,326,1 0,0,0 12,0,2 1,163,1
ADDLINE 1,177,1 1,177,1 1,177,1 1,177,1 1,177,1 1,177,1 0,0,0 12,0,2 1,177,1
ADDLINE 1,192,1 1,192,1 1,192,1 1,192,1 1,192,1 1,192,1 1,192,1 12,0,2 0,0,0
ADDLINE 1,154,1 1,308,1 1,308,1 1,308,1 1,154,1 1,154,1 1,154,1 1,154,1 12,0,2
ADDLINE 1,168,1 1,336,1 20,168,1 1,336,1 1,168,1 1,168,1 12,0,2 0,0,0 1,336,1
ADDLINE 1,182,1 1,364,1 1,364,1 1,364,1 1,364,1 1,182,1 0,0,0 12,0,2 17,182,1
ADDLINE 1,197,1 1,197,1 1,394,1 20,197,1 1,394,1 12,0,2 1,197,1 1,394,1 1,394,1
ADDLINE 1,158,1 1,158,1 1,316,1 1,316,1 1,316,1 12,0,2 1,158,1 1,158,1 1,158,1
ADDLINE 1,173,1 1,173,1 1,173,1 1,173,1 1,173,1 0,0,0 12,0,2 1,173,1 1,173,1
ADDLINE 1,376,1 16,188,1 1,376,1 1,376,1 1,376,1 1,376,1 0,0,0 12,0,2 1,376,1
ADDLINE 1,203,1 1,203,1 1,203,1 1,203,1 1,203,1 1,406,1 20,203,1 12,0,2 0,0,0
ADDLINE 1,162,1 1,162,1 1,162,1 1,162,1 1,162,1 1,324,1 1,324,1 1,324,1 12,0,2
ADDLINE 16,178,1 1,356,1 1,356,1 1,356,1 1,356,1 1,356,1 1,356,1 12,0,2 0,0,0
ADDLINE 1,386,1 1,386,1 1,386,1 16,193,1 1,386,1 1,386,1 1,386,1 12,0,2 0,0,0
ADDLINE 1,208,1 1,208,1 1,208,1 1,208,1 1,208,1 1,208,1 1,208,1 12,0,2 0,0,0
1,105,1 1,105,1 1,105,1 1,105,1 1,105,1 1,105,1 1,105,1 12,0,2 0,0,0
1,104,1 1,104,1 1,104,1 1,104,1 1,104,1 0,0,0 8,0,2 12,0,2 1,104,1
1,103,1 1,103,1 1,103,1 0,0,0 12,0,2 8,0,2 1,103,1 1,103,1 1,103,1
1,102,1 1,102,1 1,102,1 12,0,2 8,0,2 1,102,1 1,102,1 1,102,1 1,102,1
1,101,1 1,101,1 12,0,2 8,0,2 1,101,1 1,101,1 1,101,1 1,101,1 1,101,1
0,0,0 12,0,2 0,0,0 1,100,1 1,100,1 1,100,1 1,100,1 1,100,1 1,100,1
0,0,0 0,0,0 0,0,0 0,0,0 0,0,0 0,0,0 0,0,0 0,0,0 0,0,0
0,0,0 0,0,0 0,0,0 0,0,0 0,0,0 0,0,0 0,0,0 0,0,0 0,0,0
0,0,0 0,0,0 0,0,0 0,0,0 0,0,0 0,0,0 0,0,0 0,0,0 0,0,0