MODE 0
BALL 120
STARS 0/0/9660 35
ADDLINE 1,117,1 1,117,1 3,117,1 2,117,1 1,117,1 4,117,1 1,117,1 1,117,1 12,0,2
ADDLINE 1,118,1 1,118,1 2,118,1 1,118,1 0,0,0 0,0,0 12,0,2 0,0,0 0,0,0
ADDLINE 1,119,1 1,119,1 1,119,1 1,119,1 12,0,2 0,0,0 0,0,0 0,0,0 0,0,0
ADDLINE 2,131,1 1,131,1 5,131,1 1,131,1 1,131,1 1,131,1 1,131,1 3,131,1 12,0,2
ADDLINE 3,132,1 1,132,1 1,132,1 1,132,1 12,0,2 0,0,0 0,0,0 0,0,0 0,0,0
ADDLINE 1,144,1 5,144,1 1,144,1 1,144,1 0,0,0 12,0,2 1,144,1 1,144,1 1,144,1
ADDLINE 2,156,1 1,156,1 1,156,1 1,156,1 1,156,1 12,0,2 1,156,1 5,156,1 1,156,1
ADDLINE 1,169,1 3,169,1 1,169,1 1,169,1 0,0,0 12,0,2 1,169,1 3,169,1 1,169,1
ADDLINE 1,136,1 1,136,1 5,136,1 0,0,0 12,0,2 1,136,1 2,136,1 1,136,1 1,136,1
ADDLINE 1,149,1 0,0,0 1,149,1 0,0,0 1,149,1 12,0,2 0,0,0 0,0,0 1,149,1
ADDLINE 2,162,1 0,0,0 1,162,1 1,162,1 1,162,1 12,0,2 1,162,1 3,162,1 1,162,1
ADDLINE 0,0,0 0,0,0 4,175,1 0,0,0 0,0,0 0,0,0 1,175,1 12,0,2 0,0,0
ADDLINE 1,140,1 1,140,1 4,140,1 0,0,0 3,140,1 1,140,1 2,140,1 12,0,2 1,140,1
ADDLINE 0,0,0 0,0,0 12,0,2 0,0,0 1,154,1 0,0,0 1,154,1 0,0,0 1,154,1
ADDLINE 1,167,1 1,167,1 1,167,1 1,167,1 1,167,1 0,0,0 1,167,1 12,0,2 4,167,1
ADDLINE 4,180,1 0,0,0 12,0,2 0,0,0 0,0,0 0,0,0 3,180,1 0,0,0 1,180,1
ADDLINE 1,145,1 0,0,0 1,145,1 0,0,0 2,145,1 1,145,1 1,145,1 12,0,2 1,145,1
ADDLINE 1,158,1 0,0,0 1,158,1 0,0,0 1,158,1 12,0,2 0,0,0 0,0,0 1,158,1
ADDLINE 12,0,2 1,172,1 1,172,1 1,172,1 1,172,1 1,172,1 5,172,1 2,172,1 1,172,1
ADDLINE 12,0,2 1,186,1 1,186,1 1,186,1 1,186,1 2,186,1 3,186,1 1,186,1 1,186,1
ADDLINE 12,0,2 1,149,1 1,149,1 1,149,1 1,149,1 3,149,1 1,149,1 1,149,1 5,149,1
ADDLINE 0,0,0 12,0,2 5,163,1 1,163,1 1,163,1 1,163,1 1,163,1 1,163,1 1,163,1
ADDLINE 0,0,0 12,0,2 3,177,1 4,177,1 1,177,1 1,177,1 1,177,1 4,177,1 1,177,1
ADDLINE 12,0,2 1,192,1 1,192,1 1,192,1 3,192,1 5,192,1 1,192,1 1,192,1 1,192,1
ADDLINE 0,0,0 12,0,2 1,154,1 1,154,1 4,154,1 1,154,1 1,154,1 2,154,1 1,154,1
ADDLINE 1,168,1 12,0,2 5,168,1 2,168,1 1,168,1 1,168,1 1,168,1 1,168,1 1,168,1
ADDLINE 1,182,1 12,0,2 1,182,1 1,182,1 5,182,1 1,182,1 1,182,1 1,182,1 4,182,1
ADDLINE 1,197,1 1,197,1 1,197,1 12,0,2 3,197,1 1,197,1 1,197,1 1,197,1 1,197,1
ADDLINE 1,158,1 5,158,1 1,158,1 12,0,2 1,158,1 1,158,1 2,158,1 1,158,1 1,158,1
ADDLINE 3,173,1 1,173,1 1,173,1 12,0,2 1,173,1 1,173,1 1,173,1 2,173,1 5,173,1
ADDLINE 1,188,1 1,188,1 5,188,1 0,0,0 12,0,2 3,188,1 1,188,1 1,188,1 1,188,1
ADDLINE 1,203,1 0,0,0 0,0,0 0,0,0 12,0,2 1,203,1 1,203,1 2,203,1 3,203,1
ADDLINE 1,162,1 12,0,2 1,162,1 1,162,1 5,162,1 1,162,1 1,162,1 1,162,1 1,162,1
ADDLINE 1,178,1 12,0,2 1,178,1 1,178,1 1,178,1 2,178,1 1,178,1 1,178,1 2,178,1
ADDLINE 0,0,0 12,0,2 1,193,1 1,193,1 1,193,1 1,193,1 5,193,1 1,193,1 5,193,1
ADDLINE 0,0,0 0,0,0 12,0,2 1,208,1 1,208,1 1,208,1 1,208,1 3,208,1 1,208,1
1,105,1 4,105,1 1,105,1 0,0,0 7,0,2 12,0,2 7,0,2 1,105,1 1,105,1
2,104,1 6,104,1 0,0,0 12,0,2 1,104,1 1,104,1 2,104,1 1,104,1 3,104,1
1,103,1 0,0,0 12,0,2 6,103,1 3,103,1 1,103,1 1,103,1 1,103,1 1,103,1
1,102,1 12,0,2 1,102,1 1,102,1 3,102,1 5,102,1 1,102,1 6,102,1 1,102,1
4,101,1 12,0,2 1,101,1 4,101,1 1,101,1 6,101,1 5,101,1 1,101,1 1,101,1
0,0,0 12,0,2 1,100,1 1,100,1 3,100,1 1,100,1 1,100,1 1,100,1 1,100,1
0,0,0 0,0,0 0,0,0 0,0,0 0,0,0 0,0,0 0,0,0 0,0,0 0,0,0
0,0,0 0,0,0 0,0,0 0,0,0 0,0,0 0,0,0 0,0,0 0,0,0 0,0,0
0,0,0 0,0,0 0,0,0 0,0,0 0,0,0 0,0,0 0,0,0 0,0,0 0,0,0