MODE 0
BALL 120
STARS 0/0/9590 35
ADDLINE 1,117,1 5,117,1 1,117,1 12,0,2 4,117,1 1,117,1 4,117,1 1,117,1 1,117,1
ADDLINE 3,118,1 1,118,1 1,118,1 0,0,0 12,0,2 1,118,1 1,118,1 1,118,1 1,118,1
ADDLINE 5,119,1 1,119,1 0,0,0 0,0,0 12,0,2 1,119,1 1,119,1 1,119,1 1,119,1
ADDLINE 1,131,1 1,131,1 0,0,0 12,0,2 1,131,1 1,131,1 1,131,1 4,131,1 5,131,1
ADDLINE 0,0,0 0,0,0 12,0,2 0,0,0 1,132,1 2,132,1 1,132,1 1,132,1 1,132,1
ADDLINE 12,0,2 4,144,1 1,144,1 1,144,1 1,144,1 1,144,1 5,144,1 1,144,1 1,144,1
ADDLINE 0,0,0 12,0,2 1,156,1 1,156,1 1,156,1 4,156,1 1,156,1 1,156,1 3,156,1
ADDLINE 1,169,1 12,0,2 1,169,1 1,169,1 1,169,1 2,169,1 2,169,1 1,169,1 1,169,1
ADDLINE 1,136,1 0,0,0 12,0,2 1,136,1 1,136,1 1,136,1 4,136,1 3,136,1 1,136,1
ADDLINE 1,149,1 0,0,0 2,149,1 0,0,0 12,0,2 0,0,0 0,0,0 0,0,0 3,149,1
ADDLINE 1,162,1 0,0,0 1,162,1 1,162,1 1,162,1 1,162,1 1,162,1 12,0,2 1,162,1
ADDLINE 5,175,1 0,0,0 0,0,0 0,0,0 0,0,0 0,0,0 0,0,0 12,0,2 1,175,1
ADDLINE 1,140,1 1,140,1 1,140,1 2,140,1 12,0,2 1,140,1 2,140,1 3,140,1 1,140,1
ADDLINE 1,154,1 0,0,0 0,0,0 12,0,2 0,0,0 0,0,0 0,0,0 0,0,0 1,154,1
ADDLINE 1,167,1 0,0,0 1,167,1 12,0,2 5,167,1 1,167,1 1,167,1 1,167,1 1,167,1
ADDLINE 1,180,1 0,0,0 2,180,1 0,0,0 12,0,2 0,0,0 0,0,0 0,0,0 1,180,1
ADDLINE 1,145,1 1,145,1 1,145,1 0,0,0 1,145,1 1,145,1 1,145,1 12,0,2 1,145,1
ADDLINE 0,0,0 12,0,2 1,158,1 0,0,0 3,158,1 0,0,0 0,0,0 0,0,0 5,158,1
ADDLINE 12,0,2 1,172,1 1,172,1 1,172,1 1,172,1 1,172,1 4,172,1 5,172,1 2,172,1
ADDLINE 12,0,2 1,186,1 1,186,1 1,186,1 1,186,1 1,186,1 1,186,1 1,186,1 1,186,1
ADDLINE 0,0,0 12,0,2 1,149,1 2,149,1 1,149,1 1,149,1 4,149,1 5,149,1 1,149,1
ADDLINE 0,0,0 12,0,2 5,163,1 1,163,1 1,163,1 1,163,1 1,163,1 4,163,1 5,163,1
ADDLINE 0,0,0 12,0,2 1,177,1 1,177,1 1,177,1 1,177,1 1,177,1 1,177,1 2,177,1
ADDLINE 1,192,1 0,0,0 12,0,2 0,0,0 1,192,1 1,192,1 2,192,1 1,192,1 1,192,1
ADDLINE 0,0,0 12,0,2 0,0,0 0,0,0 1,154,1 2,154,1 1,154,1 1,154,1 1,154,1
ADDLINE 12,0,2 1,168,1 1,168,1 4,168,1 1,168,1 1,168,1 5,168,1 1,168,1 1,168,1
ADDLINE 12,0,2 1,182,1 1,182,1 1,182,1 1,182,1 2,182,1 1,182,1 1,182,1 5,182,1
ADDLINE 1,197,1 3,197,1 1,197,1 1,197,1 1,197,1 1,197,1 1,197,1 1,197,1 12,0,2
ADDLINE 1,158,1 1,158,1 1,158,1 1,158,1 2,158,1 1,158,1 2,158,1 1,158,1 12,0,2
ADDLINE 3,173,1 1,173,1 1,173,1 1,173,1 1,173,1 4,173,1 4,173,1 12,0,2 0,0,0
ADDLINE 1,188,1 1,188,1 1,188,1 1,188,1 2,188,1 1,188,1 1,188,1 12,0,2 0,0,0
ADDLINE 1,203,1 5,203,1 1,203,1 4,203,1 1,203,1 1,203,1 1,203,1 1,203,1 12,0,2
ADDLINE 1,162,1 1,162,1 5,162,1 1,162,1 1,162,1 2,162,1 4,162,1 1,162,1 12,0,2
ADDLINE 4,178,1 1,178,1 5,178,1 1,178,1 2,178,1 2,178,1 4,178,1 12,0,2 0,0,0
ADDLINE 1,193,1 1,193,1 1,193,1 1,193,1 1,193,1 1,193,1 1,193,1 12,0,2 1,193,1
ADDLINE 1,208,1 1,208,1 1,208,1 1,208,1 1,208,1 1,208,1 1,208,1 12,0,2 5,208,1
1,105,1 4,105,1 3,105,1 1,105,1 1,105,1 1,105,1 12,0,2 0,0,0 0,0,0
4,104,1 3,104,1 1,104,1 4,104,1 0,0,0 0,0,0 12,0,2 0,0,0 0,0,0
3,103,1 1,103,1 4,103,1 3,103,1 0,0,0 11,0,2 12,0,2 11,0,2 0,0,0
1,102,1 4,102,1 3,102,1 1,102,1 3,102,1 21,102,1 1,102,1 12,0,2 0,0,0
1,101,1 19,101,1 1,101,1 1,101,1 1,101,1 1,101,1 21,101,1 12,0,2 0,0,0
1,100,1 1,100,1 1,100,1 1,100,1 1,100,1 5,100,1 3,100,1 21,100,1 12,0,2
0,0,0 0,0,0 0,0,0 0,0,0 0,0,0 0,0,0 0,0,0 0,0,0 0,0,0
0,0,0 0,0,0 0,0,0 0,0,0 0,0,0 0,0,0 0,0,0 0,0,0 0,0,0
0,0,0 0,0,0 0,0,0 0,0,0 0,0,0 0,0,0 0,0,0 0,0,0 0,0,0