MODE 0
BALL 120
STARS 0/0/10325 35
ADDLINE 1,117,1 1,117,1 1,117,1 1,117,1 1,117,1 12,0,2 1,117,1 1,117,1 1,117,1
ADDLINE 1,118,1 1,118,1 17,118,1 1,118,1 7,0,2 12,0,2 1,118,1 3,118,1 1,118,1
ADDLINE 1,119,1 1,119,1 1,119,1 1,119,1 12,0,2 1,119,1 1,119,1 1,119,1 2,119,1
ADDLINE 1,131,1 1,131,1 1,131,1 1,131,1 0,0,0 11,0,2 12,0,2 19,131,1 1,131,1
ADDLINE 1,132,1 1,132,1 1,132,1 1,132,1 1,132,1 1,132,1 12,0,2 1,132,1 2,132,1
ADDLINE 1,144,1 1,144,1 0,0,0 0,0,0 0,0,0 8,0,2 12,0,2 1,144,1 1,144,1
ADDLINE 4,156,1 1,156,1 12,0,2 1,156,1 5,156,1 1,312,1 1,312,1 1,312,1 1,156,1
ADDLINE 1,169,1 1,169,1 0,0,0 12,0,2 1,169,1 1,338,1 17,169,1 1,338,1 1,338,1
ADDLINE 1,272,1 1,272,1 1,272,1 12,0,2 1,272,1 1,272,1 1,272,1 1,272,1 19,136,1
ADDLINE 1,149,1 1,149,1 1,149,1 4,149,1 3,149,1 0,0,0 1,149,1 12,0,2 1,298,1
ADDLINE 1,324,1 1,324,1 16,162,1 1,324,1 1,324,1 0,0,0 1,324,1 12,0,2 1,324,1
ADDLINE 1,175,1 0,0,0 1,350,1 1,350,1 12,0,2 1,175,1 1,175,1 0,0,0 0,0,0
ADDLINE 1,140,1 12,0,2 1,280,1 17,140,1 1,280,1 1,140,1 5,140,1 1,140,1 1,140,1
ADDLINE 0,0,0 0,0,0 1,308,1 1,308,1 0,0,0 12,0,2 5,154,1 1,154,1 1,154,1
ADDLINE 4,167,1 3,167,1 1,167,1 1,167,1 1,167,1 12,0,2 1,167,1 1,167,1 1,167,1
ADDLINE 1,360,1 1,360,1 1,360,1 1,360,1 1,360,1 0,0,0 12,0,2 8,0,2 1,360,1
ADDLINE 1,145,1 1,145,1 2,145,1 3,145,1 1,145,1 0,0,0 1,145,1 12,0,2 5,145,1
ADDLINE 5,158,1 1,158,1 1,158,1 1,158,1 1,158,1 0,0,0 1,158,1 12,0,2 1,158,1
ADDLINE 4,172,1 1,172,1 1,172,1 1,172,1 2,172,1 1,344,1 1,344,1 12,0,2 1,172,1
ADDLINE 1,372,1 1,372,1 1,372,1 1,372,1 1,372,1 1,372,1 17,186,1 12,0,2 8,0,2
ADDLINE 1,149,1 3,149,1 1,149,1 1,149,1 1,149,1 1,298,1 1,298,1 1,298,1 12,0,2
ADDLINE 3,163,1 1,163,1 1,163,1 1,163,1 1,163,1 2,163,1 1,163,1 2,163,1 12,0,2
ADDLINE 1,177,1 1,177,1 1,177,1 1,177,1 1,177,1 1,177,1 4,177,1 1,177,1 12,0,2
ADDLINE 1,192,1 1,192,1 1,192,1 1,192,1 1,192,1 4,192,1 1,192,1 3,192,1 12,0,2
ADDLINE 5,154,1 1,154,1 1,154,1 3,154,1 1,154,1 1,154,1 1,154,1 2,154,1 12,0,2
ADDLINE 1,168,1 1,168,1 1,168,1 1,168,1 1,168,1 0,0,0 0,0,0 12,0,2 0,0,0
ADDLINE 1,364,1 1,364,1 1,364,1 0,0,0 8,0,2 12,0,2 1,364,1 1,364,1 1,364,1
ADDLINE 12,0,2 1,197,1 5,197,1 1,197,1 1,197,1 1,197,1 1,197,1 3,197,1 1,197,1
ADDLINE 0,0,0 12,0,2 1,316,1 1,316,1 1,316,1 1,316,1 16,158,1 1,316,1 1,316,1
ADDLINE 0,0,0 12,0,2 1,346,1 1,346,1 1,346,1 1,173,1 1,173,1 1,346,1 20,173,1
ADDLINE 0,0,0 12,0,2 1,376,1 7,0,2 1,376,1 1,188,1 1,188,1 1,376,1 1,376,1
ADDLINE 0,0,0 12,0,2 1,406,1 1,406,1 1,406,1 1,203,1 2,203,1 1,203,1 1,203,1
ADDLINE 0,0,0 12,0,2 1,162,1 1,162,1 1,162,1 1,162,1 1,162,1 4,162,1 3,162,1
ADDLINE 1,356,1 0,0,0 12,0,2 1,356,1 1,356,1 16,178,1 1,356,1 1,356,1 1,356,1
ADDLINE 1,193,1 2,193,1 12,0,2 1,193,1 1,193,1 1,386,1 1,386,1 1,386,1 1,193,1
ADDLINE 1,416,1 1,416,1 12,0,2 1,416,1 1,416,1 1,416,1 19,208,1 1,416,1 1,416,1
1,105,1 0,0,0 12,0,2 1,105,1 1,105,1 1,105,1 2,105,1 5,105,1 1,105,1
1,104,1 0,0,0 12,0,2 5,104,1 6,104,1 1,104,1 3,104,1 2,104,1 5,104,1
1,103,1 2,103,1 12,0,2 0,0,0 5,103,1 1,103,1 1,103,1 1,103,1 19,103,1
1,102,1 6,102,1 0,0,0 0,0,0 12,0,2 0,0,0 1,102,1 1,102,1 1,102,1
1,101,1 1,101,1 1,101,1 4,101,1 0,0,0 12,0,2 6,101,1 2,101,1 1,101,1
1,100,1 1,100,1 4,100,1 0,0,0 12,0,2 3,100,1 1,100,1 1,100,1 1,100,1
0,0,0 0,0,0 0,0,0 0,0,0 0,0,0 0,0,0 0,0,0 0,0,0 0,0,0
0,0,0 0,0,0 0,0,0 0,0,0 0,0,0 0,0,0 0,0,0 0,0,0 0,0,0
0,0,0 0,0,0 0,0,0 0,0,0 0,0,0 0,0,0 0,0,0 0,0,0 0,0,0