MODE 0
BALL 50
STARS 0/0/2450 35
ADDLINE 0,0,0 1,54,1 0,0,0 0,0,0 0,0,0 1,54,1 0,0,0 1,54,1 12,0,2
ADDLINE 1,55,1 1,55,1 4,55,1 1,55,1 0,0,0 5,55,1 12,0,2 3,55,1 0,0,0
ADDLINE 0,0,0 7,0,2 12,0,2 0,0,0 11,0,2 1,62,1 1,62,1 1,62,1 1,62,1
ADDLINE 0,0,0 5,63,1 12,0,2 1,63,1 0,0,0 1,63,1 0,0,0 1,63,1 2,63,1
ADDLINE 1,64,1 1,64,1 0,0,0 16,64,1 0,0,0 0,0,0 12,0,2 4,64,1 0,0,0
ADDLINE 2,67,1 1,67,1 12,0,2 1,67,1 0,0,0 1,67,1 1,67,1 1,67,1 1,67,1
ADDLINE 0,0,0 0,0,0 0,0,0 4,72,1 12,0,2 0,0,0 1,72,1 8,0,2 0,0,0
ADDLINE 12,0,2 1,66,1 1,66,1 3,66,1 1,66,1 1,66,1 1,66,1 1,66,1 1,66,1
ADDLINE 0,0,0 1,94,1 12,0,2 5,94,1 0,0,0 0,0,0 1,94,1 1,94,1 0,0,0
5,66,1 2,66,1 0,0,0 0,0,0 12,0,2 0,0,0 0,0,0 1,66,1 1,66,1
1,300,1 1,300,1 1,300,1 1,300,1 1,300,1 2,300,1 12,0,2 0,0,0 0,0,0
1,300,1 20,64,1 1,300,1 1,300,1 20,64,1 1,300,1 2,64,1 12,0,2 8,0,2
1,300,1 1,300,1 1,300,1 1,300,1 1,300,1 4,300,1 12,0,2 0,0,0 0,0,0
3,60,1 4,60,1 0,0,0 0,0,0 12,0,2 0,0,0 0,0,0 0,0,0 0,0,0
0,0,0 0,0,0 12,0,2 0,0,0 0,0,0 1,58,1 1,58,1 0,0,0 0,0,0
0,0,0 0,0,0 0,0,0 0,0,0 0,0,0 0,0,0 0,0,0 0,0,0 0,0,0
0,0,0 0,0,0 0,0,0 0,0,0 0,0,0 0,0,0 0,0,0 0,0,0 0,0,0
0,0,0 0,0,0 0,0,0 0,0,0 0,0,0 0,0,0 0,0,0 0,0,0 0,0,0