MODE 0
BALL 120
STARS 0/0/10080 35
ADDLINE 1,117,1 1,117,1 1,117,1 1,117,1 1,117,1 1,117,1 1,117,1 1,117,1 12,0,2
ADDLINE 19,118,1 1,118,1 1,118,1 1,118,1 1,118,1 1,118,1 1,118,1 12,0,2 0,0,0
ADDLINE 1,119,1 1,119,1 1,119,1 1,119,1 1,119,1 1,119,1 0,0,0 12,0,2 1,119,1
ADDLINE 1,131,1 0,0,0 12,0,2 0,0,0 0,0,0 0,0,0 0,0,0 1,131,1 1,131,1
ADDLINE 0,0,0 12,0,2 1,132,1 1,132,1 1,132,1 1,132,1 1,132,1 1,132,1 1,132,1
ADDLINE 12,0,2 1,144,1 1,144,1 1,144,1 1,144,1 1,144,1 1,144,1 1,144,1 1,144,1
ADDLINE 0,0,0 12,0,2 1,156,1 1,156,1 1,156,1 1,156,1 1,156,1 1,156,1 1,156,1
ADDLINE 1,169,1 0,0,0 12,0,2 1,169,1 1,169,1 1,169,1 1,169,1 1,169,1 1,169,1
ADDLINE 1,272,1 1,272,1 0,0,0 12,0,2 1,272,1 1,272,1 1,272,1 1,272,1 16,136,1
ADDLINE 0,0,0 1,149,1 1,149,1 1,149,1 1,149,1 1,149,1 12,0,2 0,0,0 0,0,0
ADDLINE 1,162,1 1,162,1 1,162,1 1,162,1 1,162,1 1,162,1 12,0,2 1,162,1 1,162,1
ADDLINE 12,0,2 1,175,1 1,175,1 1,175,1 1,175,1 1,175,1 0,0,0 1,175,1 0,0,0
ADDLINE 0,0,0 1,140,1 1,140,1 1,140,1 1,140,1 1,140,1 12,0,2 1,140,1 1,140,1
ADDLINE 0,0,0 0,0,0 1,154,1 0,0,0 12,0,2 1,154,1 0,0,0 1,154,1 0,0,0
ADDLINE 1,167,1 1,167,1 12,0,2 1,167,1 1,167,1 1,167,1 1,167,1 1,167,1 0,0,0
ADDLINE 12,0,2 1,180,1 0,0,0 1,180,1 1,180,1 1,180,1 1,180,1 1,180,1 0,0,0
ADDLINE 0,0,0 1,145,1 12,0,2 1,145,1 1,145,1 1,145,1 1,145,1 1,145,1 1,145,1
ADDLINE 12,0,2 1,158,1 0,0,0 1,158,1 0,0,0 0,0,0 0,0,0 0,0,0 0,0,0
ADDLINE 1,172,1 1,344,1 12,0,2 1,172,1 1,172,1 1,172,1 1,172,1 1,172,1 1,172,1
ADDLINE 1,186,1 17,186,1 12,0,2 1,186,1 1,186,1 1,372,1 1,372,1 1,372,1 1,186,1
ADDLINE 1,298,1 0,0,0 12,0,2 1,298,1 1,298,1 1,298,1 19,149,1 1,298,1 1,298,1
ADDLINE 0,0,0 12,0,2 1,163,1 1,163,1 1,163,1 1,326,1 1,326,1 1,326,1 1,163,1
ADDLINE 12,0,2 1,177,1 1,177,1 1,177,1 1,177,1 1,177,1 1,354,1 17,177,1 1,177,1
ADDLINE 0,0,0 12,0,2 1,192,1 1,192,1 1,192,1 1,192,1 1,384,1 1,384,1 1,192,1
ADDLINE 1,154,1 0,0,0 12,0,2 1,154,1 1,154,1 1,154,1 1,154,1 1,154,1 1,154,1
ADDLINE 1,168,1 1,168,1 0,0,0 12,0,2 1,168,1 1,168,1 1,168,1 1,168,1 1,168,1
ADDLINE 1,182,1 1,182,1 1,182,1 12,0,2 1,182,1 1,182,1 1,182,1 1,182,1 1,182,1
ADDLINE 1,197,1 1,197,1 1,197,1 1,197,1 1,197,1 1,197,1 1,197,1 12,0,2 1,197,1
ADDLINE 1,158,1 1,158,1 1,158,1 1,158,1 1,158,1 1,158,1 1,158,1 12,0,2 1,158,1
ADDLINE 1,173,1 1,173,1 1,173,1 1,173,1 1,173,1 1,173,1 1,173,1 12,0,2 1,173,1
ADDLINE 1,376,1 1,376,1 1,188,1 1,188,1 1,188,1 1,188,1 1,188,1 12,0,2 1,188,1
ADDLINE 19,203,1 1,406,1 1,406,1 1,406,1 1,406,1 1,406,1 1,406,1 12,0,2 0,0,0
ADDLINE 1,324,1 1,324,1 1,162,1 1,162,1 1,162,1 1,324,1 17,162,1 12,0,2 0,0,0
ADDLINE 1,178,1 1,178,1 1,178,1 1,178,1 1,178,1 1,356,1 1,356,1 12,0,2 1,178,1
ADDLINE 1,193,1 1,193,1 1,386,1 1,386,1 1,386,1 0,0,0 12,0,2 0,0,0 1,193,1
ADDLINE 1,208,1 1,208,1 1,416,1 20,208,1 1,416,1 0,0,0 12,0,2 1,208,1 1,208,1
1,105,1 1,105,1 1,105,1 0,0,0 12,0,2 0,0,0 1,105,1 1,105,1 1,105,1
1,104,1 1,104,1 1,104,1 12,0,2 18,104,1 1,104,1 1,104,1 1,104,1 1,104,1
1,103,1 6,103,1 1,103,1 12,0,2 1,103,1 1,103,1 1,103,1 6,103,1 1,103,1
1,102,1 1,102,1 1,102,1 0,0,0 12,0,2 1,102,1 1,102,1 1,102,1 1,102,1
1,101,1 20,101,1 1,101,1 0,0,0 12,0,2 0,0,0 1,101,1 20,101,1 1,101,1
1,100,1 1,100,1 1,100,1 0,0,0 22,0,2 0,0,0 12,0,2 1,100,1 1,100,1
0,0,0 0,0,0 0,0,0 0,0,0 0,0,0 0,0,0 0,0,0 0,0,0 0,0,0
0,0,0 0,0,0 0,0,0 0,0,0 0,0,0 0,0,0 0,0,0 0,0,0 0,0,0
0,0,0 0,0,0 0,0,0 0,0,0 0,0,0 0,0,0 0,0,0 0,0,0 0,0,0