MODE 0
BALL 120
STARS 0/0/10080 35
ADDLINE 12,0,2 4,117,1 1,117,1 1,117,1 1,117,1 1,117,1 3,117,1 1,117,1 1,117,1
ADDLINE 0,0,0 12,0,2 1,118,1 3,118,1 1,118,1 2,118,1 1,118,1 1,118,1 1,118,1
ADDLINE 11,0,2 12,0,2 2,119,1 1,119,1 1,119,1 4,119,1 1,119,1 1,119,1 1,119,1
ADDLINE 12,0,2 1,131,1 1,131,1 1,131,1 1,131,1 1,131,1 3,131,1 1,131,1 1,131,1
ADDLINE 12,0,2 2,132,1 1,132,1 1,132,1 1,132,1 2,132,1 1,132,1 5,132,1 1,132,1
ADDLINE 12,0,2 1,144,1 1,144,1 1,144,1 1,144,1 1,144,1 1,144,1 5,144,1 1,144,1
ADDLINE 0,0,0 0,0,0 0,0,0 0,0,0 7,0,2 0,0,0 12,0,2 0,0,0 1,156,1
ADDLINE 1,169,1 1,169,1 1,169,1 1,338,1 1,338,1 1,338,1 3,169,1 12,0,2 1,169,1
ADDLINE 1,136,1 1,136,1 1,136,1 1,136,1 5,136,1 1,136,1 0,0,0 12,0,2 4,136,1
ADDLINE 0,0,0 12,0,2 0,0,0 1,149,1 0,0,0 0,0,0 0,0,0 0,0,0 0,0,0
ADDLINE 1,162,1 1,162,1 0,0,0 1,162,1 12,0,2 2,162,1 1,162,1 1,162,1 1,162,1
ADDLINE 4,175,1 2,175,1 0,0,0 3,175,1 12,0,2 1,175,1 1,175,1 1,175,1 1,175,1
ADDLINE 1,280,1 1,280,1 8,0,2 1,280,1 12,0,2 1,280,1 1,280,1 1,280,1 1,280,1
ADDLINE 1,154,1 1,154,1 0,0,0 1,154,1 12,0,2 1,154,1 1,154,1 1,154,1 1,154,1
ADDLINE 5,167,1 1,167,1 12,0,2 4,167,1 1,167,1 3,167,1 1,334,1 1,334,1 1,167,1
ADDLINE 0,0,0 1,360,1 0,0,0 0,0,0 0,0,0 0,0,0 12,0,2 10,0,2 1,360,1
ADDLINE 12,0,2 1,145,1 4,145,1 1,145,1 1,145,1 1,145,1 1,290,1 1,290,1 0,0,0
ADDLINE 12,0,2 3,158,1 5,158,1 1,158,1 1,158,1 1,158,1 0,0,0 1,158,1 0,0,0
ADDLINE 4,172,1 1,172,1 1,172,1 1,172,1 1,172,1 1,172,1 1,172,1 12,0,2 1,172,1
ADDLINE 1,186,1 1,186,1 5,186,1 1,186,1 2,186,1 4,186,1 1,186,1 12,0,2 0,0,0
ADDLINE 1,149,1 5,149,1 1,149,1 1,149,1 2,149,1 1,149,1 1,149,1 1,149,1 12,0,2
ADDLINE 1,326,1 1,326,1 1,326,1 1,326,1 1,326,1 1,326,1 12,0,2 8,0,2 0,0,0
ADDLINE 1,177,1 1,177,1 1,177,1 1,177,1 3,177,1 1,177,1 12,0,2 1,177,1 5,177,1
ADDLINE 1,192,1 2,192,1 1,192,1 3,192,1 1,192,1 1,192,1 12,0,2 1,192,1 1,192,1
ADDLINE 2,154,1 1,154,1 1,154,1 1,154,1 4,154,1 1,154,1 0,0,0 12,0,2 3,154,1
ADDLINE 1,168,1 2,168,1 1,168,1 3,168,1 1,168,1 4,168,1 1,168,1 12,0,2 1,168,1
ADDLINE 1,182,1 1,182,1 1,182,1 1,182,1 1,182,1 1,182,1 1,182,1 12,0,2 1,182,1
ADDLINE 12,0,2 1,394,1 3,197,1 1,197,1 3,197,1 1,197,1 1,197,1 1,197,1 1,197,1
ADDLINE 7,0,2 12,0,2 1,158,1 1,158,1 1,158,1 1,158,1 1,158,1 1,158,1 4,158,1
ADDLINE 0,0,0 12,0,2 1,173,1 1,173,1 1,173,1 1,173,1 1,173,1 2,173,1 2,173,1
ADDLINE 0,0,0 12,0,2 0,0,0 2,188,1 5,188,1 1,188,1 1,188,1 1,188,1 2,188,1
ADDLINE 1,203,1 1,203,1 0,0,0 12,0,2 1,203,1 1,203,1 1,203,1 1,203,1 1,203,1
ADDLINE 1,162,1 1,162,1 0,0,0 12,0,2 1,162,1 4,162,1 1,162,1 4,162,1 1,162,1
ADDLINE 3,178,1 1,178,1 12,0,2 1,178,1 1,178,1 1,178,1 1,178,1 5,178,1 1,178,1
ADDLINE 3,193,1 1,193,1 12,0,2 4,193,1 1,193,1 1,193,1 1,193,1 1,193,1 1,193,1
ADDLINE 1,208,1 1,208,1 12,0,2 1,208,1 5,208,1 4,208,1 1,208,1 1,416,1 1,416,1
1,105,1 1,105,1 1,105,1 3,105,1 1,105,1 5,105,1 1,105,1 12,0,2 10,0,2
1,104,1 20,104,1 5,104,1 1,104,1 1,104,1 1,104,1 11,0,2 12,0,2 1,104,1
1,103,1 1,103,1 4,103,1 0,0,0 12,0,2 0,0,0 0,0,0 3,103,1 1,103,1
1,102,1 1,102,1 0,0,0 12,0,2 2,102,1 1,102,1 1,102,1 1,102,1 2,102,1
5,101,1 0,0,0 12,0,2 21,101,1 4,101,1 1,101,1 1,101,1 20,101,1 1,101,1
1,100,1 11,0,2 12,0,2 1,100,1 1,100,1 1,100,1 1,100,1 4,100,1 1,100,1
0,0,0 0,0,0 0,0,0 0,0,0 0,0,0 0,0,0 0,0,0 0,0,0 0,0,0
0,0,0 0,0,0 0,0,0 0,0,0 0,0,0 0,0,0 0,0,0 0,0,0 0,0,0
0,0,0 0,0,0 0,0,0 0,0,0 0,0,0 0,0,0 0,0,0 0,0,0 0,0,0