MODE 0
BALL 120
STARS 0/0/10080 35
ADDLINE 1,117,1 1,117,1 12,0,2 1,117,1 1,117,1 1,117,1 1,117,1 3,117,1 1,117,1
ADDLINE 1,118,1 5,118,1 0,0,0 12,0,2 1,118,1 1,118,1 4,118,1 4,118,1 1,118,1
ADDLINE 1,119,1 1,119,1 5,119,1 0,0,0 12,0,2 1,119,1 1,119,1 3,119,1 1,119,1
ADDLINE 1,131,1 1,131,1 1,131,1 1,131,1 12,0,2 1,131,1 1,131,1 5,131,1 5,131,1
ADDLINE 1,132,1 1,132,1 1,132,1 1,132,1 0,0,0 0,0,0 12,0,2 0,0,0 1,132,1
ADDLINE 3,144,1 2,144,1 1,144,1 1,144,1 0,0,0 0,0,0 0,0,0 12,0,2 1,144,1
ADDLINE 1,156,1 1,156,1 1,156,1 5,156,1 0,0,0 12,0,2 0,0,0 1,312,1 1,156,1
ADDLINE 1,338,1 1,338,1 1,338,1 1,338,1 1,338,1 1,338,1 10,0,2 12,0,2 1,338,1
ADDLINE 1,136,1 1,136,1 1,136,1 4,136,1 3,136,1 1,272,1 11,0,2 12,0,2 1,136,1
ADDLINE 0,0,0 1,149,1 1,149,1 1,149,1 1,149,1 1,298,1 12,0,2 1,298,1 1,149,1
ADDLINE 0,0,0 2,162,1 1,162,1 5,162,1 1,162,1 1,162,1 12,0,2 5,162,1 1,162,1
ADDLINE 12,0,2 1,175,1 1,175,1 1,175,1 1,175,1 1,175,1 0,0,0 4,175,1 0,0,0
ADDLINE 1,140,1 1,140,1 1,140,1 1,140,1 1,140,1 1,140,1 12,0,2 1,140,1 1,140,1
ADDLINE 0,0,0 1,154,1 0,0,0 0,0,0 12,0,2 1,154,1 0,0,0 0,0,0 0,0,0
ADDLINE 2,167,1 1,167,1 1,167,1 1,167,1 1,167,1 4,167,1 12,0,2 2,167,1 5,167,1
ADDLINE 1,180,1 1,180,1 1,180,1 4,180,1 0,0,0 1,180,1 12,0,2 1,180,1 1,180,1
ADDLINE 1,145,1 5,145,1 1,145,1 2,145,1 0,0,0 1,145,1 12,0,2 2,145,1 1,145,1
ADDLINE 0,0,0 12,0,2 0,0,0 0,0,0 0,0,0 0,0,0 0,0,0 1,158,1 0,0,0
ADDLINE 12,0,2 1,172,1 1,172,1 1,172,1 3,172,1 1,172,1 1,172,1 2,172,1 1,172,1
ADDLINE 11,0,2 12,0,2 3,186,1 1,186,1 1,186,1 2,186,1 1,186,1 1,186,1 5,186,1
ADDLINE 1,298,1 12,0,2 1,149,1 1,149,1 1,149,1 1,149,1 1,149,1 1,149,1 5,149,1
ADDLINE 0,0,0 12,0,2 1,163,1 1,163,1 2,163,1 1,163,1 1,163,1 5,163,1 1,163,1
ADDLINE 12,0,2 1,177,1 2,177,1 1,177,1 1,177,1 1,177,1 1,177,1 1,177,1 1,177,1
ADDLINE 12,0,2 5,192,1 1,192,1 4,192,1 1,192,1 1,192,1 1,192,1 1,192,1 4,192,1
ADDLINE 0,0,0 12,0,2 0,0,0 1,154,1 1,154,1 4,154,1 1,154,1 5,154,1 1,154,1
ADDLINE 0,0,0 12,0,2 0,0,0 1,168,1 1,168,1 2,168,1 1,168,1 1,168,1 1,168,1
ADDLINE 10,0,2 12,0,2 0,0,0 1,364,1 1,364,1 1,364,1 1,364,1 1,364,1 1,364,1
ADDLINE 1,394,1 1,394,1 12,0,2 1,197,1 1,197,1 1,197,1 2,197,1 2,197,1 4,197,1
ADDLINE 1,158,1 1,158,1 12,0,2 1,158,1 1,158,1 1,158,1 4,158,1 1,158,1 1,158,1
ADDLINE 1,173,1 1,173,1 0,0,0 12,0,2 1,173,1 1,173,1 1,173,1 1,173,1 3,173,1
ADDLINE 1,188,1 1,188,1 0,0,0 12,0,2 1,188,1 3,188,1 1,188,1 5,188,1 1,188,1
ADDLINE 1,203,1 1,203,1 12,0,2 4,203,1 1,203,1 1,203,1 3,203,1 1,203,1 1,203,1
ADDLINE 5,162,1 1,162,1 12,0,2 1,162,1 1,162,1 1,324,1 1,324,1 1,324,1 1,162,1
ADDLINE 1,178,1 1,178,1 0,0,0 12,0,2 1,356,1 1,356,1 7,0,2 1,356,1 1,178,1
ADDLINE 1,386,1 1,386,1 1,386,1 10,0,2 12,0,2 1,386,1 1,386,1 1,386,1 1,386,1
ADDLINE 5,208,1 1,208,1 1,416,1 1,416,1 12,0,2 1,208,1 1,208,1 4,208,1 1,208,1
1,105,1 5,105,1 1,105,1 1,105,1 12,0,2 1,105,1 17,105,1 1,105,1 3,105,1
17,104,1 1,104,1 1,104,1 1,104,1 12,0,2 1,104,1 5,104,1 1,104,1 3,104,1
1,103,1 1,103,1 1,103,1 11,0,2 12,0,2 1,103,1 1,103,1 1,103,1 2,103,1
1,102,1 1,102,1 1,102,1 12,0,2 1,102,1 1,102,1 1,102,1 1,102,1 17,102,1
5,101,1 1,101,1 17,101,1 0,0,0 12,0,2 0,0,0 1,101,1 1,101,1 3,101,1
2,100,1 1,100,1 3,100,1 1,100,1 2,100,1 0,0,0 12,0,2 1,100,1 1,100,1
0,0,0 0,0,0 0,0,0 0,0,0 0,0,0 0,0,0 0,0,0 0,0,0 0,0,0
0,0,0 0,0,0 0,0,0 0,0,0 0,0,0 0,0,0 0,0,0 0,0,0 0,0,0
0,0,0 0,0,0 0,0,0 0,0,0 0,0,0 0,0,0 0,0,0 0,0,0 0,0,0