MODE 0
BALL 120
STARS 0/0/9555 35
ADDLINE 12,0,2 1,117,1 1,117,1 5,117,1 4,117,1 1,117,1 1,117,1 1,117,1 1,117,1
ADDLINE 0,0,0 12,0,2 2,118,1 1,118,1 1,118,1 1,118,1 2,118,1 1,118,1 1,118,1
ADDLINE 1,119,1 0,0,0 0,0,0 0,0,0 12,0,2 4,119,1 1,119,1 1,119,1 1,119,1
ADDLINE 1,131,1 0,0,0 0,0,0 0,0,0 12,0,2 1,131,1 3,131,1 1,131,1 1,131,1
ADDLINE 1,132,1 0,0,0 12,0,2 1,132,1 5,132,1 4,132,1 1,132,1 1,132,1 1,132,1
ADDLINE 1,144,1 1,144,1 0,0,0 12,0,2 0,0,0 1,144,1 1,144,1 5,144,1 1,144,1
ADDLINE 1,156,1 1,156,1 1,156,1 0,0,0 12,0,2 5,156,1 4,156,1 1,156,1 1,156,1
ADDLINE 1,169,1 1,169,1 1,169,1 0,0,0 0,0,0 12,0,2 0,0,0 3,169,1 1,169,1
ADDLINE 4,136,1 1,136,1 1,136,1 3,136,1 1,136,1 1,136,1 12,0,2 1,136,1 1,136,1
ADDLINE 1,149,1 0,0,0 1,149,1 12,0,2 0,0,0 0,0,0 1,149,1 0,0,0 0,0,0
ADDLINE 1,162,1 0,0,0 3,162,1 12,0,2 4,162,1 1,162,1 1,162,1 0,0,0 1,162,1
ADDLINE 5,175,1 0,0,0 1,175,1 0,0,0 0,0,0 0,0,0 1,175,1 12,0,2 1,175,1
ADDLINE 1,140,1 0,0,0 1,140,1 1,140,1 1,140,1 0,0,0 2,140,1 12,0,2 1,140,1
ADDLINE 0,0,0 12,0,2 1,154,1 0,0,0 0,0,0 0,0,0 1,154,1 0,0,0 1,154,1
ADDLINE 3,167,1 1,167,1 1,167,1 0,0,0 5,167,1 0,0,0 2,167,1 12,0,2 1,167,1
ADDLINE 1,180,1 0,0,0 0,0,0 0,0,0 1,180,1 0,0,0 1,180,1 12,0,2 1,180,1
ADDLINE 1,145,1 0,0,0 5,145,1 3,145,1 1,145,1 1,145,1 1,145,1 12,0,2 4,145,1
ADDLINE 1,158,1 0,0,0 1,158,1 0,0,0 12,0,2 0,0,0 1,158,1 0,0,0 4,158,1
ADDLINE 12,0,2 1,172,1 1,172,1 1,172,1 5,172,1 2,172,1 1,172,1 2,172,1 1,172,1
ADDLINE 0,0,0 12,0,2 1,186,1 1,186,1 1,186,1 4,186,1 1,186,1 1,186,1 1,186,1
ADDLINE 0,0,0 12,0,2 5,149,1 1,149,1 1,149,1 1,149,1 1,149,1 4,149,1 1,149,1
ADDLINE 12,0,2 1,163,1 1,163,1 1,163,1 2,163,1 4,163,1 1,163,1 2,163,1 1,163,1
ADDLINE 12,0,2 1,177,1 1,177,1 1,177,1 1,177,1 1,177,1 1,177,1 1,177,1 1,177,1
ADDLINE 12,0,2 5,192,1 1,192,1 1,192,1 1,192,1 4,192,1 1,192,1 1,192,1 5,192,1
ADDLINE 12,0,2 1,154,1 5,154,1 1,154,1 1,154,1 1,154,1 1,154,1 1,154,1 1,154,1
ADDLINE 0,0,0 12,0,2 0,0,0 1,168,1 2,168,1 1,168,1 1,168,1 4,168,1 1,168,1
ADDLINE 1,182,1 4,182,1 12,0,2 1,182,1 5,182,1 1,182,1 1,182,1 1,182,1 2,182,1
ADDLINE 1,197,1 1,197,1 1,197,1 1,197,1 12,0,2 3,197,1 1,197,1 1,197,1 1,197,1
ADDLINE 1,158,1 1,158,1 1,158,1 1,158,1 12,0,2 2,158,1 4,158,1 1,158,1 1,158,1
ADDLINE 4,173,1 1,173,1 3,173,1 1,173,1 0,0,0 12,0,2 1,173,1 1,173,1 2,173,1
ADDLINE 2,188,1 1,188,1 2,188,1 1,188,1 1,188,1 0,0,0 12,0,2 1,188,1 1,188,1
ADDLINE 1,203,1 1,203,1 1,203,1 5,203,1 1,203,1 1,203,1 0,0,0 12,0,2 1,203,1
ADDLINE 1,162,1 3,162,1 1,162,1 1,162,1 3,162,1 1,162,1 0,0,0 12,0,2 1,162,1
ADDLINE 1,178,1 3,178,1 4,178,1 1,178,1 1,178,1 4,178,1 12,0,2 1,178,1 1,178,1
ADDLINE 1,193,1 1,193,1 1,193,1 1,193,1 1,193,1 1,193,1 12,0,2 1,193,1 1,193,1
ADDLINE 1,208,1 1,208,1 2,208,1 1,208,1 1,208,1 0,0,0 12,0,2 2,208,1 3,208,1
0,0,0 12,0,2 0,0,0 5,105,1 1,105,1 4,105,1 2,105,1 5,105,1 1,105,1
12,0,2 5,104,1 1,104,1 2,104,1 5,104,1 1,104,1 1,104,1 2,104,1 19,104,1
0,0,0 12,0,2 1,103,1 1,103,1 2,103,1 5,103,1 1,103,1 1,103,1 1,103,1
0,0,0 22,0,2 12,0,2 0,0,0 1,102,1 2,102,1 20,102,1 1,102,1 4,102,1
22,0,2 12,0,2 0,0,0 0,0,0 1,101,1 1,101,1 1,101,1 1,101,1 1,101,1
0,0,0 0,0,0 12,0,2 1,100,1 1,100,1 1,100,1 1,100,1 2,100,1 1,100,1
0,0,0 0,0,0 0,0,0 0,0,0 0,0,0 0,0,0 0,0,0 0,0,0 0,0,0
0,0,0 0,0,0 0,0,0 0,0,0 0,0,0 0,0,0 0,0,0 0,0,0 0,0,0
0,0,0 0,0,0 0,0,0 0,0,0 0,0,0 0,0,0 0,0,0 0,0,0 0,0,0