MODE 0
BALL 120
STARS 0/0/10535 35
ADDLINE 1,117,1 1,117,1 1,117,1 12,0,2 1,117,1 17,117,1 1,117,1 2,117,1 1,117,1
ADDLINE 1,118,1 0,0,0 12,0,2 1,118,1 16,118,1 1,118,1 1,118,1 1,118,1 1,118,1
ADDLINE 1,119,1 0,0,0 0,0,0 0,0,0 12,0,2 1,119,1 1,119,1 3,119,1 1,119,1
ADDLINE 1,131,1 1,131,1 0,0,0 0,0,0 12,0,2 4,131,1 1,131,1 1,131,1 1,131,1
ADDLINE 1,132,1 1,132,1 12,0,2 1,132,1 1,132,1 1,132,1 4,132,1 3,132,1 2,132,1
ADDLINE 1,144,1 0,0,0 12,0,2 1,144,1 1,144,1 1,144,1 1,144,1 1,144,1 2,144,1
ADDLINE 1,156,1 12,0,2 1,156,1 1,156,1 1,156,1 1,156,1 1,156,1 1,156,1 1,156,1
ADDLINE 5,169,1 0,0,0 0,0,0 12,0,2 4,169,1 3,169,1 1,169,1 5,169,1 1,169,1
ADDLINE 1,272,1 1,272,1 0,0,0 12,0,2 1,272,1 1,272,1 1,272,1 16,136,1 1,272,1
ADDLINE 1,149,1 12,0,2 1,149,1 1,298,1 1,298,1 1,298,1 3,149,1 1,149,1 5,149,1
ADDLINE 1,162,1 0,0,0 12,0,2 1,324,1 20,162,1 1,324,1 0,0,0 0,0,0 0,0,0
ADDLINE 1,350,1 12,0,2 1,350,1 1,350,1 19,175,1 1,350,1 1,350,1 1,350,1 1,350,1
ADDLINE 1,280,1 1,280,1 1,280,1 12,0,2 1,280,1 19,140,1 1,280,1 1,280,1 0,0,0
ADDLINE 1,154,1 1,154,1 5,154,1 1,154,1 1,308,1 1,308,1 12,0,2 3,154,1 1,154,1
ADDLINE 0,0,0 0,0,0 0,0,0 1,167,1 0,0,0 0,0,0 12,0,2 1,334,1 0,0,0
ADDLINE 1,360,1 1,360,1 1,360,1 1,360,1 12,0,2 1,360,1 19,180,1 1,360,1 1,360,1
ADDLINE 1,145,1 4,145,1 1,145,1 1,145,1 12,0,2 1,290,1 1,290,1 1,290,1 1,290,1
ADDLINE 1,158,1 5,158,1 1,158,1 1,158,1 12,0,2 1,158,1 1,158,1 1,316,1 17,158,1
ADDLINE 12,0,2 1,172,1 1,172,1 1,172,1 1,172,1 1,172,1 1,172,1 1,344,1 1,344,1
ADDLINE 12,0,2 1,186,1 2,186,1 1,186,1 5,186,1 1,186,1 1,186,1 4,186,1 1,186,1
ADDLINE 0,0,0 12,0,2 1,149,1 1,149,1 2,149,1 1,149,1 1,149,1 5,149,1 1,149,1
ADDLINE 1,163,1 12,0,2 1,163,1 1,163,1 1,163,1 1,163,1 1,163,1 1,163,1 1,163,1
ADDLINE 4,177,1 0,0,0 12,0,2 0,0,0 5,177,1 5,177,1 1,177,1 3,177,1 1,177,1
ADDLINE 16,192,1 1,384,1 1,384,1 12,0,2 1,384,1 1,384,1 1,384,1 1,384,1 1,384,1
ADDLINE 1,154,1 1,154,1 1,154,1 0,0,0 12,0,2 1,154,1 1,154,1 2,154,1 1,154,1
ADDLINE 5,168,1 1,168,1 1,168,1 4,168,1 12,0,2 5,168,1 1,168,1 1,168,1 2,168,1
ADDLINE 1,182,1 4,182,1 1,182,1 1,182,1 12,0,2 1,182,1 1,182,1 1,182,1 1,182,1
ADDLINE 1,394,1 1,394,1 5,197,1 1,197,1 12,0,2 5,197,1 1,197,1 1,197,1 1,197,1
ADDLINE 17,158,1 1,316,1 1,158,1 1,158,1 12,0,2 1,158,1 4,158,1 1,158,1 1,158,1
ADDLINE 1,346,1 1,346,1 1,173,1 1,173,1 0,0,0 12,0,2 0,0,0 1,173,1 2,173,1
ADDLINE 1,188,1 4,188,1 1,188,1 1,188,1 1,188,1 1,188,1 12,0,2 5,188,1 1,188,1
ADDLINE 1,203,1 2,203,1 5,203,1 1,203,1 1,203,1 1,203,1 12,0,2 1,203,1 1,203,1
ADDLINE 1,162,1 1,162,1 4,162,1 1,162,1 1,162,1 2,162,1 12,0,2 0,0,0 0,0,0
ADDLINE 4,178,1 4,178,1 1,178,1 1,178,1 1,178,1 1,178,1 1,356,1 17,178,1 12,0,2
ADDLINE 1,193,1 3,193,1 5,193,1 1,193,1 1,193,1 1,193,1 1,386,1 1,386,1 12,0,2
ADDLINE 1,208,1 1,208,1 3,208,1 1,208,1 1,208,1 1,208,1 1,208,1 1,208,1 12,0,2
12,0,2 1,105,1 1,105,1 1,105,1 1,105,1 1,105,1 1,105,1 4,2,1 19,105,1
12,0,2 1,104,1 1,104,1 1,104,1 1,104,1 5,104,1 1,104,1 1,2,1 5,104,1
12,0,2 1,103,1 2,103,1 1,103,1 1,103,1 1,103,1 2,103,1 1,2,1 1,103,1
0,0,0 0,0,0 12,0,2 0,0,0 1,2,1 1,2,1 1,2,1 1,2,1 1,102,1
1,101,1 4,101,1 0,0,0 12,0,2 4,101,1 1,101,1 1,101,1 1,101,1 1,101,1
0,0,0 0,0,0 12,0,2 1,100,1 1,100,1 1,100,1 2,100,1 1,100,1 5,100,1
0,0,0 0,0,0 0,0,0 0,0,0 0,0,0 0,0,0 0,0,0 0,0,0 0,0,0
0,0,0 0,0,0 0,0,0 0,0,0 0,0,0 0,0,0 0,0,0 0,0,0 0,0,0
0,0,0 0,0,0 0,0,0 0,0,0 0,0,0 0,0,0 0,0,0 0,0,0 0,0,0