MODE 0
BALL 120
STARS 0/0/10185 35
ADDLINE 1,117,1 1,117,1 1,117,1 12,0,2 1,117,1 1,117,1 1,117,1 19,117,1 1,117,1
ADDLINE 1,118,1 19,118,1 1,118,1 12,0,2 1,118,1 1,118,1 1,118,1 1,118,1 1,118,1
ADDLINE 1,119,1 1,119,1 0,0,0 12,0,2 1,119,1 1,119,1 1,119,1 1,119,1 1,119,1
ADDLINE 19,131,1 1,131,1 0,0,0 1,131,1 12,0,2 1,131,1 1,131,1 1,131,1 1,131,1
ADDLINE 17,132,1 1,132,1 1,132,1 1,132,1 0,0,0 12,0,2 0,0,0 1,132,1 1,132,1
ADDLINE 1,144,1 1,144,1 1,144,1 1,144,1 1,144,1 1,144,1 1,144,1 12,0,2 0,0,0
ADDLINE 1,156,1 1,156,1 1,156,1 1,156,1 1,156,1 1,312,1 20,156,1 1,312,1 12,0,2
ADDLINE 1,169,1 1,169,1 1,169,1 1,169,1 1,169,1 1,338,1 12,0,2 0,0,0 0,0,0
ADDLINE 1,136,1 1,136,1 1,136,1 1,136,1 0,0,0 0,0,0 12,0,2 1,136,1 1,136,1
ADDLINE 1,149,1 1,149,1 1,149,1 0,0,0 1,149,1 12,0,2 1,149,1 1,149,1 1,149,1
ADDLINE 1,162,1 1,162,1 1,162,1 0,0,0 1,162,1 12,0,2 1,162,1 1,162,1 1,162,1
ADDLINE 1,175,1 1,175,1 1,175,1 0,0,0 1,175,1 12,0,2 1,175,1 1,350,1 1,350,1
ADDLINE 1,280,1 1,280,1 1,280,1 1,280,1 1,280,1 0,0,0 1,280,1 12,0,2 19,140,1
ADDLINE 1,308,1 1,308,1 19,154,1 1,308,1 1,308,1 1,308,1 1,308,1 12,0,2 1,308,1
ADDLINE 1,167,1 1,334,1 1,334,1 0,0,0 0,0,0 12,0,2 1,167,1 0,0,0 0,0,0
ADDLINE 1,360,1 1,360,1 1,360,1 1,360,1 16,180,1 12,0,2 1,360,1 1,360,1 1,360,1
ADDLINE 1,145,1 0,0,0 1,145,1 12,0,2 0,0,0 0,0,0 1,145,1 1,145,1 1,145,1
ADDLINE 1,158,1 0,0,0 1,158,1 12,0,2 1,158,1 1,158,1 1,158,1 1,158,1 1,158,1
ADDLINE 1,172,1 1,172,1 1,172,1 1,172,1 1,172,1 1,172,1 1,172,1 12,0,2 1,172,1
ADDLINE 1,372,1 1,372,1 1,372,1 1,372,1 1,372,1 1,372,1 16,186,1 12,0,2 0,0,0
ADDLINE 1,149,1 1,149,1 1,149,1 1,149,1 1,149,1 1,149,1 1,149,1 1,149,1 12,0,2
ADDLINE 1,326,1 1,326,1 1,163,1 1,163,1 1,163,1 1,163,1 1,163,1 1,163,1 12,0,2
ADDLINE 19,177,1 1,354,1 1,354,1 1,354,1 1,354,1 1,354,1 1,354,1 1,354,1 12,0,2
ADDLINE 1,384,1 1,384,1 1,384,1 20,192,1 1,384,1 1,192,1 1,192,1 1,192,1 12,0,2
ADDLINE 1,154,1 1,154,1 1,308,1 1,308,1 1,308,1 1,154,1 1,154,1 1,154,1 12,0,2
ADDLINE 1,168,1 1,168,1 1,168,1 1,168,1 1,168,1 12,0,2 0,0,0 0,0,0 0,0,0
ADDLINE 1,182,1 1,182,1 1,182,1 0,0,0 12,0,2 0,0,0 1,182,1 1,182,1 1,182,1
ADDLINE 12,0,2 1,197,1 1,197,1 1,394,1 1,394,1 1,394,1 1,197,1 1,197,1 1,197,1
ADDLINE 0,0,0 12,0,2 1,158,1 1,316,1 20,158,1 1,316,1 1,158,1 1,158,1 1,158,1
ADDLINE 0,0,0 12,0,2 1,173,1 1,346,1 1,346,1 1,346,1 1,173,1 1,346,1 1,346,1
ADDLINE 0,0,0 12,0,2 1,376,1 1,376,1 1,376,1 1,376,1 1,376,1 1,376,1 19,188,1
ADDLINE 0,0,0 12,0,2 1,406,1 1,406,1 1,406,1 1,406,1 1,406,1 1,406,1 16,203,1
ADDLINE 0,0,0 12,0,2 1,324,1 17,162,1 1,324,1 1,162,1 1,162,1 1,162,1 1,162,1
ADDLINE 1,178,1 0,0,0 12,0,2 1,356,1 1,356,1 1,178,1 1,178,1 1,178,1 1,178,1
ADDLINE 1,193,1 1,193,1 12,0,2 1,193,1 1,193,1 1,193,1 1,193,1 1,193,1 1,193,1
ADDLINE 1,208,1 1,208,1 12,0,2 1,208,1 1,208,1 1,208,1 1,208,1 1,208,1 1,208,1
17,105,1 1,105,1 1,105,1 0,0,0 0,0,0 12,0,2 1,105,1 1,105,1 1,105,1
1,104,1 1,104,1 6,104,1 0,0,0 12,0,2 0,0,0 1,104,1 1,104,1 1,104,1
1,103,1 1,103,1 1,103,1 0,0,0 22,0,2 12,0,2 1,103,1 6,103,1 1,103,1
1,102,1 1,102,1 1,102,1 6,102,1 0,0,0 0,0,0 12,0,2 0,0,0 0,0,0
1,101,1 1,101,1 1,101,1 1,101,1 1,101,1 1,101,1 12,0,2 0,0,0 0,0,0
1,100,1 1,100,1 1,100,1 1,100,1 1,100,1 1,100,1 12,0,2 1,100,1 16,100,1
0,0,0 0,0,0 0,0,0 0,0,0 0,0,0 0,0,0 0,0,0 0,0,0 0,0,0
0,0,0 0,0,0 0,0,0 0,0,0 0,0,0 0,0,0 0,0,0 0,0,0 0,0,0
0,0,0 0,0,0 0,0,0 0,0,0 0,0,0 0,0,0 0,0,0 0,0,0 0,0,0