MODE 0
BALL 120
STARS 0/0/10010 35
ADDLINE 1,117,1 1,117,1 1,117,1 1,117,1 3,117,1 12,0,2 1,117,1 5,117,1 1,117,1
ADDLINE 1,118,1 1,118,1 1,118,1 0,0,0 12,0,2 0,0,0 1,118,1 1,118,1 3,118,1
ADDLINE 1,119,1 1,119,1 1,119,1 0,0,0 12,0,2 5,119,1 1,119,1 1,119,1 4,119,1
ADDLINE 1,131,1 1,131,1 1,131,1 1,131,1 12,0,2 2,131,1 1,131,1 1,131,1 1,131,1
ADDLINE 1,132,1 1,132,1 1,132,1 1,132,1 0,0,0 12,0,2 2,132,1 5,132,1 4,132,1
ADDLINE 1,144,1 1,144,1 5,144,1 1,144,1 1,144,1 0,0,0 0,0,0 12,0,2 0,0,0
ADDLINE 1,156,1 1,156,1 3,156,1 1,156,1 0,0,0 0,0,0 12,0,2 0,0,0 0,0,0
ADDLINE 1,169,1 1,169,1 1,169,1 0,0,0 12,0,2 1,169,1 1,169,1 4,169,1 1,169,1
ADDLINE 1,136,1 1,136,1 0,0,0 12,0,2 1,136,1 1,136,1 1,136,1 5,136,1 5,136,1
ADDLINE 1,149,1 0,0,0 5,149,1 12,0,2 1,149,1 0,0,0 1,149,1 0,0,0 1,149,1
ADDLINE 1,162,1 1,162,1 1,162,1 0,0,0 1,162,1 12,0,2 3,162,1 0,0,0 1,162,1
ADDLINE 0,0,0 12,0,2 2,175,1 0,0,0 0,0,0 0,0,0 1,175,1 0,0,0 0,0,0
ADDLINE 1,140,1 12,0,2 1,140,1 1,140,1 1,140,1 4,140,1 1,140,1 1,140,1 1,140,1
ADDLINE 2,154,1 0,0,0 0,0,0 0,0,0 0,0,0 0,0,0 12,0,2 0,0,0 1,154,1
ADDLINE 1,167,1 0,0,0 1,167,1 1,167,1 1,167,1 5,167,1 2,167,1 12,0,2 1,167,1
ADDLINE 3,180,1 0,0,0 1,180,1 0,0,0 0,0,0 12,0,2 1,180,1 0,0,0 1,180,1
ADDLINE 4,145,1 0,0,0 1,145,1 0,0,0 1,145,1 1,145,1 2,145,1 12,0,2 1,145,1
ADDLINE 0,0,0 0,0,0 1,158,1 12,0,2 0,0,0 0,0,0 0,0,0 0,0,0 1,158,1
ADDLINE 1,172,1 1,172,1 12,0,2 3,172,1 1,172,1 1,172,1 1,172,1 1,172,1 1,172,1
ADDLINE 5,186,1 3,186,1 12,0,2 1,186,1 2,186,1 1,186,1 1,186,1 1,186,1 2,186,1
ADDLINE 1,149,1 1,149,1 12,0,2 1,149,1 1,149,1 1,149,1 5,149,1 1,149,1 1,149,1
ADDLINE 1,163,1 0,0,0 12,0,2 2,163,1 3,163,1 1,163,1 1,163,1 1,163,1 1,163,1
ADDLINE 1,177,1 12,0,2 1,177,1 1,177,1 1,177,1 1,177,1 5,177,1 1,177,1 1,177,1
ADDLINE 0,0,0 12,0,2 3,192,1 2,192,1 5,192,1 1,192,1 1,192,1 1,192,1 1,192,1
ADDLINE 12,0,2 1,154,1 1,154,1 3,154,1 1,154,1 1,154,1 1,154,1 1,154,1 1,154,1
ADDLINE 12,0,2 1,168,1 2,168,1 3,168,1 1,168,1 1,168,1 4,168,1 1,168,1 1,168,1
ADDLINE 12,0,2 1,182,1 1,182,1 2,182,1 4,182,1 1,182,1 1,182,1 1,182,1 1,182,1
ADDLINE 1,197,1 1,197,1 1,197,1 12,0,2 1,197,1 4,197,1 1,197,1 1,197,1 3,197,1
ADDLINE 2,158,1 1,158,1 1,158,1 12,0,2 1,158,1 2,158,1 1,158,1 1,158,1 1,158,1
ADDLINE 1,173,1 4,173,1 1,173,1 12,0,2 1,173,1 1,173,1 1,173,1 3,173,1 1,173,1
ADDLINE 1,188,1 1,188,1 1,188,1 12,0,2 1,188,1 1,188,1 4,188,1 1,188,1 1,188,1
ADDLINE 4,203,1 1,203,1 1,203,1 12,0,2 5,203,1 1,203,1 1,203,1 1,203,1 1,203,1
ADDLINE 2,162,1 1,162,1 1,162,1 0,0,0 0,0,0 0,0,0 12,0,2 2,162,1 1,162,1
ADDLINE 1,178,1 1,178,1 2,178,1 1,178,1 2,178,1 1,178,1 12,0,2 1,178,1 1,178,1
ADDLINE 4,193,1 1,193,1 1,193,1 1,193,1 1,193,1 0,0,0 12,0,2 1,193,1 1,193,1
ADDLINE 1,208,1 3,208,1 1,208,1 1,208,1 1,208,1 12,0,2 3,208,1 1,208,1 4,208,1
1,105,1 12,0,2 3,105,1 2,105,1 5,105,1 1,105,1 1,105,1 1,105,1 3,105,1
1,104,1 12,0,2 1,104,1 4,104,1 2,104,1 5,104,1 1,104,1 1,104,1 1,104,1
0,0,0 12,0,2 19,103,1 1,103,1 1,103,1 2,103,1 5,103,1 4,103,1 3,103,1
12,0,2 1,102,1 1,102,1 3,102,1 1,102,1 2,102,1 2,102,1 19,102,1 1,102,1
12,0,2 1,101,1 1,101,1 1,101,1 1,101,1 1,101,1 1,101,1 1,101,1 1,101,1
12,0,2 5,100,1 3,100,1 1,100,1 1,100,1 1,100,1 1,100,1 1,100,1 5,100,1
0,0,0 0,0,0 0,0,0 0,0,0 0,0,0 0,0,0 0,0,0 0,0,0 0,0,0
0,0,0 0,0,0 0,0,0 0,0,0 0,0,0 0,0,0 0,0,0 0,0,0 0,0,0
0,0,0 0,0,0 0,0,0 0,0,0 0,0,0 0,0,0 0,0,0 0,0,0 0,0,0