MODE 0
BALL 120
STARS 0/0/10395 35
ADDLINE 5,117,1 20,117,1 1,117,1 1,117,1 12,0,2 1,117,1 4,117,1 1,117,1 1,117,1
ADDLINE 1,118,1 1,118,1 1,118,1 1,118,1 12,0,2 2,118,1 1,118,1 1,118,1 1,118,1
ADDLINE 1,119,1 1,119,1 2,119,1 1,119,1 12,0,2 1,119,1 1,119,1 1,119,1 1,119,1
ADDLINE 1,131,1 1,131,1 1,131,1 1,131,1 0,0,0 0,0,0 10,0,2 12,0,2 1,131,1
ADDLINE 1,132,1 1,132,1 1,132,1 1,132,1 1,132,1 1,132,1 16,132,1 12,0,2 1,132,1
ADDLINE 1,144,1 1,144,1 1,144,1 1,144,1 4,144,1 1,144,1 1,144,1 12,0,2 0,0,0
ADDLINE 5,156,1 17,156,1 1,156,1 2,156,1 0,0,0 1,156,1 1,156,1 1,156,1 12,0,2
ADDLINE 1,169,1 1,338,1 1,338,1 1,169,1 0,0,0 12,0,2 0,0,0 0,0,0 0,0,0
ADDLINE 1,272,1 1,272,1 1,272,1 16,136,1 1,272,1 12,0,2 1,272,1 1,272,1 0,0,0
ADDLINE 1,149,1 3,149,1 1,298,1 20,149,1 1,298,1 12,0,2 1,149,1 1,298,1 1,298,1
ADDLINE 1,324,1 1,324,1 1,324,1 1,324,1 1,324,1 0,0,0 8,0,2 12,0,2 19,162,1
ADDLINE 1,175,1 1,350,1 17,175,1 1,350,1 4,175,1 12,0,2 1,175,1 1,350,1 1,350,1
ADDLINE 1,140,1 0,0,0 1,280,1 11,0,2 1,280,1 12,0,2 1,140,1 1,140,1 3,140,1
ADDLINE 1,154,1 5,154,1 1,308,1 0,0,0 1,308,1 12,0,2 1,154,1 1,154,1 1,154,1
ADDLINE 8,0,2 0,0,0 1,334,1 0,0,0 1,334,1 12,0,2 1,334,1 1,334,1 1,334,1
ADDLINE 1,180,1 1,180,1 1,180,1 0,0,0 1,180,1 12,0,2 2,180,1 1,180,1 5,180,1
ADDLINE 12,0,2 1,145,1 1,145,1 0,0,0 2,145,1 0,0,0 1,145,1 0,0,0 0,0,0
ADDLINE 1,158,1 4,158,1 1,158,1 0,0,0 1,158,1 1,158,1 1,158,1 12,0,2 1,158,1
ADDLINE 12,0,2 1,344,1 1,344,1 1,344,1 1,344,1 1,344,1 16,172,1 1,344,1 1,344,1
ADDLINE 12,0,2 1,186,1 3,186,1 1,186,1 1,186,1 1,186,1 1,372,1 1,372,1 5,186,1
ADDLINE 8,0,2 12,0,2 1,298,1 1,298,1 1,298,1 1,298,1 1,298,1 17,149,1 1,298,1
ADDLINE 2,163,1 12,0,2 1,163,1 1,163,1 1,163,1 1,163,1 1,326,1 1,326,1 5,163,1
ADDLINE 0,0,0 12,0,2 1,354,1 1,354,1 1,354,1 1,354,1 1,354,1 16,177,1 1,354,1
ADDLINE 0,0,0 12,0,2 19,192,1 1,384,1 1,384,1 1,384,1 1,384,1 1,384,1 1,384,1
ADDLINE 1,308,1 0,0,0 12,0,2 8,0,2 1,308,1 1,308,1 1,308,1 1,308,1 1,308,1
ADDLINE 5,168,1 3,168,1 1,168,1 12,0,2 1,168,1 1,168,1 1,168,1 1,168,1 1,168,1
ADDLINE 16,182,1 1,364,1 1,364,1 0,0,0 12,0,2 1,364,1 1,364,1 1,364,1 1,364,1
ADDLINE 12,0,2 1,197,1 1,394,1 20,197,1 1,394,1 1,197,1 3,197,1 1,197,1 1,197,1
ADDLINE 11,0,2 12,0,2 1,316,1 1,316,1 1,316,1 1,158,1 1,158,1 1,158,1 1,158,1
ADDLINE 1,346,1 12,0,2 1,173,1 3,173,1 4,173,1 1,173,1 1,173,1 5,173,1 1,173,1
ADDLINE 1,188,1 12,0,2 1,188,1 3,188,1 1,188,1 1,188,1 4,188,1 5,188,1 1,188,1
ADDLINE 1,203,1 0,0,0 12,0,2 1,203,1 1,203,1 4,203,1 1,203,1 1,203,1 5,203,1
ADDLINE 1,162,1 1,162,1 12,0,2 1,162,1 1,162,1 3,162,1 1,162,1 1,162,1 1,162,1
ADDLINE 2,178,1 1,356,1 12,0,2 1,356,1 4,178,1 1,178,1 1,178,1 1,178,1 1,178,1
ADDLINE 16,193,1 1,386,1 7,0,2 12,0,2 1,386,1 1,386,1 1,386,1 1,386,1 1,386,1
ADDLINE 5,208,1 1,416,1 1,416,1 12,0,2 1,208,1 1,208,1 1,208,1 1,208,1 1,208,1
1,105,1 1,105,1 1,105,1 8,0,2 1,105,1 1,105,1 0,0,0 12,0,2 5,105,1
0,0,0 12,0,2 0,0,0 12,0,2 1,104,1 1,104,1 1,104,1 1,104,1 1,104,1
12,0,2 1,103,1 1,103,1 1,103,1 1,103,1 1,103,1 1,103,1 1,103,1 2,103,1
8,0,2 1,102,1 1,102,1 1,102,1 1,102,1 1,102,1 1,102,1 1,102,1 1,102,1
12,0,2 1,101,1 1,101,1 1,101,1 1,101,1 4,101,1 1,101,1 1,101,1 1,101,1
8,0,2 12,0,2 1,100,1 1,100,1 1,100,1 1,100,1 1,100,1 21,100,1 1,100,1
0,0,0 0,0,0 0,0,0 0,0,0 0,0,0 0,0,0 0,0,0 0,0,0 0,0,0
0,0,0 0,0,0 0,0,0 0,0,0 0,0,0 0,0,0 0,0,0 0,0,0 0,0,0
0,0,0 0,0,0 0,0,0 0,0,0 0,0,0 0,0,0 0,0,0 0,0,0 0,0,0