MODE 0
BALL 120
STARS 0/0/17290 35
ADDLINE 1,117,1 1,117,1 1,117,1 5,117,1 4,117,1 12,0,2 1,117,1 5,117,1 1,117,1
ADDLINE 1,118,1 1,118,1 1,118,1 3,118,1 1,118,1 12,0,2 1,118,1 1,118,1 1,118,1
ADDLINE 1,119,1 1,119,1 1,119,1 4,119,1 1,119,1 12,0,2 3,119,1 1,119,1 1,119,1
ADDLINE 1,131,1 1,131,1 1,131,1 1,131,1 1,131,1 12,0,2 1,131,1 1,131,1 1,131,1
ADDLINE 1,132,1 0,0,0 12,0,2 0,0,0 0,0,0 0,0,0 2,132,1 1,132,1 1,132,1
ADDLINE 5,144,1 0,0,0 0,0,0 0,0,0 12,0,2 2,144,1 4,144,1 1,144,1 1,144,1
ADDLINE 1,156,1 1,156,1 1,156,1 1,156,1 0,0,0 0,0,0 0,0,0 12,0,2 1,156,1
ADDLINE 1,169,1 1,169,1 1,169,1 1,169,1 1,169,1 1,169,1 2,169,1 12,0,2 1,169,1
ADDLINE 5,136,1 2,136,1 4,136,1 5,136,1 1,136,1 1,136,1 1,136,1 12,0,2 0,0,0
ADDLINE 5,149,1 0,0,0 1,149,1 12,0,2 1,149,1 0,0,0 1,149,1 0,0,0 1,149,1
ADDLINE 1,162,1 0,0,0 4,162,1 4,162,1 1,162,1 12,0,2 3,162,1 0,0,0 1,162,1
ADDLINE 1,175,1 0,0,0 0,0,0 12,0,2 1,175,1 0,0,0 1,175,1 0,0,0 1,175,1
ADDLINE 1,140,1 0,0,0 1,140,1 0,0,0 1,140,1 12,0,2 3,140,1 0,0,0 2,140,1
ADDLINE 1,154,1 0,0,0 1,154,1 12,0,2 4,154,1 0,0,0 1,154,1 0,0,0 0,0,0
ADDLINE 1,167,1 1,167,1 2,167,1 0,0,0 1,167,1 12,0,2 1,167,1 1,167,1 1,167,1
ADDLINE 0,0,0 0,0,0 1,180,1 0,0,0 1,180,1 12,0,2 1,180,1 0,0,0 0,0,0
ADDLINE 1,145,1 0,0,0 2,145,1 12,0,2 3,145,1 0,0,0 1,145,1 0,0,0 1,145,1
ADDLINE 0,0,0 12,0,2 1,158,1 0,0,0 4,158,1 0,0,0 1,158,1 0,0,0 1,158,1
ADDLINE 4,172,1 1,172,1 3,172,1 1,172,1 1,172,1 1,172,1 1,172,1 1,172,1 12,0,2
ADDLINE 5,186,1 1,186,1 5,186,1 1,186,1 1,186,1 3,186,1 1,186,1 12,0,2 0,0,0
ADDLINE 1,149,1 1,149,1 4,149,1 1,149,1 1,149,1 1,149,1 1,149,1 12,0,2 0,0,0
ADDLINE 1,163,1 1,163,1 2,163,1 1,163,1 1,163,1 2,163,1 4,163,1 12,0,2 0,0,0
ADDLINE 1,177,1 1,177,1 1,177,1 1,177,1 1,177,1 1,177,1 1,177,1 12,0,2 4,177,1
ADDLINE 1,192,1 5,192,1 1,192,1 1,192,1 1,192,1 5,192,1 1,192,1 12,0,2 0,0,0
ADDLINE 1,154,1 1,154,1 1,154,1 1,154,1 2,154,1 1,154,1 1,154,1 12,0,2 0,0,0
ADDLINE 4,168,1 1,168,1 2,168,1 1,168,1 4,168,1 1,168,1 1,168,1 12,0,2 1,168,1
ADDLINE 1,182,1 1,182,1 1,182,1 1,182,1 1,182,1 5,182,1 1,182,1 12,0,2 5,182,1
ADDLINE 12,0,2 3,197,1 1,197,1 1,197,1 1,197,1 1,197,1 1,197,1 1,197,1 1,197,1
ADDLINE 12,0,2 1,158,1 1,158,1 1,158,1 4,158,1 1,158,1 1,158,1 5,158,1 5,158,1
ADDLINE 0,0,0 12,0,2 1,173,1 3,173,1 1,173,1 4,173,1 1,173,1 1,173,1 1,173,1
ADDLINE 0,0,0 12,0,2 1,188,1 1,188,1 1,188,1 4,188,1 1,188,1 2,188,1 1,188,1
ADDLINE 0,0,0 12,0,2 1,203,1 1,203,1 1,203,1 1,203,1 1,203,1 5,203,1 4,203,1
ADDLINE 1,162,1 0,0,0 0,0,0 12,0,2 1,162,1 1,162,1 1,162,1 5,162,1 1,162,1
ADDLINE 0,0,0 12,0,2 0,0,0 0,0,0 3,178,1 1,178,1 2,178,1 1,178,1 1,178,1
ADDLINE 12,0,2 1,193,1 2,193,1 5,193,1 1,193,1 1,193,1 1,193,1 1,193,1 1,193,1
ADDLINE 12,0,2 1,208,1 1,208,1 1,208,1 1,208,1 3,208,1 1,208,1 1,208,1 1,208,1
5,105,1 1,105,1 7,0,2 12,0,2 0,0,0 1,105,1 1,105,1 1,105,1 1,105,1
1,104,1 1,104,1 1,104,1 1,104,1 12,0,2 1,104,1 3,104,1 1,104,1 1,104,1
1,103,1 15,0,2 5,103,1 4,103,1 12,0,2 3,103,1 1,103,1 14,0,2 1,103,1
1,102,1 1,102,1 1,102,1 1,102,1 0,0,0 12,0,2 0,0,0 0,0,0 1,102,1
1,101,1 4,101,1 1,101,1 4,101,1 1,101,1 2,101,1 1,101,1 12,0,2 2,101,1
1,100,1 1,100,1 5,100,1 1,100,1 1,100,1 1,100,1 7,0,2 12,0,2 1,100,1
0,0,0 0,0,0 0,0,0 0,0,0 0,0,0 0,0,0 0,0,0 0,0,0 0,0,0
0,0,0 0,0,0 0,0,0 0,0,0 0,0,0 0,0,0 0,0,0 0,0,0 0,0,0
0,0,0 0,0,0 0,0,0 0,0,0 0,0,0 0,0,0 0,0,0 0,0,0 0,0,0