MODE 0
BALL 50
STARS 0/0/2380 35
ADDLINE 0,0,0 1,63,1 0,0,0 0,0,0 12,0,2 0,0,0 0,0,0 1,63,1 0,0,0
ADDLINE 0,0,0 1,64,1 1,64,1 1,64,1 1,64,1 1,64,1 12,0,2 1,64,1 0,0,0
ADDLINE 1,72,1 1,72,1 0,0,0 0,0,0 0,0,0 0,0,0 0,0,0 1,72,1 12,0,2
ADDLINE 1,69,1 17,69,1 1,69,1 1,69,1 0,0,0 1,69,1 1,69,1 1,69,1 12,0,2
ADDLINE 0,0,0 0,0,0 12,0,2 1,74,1 0,0,0 1,74,1 0,0,0 0,0,0 0,0,0
ADDLINE 1,82,1 1,82,1 0,0,0 10,0,2 12,0,2 1,82,1 0,0,0 1,82,1 1,82,1
ADDLINE 0,0,0 0,0,0 12,0,2 1,83,1 0,0,0 6,83,1 0,0,0 1,83,1 1,83,1
ADDLINE 1,76,1 1,76,1 1,76,1 0,0,0 12,0,2 1,76,1 1,76,1 1,76,1 1,76,1
ADDLINE 1,108,1 0,0,0 12,0,2 0,0,0 0,0,0 1,108,1 0,0,0 0,0,0 0,0,0
0,0,0 0,0,0 1,62,1 0,0,0 1,62,1 12,0,2 0,0,0 0,0,0 1,62,1
1,61,1 12,0,2 1,61,1 6,61,1 1,61,1 0,0,0 1,61,1 0,0,0 1,61,1
1,60,1 0,0,0 12,0,2 0,0,0 0,0,0 0,0,0 1,60,1 0,0,0 1,60,1
1,89,1 1,89,1 1,89,1 1,89,1 1,89,1 12,0,2 1,89,1 10,0,2 1,89,1
0,0,0 0,0,0 12,0,2 0,0,0 0,0,0 0,0,0 1,58,1 1,58,1 1,58,1
0,0,0 12,0,2 1,75,1 1,75,1 1,75,1 1,75,1 1,75,1 1,75,1 1,75,1
0,0,0 0,0,0 0,0,0 0,0,0 0,0,0 0,0,0 0,0,0 0,0,0 0,0,0
0,0,0 0,0,0 0,0,0 0,0,0 0,0,0 0,0,0 0,0,0 0,0,0 0,0,0
0,0,0 0,0,0 0,0,0 0,0,0 0,0,0 0,0,0 0,0,0 0,0,0 0,0,0