MODE 0
BALL 120
STARS 0/0/9590 35
ADDLINE 1,117,1 1,117,1 1,117,1 1,117,1 1,117,1 1,117,1 12,0,2 2,117,1 1,117,1
ADDLINE 1,118,1 1,118,1 1,118,1 1,118,1 5,118,1 4,118,1 12,0,2 1,118,1 5,118,1
ADDLINE 1,119,1 1,119,1 1,119,1 1,119,1 4,119,1 2,119,1 12,0,2 1,119,1 1,119,1
ADDLINE 3,131,1 3,131,1 0,0,0 0,0,0 0,0,0 12,0,2 0,0,0 1,131,1 1,131,1
ADDLINE 1,132,1 1,132,1 12,0,2 1,132,1 1,132,1 1,132,1 1,132,1 1,132,1 2,132,1
ADDLINE 1,144,1 2,144,1 12,0,2 5,144,1 1,144,1 1,144,1 1,144,1 1,144,1 1,144,1
ADDLINE 1,156,1 0,0,0 12,0,2 1,156,1 1,156,1 1,156,1 3,156,1 1,156,1 1,156,1
ADDLINE 1,169,1 12,0,2 1,169,1 4,169,1 4,169,1 1,169,1 1,169,1 1,169,1 1,169,1
ADDLINE 1,136,1 0,0,0 0,0,0 12,0,2 1,136,1 1,136,1 2,136,1 2,136,1 1,136,1
ADDLINE 1,149,1 1,149,1 1,149,1 0,0,0 1,149,1 12,0,2 5,149,1 1,149,1 2,149,1
ADDLINE 4,162,1 0,0,0 0,0,0 12,0,2 1,162,1 0,0,0 0,0,0 0,0,0 0,0,0
ADDLINE 1,175,1 0,0,0 2,175,1 1,175,1 1,175,1 12,0,2 1,175,1 1,175,1 1,175,1
ADDLINE 1,140,1 0,0,0 1,140,1 0,0,0 12,0,2 0,0,0 0,0,0 0,0,0 1,140,1
ADDLINE 1,154,1 0,0,0 1,154,1 4,154,1 5,154,1 1,154,1 1,154,1 12,0,2 1,154,1
ADDLINE 1,167,1 0,0,0 0,0,0 0,0,0 2,167,1 12,0,2 0,0,0 0,0,0 1,167,1
ADDLINE 1,180,1 2,180,1 1,180,1 12,0,2 1,180,1 2,180,1 1,180,1 5,180,1 1,180,1
ADDLINE 0,0,0 12,0,2 1,145,1 0,0,0 1,145,1 0,0,0 0,0,0 0,0,0 1,145,1
ADDLINE 3,158,1 0,0,0 1,158,1 0,0,0 1,158,1 12,0,2 1,158,1 0,0,0 1,158,1
ADDLINE 12,0,2 1,172,1 1,172,1 1,172,1 1,172,1 1,172,1 1,172,1 3,172,1 1,172,1
ADDLINE 0,0,0 0,0,0 12,0,2 5,186,1 5,186,1 1,186,1 1,186,1 1,186,1 1,186,1
ADDLINE 0,0,0 12,0,2 0,0,0 3,149,1 1,149,1 1,149,1 1,149,1 2,149,1 1,149,1
ADDLINE 12,0,2 1,163,1 1,163,1 5,163,1 4,163,1 3,163,1 1,163,1 1,163,1 1,163,1
ADDLINE 0,0,0 12,0,2 5,177,1 1,177,1 1,177,1 1,177,1 4,177,1 1,177,1 1,177,1
ADDLINE 0,0,0 12,0,2 3,192,1 1,192,1 1,192,1 1,192,1 1,192,1 1,192,1 1,192,1
ADDLINE 12,0,2 3,154,1 1,154,1 1,154,1 1,154,1 1,154,1 1,154,1 1,154,1 1,154,1
ADDLINE 0,0,0 0,0,0 0,0,0 12,0,2 1,168,1 1,168,1 4,168,1 1,168,1 1,168,1
ADDLINE 0,0,0 0,0,0 12,0,2 0,0,0 1,182,1 1,182,1 1,182,1 4,182,1 2,182,1
ADDLINE 12,0,2 1,197,1 4,197,1 1,197,1 4,197,1 3,197,1 1,197,1 3,197,1 1,197,1
ADDLINE 12,0,2 1,158,1 1,158,1 1,158,1 1,158,1 1,158,1 2,158,1 1,158,1 1,158,1
ADDLINE 12,0,2 1,173,1 1,173,1 2,173,1 1,173,1 1,173,1 1,173,1 1,173,1 1,173,1
ADDLINE 0,0,0 12,0,2 1,188,1 1,188,1 1,188,1 3,188,1 5,188,1 4,188,1 1,188,1
ADDLINE 0,0,0 12,0,2 1,203,1 4,203,1 1,203,1 1,203,1 1,203,1 1,203,1 1,203,1
ADDLINE 12,0,2 1,162,1 3,162,1 1,162,1 1,162,1 1,162,1 1,162,1 1,162,1 5,162,1
ADDLINE 0,0,0 12,0,2 2,178,1 1,178,1 1,178,1 1,178,1 1,178,1 5,178,1 1,178,1
ADDLINE 1,193,1 12,0,2 1,193,1 1,193,1 1,193,1 1,193,1 2,193,1 3,193,1 1,193,1
ADDLINE 1,208,1 12,0,2 1,208,1 5,208,1 1,208,1 1,208,1 1,208,1 3,208,1 1,208,1
5,105,1 1,105,1 4,105,1 3,105,1 0,0,0 12,0,2 0,0,0 0,0,0 1,105,1
2,104,1 4,104,1 3,104,1 1,104,1 1,104,1 12,0,2 22,0,2 12,0,2 1,104,1
4,103,1 3,103,1 1,103,1 1,103,1 0,0,0 0,0,0 0,0,0 12,0,2 1,103,1
19,102,1 1,102,1 1,102,1 1,102,1 0,0,0 0,0,0 22,0,2 0,0,0 5,102,1
1,101,1 1,101,1 20,101,1 1,101,1 1,101,1 2,101,1 0,0,0 12,0,2 0,0,0
1,100,1 1,100,1 1,100,1 2,100,1 1,100,1 1,100,1 5,100,1 4,100,1 12,0,2
0,0,0 0,0,0 0,0,0 0,0,0 0,0,0 0,0,0 0,0,0 0,0,0 0,0,0
0,0,0 0,0,0 0,0,0 0,0,0 0,0,0 0,0,0 0,0,0 0,0,0 0,0,0
0,0,0 0,0,0 0,0,0 0,0,0 0,0,0 0,0,0 0,0,0 0,0,0 0,0,0