MODE 0
BALL 120
STARS 0/0/10185 35
ADDLINE 1,117,1 12,0,2 1,117,1 2,117,1 1,117,1 1,117,1 1,117,1 4,117,1 1,117,1
ADDLINE 11,0,2 12,0,2 1,118,1 1,118,1 1,118,1 5,118,1 1,118,1 2,118,1 1,118,1
ADDLINE 0,0,0 12,0,2 1,119,1 1,119,1 5,119,1 1,119,1 1,119,1 1,119,1 1,119,1
ADDLINE 1,131,1 0,0,0 0,0,0 0,0,0 12,0,2 1,131,1 1,131,1 1,131,1 5,131,1
ADDLINE 3,132,1 1,132,1 1,132,1 1,132,1 12,0,2 1,132,1 1,132,1 2,132,1 1,132,1
ADDLINE 0,0,0 0,0,0 0,0,0 12,0,2 0,0,0 1,144,1 3,144,1 1,144,1 1,144,1
ADDLINE 0,0,0 12,0,2 4,156,1 3,156,1 4,156,1 1,156,1 1,156,1 2,156,1 3,156,1
ADDLINE 1,169,1 12,0,2 1,169,1 1,169,1 1,169,1 1,169,1 1,169,1 1,169,1 1,169,1
ADDLINE 1,136,1 12,0,2 1,136,1 1,136,1 1,136,1 1,136,1 1,136,1 2,136,1 1,136,1
ADDLINE 0,0,0 1,149,1 1,149,1 1,149,1 12,0,2 1,149,1 0,0,0 1,149,1 0,0,0
ADDLINE 0,0,0 0,0,0 0,0,0 12,0,2 0,0,0 3,162,1 0,0,0 1,162,1 0,0,0
ADDLINE 5,175,1 1,350,1 1,350,1 1,175,1 1,175,1 1,175,1 12,0,2 1,175,1 2,175,1
ADDLINE 1,280,1 10,0,2 1,280,1 1,280,1 0,0,0 12,0,2 0,0,0 0,0,0 0,0,0
ADDLINE 0,0,0 1,308,1 1,308,1 5,154,1 12,0,2 1,154,1 1,154,1 4,154,1 1,154,1
ADDLINE 0,0,0 1,167,1 2,167,1 1,167,1 12,0,2 1,167,1 1,167,1 1,167,1 1,167,1
ADDLINE 0,0,0 1,180,1 1,180,1 1,180,1 12,0,2 1,180,1 4,180,1 1,180,1 1,180,1
ADDLINE 0,0,0 1,145,1 1,145,1 3,145,1 12,0,2 1,145,1 4,145,1 2,145,1 1,145,1
ADDLINE 0,0,0 1,158,1 1,158,1 1,158,1 12,0,2 1,158,1 2,158,1 1,158,1 1,158,1
ADDLINE 1,172,1 1,172,1 4,172,1 1,172,1 1,172,1 1,172,1 12,0,2 1,172,1 1,172,1
ADDLINE 1,372,1 1,372,1 1,372,1 1,372,1 1,372,1 1,372,1 8,0,2 12,0,2 1,372,1
ADDLINE 1,149,1 2,149,1 1,149,1 5,149,1 1,149,1 5,149,1 0,0,0 12,0,2 1,149,1
ADDLINE 1,163,1 1,163,1 1,163,1 4,163,1 1,163,1 1,163,1 12,0,2 2,163,1 1,163,1
ADDLINE 1,177,1 1,177,1 1,177,1 3,177,1 4,177,1 1,177,1 0,0,0 12,0,2 2,177,1
ADDLINE 1,192,1 1,192,1 1,192,1 3,192,1 1,192,1 1,192,1 1,192,1 12,0,2 1,192,1
ADDLINE 1,308,1 1,308,1 1,308,1 1,308,1 1,308,1 1,308,1 1,308,1 12,0,2 8,0,2
ADDLINE 1,336,1 1,336,1 1,336,1 1,336,1 1,336,1 1,336,1 1,336,1 12,0,2 10,0,2
ADDLINE 1,182,1 1,182,1 2,182,1 1,182,1 1,364,1 1,364,1 1,364,1 12,0,2 1,364,1
ADDLINE 3,197,1 12,0,2 1,197,1 1,197,1 1,394,1 7,0,2 1,394,1 1,197,1 1,197,1
ADDLINE 0,0,0 12,0,2 3,158,1 1,158,1 1,316,1 1,316,1 1,316,1 1,158,1 1,158,1
ADDLINE 11,0,2 12,0,2 1,173,1 1,173,1 1,173,1 1,173,1 1,173,1 2,173,1 4,173,1
ADDLINE 0,0,0 12,0,2 4,188,1 1,188,1 1,188,1 1,188,1 1,188,1 1,188,1 1,188,1
ADDLINE 0,0,0 12,0,2 1,203,1 2,203,1 3,203,1 1,203,1 1,203,1 1,203,1 1,203,1
ADDLINE 2,162,1 0,0,0 12,0,2 1,162,1 1,162,1 1,162,1 3,162,1 1,162,1 1,162,1
ADDLINE 0,0,0 12,0,2 0,0,0 1,178,1 1,178,1 3,178,1 1,178,1 2,178,1 1,178,1
ADDLINE 0,0,0 12,0,2 1,193,1 1,193,1 1,193,1 2,193,1 1,193,1 1,193,1 1,193,1
ADDLINE 5,208,1 0,0,0 12,0,2 1,208,1 1,208,1 1,208,1 3,208,1 1,208,1 1,208,1
2,105,1 5,105,1 2,105,1 5,105,1 1,105,1 4,105,1 3,105,1 4,105,1 3,105,1
5,104,1 2,104,1 5,104,1 2,104,1 1,104,1 3,104,1 4,104,1 3,104,1 4,104,1
2,103,1 5,103,1 2,103,1 5,103,1 1,103,1 4,103,1 3,103,1 4,103,1 3,103,1
1,102,1 2,102,1 5,102,1 2,102,1 12,0,2 3,102,1 4,102,1 3,102,1 1,102,1
1,101,1 1,101,1 2,101,1 5,101,1 12,0,2 4,101,1 3,101,1 1,101,1 1,101,1
12,0,2 12,0,2 1,100,1 2,100,1 11,0,2 3,100,1 1,100,1 12,0,2 12,0,2
0,0,0 0,0,0 0,0,0 0,0,0 0,0,0 0,0,0 0,0,0 0,0,0 0,0,0
0,0,0 0,0,0 0,0,0 0,0,0 0,0,0 0,0,0 0,0,0 0,0,0 0,0,0
0,0,0 0,0,0 0,0,0 0,0,0 0,0,0 0,0,0 0,0,0 0,0,0 0,0,0