MODE 0
BALL 120
STARS 0/0/9730 35
ADDLINE 12,0,2 1,117,1 1,117,1 1,117,1 2,117,1 1,117,1 1,117,1 1,117,1 1,117,1
ADDLINE 0,0,0 12,0,2 1,118,1 3,118,1 1,118,1 5,118,1 1,118,1 5,118,1 1,118,1
ADDLINE 1,119,1 0,0,0 12,0,2 1,119,1 1,119,1 1,119,1 3,119,1 2,119,1 1,119,1
ADDLINE 1,131,1 5,131,1 0,0,0 12,0,2 1,131,1 2,131,1 1,131,1 4,131,1 1,131,1
ADDLINE 4,132,1 0,0,0 0,0,0 12,0,2 1,132,1 1,132,1 1,132,1 1,132,1 1,132,1
ADDLINE 0,0,0 12,0,2 1,144,1 1,144,1 5,144,1 1,144,1 1,144,1 1,144,1 1,144,1
ADDLINE 12,0,2 2,156,1 1,156,1 1,156,1 2,156,1 1,156,1 1,156,1 1,156,1 1,156,1
ADDLINE 0,0,0 12,0,2 0,0,0 3,169,1 1,169,1 1,169,1 1,169,1 5,169,1 1,169,1
ADDLINE 1,136,1 1,136,1 0,0,0 12,0,2 1,136,1 1,136,1 1,136,1 5,136,1 1,136,1
ADDLINE 1,149,1 0,0,0 1,149,1 0,0,0 1,149,1 1,149,1 1,149,1 12,0,2 1,149,1
ADDLINE 1,162,1 0,0,0 0,0,0 12,0,2 2,162,1 0,0,0 1,162,1 0,0,0 5,162,1
ADDLINE 4,175,1 2,175,1 1,175,1 1,175,1 1,175,1 0,0,0 1,175,1 12,0,2 1,175,1
ADDLINE 0,0,0 0,0,0 1,140,1 0,0,0 12,0,2 0,0,0 1,140,1 0,0,0 0,0,0
ADDLINE 1,154,1 0,0,0 1,154,1 12,0,2 1,154,1 1,154,1 3,154,1 1,154,1 4,154,1
ADDLINE 1,167,1 0,0,0 5,167,1 0,0,0 12,0,2 0,0,0 0,0,0 0,0,0 1,167,1
ADDLINE 2,180,1 0,0,0 1,180,1 1,180,1 1,180,1 1,180,1 1,180,1 12,0,2 2,180,1
ADDLINE 4,145,1 0,0,0 12,0,2 0,0,0 0,0,0 0,0,0 1,145,1 0,0,0 1,145,1
ADDLINE 3,158,1 1,158,1 1,158,1 1,158,1 1,158,1 0,0,0 1,158,1 12,0,2 1,158,1
ADDLINE 1,172,1 12,0,2 1,172,1 2,172,1 1,172,1 2,172,1 1,172,1 3,172,1 1,172,1
ADDLINE 1,186,1 12,0,2 5,186,1 1,186,1 1,186,1 1,186,1 1,186,1 5,186,1 1,186,1
ADDLINE 0,0,0 12,0,2 1,149,1 1,149,1 3,149,1 1,149,1 1,149,1 1,149,1 1,149,1
ADDLINE 0,0,0 12,0,2 1,163,1 1,163,1 1,163,1 1,163,1 1,163,1 1,163,1 2,163,1
ADDLINE 1,177,1 0,0,0 12,0,2 0,0,0 1,177,1 1,177,1 1,177,1 4,177,1 3,177,1
ADDLINE 1,192,1 1,192,1 1,192,1 12,0,2 1,192,1 3,192,1 1,192,1 1,192,1 2,192,1
ADDLINE 1,154,1 4,154,1 1,154,1 0,0,0 12,0,2 3,154,1 1,154,1 1,154,1 1,154,1
ADDLINE 1,168,1 1,168,1 1,168,1 0,0,0 12,0,2 1,168,1 1,168,1 5,168,1 5,168,1
ADDLINE 1,182,1 1,182,1 1,182,1 12,0,2 1,182,1 1,182,1 1,182,1 4,182,1 3,182,1
ADDLINE 1,197,1 1,197,1 1,197,1 1,197,1 1,197,1 1,197,1 1,197,1 4,197,1 12,0,2
ADDLINE 1,158,1 1,158,1 4,158,1 2,158,1 1,158,1 1,158,1 1,158,1 2,158,1 12,0,2
ADDLINE 1,173,1 1,173,1 5,173,1 1,173,1 5,173,1 1,173,1 1,173,1 1,173,1 12,0,2
ADDLINE 1,188,1 1,188,1 1,188,1 1,188,1 1,188,1 1,188,1 1,188,1 1,188,1 12,0,2
ADDLINE 2,203,1 1,203,1 1,203,1 1,203,1 1,203,1 1,203,1 1,203,1 1,203,1 12,0,2
ADDLINE 2,162,1 5,162,1 1,162,1 5,162,1 1,162,1 1,162,1 4,162,1 4,162,1 12,0,2
ADDLINE 1,178,1 1,178,1 1,178,1 1,178,1 1,178,1 1,178,1 3,178,1 1,178,1 12,0,2
ADDLINE 1,193,1 1,193,1 1,193,1 4,193,1 1,193,1 0,0,0 12,0,2 0,0,0 0,0,0
ADDLINE 1,208,1 5,208,1 1,208,1 1,208,1 1,208,1 12,0,2 4,208,1 3,208,1 1,208,1
1,105,1 1,105,1 3,105,1 1,105,1 1,105,1 1,105,1 8,0,2 12,0,2 0,0,0
1,104,1 5,104,1 1,104,1 1,104,1 1,104,1 1,104,1 12,0,2 0,0,0 0,0,0
1,103,1 1,103,1 5,103,1 1,103,1 1,103,1 1,103,1 12,0,2 0,0,0 8,0,2
3,102,1 20,102,1 1,102,1 1,102,1 1,102,1 1,102,1 1,102,1 12,0,2 0,0,0
1,101,1 1,101,1 3,101,1 1,101,1 0,0,0 0,0,0 0,0,0 12,0,2 1,101,1
0,0,0 0,0,0 0,0,0 12,0,2 0,0,0 3,100,1 5,100,1 1,100,1 1,100,1
0,0,0 0,0,0 0,0,0 0,0,0 0,0,0 0,0,0 0,0,0 0,0,0 0,0,0
0,0,0 0,0,0 0,0,0 0,0,0 0,0,0 0,0,0 0,0,0 0,0,0 0,0,0
0,0,0 0,0,0 0,0,0 0,0,0 0,0,0 0,0,0 0,0,0 0,0,0 0,0,0