MODE 0
BALL 120
STARS 0/0/9870 35
ADDLINE 1,117,1 12,0,2 1,117,1 1,117,1 1,117,1 1,117,1 4,117,1 1,117,1 4,117,1
ADDLINE 1,118,1 0,0,0 0,0,0 12,0,2 5,118,1 3,118,1 1,118,1 1,118,1 1,118,1
ADDLINE 1,119,1 1,119,1 1,119,1 0,0,0 12,0,2 1,119,1 3,119,1 1,119,1 1,119,1
ADDLINE 3,131,1 1,131,1 1,131,1 1,131,1 0,0,0 12,0,2 1,131,1 1,131,1 1,131,1
ADDLINE 5,132,1 1,132,1 1,132,1 0,0,0 0,0,0 12,0,2 1,132,1 4,132,1 1,132,1
ADDLINE 0,0,0 12,0,2 0,0,0 0,0,0 1,144,1 1,144,1 1,144,1 1,144,1 3,144,1
ADDLINE 12,0,2 1,156,1 1,156,1 1,156,1 1,156,1 1,156,1 1,156,1 2,156,1 1,156,1
ADDLINE 0,0,0 12,0,2 5,169,1 1,169,1 1,169,1 1,169,1 1,169,1 2,169,1 4,169,1
ADDLINE 1,136,1 0,0,0 0,0,0 0,0,0 0,0,0 12,0,2 4,136,1 1,136,1 1,136,1
ADDLINE 1,149,1 1,149,1 1,149,1 0,0,0 1,149,1 12,0,2 1,149,1 1,149,1 1,149,1
ADDLINE 12,0,2 0,0,0 5,162,1 0,0,0 1,162,1 0,0,0 0,0,0 0,0,0 0,0,0
ADDLINE 1,175,1 0,0,0 4,175,1 12,0,2 1,175,1 1,175,1 3,175,1 4,175,1 1,175,1
ADDLINE 1,140,1 0,0,0 1,140,1 0,0,0 0,0,0 0,0,0 12,0,2 0,0,0 1,140,1
ADDLINE 1,154,1 1,154,1 3,154,1 2,154,1 1,154,1 12,0,2 3,154,1 5,154,1 1,154,1
ADDLINE 1,167,1 12,0,2 0,0,0 0,0,0 1,167,1 0,0,0 1,167,1 0,0,0 0,0,0
ADDLINE 1,180,1 0,0,0 1,180,1 0,0,0 1,180,1 12,0,2 1,180,1 0,0,0 1,180,1
ADDLINE 1,145,1 12,0,2 1,145,1 0,0,0 0,0,0 0,0,0 5,145,1 0,0,0 0,0,0
ADDLINE 1,158,1 12,0,2 4,158,1 1,158,1 1,158,1 2,158,1 1,158,1 2,158,1 1,158,1
ADDLINE 12,0,2 4,172,1 1,172,1 1,172,1 1,172,1 1,172,1 1,172,1 1,172,1 1,172,1
ADDLINE 12,0,2 2,186,1 1,186,1 1,186,1 5,186,1 1,186,1 1,186,1 1,186,1 1,186,1
ADDLINE 12,0,2 1,149,1 1,149,1 1,149,1 2,149,1 1,149,1 4,149,1 1,149,1 5,149,1
ADDLINE 12,0,2 1,163,1 5,163,1 2,163,1 1,163,1 1,163,1 2,163,1 1,163,1 1,163,1
ADDLINE 12,0,2 1,177,1 1,177,1 5,177,1 1,177,1 1,177,1 1,177,1 1,177,1 1,177,1
ADDLINE 12,0,2 1,192,1 4,192,1 1,192,1 1,192,1 1,192,1 1,192,1 1,192,1 4,192,1
ADDLINE 0,0,0 12,0,2 1,154,1 1,154,1 1,154,1 1,154,1 1,154,1 4,154,1 1,154,1
ADDLINE 5,168,1 0,0,0 12,0,2 0,0,0 0,0,0 1,168,1 3,168,1 1,168,1 1,168,1
ADDLINE 1,182,1 1,182,1 1,182,1 1,182,1 12,0,2 1,182,1 1,182,1 4,182,1 3,182,1
ADDLINE 1,197,1 1,197,1 12,0,2 1,197,1 1,197,1 1,197,1 3,197,1 1,197,1 5,197,1
ADDLINE 4,158,1 1,158,1 12,0,2 1,158,1 1,158,1 1,158,1 1,158,1 1,158,1 5,158,1
ADDLINE 1,173,1 1,173,1 12,0,2 1,173,1 3,173,1 1,173,1 1,173,1 1,173,1 4,173,1
ADDLINE 1,188,1 1,188,1 0,0,0 12,0,2 0,0,0 0,0,0 1,188,1 1,188,1 4,188,1
ADDLINE 1,203,1 2,203,1 1,203,1 1,203,1 5,203,1 12,0,2 1,203,1 1,203,1 1,203,1
ADDLINE 5,162,1 1,162,1 1,162,1 1,162,1 0,0,0 12,0,2 1,162,1 1,162,1 4,162,1
ADDLINE 1,178,1 3,178,1 1,178,1 4,178,1 0,0,0 12,0,2 3,178,1 1,178,1 1,178,1
ADDLINE 1,193,1 1,193,1 1,193,1 1,193,1 1,193,1 12,0,2 1,193,1 1,193,1 1,193,1
ADDLINE 5,208,1 1,208,1 1,208,1 4,208,1 1,208,1 0,0,0 12,0,2 5,208,1 1,208,1
1,105,1 4,105,1 0,0,0 12,0,2 5,105,1 1,105,1 1,105,1 5,105,1 5,105,1
4,104,1 1,2,1 1,104,1 0,0,0 12,0,2 1,104,1 20,2,1 5,104,1 4,104,1
1,103,1 1,2,1 3,103,1 1,103,1 12,0,2 1,103,1 1,103,1 1,2,1 1,103,1
4,102,1 1,2,1 1,102,1 0,0,0 12,0,2 1,102,1 1,102,1 1,2,1 1,102,1
1,101,1 20,2,1 1,101,1 0,0,0 4,101,1 1,2,1 1,2,1 3,101,1 17,2,1
1,100,1 1,100,1 1,100,1 0,0,0 12,0,2 1,100,1 1,100,1 1,100,1 1,100,1
0,0,0 0,0,0 0,0,0 0,0,0 0,0,0 0,0,0 0,0,0 0,0,0 0,0,0
0,0,0 0,0,0 0,0,0 0,0,0 0,0,0 0,0,0 0,0,0 0,0,0 0,0,0
0,0,0 0,0,0 0,0,0 0,0,0 0,0,0 0,0,0 0,0,0 0,0,0 0,0,0