MODE 0
BALL 120
STARS 0/0/10115 35
ADDLINE 17,117,1 1,117,1 1,117,1 12,0,2 1,117,1 1,117,1 1,117,1 1,117,1 1,117,1
ADDLINE 1,118,1 1,118,1 0,0,0 12,0,2 5,118,1 1,118,1 1,118,1 1,118,1 1,118,1
ADDLINE 1,119,1 2,119,1 12,0,2 4,119,1 1,119,1 1,119,1 1,119,1 1,119,1 2,119,1
ADDLINE 1,131,1 5,131,1 12,0,2 1,131,1 1,131,1 1,131,1 20,131,1 1,131,1 1,131,1
ADDLINE 1,132,1 16,132,1 0,0,0 12,0,2 1,132,1 1,132,1 1,132,1 1,132,1 1,132,1
ADDLINE 1,144,1 0,0,0 1,144,1 1,144,1 12,0,2 1,144,1 1,144,1 16,144,1 1,144,1
ADDLINE 0,0,0 12,0,2 2,156,1 1,156,1 1,312,1 1,312,1 1,312,1 1,156,1 1,156,1
ADDLINE 12,0,2 1,338,1 1,338,1 1,338,1 1,338,1 19,169,1 1,338,1 1,338,1 1,338,1
ADDLINE 0,0,0 0,0,0 12,0,2 0,0,0 1,272,1 20,136,1 1,272,1 1,136,1 5,136,1
ADDLINE 0,0,0 0,0,0 0,0,0 1,149,1 1,298,1 1,298,1 0,0,0 12,0,2 0,0,0
ADDLINE 1,162,1 4,162,1 0,0,0 1,162,1 12,0,2 1,162,1 1,162,1 1,162,1 1,162,1
ADDLINE 1,175,1 1,175,1 0,0,0 2,175,1 12,0,2 1,350,1 1,350,1 5,175,1 1,175,1
ADDLINE 1,280,1 1,280,1 0,0,0 1,280,1 12,0,2 19,140,1 1,280,1 1,280,1 1,280,1
ADDLINE 1,154,1 1,154,1 0,0,0 1,154,1 12,0,2 1,308,1 1,308,1 1,154,1 1,154,1
ADDLINE 1,167,1 1,167,1 12,0,2 1,167,1 1,167,1 1,167,1 4,167,1 2,167,1 5,167,1
ADDLINE 0,0,0 3,180,1 0,0,0 0,0,0 0,0,0 0,0,0 12,0,2 0,0,0 2,180,1
ADDLINE 12,0,2 1,145,1 1,290,1 1,290,1 1,290,1 1,145,1 1,145,1 1,145,1 0,0,0
ADDLINE 1,316,1 1,316,1 1,316,1 19,158,1 1,316,1 1,316,1 12,0,2 1,316,1 0,0,0
ADDLINE 3,172,1 1,172,1 1,344,1 1,344,1 1,344,1 1,344,1 1,172,1 12,0,2 1,172,1
ADDLINE 1,186,1 1,186,1 1,186,1 1,372,1 17,186,1 1,372,1 1,186,1 12,0,2 5,186,1
ADDLINE 1,149,1 1,149,1 2,149,1 1,298,1 1,298,1 1,298,1 3,149,1 12,0,2 1,149,1
ADDLINE 2,163,1 5,163,1 1,163,1 1,163,1 1,163,1 1,163,1 0,0,0 12,0,2 1,163,1
ADDLINE 1,177,1 2,177,1 1,177,1 1,177,1 1,177,1 1,177,1 0,0,0 12,0,2 5,177,1
ADDLINE 1,192,1 1,192,1 4,192,1 1,192,1 1,192,1 1,192,1 1,192,1 12,0,2 0,0,0
ADDLINE 1,154,1 2,154,1 1,154,1 1,154,1 1,154,1 5,154,1 1,154,1 1,154,1 12,0,2
ADDLINE 3,168,1 1,168,1 1,168,1 5,168,1 2,168,1 1,168,1 12,0,2 0,0,0 0,0,0
ADDLINE 1,182,1 1,182,1 1,182,1 1,182,1 1,182,1 1,182,1 0,0,0 12,0,2 1,182,1
ADDLINE 1,394,1 16,197,1 1,394,1 1,394,1 1,394,1 12,0,2 1,394,1 1,394,1 1,394,1
ADDLINE 1,158,1 1,158,1 1,158,1 1,158,1 1,158,1 12,0,2 4,158,1 1,158,1 2,158,1
ADDLINE 1,346,1 1,346,1 1,173,1 1,173,1 1,173,1 0,0,0 12,0,2 1,173,1 3,173,1
ADDLINE 20,188,1 1,376,1 1,188,1 1,188,1 1,188,1 3,188,1 0,0,0 12,0,2 1,188,1
ADDLINE 1,406,1 1,406,1 1,203,1 1,203,1 1,203,1 1,203,1 4,203,1 12,0,2 0,0,0
ADDLINE 1,162,1 1,324,1 1,324,1 1,162,1 2,162,1 1,162,1 1,162,1 4,162,1 12,0,2
ADDLINE 2,178,1 17,178,1 1,356,1 1,178,1 1,178,1 1,178,1 1,178,1 12,0,2 0,0,0
ADDLINE 16,193,1 1,386,1 1,386,1 1,386,1 1,386,1 1,386,1 1,386,1 12,0,2 0,0,0
ADDLINE 1,208,1 1,208,1 4,208,1 1,208,1 1,208,1 1,208,1 3,208,1 12,0,2 0,0,0
1,105,1 1,105,1 1,105,1 4,105,1 0,0,0 12,0,2 1,105,1 1,105,1 1,105,1
1,104,1 1,104,1 1,104,1 0,0,0 12,0,2 1,104,1 1,104,1 1,104,1 1,104,1
2,103,1 1,103,1 10,0,2 12,0,2 1,103,1 1,103,1 17,103,1 1,103,1 5,103,1
1,102,1 3,102,1 0,0,0 12,0,2 0,0,0 0,0,0 1,102,1 1,102,1 4,102,1
1,101,1 1,101,1 1,101,1 0,0,0 12,0,2 0,0,0 1,101,1 1,101,1 1,101,1
0,0,0 0,0,0 0,0,0 12,0,2 3,100,1 1,100,1 2,100,1 4,100,1 1,100,1
0,0,0 0,0,0 0,0,0 0,0,0 0,0,0 0,0,0 0,0,0 0,0,0 0,0,0
0,0,0 0,0,0 0,0,0 0,0,0 0,0,0 0,0,0 0,0,0 0,0,0 0,0,0
0,0,0 0,0,0 0,0,0 0,0,0 0,0,0 0,0,0 0,0,0 0,0,0 0,0,0