MODE 0
BALL 50
STARS 0/0/2660 35
ADDLINE 0,0,0 1,63,1 1,63,1 1,63,1 1,63,1 1,63,1 0,0,0 1,63,1 12,0,2
ADDLINE 0,0,0 1,64,1 0,0,0 0,0,0 12,0,2 1,64,1 0,0,0 10,0,2 0,0,0
ADDLINE 1,68,1 1,68,1 12,0,2 1,68,1 0,0,0 1,68,1 1,68,1 1,68,1 1,68,1
ADDLINE 1,73,1 1,73,1 0,0,0 1,73,1 12,0,2 0,0,0 0,0,0 1,73,1 0,0,0
ADDLINE 1,74,1 17,74,1 12,0,2 1,74,1 1,74,1 1,74,1 0,0,0 1,74,1 0,0,0
ADDLINE 0,0,0 1,82,1 0,0,0 1,82,1 10,0,2 1,82,1 0,0,0 1,82,1 12,0,2
ADDLINE 1,83,1 1,83,1 12,0,2 1,83,1 0,0,0 1,83,1 0,0,0 1,83,1 0,0,0
ADDLINE 0,0,0 0,0,0 12,0,2 6,84,1 0,0,0 0,0,0 0,0,0 1,84,1 1,84,1
ADDLINE 0,0,0 1,102,1 1,102,1 1,102,1 12,0,2 1,102,1 1,102,1 1,102,1 1,102,1
0,0,0 1,118,1 1,59,1 12,0,2 1,59,1 1,118,1 0,0,0 0,0,0 1,59,1
12,0,2 5,122,1 1,122,1 0,0,0 1,122,1 4,122,1 12,0,2 0,0,0 1,61,1
0,0,0 0,0,0 1,120,1 18,60,1 0,0,0 0,0,0 3,60,1 1,60,1 1,60,1
12,0,2 0,0,0 1,118,1 18,59,1 12,0,2 0,0,0 5,59,1 1,59,1 1,59,1
0,0,0 3,116,1 1,116,1 0,0,0 1,116,1 2,116,1 0,0,0 0,0,0 1,58,1
12,0,2 1,114,1 1,57,1 0,0,0 1,57,1 1,114,1 2,114,1 3,57,1 1,57,1
0,0,0 0,0,0 0,0,0 0,0,0 0,0,0 0,0,0 0,0,0 0,0,0 0,0,0
0,0,0 0,0,0 0,0,0 0,0,0 0,0,0 0,0,0 0,0,0 0,0,0 0,0,0
0,0,0 0,0,0 0,0,0 0,0,0 0,0,0 0,0,0 0,0,0 0,0,0 0,0,0