MODE 0
BALL 120
STARS 0/0/9870 35
ADDLINE 1,117,1 1,117,1 1,117,1 1,117,1 1,117,1 1,117,1 12,0,2 1,117,1 1,117,1
ADDLINE 2,118,1 1,118,1 1,118,1 1,118,1 1,118,1 0,0,0 12,0,2 1,118,1 1,118,1
ADDLINE 5,119,1 5,119,1 2,119,1 1,119,1 4,119,1 12,0,2 1,119,1 1,119,1 4,119,1
ADDLINE 1,131,1 1,131,1 4,131,1 1,131,1 2,131,1 12,0,2 1,131,1 1,131,1 1,131,1
ADDLINE 2,132,1 3,132,1 1,132,1 0,0,0 12,0,2 0,0,0 1,132,1 1,132,1 1,132,1
ADDLINE 1,144,1 3,144,1 0,0,0 12,0,2 1,144,1 1,144,1 1,144,1 1,144,1 1,144,1
ADDLINE 1,156,1 1,156,1 12,0,2 1,156,1 3,156,1 1,156,1 1,156,1 2,156,1 1,156,1
ADDLINE 3,169,1 4,169,1 0,0,0 0,0,0 12,0,2 2,169,1 1,169,1 1,169,1 4,169,1
ADDLINE 1,136,1 1,136,1 1,136,1 1,136,1 12,0,2 1,136,1 1,136,1 1,136,1 1,136,1
ADDLINE 4,149,1 0,0,0 1,149,1 0,0,0 1,149,1 12,0,2 0,0,0 0,0,0 1,149,1
ADDLINE 3,162,1 0,0,0 1,162,1 1,162,1 1,162,1 12,0,2 1,162,1 1,162,1 1,162,1
ADDLINE 1,175,1 12,0,2 0,0,0 0,0,0 0,0,0 0,0,0 5,175,1 0,0,0 0,0,0
ADDLINE 1,140,1 2,140,1 3,140,1 1,140,1 5,140,1 1,140,1 1,140,1 12,0,2 1,140,1
ADDLINE 1,154,1 0,0,0 12,0,2 0,0,0 0,0,0 0,0,0 2,154,1 0,0,0 1,154,1
ADDLINE 1,167,1 0,0,0 1,167,1 12,0,2 1,167,1 0,0,0 1,167,1 0,0,0 1,167,1
ADDLINE 3,180,1 0,0,0 1,180,1 0,0,0 2,180,1 0,0,0 0,0,0 12,0,2 1,180,1
ADDLINE 1,145,1 0,0,0 1,145,1 0,0,0 1,145,1 12,0,2 5,145,1 1,145,1 1,145,1
ADDLINE 12,0,2 0,0,0 1,158,1 0,0,0 1,158,1 0,0,0 1,158,1 0,0,0 0,0,0
ADDLINE 1,172,1 3,172,1 1,172,1 12,0,2 1,172,1 2,172,1 1,172,1 1,172,1 4,172,1
ADDLINE 1,186,1 1,186,1 1,186,1 12,0,2 1,186,1 1,186,1 1,186,1 1,186,1 4,186,1
ADDLINE 1,149,1 2,149,1 3,149,1 12,0,2 1,149,1 1,149,1 1,149,1 1,149,1 1,149,1
ADDLINE 2,163,1 1,163,1 1,163,1 12,0,2 1,163,1 1,163,1 1,163,1 5,163,1 1,163,1
ADDLINE 1,177,1 5,177,1 1,177,1 12,0,2 1,177,1 1,177,1 3,177,1 1,177,1 1,177,1
ADDLINE 1,192,1 1,192,1 1,192,1 0,0,0 0,0,0 0,0,0 12,0,2 2,192,1 1,192,1
ADDLINE 1,154,1 1,154,1 1,154,1 3,154,1 1,154,1 1,154,1 12,0,2 1,154,1 4,154,1
ADDLINE 1,168,1 1,168,1 1,168,1 1,168,1 1,168,1 0,0,0 12,0,2 2,168,1 4,168,1
ADDLINE 1,182,1 3,182,1 1,182,1 1,182,1 1,182,1 12,0,2 1,182,1 1,182,1 2,182,1
ADDLINE 1,197,1 1,197,1 12,0,2 1,197,1 1,197,1 2,197,1 1,197,1 4,197,1 3,197,1
ADDLINE 1,158,1 0,0,0 12,0,2 1,158,1 1,158,1 1,158,1 2,158,1 3,158,1 4,158,1
ADDLINE 1,173,1 12,0,2 1,173,1 1,173,1 1,173,1 1,173,1 1,173,1 1,173,1 1,173,1
ADDLINE 1,188,1 12,0,2 1,188,1 1,188,1 5,188,1 4,188,1 1,188,1 1,188,1 1,188,1
ADDLINE 1,203,1 12,0,2 1,203,1 1,203,1 1,203,1 4,203,1 3,203,1 3,203,1 5,203,1
ADDLINE 0,0,0 12,0,2 1,162,1 1,162,1 1,162,1 1,162,1 1,162,1 1,162,1 1,162,1
ADDLINE 12,0,2 2,178,1 5,178,1 1,178,1 1,178,1 1,178,1 1,178,1 1,178,1 1,178,1
ADDLINE 0,0,0 12,0,2 3,193,1 1,193,1 1,193,1 1,193,1 3,193,1 1,193,1 1,193,1
ADDLINE 0,0,0 12,0,2 1,208,1 2,208,1 1,208,1 1,208,1 5,208,1 1,208,1 1,208,1
1,105,1 3,105,1 1,105,1 0,0,0 12,0,2 10,0,2 12,0,2 1,105,1 1,2,1
1,104,1 1,104,1 1,104,1 12,0,2 1,104,1 1,104,1 1,104,1 2,104,1 1,2,1
0,0,0 12,0,2 0,0,0 0,0,0 3,103,1 1,103,1 5,103,1 1,103,1 1,2,1
0,0,0 0,0,0 10,0,2 12,0,2 1,102,1 1,102,1 3,102,1 2,102,1 1,2,1
4,101,1 4,101,1 1,101,1 0,0,0 12,0,2 1,101,1 1,101,1 1,101,1 1,2,1
1,100,1 1,100,1 1,100,1 4,100,1 22,0,2 3,100,1 1,100,1 1,100,1 1,2,1
0,0,0 0,0,0 0,0,0 0,0,0 0,0,0 0,0,0 0,0,0 0,0,0 0,0,0
0,0,0 0,0,0 0,0,0 0,0,0 0,0,0 0,0,0 0,0,0 0,0,0 0,0,0
0,0,0 0,0,0 0,0,0 0,0,0 0,0,0 0,0,0 0,0,0 0,0,0 0,0,0