MODE 0
BALL 120
STARS 0/0/10255 35
ADDLINE 1,117,1 1,117,1 1,117,1 12,0,2 1,117,1 1,117,1 1,117,1 1,117,1 16,117,1
ADDLINE 5,118,1 20,118,1 0,0,0 12,0,2 1,118,1 1,118,1 1,118,1 1,118,1 4,118,1
ADDLINE 8,0,2 1,119,1 12,0,2 1,119,1 1,119,1 1,119,1 1,119,1 1,119,1 1,119,1
ADDLINE 7,0,2 0,0,0 12,0,2 1,131,1 1,131,1 1,131,1 1,131,1 1,131,1 2,131,1
ADDLINE 1,132,1 1,132,1 0,0,0 12,0,2 1,132,1 1,132,1 19,132,1 1,132,1 1,132,1
ADDLINE 1,144,1 1,144,1 4,144,1 12,0,2 1,144,1 1,144,1 1,144,1 1,144,1 1,144,1
ADDLINE 1,156,1 1,156,1 1,156,1 0,0,0 12,0,2 11,0,2 1,312,1 1,156,1 1,156,1
ADDLINE 1,169,1 1,169,1 1,169,1 1,169,1 1,338,1 0,0,0 0,0,0 12,0,2 1,338,1
ADDLINE 3,136,1 2,136,1 5,136,1 1,136,1 3,136,1 1,136,1 1,136,1 12,0,2 7,0,2
ADDLINE 0,0,0 1,298,1 1,149,1 1,149,1 1,149,1 5,149,1 12,0,2 1,298,1 1,298,1
ADDLINE 10,0,2 1,324,1 1,324,1 1,324,1 1,324,1 1,324,1 12,0,2 1,324,1 1,324,1
ADDLINE 0,0,0 1,350,1 2,175,1 1,175,1 1,175,1 1,175,1 12,0,2 1,175,1 0,0,0
ADDLINE 1,280,1 1,280,1 1,280,1 1,280,1 1,280,1 16,140,1 12,0,2 1,280,1 1,280,1
ADDLINE 0,0,0 1,308,1 11,0,2 0,0,0 0,0,0 2,154,1 0,0,0 12,0,2 0,0,0
ADDLINE 5,167,1 17,167,1 1,334,1 1,334,1 1,167,1 1,167,1 12,0,2 1,167,1 1,167,1
ADDLINE 1,180,1 20,180,1 1,360,1 5,180,1 0,0,0 1,180,1 12,0,2 1,180,1 1,180,1
ADDLINE 1,145,1 20,145,1 1,290,1 1,290,1 0,0,0 4,145,1 12,0,2 1,145,1 1,145,1
ADDLINE 0,0,0 1,316,1 0,0,0 10,0,2 12,0,2 0,0,0 0,0,0 1,316,1 0,0,0
ADDLINE 1,172,1 1,172,1 12,0,2 1,344,1 1,344,1 1,172,1 1,172,1 4,172,1 3,172,1
ADDLINE 1,186,1 2,186,1 12,0,2 1,186,1 4,186,1 1,186,1 1,186,1 1,186,1 1,186,1
ADDLINE 1,149,1 11,0,2 12,0,2 2,149,1 1,149,1 1,149,1 1,149,1 1,149,1 1,149,1
ADDLINE 0,0,0 12,0,2 1,326,1 1,163,1 1,163,1 1,163,1 1,163,1 1,163,1 1,163,1
ADDLINE 12,0,2 5,177,1 1,177,1 3,177,1 1,177,1 5,177,1 1,177,1 1,177,1 1,177,1
ADDLINE 0,0,0 12,0,2 1,192,1 3,192,1 1,192,1 1,192,1 1,192,1 1,192,1 2,192,1
ADDLINE 1,154,1 0,0,0 12,0,2 1,154,1 2,154,1 1,154,1 3,154,1 1,154,1 1,154,1
ADDLINE 1,168,1 1,336,1 11,0,2 12,0,2 1,168,1 3,168,1 1,168,1 1,168,1 1,168,1
ADDLINE 1,182,1 1,364,1 1,364,1 12,0,2 2,182,1 1,182,1 1,182,1 1,182,1 5,182,1
ADDLINE 1,197,1 1,197,1 1,197,1 3,197,1 1,197,1 1,197,1 1,197,1 12,0,2 1,197,1
ADDLINE 4,158,1 1,158,1 3,158,1 1,158,1 1,158,1 4,158,1 5,158,1 12,0,2 1,158,1
ADDLINE 1,173,1 1,173,1 1,173,1 1,173,1 5,173,1 1,173,1 1,173,1 12,0,2 1,173,1
ADDLINE 1,188,1 1,188,1 1,188,1 1,188,1 5,188,1 5,188,1 1,188,1 12,0,2 1,376,1
ADDLINE 1,203,1 3,203,1 1,203,1 1,203,1 1,203,1 1,203,1 1,203,1 12,0,2 7,0,2
ADDLINE 1,162,1 1,162,1 3,162,1 1,162,1 2,162,1 1,162,1 1,162,1 12,0,2 0,0,0
ADDLINE 1,356,1 1,356,1 1,356,1 1,356,1 16,178,1 1,356,1 1,356,1 12,0,2 1,356,1
ADDLINE 19,193,1 1,386,1 1,386,1 1,386,1 1,386,1 10,0,2 12,0,2 0,0,0 1,386,1
ADDLINE 1,416,1 1,416,1 1,416,1 1,416,1 1,416,1 10,0,2 12,0,2 1,416,1 1,416,1
1,105,1 1,105,1 1,105,1 12,0,2 3,105,1 1,105,1 1,105,1 3,105,1 2,105,1
4,104,1 2,104,1 12,0,2 12,0,2 6,104,1 1,104,1 1,104,1 1,104,1 1,104,1
1,103,1 1,103,1 12,0,2 1,103,1 1,103,1 1,103,1 1,103,1 1,103,1 1,103,1
1,102,1 6,102,1 0,0,0 0,0,0 0,0,0 0,0,0 12,0,2 6,102,1 1,102,1
1,101,1 1,101,1 1,101,1 1,101,1 1,101,1 2,101,1 12,0,2 1,101,1 1,101,1
1,100,1 1,100,1 3,100,1 1,100,1 1,100,1 1,100,1 8,0,2 1,100,1 2,100,1
0,0,0 0,0,0 0,0,0 0,0,0 0,0,0 0,0,0 0,0,0 0,0,0 0,0,0
0,0,0 0,0,0 0,0,0 0,0,0 0,0,0 0,0,0 0,0,0 0,0,0 0,0,0
0,0,0 0,0,0 0,0,0 0,0,0 0,0,0 0,0,0 0,0,0 0,0,0 0,0,0