MODE 0
BALL 120
STARS 0/0/10150 35
ADDLINE 1,117,1 12,0,2 1,117,1 1,117,1 1,117,1 1,117,1 1,117,1 1,117,1 1,117,1
ADDLINE 1,118,1 12,0,2 1,118,1 1,118,1 1,118,1 1,118,1 1,118,1 1,118,1 1,118,1
ADDLINE 1,119,1 0,0,0 12,0,2 10,0,2 1,119,1 1,119,1 1,119,1 1,119,1 1,119,1
ADDLINE 1,131,1 1,131,1 1,131,1 10,0,2 12,0,2 1,131,1 1,131,1 1,131,1 1,131,1
ADDLINE 1,132,1 1,132,1 1,132,1 1,132,1 0,0,0 12,0,2 1,132,1 1,132,1 1,132,1
ADDLINE 1,144,1 1,144,1 0,0,0 12,0,2 0,0,0 0,0,0 1,144,1 1,144,1 1,144,1
ADDLINE 1,156,1 1,156,1 12,0,2 1,156,1 1,312,1 1,312,1 1,312,1 1,156,1 1,156,1
ADDLINE 1,169,1 0,0,0 12,0,2 1,169,1 1,338,1 7,0,2 1,338,1 1,169,1 1,169,1
ADDLINE 1,136,1 11,0,2 12,0,2 1,136,1 1,272,1 1,272,1 1,272,1 1,136,1 1,136,1
ADDLINE 1,149,1 12,0,2 1,298,1 1,149,1 1,149,1 1,149,1 1,149,1 1,149,1 1,149,1
ADDLINE 1,162,1 0,0,0 0,0,0 1,162,1 1,162,1 1,162,1 0,0,0 12,0,2 0,0,0
ADDLINE 1,175,1 12,0,2 1,175,1 1,175,1 1,175,1 1,175,1 1,175,1 1,175,1 1,175,1
ADDLINE 1,140,1 0,0,0 0,0,0 0,0,0 12,0,2 1,140,1 1,140,1 1,140,1 0,0,0
ADDLINE 1,154,1 1,154,1 1,154,1 1,154,1 1,154,1 1,154,1 12,0,2 1,154,1 1,154,1
ADDLINE 0,0,0 12,0,2 0,0,0 1,167,1 0,0,0 0,0,0 0,0,0 1,167,1 0,0,0
ADDLINE 1,180,1 1,180,1 1,180,1 1,180,1 12,0,2 1,180,1 1,180,1 1,180,1 1,180,1
ADDLINE 1,145,1 1,145,1 1,145,1 1,145,1 12,0,2 1,145,1 1,145,1 1,145,1 1,145,1
ADDLINE 1,158,1 1,158,1 1,158,1 1,158,1 12,0,2 1,158,1 1,158,1 1,158,1 1,158,1
ADDLINE 1,172,1 1,172,1 1,172,1 1,172,1 1,172,1 1,172,1 1,172,1 12,0,2 1,172,1
ADDLINE 1,186,1 1,186,1 1,186,1 1,186,1 1,186,1 1,186,1 1,186,1 12,0,2 0,0,0
ADDLINE 1,149,1 1,149,1 1,149,1 1,149,1 1,149,1 1,149,1 1,149,1 1,149,1 12,0,2
ADDLINE 1,326,1 1,326,1 1,326,1 1,326,1 1,326,1 1,326,1 8,0,2 12,0,2 0,0,0
ADDLINE 1,177,1 1,177,1 1,177,1 1,177,1 1,177,1 1,177,1 12,0,2 1,177,1 1,177,1
ADDLINE 1,192,1 1,192,1 1,192,1 1,192,1 1,192,1 1,192,1 12,0,2 1,192,1 1,192,1
ADDLINE 1,154,1 1,154,1 1,154,1 1,154,1 1,154,1 1,154,1 0,0,0 12,0,2 1,154,1
ADDLINE 1,168,1 1,168,1 1,168,1 1,168,1 1,168,1 1,168,1 1,168,1 12,0,2 1,168,1
ADDLINE 1,182,1 1,182,1 1,182,1 1,182,1 1,182,1 1,182,1 1,182,1 12,0,2 1,182,1
ADDLINE 12,0,2 1,394,1 1,197,1 1,197,1 1,197,1 1,197,1 1,197,1 1,197,1 1,197,1
ADDLINE 10,0,2 12,0,2 1,316,1 1,316,1 1,316,1 1,316,1 1,316,1 1,316,1 1,316,1
ADDLINE 0,0,0 12,0,2 1,173,1 1,173,1 1,173,1 1,173,1 1,173,1 1,173,1 1,173,1
ADDLINE 0,0,0 12,0,2 0,0,0 1,188,1 1,188,1 1,188,1 1,188,1 1,188,1 1,188,1
ADDLINE 1,203,1 1,203,1 0,0,0 12,0,2 1,203,1 1,203,1 1,203,1 1,203,1 1,203,1
ADDLINE 1,162,1 1,324,1 11,0,2 12,0,2 1,162,1 1,162,1 1,162,1 1,162,1 1,162,1
ADDLINE 1,178,1 1,356,1 12,0,2 1,356,1 1,178,1 1,178,1 1,178,1 1,178,1 1,178,1
ADDLINE 1,193,1 1,193,1 12,0,2 1,193,1 1,193,1 1,193,1 1,193,1 1,193,1 1,193,1
ADDLINE 1,208,1 1,208,1 12,0,2 1,416,1 1,416,1 1,208,1 1,208,1 1,208,1 1,208,1
1,105,1 1,105,1 8,0,2 1,105,1 1,105,1 1,105,1 1,105,1 1,105,1 1,105,1
1,104,1 1,104,1 1,104,1 1,104,1 1,104,1 8,0,2 1,104,1 1,104,1 1,104,1
1,103,1 12,0,2 0,0,0 12,0,2 0,0,0 0,0,0 0,0,0 0,0,0 1,103,1
1,102,1 1,102,1 1,102,1 1,102,1 1,102,1 8,0,2 12,0,2 1,101,1 1,102,1
0,0,0 0,0,0 12,0,2 0,0,0 12,0,2 0,0,0 0,0,0 1,101,1 1,101,1
12,0,2 1,100,1 1,100,1 1,100,1 1,100,1 1,100,1 1,100,1 1,100,1 1,100,1
0,0,0 0,0,0 0,0,0 0,0,0 0,0,0 0,0,0 0,0,0 0,0,0 0,0,0
0,0,0 0,0,0 0,0,0 0,0,0 0,0,0 0,0,0 0,0,0 0,0,0 0,0,0
0,0,0 0,0,0 0,0,0 0,0,0 0,0,0 0,0,0 0,0,0 0,0,0 0,0,0