MODE 0
BALL 120
STARS 0/0/10360 35
ADDLINE 1,117,1 1,117,1 1,117,1 12,0,2 1,117,1 1,117,1 1,117,1 4,117,1 1,117,1
ADDLINE 2,118,1 1,118,1 2,118,1 0,0,0 12,0,2 4,118,1 3,118,1 1,118,1 1,118,1
ADDLINE 1,119,1 1,119,1 0,0,0 12,0,2 0,0,0 1,119,1 1,119,1 1,119,1 1,119,1
ADDLINE 1,131,1 1,131,1 0,0,0 12,0,2 3,131,1 1,131,1 1,131,1 1,131,1 5,131,1
ADDLINE 0,0,0 12,0,2 0,0,0 0,0,0 1,132,1 1,132,1 1,132,1 1,132,1 4,132,1
ADDLINE 12,0,2 1,144,1 1,144,1 1,144,1 3,144,1 1,144,1 4,144,1 1,144,1 1,144,1
ADDLINE 0,0,0 12,0,2 1,156,1 4,156,1 1,156,1 1,156,1 1,156,1 1,156,1 3,156,1
ADDLINE 1,169,1 12,0,2 4,169,1 1,169,1 1,169,1 2,169,1 3,169,1 1,169,1 1,169,1
ADDLINE 1,136,1 0,0,0 12,0,2 1,136,1 1,136,1 1,136,1 1,136,1 1,136,1 2,136,1
ADDLINE 4,149,1 1,149,1 4,149,1 1,149,1 1,149,1 12,0,2 1,149,1 1,149,1 2,149,1
ADDLINE 1,162,1 0,0,0 12,0,2 0,0,0 1,162,1 0,0,0 0,0,0 0,0,0 1,162,1
ADDLINE 5,175,1 0,0,0 1,175,1 1,175,1 1,175,1 1,175,1 1,175,1 12,0,2 1,175,1
ADDLINE 4,140,1 0,0,0 12,0,2 0,0,0 0,0,0 0,0,0 1,140,1 0,0,0 0,0,0
ADDLINE 1,154,1 0,0,0 1,154,1 1,154,1 1,154,1 12,0,2 1,154,1 5,154,1 1,154,1
ADDLINE 1,167,1 0,0,0 1,167,1 0,0,0 3,167,1 0,0,0 12,0,2 0,0,0 0,0,0
ADDLINE 1,180,1 0,0,0 1,180,1 12,0,2 1,180,1 0,0,0 2,180,1 1,180,1 3,180,1
ADDLINE 1,145,1 0,0,0 0,0,0 0,0,0 1,145,1 0,0,0 1,145,1 12,0,2 0,0,0
ADDLINE 1,158,1 0,0,0 1,158,1 1,158,1 3,158,1 0,0,0 4,158,1 12,0,2 1,158,1
ADDLINE 5,172,1 1,172,1 12,0,2 1,172,1 1,172,1 1,172,1 1,172,1 1,172,1 5,172,1
ADDLINE 2,186,1 2,186,1 12,0,2 4,186,1 1,186,1 1,186,1 1,186,1 1,186,1 1,186,1
ADDLINE 1,149,1 1,149,1 12,0,2 1,149,1 1,149,1 4,149,1 1,149,1 1,149,1 1,149,1
ADDLINE 1,163,1 1,163,1 0,0,0 12,0,2 1,163,1 1,163,1 1,163,1 1,163,1 3,163,1
ADDLINE 3,177,1 1,177,1 1,177,1 12,0,2 4,177,1 1,177,1 1,177,1 1,177,1 1,177,1
ADDLINE 1,192,1 1,192,1 1,192,1 12,0,2 4,192,1 5,192,1 5,192,1 1,192,1 1,192,1
ADDLINE 1,154,1 1,154,1 1,154,1 0,0,0 12,0,2 1,154,1 1,154,1 1,154,1 3,154,1
ADDLINE 1,168,1 2,168,1 5,168,1 1,168,1 0,0,0 0,0,0 12,0,2 1,168,1 1,168,1
ADDLINE 5,182,1 1,182,1 1,182,1 1,182,1 2,182,1 1,182,1 0,0,0 12,0,2 0,0,0
ADDLINE 1,197,1 1,197,1 1,197,1 1,197,1 5,197,1 4,197,1 12,0,2 1,197,1 1,197,1
ADDLINE 2,158,1 1,158,1 1,158,1 1,158,1 2,158,1 1,158,1 0,0,0 12,0,2 1,158,1
ADDLINE 1,173,1 1,173,1 1,173,1 4,173,1 1,173,1 1,173,1 5,173,1 12,0,2 0,0,0
ADDLINE 1,188,1 1,188,1 1,188,1 3,188,1 1,188,1 1,188,1 1,188,1 1,188,1 12,0,2
ADDLINE 1,203,1 1,203,1 1,203,1 5,203,1 1,203,1 2,203,1 1,203,1 1,203,1 12,0,2
ADDLINE 1,162,1 1,162,1 3,162,1 2,162,1 1,162,1 1,162,1 5,162,1 1,162,1 12,0,2
ADDLINE 1,178,1 1,178,1 1,178,1 1,178,1 1,178,1 1,178,1 1,178,1 1,178,1 12,0,2
ADDLINE 1,193,1 2,193,1 1,193,1 1,193,1 1,193,1 4,193,1 5,193,1 12,0,2 0,0,0
ADDLINE 2,208,1 5,208,1 1,208,1 1,208,1 4,208,1 1,208,1 0,0,0 12,0,2 1,208,1
4,105,1 1,2,1 1,2,1 1,2,1 1,2,1 1,2,1 1,2,1 1,2,1 1,2,1
1,2,1 1,104,1 1,104,1 1,104,1 1,104,1 1,104,1 1,104,1 1,104,1 16,104,1
2,103,1 1,2,1 1,2,1 1,2,1 1,2,1 1,2,1 1,2,1 1,2,1 5,103,1
1,102,1 1,102,1 1,102,1 1,102,1 16,102,1 1,102,1 1,102,1 1,102,1 1,2,1
1,101,1 20,101,1 1,101,1 1,101,1 4,101,1 1,2,1 1,2,1 1,2,1 3,101,1
1,100,1 1,100,1 1,100,1 1,100,1 1,2,1 1,100,1 1,100,1 1,100,1 1,100,1
0,0,0 0,0,0 0,0,0 0,0,0 0,0,0 0,0,0 0,0,0 0,0,0 0,0,0
0,0,0 0,0,0 0,0,0 0,0,0 0,0,0 0,0,0 0,0,0 0,0,0 0,0,0
0,0,0 0,0,0 0,0,0 0,0,0 0,0,0 0,0,0 0,0,0 0,0,0 0,0,0