MODE 0
BALL 120
STARS 0/0/18550 35
ADDLINE 1,117,1 1,117,1 1,117,1 1,117,1 1,117,1 2,117,1 12,0,2 1,117,1 1,117,1
ADDLINE 1,118,1 2,118,1 3,118,1 1,118,1 1,118,1 1,118,1 12,0,2 0,0,0 0,0,0
ADDLINE 4,119,1 1,119,1 1,119,1 1,119,1 1,119,1 1,119,1 1,119,1 12,0,2 0,0,0
ADDLINE 1,131,1 1,131,1 1,131,1 0,0,0 12,0,2 10,0,2 0,0,0 0,0,0 1,131,1
ADDLINE 1,132,1 3,132,1 1,132,1 0,0,0 12,0,2 1,132,1 1,132,1 1,132,1 1,132,1
ADDLINE 1,144,1 1,144,1 1,144,1 0,0,0 12,0,2 1,144,1 1,144,1 2,144,1 5,144,1
ADDLINE 3,156,1 1,156,1 2,156,1 12,0,2 4,156,1 1,156,1 2,156,1 4,156,1 1,156,1
ADDLINE 1,169,1 1,169,1 1,169,1 12,0,2 1,169,1 1,169,1 1,169,1 1,169,1 1,169,1
ADDLINE 1,136,1 1,136,1 1,136,1 0,0,0 0,0,0 12,0,2 3,136,1 1,136,1 1,136,1
ADDLINE 1,149,1 1,149,1 1,149,1 0,0,0 1,149,1 12,0,2 1,149,1 1,149,1 4,149,1
ADDLINE 1,162,1 1,162,1 5,162,1 0,0,0 1,162,1 12,0,2 2,162,1 1,162,1 2,162,1
ADDLINE 1,175,1 1,175,1 1,350,1 11,0,2 1,350,1 12,0,2 1,175,1 5,175,1 1,175,1
ADDLINE 1,280,1 1,280,1 1,280,1 0,0,0 1,280,1 0,0,0 8,0,2 12,0,2 1,280,1
ADDLINE 1,154,1 2,154,1 1,154,1 1,154,1 1,154,1 1,154,1 1,154,1 12,0,2 1,154,1
ADDLINE 1,167,1 0,0,0 0,0,0 0,0,0 12,0,2 0,0,0 3,167,1 0,0,0 0,0,0
ADDLINE 1,180,1 1,180,1 1,180,1 1,180,1 2,180,1 12,0,2 4,180,1 1,180,1 2,180,1
ADDLINE 1,145,1 0,0,0 1,145,1 0,0,0 12,0,2 0,0,0 1,145,1 1,145,1 5,145,1
ADDLINE 1,158,1 0,0,0 1,158,1 12,0,2 1,158,1 1,158,1 1,158,1 5,158,1 1,158,1
ADDLINE 1,172,1 1,172,1 1,172,1 1,172,1 1,172,1 3,172,1 12,0,2 1,172,1 1,172,1
ADDLINE 3,186,1 1,186,1 1,186,1 1,186,1 1,186,1 1,372,1 11,0,2 12,0,2 4,186,1
ADDLINE 2,149,1 2,149,1 1,149,1 1,149,1 1,149,1 1,298,1 1,298,1 12,0,2 1,149,1
ADDLINE 1,163,1 4,163,1 1,163,1 1,163,1 1,163,1 1,163,1 1,163,1 12,0,2 1,163,1
ADDLINE 1,177,1 1,177,1 1,177,1 1,177,1 2,177,1 1,177,1 5,177,1 12,0,2 1,177,1
ADDLINE 1,192,1 1,192,1 2,192,1 4,192,1 1,192,1 1,192,1 5,192,1 12,0,2 0,0,0
ADDLINE 1,154,1 1,154,1 1,154,1 3,154,1 1,154,1 2,154,1 3,154,1 1,154,1 12,0,2
ADDLINE 1,168,1 2,168,1 1,168,1 5,168,1 1,168,1 1,168,1 0,0,0 12,0,2 0,0,0
ADDLINE 1,182,1 1,182,1 1,182,1 1,182,1 1,182,1 1,182,1 0,0,0 12,0,2 1,182,1
ADDLINE 1,197,1 1,197,1 1,197,1 3,197,1 1,197,1 1,197,1 12,0,2 3,197,1 1,197,1
ADDLINE 1,158,1 1,158,1 2,158,1 1,158,1 1,158,1 1,158,1 12,0,2 2,158,1 4,158,1
ADDLINE 1,173,1 1,173,1 1,173,1 1,173,1 1,173,1 4,173,1 0,0,0 12,0,2 1,173,1
ADDLINE 1,188,1 1,188,1 1,188,1 4,188,1 1,188,1 1,188,1 1,188,1 12,0,2 0,0,0
ADDLINE 1,203,1 1,203,1 1,203,1 1,203,1 5,203,1 1,203,1 3,203,1 4,203,1 12,0,2
ADDLINE 1,162,1 3,162,1 1,162,1 1,162,1 1,162,1 5,162,1 1,162,1 1,162,1 12,0,2
ADDLINE 1,178,1 1,178,1 1,178,1 2,178,1 1,178,1 1,178,1 4,178,1 12,0,2 0,0,0
ADDLINE 1,193,1 1,193,1 1,193,1 1,193,1 3,193,1 1,386,1 1,386,1 12,0,2 1,193,1
ADDLINE 1,416,1 1,416,1 1,416,1 1,416,1 1,416,1 1,416,1 10,0,2 12,0,2 1,416,1
4,105,1 1,105,1 1,105,1 1,105,1 1,105,1 5,105,1 0,0,0 12,0,2 2,105,1
1,104,1 1,104,1 20,104,1 1,104,1 1,104,1 1,104,1 1,104,1 12,0,2 1,104,1
0,0,0 0,0,0 0,0,0 0,0,0 12,0,2 10,0,2 0,0,0 0,0,0 1,103,1
12,0,2 1,102,1 1,102,1 5,102,1 1,102,1 1,102,1 1,102,1 1,102,1 1,102,1
12,0,2 1,101,1 5,101,1 1,101,1 1,101,1 3,101,1 1,101,1 1,101,1 1,101,1
12,0,2 4,100,1 1,100,1 3,100,1 1,100,1 1,100,1 1,100,1 1,100,1 1,100,1
0,0,0 0,0,0 0,0,0 0,0,0 0,0,0 0,0,0 0,0,0 0,0,0 0,0,0
0,0,0 0,0,0 0,0,0 0,0,0 0,0,0 0,0,0 0,0,0 0,0,0 0,0,0
0,0,0 0,0,0 0,0,0 0,0,0 0,0,0 0,0,0 0,0,0 0,0,0 0,0,0