MODE 0
BALL 50
STARS 0/0/2695 35
ADDLINE 0,0,0 1,60,1 1,60,1 1,60,1 1,60,1 1,60,1 1,60,1 1,60,1 12,0,2
ADDLINE 0,0,0 0,0,0 0,0,0 1,64,1 1,64,1 3,64,1 5,64,1 12,0,2 0,0,0
ADDLINE 1,72,1 4,72,1 0,0,0 0,0,0 1,72,1 1,72,1 1,72,1 12,0,2 1,72,1
ADDLINE 1,73,1 6,73,1 1,73,1 10,0,2 0,0,0 0,0,0 3,73,1 12,0,2 1,73,1
ADDLINE 1,70,1 1,70,1 1,70,1 1,70,1 12,0,2 1,70,1 1,70,1 18,70,1 1,70,1
ADDLINE 0,0,0 12,0,2 0,0,0 0,0,0 0,0,0 6,82,1 1,82,1 4,82,1 0,0,0
ADDLINE 0,0,0 1,79,1 1,79,1 1,79,1 1,79,1 1,79,1 4,79,1 3,79,1 12,0,2
ADDLINE 0,0,0 18,84,1 1,84,1 1,84,1 1,84,1 1,84,1 1,84,1 1,84,1 12,0,2
ADDLINE 1,108,1 0,0,0 0,0,0 1,108,1 1,108,1 1,108,1 12,0,2 0,0,0 1,108,1
0,0,0 0,0,0 12,0,2 0,0,0 0,0,0 0,0,0 0,0,0 0,0,0 0,0,0
0,0,0 1,81,1 0,0,0 1,81,1 12,0,2 1,81,1 0,0,0 1,81,1 0,0,0
0,0,0 18,80,1 12,0,2 1,80,1 0,0,0 18,300,1 12,0,2 1,80,1 0,0,0
0,0,0 1,79,1 0,0,0 1,79,1 12,0,2 1,79,1 0,0,0 1,79,1 0,0,0
0,0,0 1,78,1 0,0,0 18,300,1 0,0,0 1,78,1 12,0,2 18,300,1 0,0,0
1,75,1 1,75,1 1,150,1 1,75,1 1,150,1 1,75,1 1,150,1 4,75,1 3,150,1
0,0,0 0,0,0 0,0,0 0,0,0 0,0,0 0,0,0 0,0,0 0,0,0 0,0,0
0,0,0 0,0,0 0,0,0 0,0,0 0,0,0 0,0,0 0,0,0 0,0,0 0,0,0
0,0,0 0,0,0 0,0,0 0,0,0 0,0,0 0,0,0 0,0,0 0,0,0 0,0,0