MODE 0
BALL 120
STARS 0/0/10465 35
ADDLINE 1,117,1 1,117,1 1,117,1 1,117,1 1,117,1 1,117,1 12,0,2 1,117,1 19,117,1
ADDLINE 1,118,1 1,118,1 16,118,1 1,118,1 0,0,0 1,118,1 12,0,2 1,118,1 1,118,1
ADDLINE 1,119,1 1,119,1 1,119,1 1,119,1 12,0,2 1,119,1 1,119,1 1,119,1 1,119,1
ADDLINE 1,131,1 1,131,1 1,131,1 1,131,1 12,0,2 1,131,1 1,131,1 1,131,1 1,131,1
ADDLINE 1,132,1 8,0,2 0,0,0 12,0,2 0,0,0 1,132,1 1,132,1 1,132,1 1,132,1
ADDLINE 1,144,1 12,0,2 1,144,1 1,144,1 1,144,1 16,144,1 1,144,1 1,144,1 1,144,1
ADDLINE 1,156,1 0,0,0 12,0,2 0,0,0 1,312,1 1,312,1 1,312,1 1,156,1 1,156,1
ADDLINE 1,169,1 1,169,1 1,338,1 11,0,2 12,0,2 17,169,1 1,338,1 1,169,1 1,169,1
ADDLINE 1,272,1 1,272,1 1,272,1 1,272,1 8,0,2 12,0,2 1,272,1 1,272,1 1,272,1
ADDLINE 1,149,1 1,149,1 1,149,1 1,149,1 12,0,2 1,149,1 1,149,1 1,149,1 1,149,1
ADDLINE 1,324,1 1,324,1 1,324,1 1,324,1 0,0,0 12,0,2 0,0,0 0,0,0 8,0,2
ADDLINE 1,175,1 1,175,1 1,175,1 1,175,1 12,0,2 1,175,1 1,175,1 1,175,1 1,175,1
ADDLINE 1,140,1 1,140,1 1,140,1 1,140,1 12,0,2 1,140,1 1,140,1 1,140,1 1,140,1
ADDLINE 12,0,2 1,308,1 1,308,1 1,308,1 1,308,1 1,308,1 16,154,1 1,308,1 0,0,0
ADDLINE 1,167,1 1,167,1 1,334,1 1,334,1 1,334,1 12,0,2 1,167,1 1,334,1 1,334,1
ADDLINE 1,360,1 1,360,1 1,360,1 19,180,1 1,360,1 12,0,2 1,360,1 0,0,0 7,0,2
ADDLINE 1,145,1 1,290,1 0,0,0 1,290,1 1,290,1 12,0,2 1,290,1 1,290,1 1,290,1
ADDLINE 0,0,0 10,0,2 12,0,2 0,0,0 0,0,0 0,0,0 17,158,1 1,316,1 1,316,1
ADDLINE 12,0,2 1,344,1 1,344,1 1,172,1 1,172,1 1,344,1 1,344,1 1,344,1 1,172,1
ADDLINE 12,0,2 1,186,1 1,186,1 1,186,1 1,186,1 1,186,1 1,186,1 1,186,1 1,186,1
ADDLINE 0,0,0 12,0,2 1,149,1 1,149,1 1,149,1 1,149,1 1,149,1 1,149,1 1,149,1
ADDLINE 1,163,1 12,0,2 1,163,1 1,163,1 1,163,1 1,163,1 1,163,1 1,163,1 1,163,1
ADDLINE 1,177,1 0,0,0 0,0,0 12,0,2 1,177,1 1,177,1 1,177,1 1,177,1 1,177,1
ADDLINE 1,192,1 1,192,1 1,192,1 12,0,2 1,192,1 1,192,1 1,384,1 1,384,1 1,192,1
ADDLINE 1,154,1 1,154,1 1,308,1 0,0,0 12,0,2 1,154,1 1,308,1 20,154,1 1,154,1
ADDLINE 1,336,1 1,336,1 1,336,1 19,168,1 12,0,2 1,336,1 1,336,1 1,336,1 1,336,1
ADDLINE 1,182,1 1,182,1 1,364,1 1,364,1 12,0,2 1,182,1 1,182,1 1,182,1 1,182,1
ADDLINE 1,197,1 1,197,1 1,197,1 1,197,1 12,0,2 1,197,1 1,197,1 1,197,1 1,197,1
ADDLINE 1,158,1 1,158,1 1,158,1 1,316,1 12,0,2 1,316,1 1,158,1 1,158,1 1,158,1
ADDLINE 1,346,1 1,346,1 1,346,1 1,346,1 10,0,2 0,0,0 12,0,2 1,346,1 1,346,1
ADDLINE 1,188,1 1,188,1 1,188,1 1,376,1 1,376,1 1,376,1 12,0,2 1,188,1 1,188,1
ADDLINE 1,203,1 1,406,1 1,406,1 1,203,1 1,203,1 1,203,1 12,0,2 1,203,1 1,203,1
ADDLINE 1,162,1 17,162,1 1,324,1 1,162,1 1,162,1 1,162,1 12,0,2 0,0,0 0,0,0
ADDLINE 1,178,1 1,356,1 1,356,1 1,178,1 1,356,1 1,356,1 1,356,1 1,178,1 12,0,2
ADDLINE 1,193,1 1,193,1 1,193,1 1,193,1 1,386,1 20,193,1 1,386,1 1,193,1 12,0,2
ADDLINE 1,208,1 1,208,1 1,208,1 1,208,1 1,416,1 1,416,1 1,416,1 1,416,1 12,0,2
1,105,1 1,105,1 0,0,0 0,0,0 12,0,2 0,0,0 0,0,0 1,105,1 1,105,1
1,104,1 1,104,1 1,104,1 1,104,1 12,0,2 1,104,1 1,104,1 1,104,1 1,104,1
1,103,1 10,0,2 5,103,1 4,103,1 12,0,2 5,103,1 4,103,1 10,0,2 1,103,1
1,102,1 1,102,1 2,102,1 12,0,2 22,0,2 12,0,2 3,102,1 1,102,1 1,102,1
1,101,1 1,101,1 0,0,0 0,0,0 0,0,0 0,0,0 0,0,0 1,101,1 1,101,1
1,100,1 1,100,1 12,0,2 1,100,1 1,100,1 1,100,1 12,0,2 1,100,1 1,100,1
0,0,0 0,0,0 0,0,0 0,0,0 0,0,0 0,0,0 0,0,0 0,0,0 0,0,0
0,0,0 0,0,0 0,0,0 0,0,0 0,0,0 0,0,0 0,0,0 0,0,0 0,0,0
0,0,0 0,0,0 0,0,0 0,0,0 0,0,0 0,0,0 0,0,0 0,0,0 0,0,0