MODE 0
BALL 120
STARS 0/0/10080 35
ADDLINE 12,0,2 2,117,1 1,117,1 1,117,1 1,117,1 1,117,1 4,117,1 5,117,1 1,117,1
ADDLINE 12,0,2 1,118,1 1,118,1 1,118,1 1,118,1 1,118,1 4,118,1 2,118,1 1,118,1
ADDLINE 7,0,2 12,0,2 0,0,0 1,119,1 1,119,1 1,119,1 1,119,1 1,119,1 1,119,1
ADDLINE 1,131,1 1,131,1 12,0,2 1,131,1 1,131,1 5,131,1 1,131,1 1,131,1 3,131,1
ADDLINE 1,132,1 1,132,1 0,0,0 0,0,0 12,0,2 0,0,0 0,0,0 1,132,1 4,132,1
ADDLINE 1,144,1 1,144,1 1,144,1 3,144,1 1,144,1 1,144,1 0,0,0 12,0,2 1,144,1
ADDLINE 3,156,1 5,156,1 1,156,1 1,156,1 1,156,1 2,156,1 2,156,1 12,0,2 0,0,0
ADDLINE 1,169,1 5,169,1 1,169,1 1,169,1 1,169,1 1,169,1 1,169,1 1,169,1 12,0,2
ADDLINE 3,136,1 1,136,1 1,136,1 1,136,1 1,136,1 1,136,1 1,136,1 12,0,2 0,0,0
ADDLINE 0,0,0 0,0,0 12,0,2 0,0,0 0,0,0 0,0,0 5,149,1 0,0,0 1,149,1
ADDLINE 1,162,1 1,162,1 1,162,1 2,162,1 1,324,1 11,0,2 1,324,1 12,0,2 3,162,1
ADDLINE 1,175,1 1,175,1 1,175,1 0,0,0 0,0,0 0,0,0 1,350,1 12,0,2 1,175,1
ADDLINE 1,140,1 1,140,1 1,140,1 1,140,1 2,140,1 1,140,1 1,140,1 12,0,2 1,140,1
ADDLINE 1,154,1 4,154,1 1,154,1 0,0,0 4,154,1 0,0,0 0,0,0 12,0,2 1,154,1
ADDLINE 1,167,1 1,167,1 1,167,1 0,0,0 1,167,1 3,167,1 1,167,1 12,0,2 3,167,1
ADDLINE 1,180,1 1,180,1 1,180,1 12,0,2 1,360,1 1,360,1 1,180,1 2,180,1 5,180,1
ADDLINE 0,0,0 0,0,0 1,290,1 0,0,0 10,0,2 0,0,0 1,290,1 12,0,2 1,290,1
ADDLINE 1,158,1 1,158,1 1,158,1 12,0,2 1,316,1 1,316,1 1,158,1 4,158,1 1,158,1
ADDLINE 1,172,1 1,172,1 1,172,1 1,172,1 3,172,1 1,172,1 1,172,1 12,0,2 5,172,1
ADDLINE 1,186,1 4,186,1 1,186,1 5,186,1 1,186,1 3,186,1 1,186,1 12,0,2 1,186,1
ADDLINE 1,149,1 1,149,1 1,149,1 1,149,1 1,149,1 1,149,1 1,149,1 12,0,2 4,149,1
ADDLINE 1,163,1 1,163,1 1,163,1 1,163,1 1,163,1 5,163,1 0,0,0 12,0,2 4,163,1
ADDLINE 1,177,1 3,177,1 1,177,1 1,177,1 1,177,1 1,177,1 0,0,0 12,0,2 1,354,1
ADDLINE 1,384,1 1,384,1 1,384,1 1,384,1 1,384,1 1,384,1 1,384,1 12,0,2 10,0,2
ADDLINE 2,154,1 1,154,1 1,154,1 1,154,1 1,154,1 1,154,1 1,154,1 1,308,1 12,0,2
ADDLINE 5,168,1 1,168,1 1,168,1 1,168,1 1,168,1 3,168,1 12,0,2 0,0,0 0,0,0
ADDLINE 5,182,1 1,182,1 1,182,1 1,182,1 1,182,1 1,182,1 0,0,0 12,0,2 3,182,1
ADDLINE 1,197,1 1,197,1 1,197,1 5,197,1 1,197,1 12,0,2 5,197,1 1,197,1 2,197,1
ADDLINE 1,158,1 1,158,1 1,158,1 1,158,1 1,316,1 12,0,2 1,316,1 3,158,1 1,158,1
ADDLINE 2,173,1 1,173,1 1,173,1 1,173,1 1,346,1 7,0,2 12,0,2 1,173,1 1,173,1
ADDLINE 1,188,1 5,188,1 1,188,1 1,188,1 1,376,1 1,376,1 0,0,0 12,0,2 1,188,1
ADDLINE 1,203,1 1,203,1 1,203,1 1,203,1 1,203,1 1,203,1 1,203,1 12,0,2 0,0,0
ADDLINE 5,162,1 1,162,1 2,162,1 1,162,1 4,162,1 4,162,1 1,162,1 1,162,1 12,0,2
ADDLINE 1,178,1 3,178,1 1,178,1 1,178,1 1,178,1 1,178,1 5,178,1 12,0,2 0,0,0
ADDLINE 1,193,1 1,193,1 4,193,1 1,193,1 1,193,1 1,193,1 4,193,1 12,0,2 0,0,0
ADDLINE 5,208,1 1,208,1 1,208,1 1,208,1 1,208,1 1,208,1 1,208,1 12,0,2 0,0,0
1,105,1 1,105,1 1,105,1 1,105,1 1,105,1 2,105,1 12,0,2 0,0,0 1,105,1
1,104,1 1,104,1 6,104,1 1,2,1 1,2,1 0,0,0 0,0,0 12,0,2 1,104,1
1,103,1 1,103,1 1,103,1 1,103,1 1,103,1 0,0,0 12,0,2 1,103,1 19,103,1
1,102,1 1,102,1 1,102,1 1,102,1 1,102,1 0,0,0 0,0,0 12,0,2 1,102,1
1,101,1 6,101,1 1,2,1 1,2,1 1,2,1 12,0,2 0,0,0 0,0,0 1,101,1
1,100,1 1,100,1 1,100,1 1,100,1 1,100,1 1,100,1 1,100,1 12,0,2 1,100,1
0,0,0 0,0,0 0,0,0 0,0,0 0,0,0 0,0,0 0,0,0 0,0,0 0,0,0
0,0,0 0,0,0 0,0,0 0,0,0 0,0,0 0,0,0 0,0,0 0,0,0 0,0,0
0,0,0 0,0,0 0,0,0 0,0,0 0,0,0 0,0,0 0,0,0 0,0,0 0,0,0