MODE 0
BALL 120
STARS 0/0/10500 35
ADDLINE 2,117,1 1,117,1 1,117,1 1,117,1 1,117,1 4,117,1 1,117,1 12,0,2 1,117,1
ADDLINE 1,118,1 1,118,1 1,118,1 0,0,0 1,118,1 12,0,2 1,118,1 1,118,1 16,118,1
ADDLINE 3,119,1 1,119,1 20,119,1 1,119,1 0,0,0 12,0,2 0,0,0 1,119,1 1,119,1
ADDLINE 1,131,1 1,131,1 1,131,1 1,131,1 3,131,1 0,0,0 12,0,2 1,131,1 1,131,1
ADDLINE 1,132,1 4,132,1 1,132,1 0,0,0 0,0,0 12,0,2 1,132,1 1,132,1 3,132,1
ADDLINE 1,144,1 1,144,1 1,144,1 12,0,2 1,144,1 1,144,1 1,144,1 17,144,1 2,144,1
ADDLINE 1,156,1 1,156,1 1,156,1 0,0,0 12,0,2 1,156,1 1,312,1 1,312,1 1,156,1
ADDLINE 16,169,1 1,338,1 1,338,1 1,338,1 12,0,2 1,338,1 1,338,1 1,338,1 1,338,1
ADDLINE 1,136,1 4,136,1 1,136,1 1,136,1 12,0,2 5,136,1 2,136,1 1,136,1 1,136,1
ADDLINE 0,0,0 1,149,1 1,149,1 1,149,1 12,0,2 1,149,1 0,0,0 4,149,1 0,0,0
ADDLINE 0,0,0 12,0,2 0,0,0 0,0,0 0,0,0 1,162,1 0,0,0 1,162,1 0,0,0
ADDLINE 1,175,1 1,175,1 1,175,1 1,175,1 3,175,1 1,175,1 12,0,2 5,175,1 3,175,1
ADDLINE 16,140,1 1,280,1 1,280,1 1,280,1 1,280,1 12,0,2 1,280,1 1,280,1 0,0,0
ADDLINE 0,0,0 1,308,1 1,308,1 1,308,1 12,0,2 16,154,1 1,308,1 1,308,1 1,308,1
ADDLINE 0,0,0 2,167,1 1,334,1 1,334,1 12,0,2 1,167,1 1,167,1 1,167,1 1,167,1
ADDLINE 0,0,0 1,180,1 1,360,1 17,180,1 12,0,2 1,180,1 1,180,1 1,180,1 1,180,1
ADDLINE 0,0,0 5,145,1 1,290,1 1,290,1 12,0,2 3,145,1 1,145,1 1,145,1 1,145,1
ADDLINE 0,0,0 1,158,1 5,158,1 1,158,1 12,0,2 4,158,1 1,158,1 1,158,1 1,158,1
ADDLINE 1,344,1 1,344,1 1,344,1 1,344,1 1,344,1 16,172,1 1,344,1 12,0,2 1,344,1
ADDLINE 1,186,1 1,186,1 1,186,1 1,186,1 1,186,1 1,186,1 5,186,1 12,0,2 0,0,0
ADDLINE 1,149,1 2,149,1 3,149,1 1,298,1 1,298,1 1,298,1 1,149,1 1,149,1 12,0,2
ADDLINE 1,326,1 1,326,1 2,163,1 1,326,1 20,163,1 1,326,1 1,163,1 1,163,1 12,0,2
ADDLINE 19,177,1 1,354,1 1,354,1 1,354,1 1,354,1 1,354,1 1,354,1 1,354,1 12,0,2
ADDLINE 1,384,1 1,384,1 1,192,1 1,192,1 1,192,1 1,192,1 1,192,1 4,192,1 12,0,2
ADDLINE 1,308,1 1,308,1 1,154,1 3,154,1 1,154,1 1,154,1 1,154,1 1,154,1 12,0,2
ADDLINE 19,168,1 1,336,1 1,336,1 1,336,1 1,336,1 1,336,1 12,0,2 1,336,1 0,0,0
ADDLINE 1,364,1 1,364,1 5,182,1 0,0,0 0,0,0 12,0,2 1,182,1 1,182,1 1,182,1
ADDLINE 12,0,2 1,394,1 1,394,1 1,394,1 1,197,1 1,197,1 1,197,1 1,197,1 5,197,1
ADDLINE 0,0,0 12,0,2 20,158,1 1,316,1 4,158,1 1,158,1 1,158,1 1,158,1 1,158,1
ADDLINE 0,0,0 12,0,2 1,346,1 1,346,1 2,173,1 1,173,1 1,346,1 1,346,1 1,173,1
ADDLINE 0,0,0 12,0,2 1,188,1 1,188,1 1,188,1 1,188,1 1,376,1 17,188,1 1,188,1
ADDLINE 0,0,0 12,0,2 1,203,1 5,203,1 3,203,1 1,203,1 1,406,1 1,406,1 1,203,1
ADDLINE 0,0,0 12,0,2 1,324,1 1,324,1 16,162,1 1,324,1 1,324,1 1,324,1 1,324,1
ADDLINE 1,178,1 0,0,0 12,0,2 4,178,1 5,178,1 1,178,1 1,178,1 4,178,1 1,178,1
ADDLINE 2,193,1 1,193,1 12,0,2 1,193,1 1,193,1 1,193,1 2,193,1 1,193,1 1,193,1
ADDLINE 1,208,1 1,208,1 12,0,2 1,208,1 1,208,1 1,208,1 1,208,1 5,208,1 1,208,1
1,105,1 1,105,1 1,105,1 1,105,1 1,105,1 1,105,1 2,105,1 3,105,1 1,105,1
1,104,1 4,104,1 12,0,2 10,0,2 12,0,2 5,104,1 1,104,1 1,104,1 1,104,1
1,103,1 12,0,2 22,0,2 3,103,1 1,103,1 2,103,1 5,103,1 1,103,1 1,103,1
1,102,1 0,0,0 12,0,2 1,102,1 1,102,1 1,102,1 2,102,1 5,102,1 1,102,1
1,101,1 1,101,1 2,101,1 5,101,1 1,101,1 1,101,1 1,101,1 2,101,1 5,101,1
1,100,1 1,100,1 1,100,1 2,100,1 5,100,1 1,100,1 1,100,1 12,0,2 12,0,2
0,0,0 0,0,0 0,0,0 0,0,0 0,0,0 0,0,0 0,0,0 0,0,0 0,0,0
0,0,0 0,0,0 0,0,0 0,0,0 0,0,0 0,0,0 0,0,0 0,0,0 0,0,0
0,0,0 0,0,0 0,0,0 0,0,0 0,0,0 0,0,0 0,0,0 0,0,0 0,0,0