MODE 0
BALL 50
STARS 0/0/2555 35
ADDLINE 0,0,0 1,63,1 0,0,0 3,63,1 12,0,2 1,63,1 0,0,0 1,63,1 1,63,1
ADDLINE 1,64,1 1,64,1 12,0,2 3,64,1 0,0,0 1,64,1 1,64,1 0,0,0 0,0,0
ADDLINE 1,72,1 1,72,1 12,0,2 5,72,1 0,0,0 1,72,1 2,72,1 1,72,1 0,0,0
ADDLINE 0,0,0 0,0,0 0,0,0 1,73,1 11,0,2 0,0,0 12,0,2 0,0,0 0,0,0
ADDLINE 12,0,2 1,66,1 1,66,1 1,66,1 5,66,1 1,66,1 1,66,1 3,66,1 1,66,1
ADDLINE 0,0,0 0,0,0 6,82,1 1,82,1 1,82,1 0,0,0 12,0,2 1,82,1 0,0,0
ADDLINE 0,0,0 1,83,1 1,83,1 1,83,1 4,83,1 3,83,1 12,0,2 6,83,1 0,0,0
ADDLINE 0,0,0 0,0,0 12,0,2 0,0,0 0,0,0 1,84,1 0,0,0 2,84,1 1,84,1
ADDLINE 8,0,2 1,102,1 1,102,1 1,102,1 1,102,1 3,102,1 12,0,2 1,102,1 1,102,1
0,0,0 0,0,0 1,82,1 4,164,1 0,0,0 0,0,0 12,0,2 1,82,1 1,164,1
0,0,0 0,0,0 18,81,1 12,0,2 0,0,0 1,81,1 3,81,1 1,162,1 5,81,1
12,0,2 1,160,1 1,160,1 1,160,1 1,80,1 1,80,1 1,160,1 1,80,1 1,80,1
0,0,0 0,0,0 0,0,0 0,0,0 0,0,0 0,0,0 12,0,2 0,0,0 0,0,0
1,76,1 1,76,1 1,76,1 1,76,1 18,76,1 1,76,1 5,76,1 1,76,1 12,0,2
0,0,0 0,0,0 0,0,0 0,0,0 1,57,1 4,114,1 0,0,0 1,57,1 12,0,2
0,0,0 0,0,0 0,0,0 0,0,0 0,0,0 0,0,0 0,0,0 0,0,0 0,0,0
0,0,0 0,0,0 0,0,0 0,0,0 0,0,0 0,0,0 0,0,0 0,0,0 0,0,0
0,0,0 0,0,0 0,0,0 0,0,0 0,0,0 0,0,0 0,0,0 0,0,0 0,0,0