MODE 0
BALL 120
STARS 0/0/10360 35
ADDLINE 1,117,1 1,117,1 1,117,1 1,117,1 12,0,2 16,117,1 1,117,1 1,117,1 1,117,1
ADDLINE 1,118,1 1,118,1 1,118,1 1,118,1 12,0,2 1,118,1 1,118,1 1,118,1 1,118,1
ADDLINE 1,119,1 1,119,1 1,119,1 1,119,1 0,0,0 12,0,2 0,0,0 1,119,1 1,119,1
ADDLINE 17,131,1 1,131,1 1,131,1 0,0,0 0,0,0 0,0,0 12,0,2 1,131,1 1,131,1
ADDLINE 1,132,1 0,0,0 0,0,0 12,0,2 1,132,1 1,132,1 1,132,1 1,132,1 1,132,1
ADDLINE 12,0,2 1,144,1 1,144,1 1,144,1 1,144,1 1,144,1 1,144,1 1,144,1 1,144,1
ADDLINE 0,0,0 12,0,2 1,312,1 1,312,1 1,312,1 1,156,1 1,312,1 20,156,1 1,156,1
ADDLINE 1,338,1 0,0,0 12,0,2 19,169,1 1,338,1 1,338,1 1,338,1 1,338,1 1,338,1
ADDLINE 16,136,1 1,272,1 12,0,2 1,272,1 1,272,1 1,272,1 1,272,1 1,272,1 1,272,1
ADDLINE 1,149,1 1,149,1 1,149,1 12,0,2 20,149,1 1,298,1 1,149,1 1,149,1 1,149,1
ADDLINE 1,162,1 1,162,1 1,162,1 1,324,1 1,324,1 0,0,0 0,0,0 12,0,2 1,162,1
ADDLINE 1,175,1 1,175,1 1,175,1 12,0,2 1,175,1 1,175,1 1,175,1 1,175,1 1,175,1
ADDLINE 1,140,1 0,0,0 0,0,0 0,0,0 1,140,1 12,0,2 1,140,1 1,140,1 1,140,1
ADDLINE 1,154,1 1,154,1 1,154,1 1,154,1 1,154,1 12,0,2 1,154,1 1,154,1 1,154,1
ADDLINE 1,167,1 0,0,0 0,0,0 0,0,0 0,0,0 12,0,2 0,0,0 0,0,0 0,0,0
ADDLINE 1,180,1 1,360,1 1,360,1 12,0,2 1,180,1 1,180,1 1,180,1 1,180,1 1,180,1
ADDLINE 1,290,1 19,145,1 1,290,1 12,0,2 1,290,1 1,290,1 1,290,1 1,290,1 1,290,1
ADDLINE 1,158,1 1,316,1 1,316,1 12,0,2 1,158,1 1,158,1 1,158,1 1,158,1 1,158,1
ADDLINE 1,172,1 1,172,1 12,0,2 1,172,1 1,172,1 1,172,1 1,172,1 1,172,1 1,172,1
ADDLINE 1,186,1 1,186,1 12,0,2 1,186,1 1,186,1 1,186,1 1,186,1 1,186,1 1,186,1
ADDLINE 1,149,1 0,0,0 12,0,2 1,149,1 1,149,1 1,149,1 1,149,1 1,149,1 1,149,1
ADDLINE 0,0,0 12,0,2 1,326,1 1,326,1 1,326,1 1,326,1 1,326,1 1,326,1 16,163,1
ADDLINE 12,0,2 1,177,1 1,177,1 1,177,1 1,177,1 1,177,1 1,177,1 1,177,1 1,177,1
ADDLINE 0,0,0 12,0,2 1,384,1 1,384,1 1,384,1 1,192,1 1,192,1 1,192,1 1,192,1
ADDLINE 1,308,1 0,0,0 12,0,2 19,154,1 1,308,1 1,308,1 1,308,1 1,308,1 1,308,1
ADDLINE 1,168,1 1,168,1 0,0,0 12,0,2 1,336,1 1,168,1 1,168,1 1,168,1 1,168,1
ADDLINE 1,182,1 1,182,1 1,182,1 12,0,2 1,182,1 1,182,1 1,182,1 1,182,1 1,182,1
ADDLINE 1,197,1 1,197,1 1,197,1 1,197,1 1,197,1 1,197,1 1,197,1 12,0,2 1,197,1
ADDLINE 1,158,1 1,158,1 1,158,1 1,158,1 1,158,1 1,158,1 1,158,1 12,0,2 1,158,1
ADDLINE 1,173,1 1,173,1 1,173,1 1,173,1 1,173,1 1,173,1 1,173,1 12,0,2 1,173,1
ADDLINE 1,188,1 1,188,1 1,188,1 1,188,1 1,188,1 1,188,1 1,188,1 12,0,2 1,188,1
ADDLINE 1,203,1 1,203,1 1,203,1 1,203,1 1,203,1 1,203,1 1,203,1 12,0,2 0,0,0
ADDLINE 1,162,1 1,162,1 1,162,1 1,324,1 1,324,1 1,324,1 1,162,1 12,0,2 0,0,0
ADDLINE 1,178,1 1,178,1 1,178,1 1,356,1 17,178,1 1,356,1 1,178,1 12,0,2 1,178,1
ADDLINE 1,193,1 1,193,1 1,193,1 1,386,1 1,386,1 0,0,0 0,0,0 12,0,2 1,193,1
ADDLINE 1,416,1 1,416,1 1,416,1 1,416,1 16,208,1 0,0,0 12,0,2 1,416,1 1,416,1
1,105,1 1,105,1 1,105,1 1,105,1 1,105,1 1,105,1 12,0,2 1,105,1 1,105,1
1,104,1 1,104,1 1,104,1 1,104,1 18,104,1 0,0,0 12,0,2 0,0,0 0,0,0
1,103,1 1,103,1 1,103,1 1,103,1 1,103,1 1,103,1 1,103,1 0,0,0 12,0,2
1,102,1 1,102,1 1,102,1 1,102,1 1,102,1 4,102,1 12,0,2 0,0,0 0,0,0
1,101,1 20,101,1 1,101,1 1,101,1 0,0,0 0,0,0 12,0,2 1,101,1 1,101,1
1,100,1 1,100,1 4,100,1 12,0,2 0,0,0 1,100,1 1,100,1 1,100,1 1,100,1
0,0,0 0,0,0 0,0,0 0,0,0 0,0,0 0,0,0 0,0,0 0,0,0 0,0,0
0,0,0 0,0,0 0,0,0 0,0,0 0,0,0 0,0,0 0,0,0 0,0,0 0,0,0
0,0,0 0,0,0 0,0,0 0,0,0 0,0,0 0,0,0 0,0,0 0,0,0 0,0,0