MODE 0
BALL 120
STARS 0/0/9975 35
ADDLINE 1,117,1 1,117,1 1,117,1 1,117,1 1,117,1 12,0,2 1,117,1 1,117,1 16,117,1
ADDLINE 1,118,1 16,118,1 1,118,1 1,118,1 1,118,1 12,0,2 1,118,1 1,118,1 1,118,1
ADDLINE 4,119,1 1,119,1 5,119,1 1,119,1 1,119,1 0,0,0 12,0,2 1,119,1 1,119,1
ADDLINE 1,131,1 1,131,1 1,131,1 1,131,1 1,131,1 1,131,1 12,0,2 1,131,1 1,131,1
ADDLINE 1,132,1 7,0,2 1,132,1 1,132,1 1,132,1 1,132,1 12,0,2 0,0,0 10,0,2
ADDLINE 2,144,1 1,144,1 1,144,1 20,144,1 1,144,1 12,0,2 0,0,0 0,0,0 0,0,0
ADDLINE 1,156,1 1,156,1 1,312,1 1,312,1 0,0,0 12,0,2 1,156,1 3,156,1 1,156,1
ADDLINE 1,169,1 1,169,1 1,169,1 0,0,0 12,0,2 0,0,0 2,169,1 3,169,1 1,169,1
ADDLINE 1,136,1 1,136,1 1,136,1 0,0,0 0,0,0 12,0,2 1,136,1 5,136,1 1,136,1
ADDLINE 12,0,2 1,298,1 1,298,1 1,298,1 1,298,1 1,298,1 0,0,0 8,0,2 0,0,0
ADDLINE 1,162,1 1,324,1 1,324,1 1,162,1 1,324,1 1,324,1 12,0,2 1,162,1 1,162,1
ADDLINE 12,0,2 7,0,2 1,350,1 3,175,1 1,350,1 17,175,1 11,0,2 1,350,1 0,0,0
ADDLINE 0,0,0 1,280,1 1,280,1 1,140,1 1,280,1 1,280,1 12,0,2 1,280,1 5,140,1
ADDLINE 1,308,1 1,308,1 1,308,1 12,0,2 1,308,1 1,308,1 1,308,1 19,154,1 0,0,0
ADDLINE 1,167,1 1,167,1 12,0,2 1,334,1 1,334,1 1,167,1 1,334,1 1,334,1 0,0,0
ADDLINE 1,360,1 1,360,1 12,0,2 19,180,1 1,360,1 1,360,1 1,360,1 1,360,1 0,0,0
ADDLINE 0,0,0 1,145,1 12,0,2 1,290,1 1,290,1 1,145,1 1,145,1 1,145,1 4,145,1
ADDLINE 12,0,2 3,158,1 0,0,0 1,158,1 0,0,0 0,0,0 0,0,0 0,0,0 0,0,0
ADDLINE 1,172,1 1,344,1 1,344,1 1,172,1 1,172,1 2,172,1 5,172,1 12,0,2 2,172,1
ADDLINE 1,186,1 7,0,2 1,372,1 1,186,1 1,186,1 1,186,1 1,186,1 12,0,2 0,0,0
ADDLINE 3,149,1 1,298,1 1,298,1 1,149,1 1,149,1 1,149,1 1,149,1 1,149,1 12,0,2
ADDLINE 1,163,1 1,163,1 1,163,1 1,163,1 1,163,1 1,163,1 0,0,0 12,0,2 0,0,0
ADDLINE 1,177,1 1,177,1 2,177,1 4,177,1 1,354,1 1,354,1 12,0,2 3,177,1 1,177,1
ADDLINE 3,192,1 1,192,1 1,192,1 1,192,1 1,384,1 20,192,1 12,0,2 1,192,1 1,192,1
ADDLINE 1,154,1 1,154,1 1,154,1 3,154,1 1,308,1 1,308,1 0,0,0 12,0,2 1,154,1
ADDLINE 1,168,1 5,168,1 1,168,1 1,168,1 4,168,1 1,168,1 1,168,1 12,0,2 1,168,1
ADDLINE 1,364,1 1,364,1 16,182,1 1,364,1 1,364,1 1,364,1 1,364,1 12,0,2 1,364,1
ADDLINE 12,0,2 1,197,1 1,197,1 1,197,1 1,197,1 1,197,1 3,197,1 2,197,1 2,197,1
ADDLINE 0,0,0 12,0,2 1,158,1 1,316,1 1,316,1 1,316,1 1,158,1 1,158,1 4,158,1
ADDLINE 0,0,0 12,0,2 0,0,0 1,346,1 17,173,1 1,346,1 1,173,1 1,173,1 1,173,1
ADDLINE 0,0,0 0,0,0 12,0,2 1,376,1 1,376,1 1,376,1 1,188,1 1,188,1 1,188,1
ADDLINE 2,203,1 2,203,1 0,0,0 12,0,2 1,203,1 1,203,1 1,203,1 3,203,1 1,203,1
ADDLINE 1,162,1 1,162,1 0,0,0 12,0,2 1,324,1 1,162,1 1,162,1 1,162,1 4,162,1
ADDLINE 1,356,1 1,356,1 12,0,2 17,178,1 1,356,1 1,178,1 1,178,1 1,178,1 1,178,1
ADDLINE 20,193,1 1,386,1 12,0,2 1,386,1 1,386,1 1,193,1 1,193,1 1,193,1 1,193,1
ADDLINE 1,416,1 1,416,1 12,0,2 1,208,1 5,208,1 3,208,1 1,208,1 5,208,1 4,208,1
1,105,1 1,105,1 1,105,1 1,105,1 8,0,2 0,0,0 12,0,2 0,0,0 0,0,0
1,104,1 2,104,1 1,104,1 1,104,1 0,0,0 0,0,0 12,0,2 0,0,0 7,0,2
3,103,1 1,103,1 1,103,1 1,103,1 1,103,1 1,103,1 1,103,1 1,103,1 12,0,2
1,102,1 1,102,1 1,102,1 17,102,1 1,102,1 1,102,1 1,102,1 12,0,2 0,0,0
5,101,1 1,101,1 1,101,1 1,101,1 1,101,1 1,101,1 2,101,1 12,0,2 1,101,1
1,100,1 19,100,1 1,100,1 1,100,1 0,0,0 12,0,2 0,0,0 0,0,0 1,100,1
0,0,0 0,0,0 0,0,0 0,0,0 0,0,0 0,0,0 0,0,0 0,0,0 0,0,0
0,0,0 0,0,0 0,0,0 0,0,0 0,0,0 0,0,0 0,0,0 0,0,0 0,0,0
0,0,0 0,0,0 0,0,0 0,0,0 0,0,0 0,0,0 0,0,0 0,0,0 0,0,0