MODE 0
BALL 120
STARS 0/0/9695 35
ADDLINE 4,117,1 1,117,1 1,117,1 1,117,1 1,117,1 5,117,1 1,117,1 1,117,1 12,0,2
ADDLINE 3,118,1 1,118,1 1,118,1 3,118,1 1,118,1 1,118,1 1,118,1 4,118,1 12,0,2
ADDLINE 5,119,1 1,119,1 1,119,1 1,119,1 1,119,1 1,119,1 0,0,0 12,0,2 0,0,0
ADDLINE 1,131,1 2,131,1 1,131,1 1,131,1 4,131,1 1,131,1 12,0,2 0,0,0 0,0,0
ADDLINE 1,132,1 1,132,1 5,132,1 2,132,1 1,132,1 1,132,1 1,132,1 1,132,1 12,0,2
ADDLINE 1,144,1 1,144,1 4,144,1 1,144,1 1,144,1 0,0,0 12,0,2 0,0,0 0,0,0
ADDLINE 1,156,1 0,0,0 0,0,0 0,0,0 12,0,2 0,0,0 1,156,1 1,156,1 1,156,1
ADDLINE 0,0,0 12,0,2 1,169,1 1,169,1 1,169,1 4,169,1 3,169,1 1,169,1 1,169,1
ADDLINE 12,0,2 4,136,1 1,136,1 1,136,1 5,136,1 3,136,1 1,136,1 1,136,1 1,136,1
ADDLINE 1,149,1 0,0,0 1,149,1 0,0,0 5,149,1 12,0,2 1,149,1 0,0,0 1,149,1
ADDLINE 3,162,1 0,0,0 1,162,1 0,0,0 1,162,1 12,0,2 0,0,0 0,0,0 1,162,1
ADDLINE 1,175,1 0,0,0 1,175,1 12,0,2 2,175,1 1,175,1 5,175,1 0,0,0 1,175,1
ADDLINE 1,140,1 0,0,0 1,140,1 12,0,2 0,0,0 0,0,0 4,140,1 0,0,0 1,140,1
ADDLINE 1,154,1 0,0,0 1,154,1 12,0,2 1,154,1 1,154,1 4,154,1 0,0,0 5,154,1
ADDLINE 1,167,1 0,0,0 2,167,1 0,0,0 12,0,2 0,0,0 1,167,1 0,0,0 1,167,1
ADDLINE 1,180,1 0,0,0 1,180,1 4,180,1 1,180,1 0,0,0 1,180,1 12,0,2 1,180,1
ADDLINE 12,0,2 0,0,0 1,145,1 0,0,0 1,145,1 0,0,0 1,145,1 0,0,0 0,0,0
ADDLINE 2,158,1 0,0,0 4,158,1 0,0,0 1,158,1 12,0,2 5,158,1 1,158,1 1,158,1
ADDLINE 12,0,2 4,172,1 4,172,1 2,172,1 1,172,1 1,172,1 2,172,1 1,172,1 1,172,1
ADDLINE 0,0,0 12,0,2 1,186,1 1,186,1 1,186,1 3,186,1 1,186,1 1,186,1 3,186,1
ADDLINE 0,0,0 12,0,2 1,149,1 1,149,1 1,149,1 1,149,1 1,149,1 1,149,1 1,149,1
ADDLINE 12,0,2 1,163,1 1,163,1 1,163,1 3,163,1 3,163,1 1,163,1 1,163,1 1,163,1
ADDLINE 12,0,2 1,177,1 4,177,1 2,177,1 2,177,1 1,177,1 1,177,1 1,177,1 1,177,1
ADDLINE 0,0,0 12,0,2 1,192,1 1,192,1 1,192,1 4,192,1 1,192,1 1,192,1 1,192,1
ADDLINE 3,154,1 12,0,2 1,154,1 2,154,1 1,154,1 1,154,1 1,154,1 1,154,1 4,154,1
ADDLINE 1,168,1 0,0,0 12,0,2 3,168,1 1,168,1 2,168,1 1,168,1 1,168,1 1,168,1
ADDLINE 1,182,1 0,0,0 12,0,2 1,182,1 1,182,1 1,182,1 4,182,1 1,182,1 1,182,1
ADDLINE 1,197,1 5,197,1 1,197,1 12,0,2 5,197,1 1,197,1 2,197,1 1,197,1 1,197,1
ADDLINE 1,158,1 1,158,1 1,158,1 12,0,2 1,158,1 1,158,1 1,158,1 3,158,1 1,158,1
ADDLINE 1,173,1 2,173,1 1,173,1 12,0,2 1,173,1 3,173,1 1,173,1 1,173,1 1,173,1
ADDLINE 1,188,1 1,188,1 2,188,1 12,0,2 1,188,1 1,188,1 5,188,1 1,188,1 5,188,1
ADDLINE 4,203,1 1,203,1 1,203,1 12,0,2 1,203,1 1,203,1 1,203,1 1,203,1 1,203,1
ADDLINE 1,162,1 1,162,1 1,162,1 0,0,0 0,0,0 0,0,0 12,0,2 1,162,1 2,162,1
ADDLINE 1,178,1 1,178,1 4,178,1 1,178,1 3,178,1 2,178,1 12,0,2 1,178,1 1,178,1
ADDLINE 1,193,1 1,193,1 1,193,1 1,193,1 2,193,1 0,0,0 12,0,2 1,193,1 1,193,1
ADDLINE 1,208,1 1,208,1 1,208,1 1,208,1 1,208,1 12,0,2 4,208,1 3,208,1 1,208,1
0,0,0 7,0,2 12,0,2 12,0,2 7,0,2 12,0,2 12,0,2 7,0,2 0,0,0
3,104,1 1,104,1 1,104,1 1,104,1 1,2,1 1,104,1 1,104,1 1,104,1 2,104,1
1,103,1 6,103,1 1,103,1 4,103,1 0,0,0 5,103,1 1,103,1 6,103,1 1,103,1
5,102,1 1,102,1 4,102,1 3,102,1 1,102,1 2,102,1 5,102,1 1,102,1 4,102,1
0,0,0 12,0,2 3,101,1 1,101,1 6,101,1 1,101,1 2,101,1 12,0,2 0,0,0
0,0,0 3,100,1 1,100,1 1,100,1 1,100,1 1,100,1 1,100,1 2,100,1 0,0,0
0,0,0 0,0,0 0,0,0 0,0,0 0,0,0 0,0,0 0,0,0 0,0,0 0,0,0
0,0,0 0,0,0 0,0,0 0,0,0 0,0,0 0,0,0 0,0,0 0,0,0 0,0,0
0,0,0 0,0,0 0,0,0 0,0,0 0,0,0 0,0,0 0,0,0 0,0,0 0,0,0