MODE 0
BALL 50
STARS 0/0/2730 35
ADDLINE 0,0,0 5,63,1 2,63,1 5,63,1 0,0,0 1,63,1 12,0,2 1,63,1 1,63,1
ADDLINE 0,0,0 0,0,0 1,64,1 0,0,0 0,0,0 1,64,1 12,0,2 7,0,2 1,64,1
ADDLINE 12,0,2 1,65,1 1,65,1 1,65,1 2,65,1 1,65,1 1,65,1 1,65,1 3,65,1
ADDLINE 0,0,0 0,0,0 9,0,2 1,73,1 12,0,2 2,73,1 0,0,0 3,73,1 0,0,0
ADDLINE 1,74,1 1,74,1 1,74,1 1,74,1 0,0,0 6,74,1 12,0,2 1,74,1 0,0,0
ADDLINE 1,82,1 20,82,1 12,0,2 1,82,1 1,82,1 1,82,1 0,0,0 0,0,0 0,0,0
ADDLINE 1,79,1 5,79,1 12,0,2 4,79,1 10,0,2 1,79,1 1,79,1 1,79,1 1,79,1
ADDLINE 0,0,0 0,0,0 0,0,0 1,84,1 0,0,0 1,84,1 1,84,1 0,0,0 12,0,2
ADDLINE 0,0,0 1,102,1 1,102,1 1,102,1 1,102,1 1,102,1 3,102,1 3,102,1 12,0,2
1,58,1 12,0,2 3,116,1 1,58,1 1,116,1 1,58,1 0,0,0 0,0,0 12,0,2
1,57,1 0,0,0 0,0,0 18,57,1 1,57,1 1,114,1 0,0,0 0,0,0 12,0,2
1,116,1 0,0,0 0,0,0 12,0,2 4,116,1 0,0,0 0,0,0 1,78,1 12,0,2
1,57,1 0,0,0 0,0,0 12,0,2 1,57,1 0,0,0 1,57,1 18,79,1 0,0,0
1,116,1 1,58,1 18,58,1 1,58,1 2,58,1 0,0,0 0,0,0 1,78,1 0,0,0
1,59,1 1,118,1 1,59,1 1,118,1 3,59,1 1,118,1 1,59,1 1,118,1 0,0,0
0,0,0 0,0,0 0,0,0 0,0,0 0,0,0 0,0,0 0,0,0 0,0,0 0,0,0
0,0,0 0,0,0 0,0,0 0,0,0 0,0,0 0,0,0 0,0,0 0,0,0 0,0,0
0,0,0 0,0,0 0,0,0 0,0,0 0,0,0 0,0,0 0,0,0 0,0,0 0,0,0