MODE 0
BALL 120
STARS 0/0/10325 35
ADDLINE 1,117,1 1,117,1 1,117,1 1,117,1 1,117,1 1,117,1 1,117,1 1,117,1 12,0,2
ADDLINE 20,118,1 1,118,1 1,118,1 1,118,1 0,0,0 0,0,0 12,0,2 0,0,0 0,0,0
ADDLINE 1,119,1 1,119,1 1,119,1 1,119,1 0,0,0 0,0,0 12,0,2 1,119,1 1,119,1
ADDLINE 1,131,1 1,131,1 1,131,1 16,131,1 1,131,1 1,131,1 12,0,2 1,131,1 0,0,0
ADDLINE 1,132,1 1,132,1 1,132,1 16,132,1 1,132,1 1,132,1 1,132,1 12,0,2 0,0,0
ADDLINE 1,144,1 1,144,1 1,144,1 1,144,1 17,144,1 1,144,1 1,144,1 12,0,2 0,0,0
ADDLINE 1,156,1 1,312,1 1,312,1 1,312,1 1,312,1 1,312,1 0,0,0 12,0,2 0,0,0
ADDLINE 1,169,1 1,338,1 20,169,1 1,338,1 1,169,1 0,0,0 12,0,2 1,169,1 1,169,1
ADDLINE 1,136,1 1,272,1 1,272,1 1,272,1 0,0,0 12,0,2 1,136,1 1,136,1 1,136,1
ADDLINE 1,149,1 1,149,1 1,149,1 1,149,1 1,149,1 1,149,1 1,149,1 1,149,1 12,0,2
ADDLINE 1,162,1 1,162,1 1,162,1 1,162,1 12,0,2 0,0,0 0,0,0 0,0,0 0,0,0
ADDLINE 1,175,1 1,175,1 1,175,1 1,175,1 12,0,2 1,175,1 1,175,1 1,175,1 0,0,0
ADDLINE 1,140,1 1,140,1 1,140,1 1,140,1 12,0,2 1,140,1 1,140,1 1,140,1 0,0,0
ADDLINE 1,308,1 1,308,1 1,308,1 16,154,1 12,0,2 1,308,1 1,308,1 1,308,1 1,308,1
ADDLINE 0,0,0 12,0,2 0,0,0 0,0,0 0,0,0 1,167,1 1,167,1 1,167,1 0,0,0
ADDLINE 1,180,1 1,180,1 12,0,2 1,180,1 0,0,0 1,180,1 1,360,1 1,360,1 0,0,0
ADDLINE 1,145,1 1,145,1 0,0,0 1,145,1 0,0,0 12,0,2 0,0,0 17,145,1 0,0,0
ADDLINE 1,158,1 1,158,1 0,0,0 1,158,1 12,0,2 1,158,1 1,316,1 1,316,1 1,158,1
ADDLINE 1,344,1 1,344,1 1,344,1 1,344,1 1,344,1 1,344,1 12,0,2 1,344,1 16,172,1
ADDLINE 1,372,1 1,372,1 1,372,1 1,372,1 16,186,1 1,372,1 0,0,0 12,0,2 1,372,1
ADDLINE 1,149,1 20,149,1 1,298,1 1,149,1 1,149,1 1,149,1 1,149,1 12,0,2 1,149,1
ADDLINE 1,163,1 1,326,1 1,326,1 1,163,1 1,163,1 1,163,1 1,163,1 12,0,2 1,163,1
ADDLINE 1,177,1 1,177,1 1,177,1 1,177,1 1,177,1 1,177,1 1,177,1 12,0,2 1,177,1
ADDLINE 1,192,1 1,192,1 1,192,1 1,192,1 1,192,1 1,192,1 1,192,1 12,0,2 0,0,0
ADDLINE 1,154,1 1,154,1 1,154,1 1,154,1 1,154,1 1,154,1 1,154,1 1,154,1 12,0,2
ADDLINE 1,168,1 1,168,1 1,336,1 1,336,1 1,336,1 1,168,1 12,0,2 0,0,0 0,0,0
ADDLINE 1,364,1 1,364,1 1,364,1 19,182,1 1,364,1 1,364,1 0,0,0 12,0,2 1,364,1
ADDLINE 1,197,1 1,197,1 1,394,1 1,394,1 1,394,1 1,197,1 12,0,2 1,197,1 1,197,1
ADDLINE 1,158,1 1,316,1 1,316,1 1,158,1 1,158,1 1,158,1 12,0,2 1,158,1 1,158,1
ADDLINE 1,346,1 19,173,1 1,346,1 1,346,1 1,346,1 1,346,1 0,0,0 12,0,2 1,346,1
ADDLINE 1,376,1 1,376,1 1,376,1 1,376,1 1,376,1 1,376,1 16,188,1 12,0,2 0,0,0
ADDLINE 1,406,1 16,203,1 1,406,1 1,406,1 1,406,1 1,406,1 1,406,1 1,406,1 12,0,2
ADDLINE 1,162,1 1,162,1 1,162,1 1,162,1 1,162,1 1,162,1 1,162,1 1,162,1 12,0,2
ADDLINE 1,178,1 1,178,1 1,178,1 1,178,1 1,178,1 1,178,1 1,178,1 12,0,2 0,0,0
ADDLINE 1,193,1 1,193,1 1,193,1 1,193,1 1,193,1 1,193,1 1,193,1 12,0,2 1,193,1
ADDLINE 1,208,1 1,208,1 1,208,1 1,208,1 1,208,1 1,208,1 0,0,0 12,0,2 1,208,1
12,0,2 3,105,1 2,105,1 5,105,1 1,105,1 2,105,1 5,105,1 1,105,1 1,105,1
12,0,2 5,104,1 1,104,1 2,104,1 5,104,1 1,104,1 2,104,1 5,104,1 1,104,1
12,0,2 2,103,1 5,103,1 1,103,1 2,103,1 5,103,1 1,103,1 2,103,1 5,103,1
12,0,2 1,102,1 2,102,1 5,102,1 1,102,1 2,102,1 5,102,1 1,102,1 2,102,1
12,0,2 5,101,1 1,101,1 2,101,1 5,101,1 1,101,1 2,101,1 5,101,1 1,101,1
12,0,2 0,0,0 5,100,1 1,100,1 1,100,1 1,100,1 1,100,1 1,100,1 1,100,1
0,0,0 0,0,0 0,0,0 0,0,0 0,0,0 0,0,0 0,0,0 0,0,0 0,0,0
0,0,0 0,0,0 0,0,0 0,0,0 0,0,0 0,0,0 0,0,0 0,0,0 0,0,0
0,0,0 0,0,0 0,0,0 0,0,0 0,0,0 0,0,0 0,0,0 0,0,0 0,0,0