MODE 0
BALL 120
STARS 0/0/10430 35
ADDLINE 12,0,2 1,117,1 5,117,1 5,117,1 1,117,1 1,117,1 1,117,1 1,117,1 1,117,1
ADDLINE 12,0,2 1,118,1 1,118,1 1,118,1 1,118,1 1,118,1 2,118,1 4,118,1 1,118,1
ADDLINE 12,0,2 1,119,1 1,119,1 2,119,1 1,119,1 1,119,1 1,119,1 1,119,1 4,119,1
ADDLINE 0,0,0 0,0,0 12,0,2 1,131,1 1,131,1 1,131,1 1,131,1 1,131,1 1,131,1
ADDLINE 1,132,1 1,132,1 0,0,0 10,0,2 0,0,0 12,0,2 1,132,1 1,132,1 1,132,1
ADDLINE 0,0,0 0,0,0 0,0,0 0,0,0 0,0,0 12,0,2 2,144,1 1,144,1 3,144,1
ADDLINE 12,0,2 1,156,1 3,156,1 1,156,1 1,156,1 1,156,1 1,156,1 1,156,1 1,156,1
ADDLINE 12,0,2 1,338,1 1,338,1 1,338,1 5,169,1 1,169,1 2,169,1 1,169,1 1,169,1
ADDLINE 0,0,0 12,0,2 10,0,2 1,272,1 1,272,1 1,272,1 1,272,1 1,272,1 1,272,1
ADDLINE 0,0,0 0,0,0 7,0,2 12,0,2 2,149,1 2,149,1 1,149,1 1,149,1 5,149,1
ADDLINE 1,162,1 1,324,1 1,324,1 12,0,2 1,324,1 1,162,1 1,162,1 1,162,1 1,162,1
ADDLINE 1,175,1 3,175,1 1,350,1 7,0,2 12,0,2 1,175,1 1,175,1 1,175,1 1,175,1
ADDLINE 1,140,1 1,140,1 1,280,1 1,280,1 12,0,2 1,140,1 3,140,1 1,140,1 1,140,1
ADDLINE 0,0,0 1,308,1 11,0,2 1,308,1 0,0,0 5,154,1 12,0,2 0,0,0 1,154,1
ADDLINE 1,167,1 1,334,1 1,334,1 12,0,2 1,167,1 1,167,1 1,167,1 3,167,1 4,167,1
ADDLINE 1,180,1 0,0,0 1,180,1 0,0,0 2,180,1 12,0,2 5,180,1 0,0,0 0,0,0
ADDLINE 3,145,1 0,0,0 1,145,1 1,145,1 1,145,1 12,0,2 1,145,1 1,145,1 1,145,1
ADDLINE 1,158,1 0,0,0 0,0,0 12,0,2 0,0,0 0,0,0 0,0,0 0,0,0 1,158,1
ADDLINE 12,0,2 1,172,1 1,172,1 3,172,1 1,172,1 1,172,1 1,172,1 1,344,1 1,344,1
ADDLINE 0,0,0 12,0,2 4,186,1 1,186,1 1,186,1 1,186,1 1,186,1 1,372,1 7,0,2
ADDLINE 5,149,1 12,0,2 1,149,1 1,149,1 3,149,1 1,149,1 1,149,1 1,298,1 1,298,1
ADDLINE 0,0,0 12,0,2 4,163,1 1,163,1 1,163,1 1,163,1 1,163,1 1,163,1 1,163,1
ADDLINE 12,0,2 1,177,1 1,177,1 1,177,1 1,177,1 1,177,1 5,177,1 5,177,1 4,177,1
ADDLINE 12,0,2 1,192,1 3,192,1 1,192,1 3,192,1 1,192,1 1,192,1 1,192,1 1,192,1
ADDLINE 0,0,0 0,0,0 12,0,2 1,154,1 1,154,1 1,154,1 1,154,1 5,154,1 1,154,1
ADDLINE 0,0,0 12,0,2 0,0,0 1,168,1 1,168,1 2,168,1 1,168,1 1,168,1 1,168,1
ADDLINE 0,0,0 12,0,2 0,0,0 1,182,1 5,182,1 1,182,1 3,182,1 1,182,1 1,182,1
ADDLINE 1,197,1 1,197,1 12,0,2 1,197,1 1,197,1 2,197,1 1,197,1 1,197,1 1,197,1
ADDLINE 1,158,1 1,158,1 12,0,2 1,158,1 1,158,1 1,158,1 2,158,1 1,158,1 1,158,1
ADDLINE 1,173,1 1,173,1 0,0,0 12,0,2 4,173,1 1,173,1 5,173,1 4,173,1 5,173,1
ADDLINE 5,188,1 2,188,1 0,0,0 12,0,2 1,188,1 1,188,1 1,188,1 1,188,1 1,188,1
ADDLINE 1,203,1 1,203,1 12,0,2 1,203,1 1,203,1 1,203,1 1,203,1 5,203,1 1,203,1
ADDLINE 3,162,1 1,162,1 12,0,2 3,162,1 1,162,1 1,162,1 2,162,1 1,162,1 1,162,1
ADDLINE 2,178,1 1,178,1 0,0,0 12,0,2 1,178,1 1,178,1 1,178,1 1,178,1 5,178,1
ADDLINE 1,193,1 1,193,1 2,193,1 0,0,0 12,0,2 5,193,1 4,193,1 1,193,1 1,193,1
ADDLINE 1,208,1 1,208,1 1,208,1 1,208,1 12,0,2 1,208,1 4,208,1 1,208,1 1,208,1
1,2,1 1,2,1 1,2,1 1,2,1 1,2,1 1,2,1 1,2,1 1,2,1 1,2,1
1,104,1 1,104,1 1,104,1 1,104,1 1,2,1 1,104,1 1,104,1 1,104,1 1,104,1
1,103,1 1,103,1 1,103,1 1,103,1 1,2,1 1,103,1 1,103,1 1,103,1 1,103,1
1,2,1 1,2,1 1,2,1 1,2,1 1,2,1 1,2,1 1,2,1 1,2,1 1,2,1
1,2,1 1,101,1 1,101,1 1,101,1 1,101,1 1,101,1 1,101,1 1,101,1 1,2,1
1,2,1 1,100,1 1,100,1 1,100,1 1,100,1 1,100,1 1,100,1 1,100,1 1,2,1
0,0,0 0,0,0 0,0,0 0,0,0 0,0,0 0,0,0 0,0,0 0,0,0 0,0,0
0,0,0 0,0,0 0,0,0 0,0,0 0,0,0 0,0,0 0,0,0 0,0,0 0,0,0
0,0,0 0,0,0 0,0,0 0,0,0 0,0,0 0,0,0 0,0,0 0,0,0 0,0,0