MODE 0
BALL 120
STARS 0/0/9555 35
ADDLINE 2,117,1 1,117,1 1,117,1 2,117,1 1,117,1 1,117,1 12,0,2 3,117,1 1,117,1
ADDLINE 1,118,1 1,118,1 1,118,1 5,118,1 1,118,1 1,118,1 0,0,0 12,0,2 0,0,0
ADDLINE 1,119,1 1,119,1 1,119,1 3,119,1 5,119,1 1,119,1 1,119,1 1,119,1 12,0,2
ADDLINE 1,131,1 4,131,1 1,131,1 1,131,1 1,131,1 1,131,1 3,131,1 1,131,1 12,0,2
ADDLINE 1,132,1 1,132,1 1,132,1 3,132,1 1,132,1 1,132,1 4,132,1 1,132,1 12,0,2
ADDLINE 1,144,1 1,144,1 5,144,1 1,144,1 5,144,1 1,144,1 1,144,1 12,0,2 0,0,0
ADDLINE 1,156,1 0,0,0 12,0,2 0,0,0 0,0,0 0,0,0 0,0,0 0,0,0 1,156,1
ADDLINE 1,169,1 0,0,0 12,0,2 2,169,1 1,169,1 5,169,1 1,169,1 4,169,1 1,169,1
ADDLINE 1,136,1 1,136,1 0,0,0 12,0,2 0,0,0 0,0,0 4,136,1 1,136,1 1,136,1
ADDLINE 1,149,1 0,0,0 0,0,0 12,0,2 2,149,1 0,0,0 1,149,1 0,0,0 5,149,1
ADDLINE 1,162,1 0,0,0 1,162,1 0,0,0 1,162,1 12,0,2 1,162,1 0,0,0 1,162,1
ADDLINE 1,175,1 0,0,0 3,175,1 0,0,0 1,175,1 0,0,0 12,0,2 0,0,0 1,175,1
ADDLINE 1,140,1 0,0,0 5,140,1 12,0,2 2,140,1 1,140,1 1,140,1 4,140,1 1,140,1
ADDLINE 1,154,1 0,0,0 1,154,1 0,0,0 0,0,0 12,0,2 0,0,0 0,0,0 0,0,0
ADDLINE 1,167,1 1,167,1 1,167,1 0,0,0 1,167,1 12,0,2 1,167,1 1,167,1 4,167,1
ADDLINE 0,0,0 0,0,0 1,180,1 0,0,0 3,180,1 12,0,2 0,0,0 0,0,0 1,180,1
ADDLINE 1,145,1 0,0,0 3,145,1 1,145,1 1,145,1 5,145,1 1,145,1 12,0,2 1,145,1
ADDLINE 1,158,1 0,0,0 4,158,1 0,0,0 0,0,0 12,0,2 1,158,1 0,0,0 1,158,1
ADDLINE 5,172,1 1,172,1 1,172,1 1,172,1 1,172,1 1,172,1 1,172,1 1,172,1 12,0,2
ADDLINE 1,186,1 1,186,1 1,186,1 1,186,1 1,186,1 1,186,1 1,186,1 1,186,1 12,0,2
ADDLINE 3,149,1 1,149,1 2,149,1 5,149,1 1,149,1 1,149,1 2,149,1 3,149,1 12,0,2
ADDLINE 1,163,1 1,163,1 1,163,1 5,163,1 1,163,1 5,163,1 1,163,1 1,163,1 12,0,2
ADDLINE 1,177,1 1,177,1 1,177,1 1,177,1 1,177,1 1,177,1 1,177,1 1,177,1 12,0,2
ADDLINE 1,192,1 3,192,1 1,192,1 1,192,1 2,192,1 2,192,1 3,192,1 1,192,1 12,0,2
ADDLINE 1,154,1 1,154,1 1,154,1 1,154,1 1,154,1 4,154,1 1,154,1 3,154,1 12,0,2
ADDLINE 1,168,1 1,168,1 5,168,1 1,168,1 1,168,1 12,0,2 0,0,0 0,0,0 0,0,0
ADDLINE 5,182,1 1,182,1 1,182,1 1,182,1 3,182,1 12,0,2 1,182,1 1,182,1 1,182,1
ADDLINE 1,197,1 1,197,1 12,0,2 1,197,1 1,197,1 1,197,1 1,197,1 1,197,1 4,197,1
ADDLINE 3,158,1 1,158,1 12,0,2 1,158,1 1,158,1 1,158,1 2,158,1 1,158,1 1,158,1
ADDLINE 1,173,1 3,173,1 12,0,2 4,173,1 2,173,1 1,173,1 1,173,1 1,173,1 1,173,1
ADDLINE 4,188,1 1,188,1 0,0,0 12,0,2 1,188,1 1,188,1 3,188,1 1,188,1 1,188,1
ADDLINE 1,203,1 5,203,1 1,203,1 12,0,2 5,203,1 1,203,1 1,203,1 4,203,1 1,203,1
ADDLINE 1,162,1 1,162,1 1,162,1 12,0,2 3,162,1 1,162,1 1,162,1 1,162,1 1,162,1
ADDLINE 1,178,1 3,178,1 1,178,1 0,0,0 12,0,2 1,178,1 1,178,1 1,178,1 2,178,1
ADDLINE 1,193,1 2,193,1 1,193,1 1,193,1 0,0,0 0,0,0 12,0,2 5,193,1 1,193,1
ADDLINE 1,208,1 5,208,1 1,208,1 1,208,1 1,208,1 1,208,1 12,0,2 0,0,0 0,0,0
2,105,1 0,0,0 12,0,2 0,0,0 12,0,2 0,0,0 12,0,2 0,0,0 3,105,1
1,104,1 2,104,1 9,0,2 12,0,2 22,0,2 12,0,2 9,0,2 3,104,1 1,104,1
1,103,1 1,103,1 2,103,1 0,0,0 12,0,2 0,0,0 3,103,1 1,103,1 1,103,1
1,102,1 1,102,1 1,102,1 2,102,1 0,0,0 3,102,1 1,102,1 1,102,1 1,102,1
1,101,1 1,101,1 1,101,1 1,101,1 0,0,0 1,101,1 1,101,1 1,101,1 1,101,1
1,100,1 1,100,1 1,100,1 1,100,1 0,0,0 1,100,1 1,100,1 1,100,1 1,100,1
0,0,0 0,0,0 0,0,0 0,0,0 0,0,0 0,0,0 0,0,0 0,0,0 0,0,0
0,0,0 0,0,0 0,0,0 0,0,0 0,0,0 0,0,0 0,0,0 0,0,0 0,0,0
0,0,0 0,0,0 0,0,0 0,0,0 0,0,0 0,0,0 0,0,0 0,0,0 0,0,0