MODE 0
BALL 50
STARS 0/0/2660 35
ADDLINE 1,63,1 12,0,2 0,0,0 0,0,0 1,63,1 0,0,0 1,63,1 1,63,1 1,63,1
ADDLINE 1,64,1 12,0,2 1,64,1 1,64,1 5,64,1 0,0,0 1,64,1 1,64,1 18,64,1
ADDLINE 0,0,0 0,0,0 1,72,1 0,0,0 0,0,0 1,72,1 3,72,1 1,74,1 12,0,2
ADDLINE 1,69,1 1,69,1 5,69,1 12,0,2 1,69,1 0,0,0 1,69,1 1,69,1 1,69,1
ADDLINE 1,74,1 1,74,1 1,74,1 12,0,2 1,74,1 0,0,0 1,74,1 0,0,0 3,74,1
ADDLINE 1,82,1 12,0,2 18,82,1 1,82,1 1,82,1 1,82,1 1,82,1 0,0,0 1,82,1
ADDLINE 0,0,0 0,0,0 1,83,1 12,0,2 0,0,0 1,83,1 18,83,1 1,83,1 0,0,0
ADDLINE 1,76,1 1,76,1 1,76,1 1,76,1 4,76,1 12,0,2 1,76,1 1,76,1 2,76,1
ADDLINE 0,0,0 0,0,0 0,0,0 0,0,0 1,108,1 12,0,2 0,0,0 0,0,0 1,108,1
4,82,1 12,0,2 0,0,0 0,0,0 0,0,0 0,0,0 0,0,0 0,0,0 5,82,1
0,0,0 12,0,2 1,58,1 1,58,1 3,116,1 1,58,1 0,0,0 0,0,0 0,0,0
0,0,0 0,0,0 1,60,1 1,120,1 4,80,1 12,0,2 0,0,0 0,0,0 3,80,1
2,79,1 12,0,2 18,59,1 1,59,1 0,0,0 0,0,0 1,118,1 1,59,1 1,118,1
1,58,1 1,116,1 1,58,1 1,116,1 12,0,2 2,58,1 1,58,1 18,58,1 1,58,1
0,0,0 0,0,0 0,0,0 0,0,0 12,0,2 0,0,0 1,114,1 0,0,0 1,114,1
0,0,0 0,0,0 0,0,0 0,0,0 0,0,0 0,0,0 0,0,0 0,0,0 0,0,0
0,0,0 0,0,0 0,0,0 0,0,0 0,0,0 0,0,0 0,0,0 0,0,0 0,0,0
0,0,0 0,0,0 0,0,0 0,0,0 0,0,0 0,0,0 0,0,0 0,0,0 0,0,0