MODE 0
BALL 120
STARS 0/0/9835 35
ADDLINE 1,117,1 1,117,1 2,117,1 1,117,1 3,117,1 1,117,1 12,0,2 1,117,1 1,117,1
ADDLINE 1,118,1 1,118,1 1,118,1 1,118,1 1,118,1 0,0,0 12,0,2 1,118,1 4,118,1
ADDLINE 1,119,1 0,0,0 12,0,2 1,119,1 1,119,1 10,0,2 19,119,1 1,119,1 1,119,1
ADDLINE 8,0,2 12,0,2 1,131,1 1,131,1 1,131,1 1,131,1 1,131,1 1,131,1 1,131,1
ADDLINE 12,0,2 1,132,1 1,132,1 1,132,1 1,132,1 1,132,1 16,132,1 1,132,1 1,132,1
ADDLINE 0,0,0 12,0,2 8,0,2 1,144,1 1,144,1 1,144,1 1,144,1 1,144,1 1,144,1
ADDLINE 0,0,0 12,0,2 7,0,2 1,312,1 1,156,1 1,156,1 1,156,1 1,156,1 5,156,1
ADDLINE 0,0,0 12,0,2 16,169,1 1,338,1 1,338,1 1,338,1 1,338,1 1,338,1 1,338,1
ADDLINE 1,136,1 0,0,0 12,0,2 0,0,0 0,0,0 1,136,1 4,136,1 1,136,1 1,136,1
ADDLINE 1,298,1 1,298,1 1,149,1 12,0,2 1,149,1 4,149,1 1,149,1 3,149,1 1,149,1
ADDLINE 20,162,1 1,324,1 1,162,1 12,0,2 1,162,1 0,0,0 11,0,2 0,0,0 1,162,1
ADDLINE 1,350,1 0,0,0 2,175,1 12,0,2 1,175,1 0,0,0 1,350,1 0,0,0 1,175,1
ADDLINE 1,140,1 0,0,0 1,140,1 0,0,0 0,0,0 0,0,0 1,140,1 12,0,2 0,0,0
ADDLINE 1,154,1 12,0,2 1,154,1 1,154,1 1,154,1 3,154,1 1,154,1 2,154,1 4,154,1
ADDLINE 0,0,0 12,0,2 1,167,1 0,0,0 0,0,0 0,0,0 0,0,0 0,0,0 1,167,1
ADDLINE 3,180,1 11,0,2 1,360,1 0,0,0 1,180,1 12,0,2 1,180,1 1,180,1 1,180,1
ADDLINE 4,145,1 12,0,2 1,290,1 0,0,0 1,290,1 0,0,0 1,145,1 0,0,0 0,0,0
ADDLINE 1,158,1 0,0,0 1,316,1 7,0,2 1,316,1 1,316,1 1,316,1 12,0,2 1,158,1
ADDLINE 1,172,1 12,0,2 1,344,1 1,344,1 1,344,1 17,172,1 1,344,1 1,172,1 3,172,1
ADDLINE 1,372,1 12,0,2 1,372,1 16,186,1 1,372,1 1,372,1 1,372,1 1,372,1 1,372,1
ADDLINE 0,0,0 12,0,2 4,149,1 1,149,1 1,298,1 1,298,1 1,298,1 1,149,1 1,149,1
ADDLINE 12,0,2 1,163,1 1,163,1 1,163,1 1,326,1 20,163,1 1,326,1 1,163,1 3,163,1
ADDLINE 0,0,0 12,0,2 1,354,1 1,354,1 1,354,1 1,354,1 16,177,1 1,354,1 1,354,1
ADDLINE 8,0,2 12,0,2 1,384,1 1,384,1 1,384,1 1,384,1 17,192,1 1,384,1 1,384,1
ADDLINE 12,0,2 1,154,1 1,154,1 1,154,1 1,154,1 1,308,1 1,308,1 1,308,1 2,154,1
ADDLINE 12,0,2 1,168,1 4,168,1 5,168,1 1,168,1 1,168,1 1,168,1 1,168,1 1,168,1
ADDLINE 12,0,2 1,364,1 1,364,1 1,364,1 1,364,1 16,182,1 1,364,1 1,364,1 1,364,1
ADDLINE 3,197,1 1,197,1 12,0,2 2,197,1 1,197,1 1,197,1 1,197,1 3,197,1 1,197,1
ADDLINE 1,158,1 4,158,1 0,0,0 0,0,0 12,0,2 1,158,1 1,158,1 1,158,1 1,158,1
ADDLINE 1,173,1 1,173,1 1,173,1 2,173,1 12,0,2 1,173,1 1,173,1 4,173,1 1,173,1
ADDLINE 1,188,1 1,188,1 1,188,1 0,0,0 12,0,2 1,188,1 2,188,1 5,188,1 1,188,1
ADDLINE 1,406,1 1,406,1 1,406,1 8,0,2 12,0,2 1,406,1 1,406,1 1,406,1 1,406,1
ADDLINE 1,324,1 1,324,1 16,162,1 1,324,1 0,0,0 12,0,2 1,324,1 1,324,1 1,324,1
ADDLINE 3,178,1 1,356,1 17,178,1 1,356,1 1,178,1 12,0,2 3,178,1 5,178,1 1,178,1
ADDLINE 1,193,1 1,386,1 1,386,1 1,386,1 0,0,0 12,0,2 1,193,1 1,193,1 1,193,1
ADDLINE 1,208,1 1,208,1 1,208,1 1,208,1 0,0,0 12,0,2 1,208,1 1,208,1 2,208,1
0,0,0 12,0,2 4,105,1 1,105,1 1,105,1 1,105,1 1,105,1 1,105,1 1,105,1
0,0,0 1,104,1 12,0,2 1,104,1 1,104,1 1,104,1 1,104,1 1,104,1 1,104,1
0,0,0 12,0,2 10,0,2 0,0,0 1,103,1 1,103,1 1,103,1 1,103,1 1,103,1
12,0,2 1,102,1 1,102,1 1,102,1 4,102,1 1,102,1 1,102,1 1,102,1 1,102,1
8,0,2 12,0,2 1,101,1 1,101,1 1,101,1 1,101,1 1,101,1 1,101,1 1,101,1
1,100,1 0,0,0 12,0,2 1,100,1 1,100,1 1,100,1 1,100,1 1,100,1 1,100,1
0,0,0 0,0,0 0,0,0 0,0,0 0,0,0 0,0,0 0,0,0 0,0,0 0,0,0
0,0,0 0,0,0 0,0,0 0,0,0 0,0,0 0,0,0 0,0,0 0,0,0 0,0,0
0,0,0 0,0,0 0,0,0 0,0,0 0,0,0 0,0,0 0,0,0 0,0,0 0,0,0