MODE 0
BALL 120
STARS 0/0/10290 35
ADDLINE 1,117,1 3,117,1 3,117,1 1,117,1 1,117,1 1,117,1 5,117,1 12,0,2 1,117,1
ADDLINE 2,118,1 1,118,1 1,118,1 1,118,1 5,118,1 1,118,1 0,0,0 12,0,2 2,118,1
ADDLINE 1,119,1 1,119,1 1,119,1 1,119,1 1,119,1 0,0,0 12,0,2 1,119,1 1,119,1
ADDLINE 3,131,1 1,131,1 1,131,1 1,131,1 1,131,1 12,0,2 1,131,1 1,131,1 1,131,1
ADDLINE 1,132,1 1,132,1 1,132,1 1,132,1 1,132,1 7,0,2 12,0,2 1,132,1 5,132,1
ADDLINE 3,144,1 1,144,1 4,144,1 0,0,0 0,0,0 12,0,2 0,0,0 1,144,1 1,144,1
ADDLINE 0,0,0 0,0,0 0,0,0 12,0,2 1,156,1 1,156,1 1,156,1 5,156,1 1,156,1
ADDLINE 12,0,2 2,169,1 1,169,1 1,169,1 1,169,1 4,169,1 1,169,1 1,169,1 1,169,1
ADDLINE 0,0,0 8,0,2 12,0,2 1,272,1 1,272,1 1,272,1 1,272,1 1,272,1 1,272,1
ADDLINE 1,149,1 1,149,1 5,149,1 0,0,0 1,149,1 12,0,2 1,149,1 1,149,1 1,149,1
ADDLINE 1,162,1 1,162,1 4,162,1 0,0,0 2,162,1 12,0,2 1,162,1 1,162,1 1,162,1
ADDLINE 1,175,1 1,175,1 1,175,1 0,0,0 1,175,1 12,0,2 1,175,1 4,175,1 2,175,1
ADDLINE 1,140,1 4,140,1 1,140,1 0,0,0 1,140,1 0,0,0 0,0,0 12,0,2 5,140,1
ADDLINE 1,154,1 1,154,1 1,154,1 3,154,1 1,154,1 1,154,1 1,154,1 12,0,2 1,154,1
ADDLINE 3,167,1 12,0,2 0,0,0 0,0,0 0,0,0 0,0,0 1,167,1 0,0,0 0,0,0
ADDLINE 1,180,1 1,360,1 1,360,1 1,180,1 1,180,1 12,0,2 1,180,1 4,180,1 1,180,1
ADDLINE 1,290,1 10,0,2 1,290,1 12,0,2 0,0,0 0,0,0 1,290,1 1,290,1 1,290,1
ADDLINE 1,158,1 11,0,2 1,316,1 12,0,2 2,158,1 1,158,1 1,158,1 5,158,1 1,158,1
ADDLINE 12,0,2 1,344,1 1,344,1 3,172,1 1,172,1 1,172,1 1,172,1 3,172,1 1,172,1
ADDLINE 12,0,2 1,186,1 1,186,1 1,186,1 1,186,1 1,372,1 1,372,1 1,372,1 1,186,1
ADDLINE 0,0,0 12,0,2 2,149,1 1,149,1 4,149,1 1,298,1 7,0,2 1,298,1 1,149,1
ADDLINE 1,163,1 12,0,2 1,163,1 1,163,1 4,163,1 1,326,1 1,326,1 1,326,1 1,163,1
ADDLINE 0,0,0 12,0,2 1,177,1 1,177,1 1,177,1 1,177,1 1,177,1 1,177,1 4,177,1
ADDLINE 0,0,0 12,0,2 2,192,1 1,192,1 5,192,1 1,192,1 1,192,1 2,192,1 1,192,1
ADDLINE 1,154,1 0,0,0 0,0,0 12,0,2 1,154,1 5,154,1 1,154,1 3,154,1 5,154,1
ADDLINE 1,168,1 1,168,1 1,168,1 12,0,2 1,168,1 1,168,1 1,168,1 1,168,1 1,168,1
ADDLINE 1,182,1 1,182,1 2,182,1 0,0,0 12,0,2 1,182,1 1,182,1 1,182,1 3,182,1
ADDLINE 12,0,2 4,197,1 1,197,1 1,197,1 1,197,1 1,197,1 3,197,1 4,197,1 1,197,1
ADDLINE 0,0,0 12,0,2 1,158,1 1,158,1 1,158,1 1,158,1 1,158,1 1,158,1 1,158,1
ADDLINE 3,173,1 12,0,2 1,173,1 1,173,1 2,173,1 1,173,1 1,173,1 2,173,1 1,173,1
ADDLINE 1,188,1 12,0,2 4,188,1 5,188,1 1,188,1 1,188,1 1,188,1 5,188,1 1,188,1
ADDLINE 2,203,1 0,0,0 12,0,2 1,203,1 1,203,1 1,203,1 1,203,1 1,203,1 1,203,1
ADDLINE 1,162,1 1,162,1 12,0,2 4,162,1 1,162,1 1,162,1 1,162,1 1,162,1 2,162,1
ADDLINE 1,178,1 1,178,1 12,0,2 1,178,1 1,178,1 1,178,1 1,178,1 1,178,1 1,178,1
ADDLINE 5,193,1 5,193,1 0,0,0 12,0,2 2,193,1 2,193,1 1,193,1 1,193,1 1,193,1
ADDLINE 1,208,1 1,208,1 1,208,1 12,0,2 1,208,1 1,208,1 3,208,1 1,416,1 1,416,1
1,105,1 1,105,1 1,105,1 1,105,1 1,105,1 1,105,1 1,105,1 1,105,1 8,0,2
8,0,2 1,104,1 12,0,2 1,104,1 12,0,2 1,104,1 12,0,2 1,104,1 1,2,1
1,103,1 1,103,1 1,103,1 12,0,2 1,103,1 12,0,2 1,103,1 1,103,1 8,0,2
8,0,2 1,102,1 1,102,1 1,102,1 12,0,2 1,102,1 1,102,1 1,102,1 1,2,1
1,101,1 1,101,1 1,101,1 1,101,1 1,101,1 1,101,1 1,101,1 1,101,1 8,0,2
8,0,2 1,100,1 1,100,1 1,100,1 1,100,1 1,100,1 1,100,1 1,100,1 1,2,1
0,0,0 0,0,0 0,0,0 0,0,0 0,0,0 0,0,0 0,0,0 0,0,0 0,0,0
0,0,0 0,0,0 0,0,0 0,0,0 0,0,0 0,0,0 0,0,0 0,0,0 0,0,0
0,0,0 0,0,0 0,0,0 0,0,0 0,0,0 0,0,0 0,0,0 0,0,0 0,0,0